underlying,option,root,expiry,cp,strike,bid,bid_size,ask,ask_size,iv,open_interest,volume,delta,gamma,vega,theta,rho,theo,change,open,high,low,tick,last_trade_price,last_trade_time,percent_change,prev_day_close,spot,cboe_timestamp,collected_et
NVDA,NVDA260916C00050000,NVDA,2026-09-16,C,50.0,165.7,17.0,165.9,25.0,0.0,0.0,6.0,1.0,0.0,0.0,0.0,0.0,165.88,3.04,164.62,164.99,164.62,up,164.99,2026-09-16T10:23:54,1.87712,161.950004577637,215.81,2026-09-16 15:44:11,2026-09-16 11:45:06
NVDA,NVDA260916C00055000,NVDA,2026-09-16,C,55.0,160.7,30.0,160.9,18.0,0.0,0.0,6.0,1.0,0.0,0.0,0.0,0.0,160.88,3.09,159.67,160.04,159.67,up,160.04,2026-09-16T10:23:54,1.96878,156.950004577637,215.81,2026-09-16 15:44:11,2026-09-16 11:45:06
NVDA,NVDA260916C00060000,NVDA,2026-09-16,C,60.0,155.7,16.0,155.9,25.0,0.0,1.0,0.0,1.0,0.0,0.0,0.0,0.0,155.88,0.0,0.0,0.0,0.0,up,159.47,2026-09-11T12:56:17,0.0,151.950004577637,215.81,2026-09-16 15:44:11,2026-09-16 11:45:06
NVDA,NVDA260916C00065000,NVDA,2026-09-16,C,65.0,150.7,16.0,150.9,24.0,0.0,1.0,0.0,1.0,0.0,0.0,0.0,0.0,150.88,0.0,0.0,0.0,0.0,down,154.49,2026-09-11T12:56:17,0.0,146.950004577637,215.81,2026-09-16 15:44:11,2026-09-16 11:45:06
NVDA,NVDA260916C00070000,NVDA,2026-09-16,C,70.0,145.7,15.0,145.9,4.0,0.0,0.0,0.0,1.0,0.0,0.0,0.0,0.0,145.88,0.0,0.0,0.0,0.0,no_change,0.0,,0.0,141.950004577637,215.81,2026-09-16 15:44:11,2026-09-16 11:45:06
NVDA,NVDA260916C00075000,NVDA,2026-09-16,C,75.0,140.7,24.0,140.9,3.0,0.0,0.0,0.0,1.0,0.0,0.0,0.0,0.0,140.88,0.0,0.0,0.0,0.0,no_change,0.0,,0.0,136.950004577637,215.81,2026-09-16 15:44:11,2026-09-16 11:45:06
NVDA,NVDA260916C00080000,NVDA,2026-09-16,C,80.0,135.7,22.0,135.9,8.0,0.0,0.0,0.0,1.0,0.0,0.0,0.0,0.0,135.88,0.0,0.0,0.0,0.0,no_change,0.0,,0.0,131.950004577637,215.81,2026-09-16 15:44:11,2026-09-16 11:45:06
NVDA,NVDA260916C00085000,NVDA,2026-09-16,C,85.0,130.7,25.0,130.9,3.0,0.0,0.0,0.0,1.0,0.0,0.0,0.0,0.0,130.88,0.0,0.0,0.0,0.0,no_change,0.0,,0.0,126.950000762939,215.81,2026-09-16 15:44:11,2026-09-16 11:45:06
NVDA,NVDA260916C00090000,NVDA,2026-09-16,C,90.0,125.7,33.0,125.9,5.0,0.0,0.0,0.0,1.0,0.0,0.0,0.0,0.0,125.88,0.0,0.0,0.0,0.0,no_change,0.0,,0.0,121.950000762939,215.81,2026-09-16 15:44:11,2026-09-16 11:45:06
NVDA,NVDA260916C00095000,NVDA,2026-09-16,C,95.0,120.7,34.0,120.9,24.0,0.0,0.0,0.0,1.0,0.0,0.0,0.0,0.0,120.88,0.0,0.0,0.0,0.0,no_change,0.0,,0.0,116.950000762939,215.81,2026-09-16 15:44:11,2026-09-16 11:45:06
NVDA,NVDA260916C00100000,NVDA,2026-09-16,C,100.0,115.7,40.0,115.9,36.0,0.0,1.0,8.0,1.0,0.0,0.0,0.0,0.0,115.88,2.85,114.8,114.8,114.8,no_change,114.8,2026-09-16T10:04:04,2.54578,111.950000762939,215.81,2026-09-16 15:44:11,2026-09-16 11:45:06
NVDA,NVDA260916C00105000,NVDA,2026-09-16,C,105.0,110.7,34.0,110.9,23.0,0.0,1.0,0.0,1.0,0.0,0.0,0.0,0.0,110.88,0.0,0.0,0.0,0.0,up,114.82,2026-09-11T12:54:19,0.0,106.975002288818,215.81,2026-09-16 15:44:11,2026-09-16 11:45:06
NVDA,NVDA260916C00110000,NVDA,2026-09-16,C,110.0,105.7,34.0,105.9,22.0,0.0,1.0,0.0,1.0,0.0,0.0,0.0,0.0,105.88,0.0,0.0,0.0,0.0,down,109.84,2026-09-11T12:54:19,0.0,101.950000762939,215.81,2026-09-16 15:44:11,2026-09-16 11:45:06
NVDA,NVDA260916C00115000,NVDA,2026-09-16,C,115.0,100.7,34.0,100.9,24.0,0.0,40.0,0.0,1.0,0.0,0.0,0.0,0.0,100.88,0.0,0.0,0.0,0.0,no_change,104.54,2026-09-11T13:01:59,0.0,96.9500007629394,215.81,2026-09-16 15:44:11,2026-09-16 11:45:06
NVDA,NVDA260916C00120000,NVDA,2026-09-16,C,120.0,95.7,33.0,95.9,26.0,0.0,40.0,0.0,1.0,0.0,0.0,0.0,0.0,95.88,0.0,0.0,0.0,0.0,no_change,99.56,2026-09-11T13:01:59,0.0,91.9500007629394,215.81,2026-09-16 15:44:11,2026-09-16 11:45:06
NVDA,NVDA260916C00125000,NVDA,2026-09-16,C,125.0,90.7,39.0,90.9,2.0,0.0,0.0,0.0,1.0,0.0,0.0,0.0,0.0,90.88,0.0,0.0,0.0,0.0,no_change,0.0,,0.0,86.9500007629394,215.81,2026-09-16 15:44:11,2026-09-16 11:45:06
NVDA,NVDA260916C00130000,NVDA,2026-09-16,C,130.0,85.7,34.0,85.9,8.0,0.0,2.0,0.0,1.0,0.0,0.0,0.0,0.0,85.88,0.0,0.0,0.0,0.0,up,89.53,2026-09-11T13:14:24,0.0,81.9500007629394,215.81,2026-09-16 15:44:11,2026-09-16 11:45:06
NVDA,NVDA260916C00135000,NVDA,2026-09-16,C,135.0,80.7,34.0,80.9,8.0,0.0,3.0,0.0,1.0,0.0,0.0,0.0,0.0,80.88,0.0,0.0,0.0,0.0,down,78.15,2026-09-15T10:07:01,0.0,76.9500007629394,215.81,2026-09-16 15:44:11,2026-09-16 11:45:06
NVDA,NVDA260916C00140000,NVDA,2026-09-16,C,140.0,75.7,33.0,75.9,9.0,0.0,1.0,0.0,1.0,0.0,0.0,0.0,0.0,75.88,0.0,0.0,0.0,0.0,up,72.7,2026-09-15T10:00:26,0.0,71.9500007629394,215.81,2026-09-16 15:44:11,2026-09-16 11:45:06
NVDA,NVDA260916C00145000,NVDA,2026-09-16,C,145.0,70.7,34.0,70.9,9.0,0.0,13.0,0.0,1.0,0.0,0.0,0.0,0.0,70.88,0.0,0.0,0.0,0.0,down,67.2,2026-09-15T10:55:23,0.0,66.9500007629394,215.81,2026-09-16 15:44:11,2026-09-16 11:45:06
NVDA,NVDA260916C00150000,NVDA,2026-09-16,C,150.0,65.7,40.0,65.9,22.0,0.0,2.0,0.0,1.0,0.0,0.0,0.0,0.0,65.88,0.0,0.0,0.0,0.0,down,60.75,2026-09-14T10:35:33,0.0,61.9499988555908,215.81,2026-09-16 15:44:11,2026-09-16 11:45:06
NVDA,NVDA260916C00155000,NVDA,2026-09-16,C,155.0,60.7,19.0,60.9,17.0,0.0,0.0,0.0,1.0,0.0,0.0,0.0,0.0,60.88,0.0,0.0,0.0,0.0,up,64.0,2026-09-01T11:30:01,0.0,56.9499988555908,215.81,2026-09-16 15:44:11,2026-09-16 11:45:06
NVDA,NVDA260916C00160000,NVDA,2026-09-16,C,160.0,55.7,15.0,55.9,21.0,0.0,2.0,0.0,1.0,0.0,0.0,0.0,0.0,55.88,0.0,0.0,0.0,0.0,no_change,51.0,2026-09-14T15:59:38,0.0,51.9750003814697,215.81,2026-09-16 15:44:11,2026-09-16 11:45:06
NVDA,NVDA260916C00165000,NVDA,2026-09-16,C,165.0,50.7,15.0,50.9,25.0,0.0,2.0,0.0,1.0,0.0,0.0,0.0,0.0,50.88,0.0,0.0,0.0,0.0,up,48.05,2026-09-15T10:08:04,0.0,46.9750003814697,215.81,2026-09-16 15:44:11,2026-09-16 11:45:06
NVDA,NVDA260916C00170000,NVDA,2026-09-16,C,170.0,45.7,16.0,45.9,15.0,0.0,2.0,0.0,1.0,0.0,0.0,0.0,0.0,45.88,0.0,0.0,0.0,0.0,down,41.9,2026-09-15T15:45:17,0.0,41.9750003814697,215.81,2026-09-16 15:44:11,2026-09-16 11:45:06
NVDA,NVDA260916C00175000,NVDA,2026-09-16,C,175.0,40.7,26.0,40.9,19.0,0.0,2.0,0.0,1.0,0.0,0.0,0.0,0.0,40.88,0.0,0.0,0.0,0.0,up,37.35,2026-09-15T11:28:01,0.0,36.9750003814697,215.81,2026-09-16 15:44:11,2026-09-16 11:45:06
NVDA,NVDA260916C00180000,NVDA,2026-09-16,C,180.0,35.75,31.0,35.9,34.0,0.0,11.0,2.0,1.0,0.0,0.0,-0.0001,0.0,35.8801,2.855,34.83,34.83,34.83,up,34.83,2026-09-16T10:00:39,8.92885,31.9749994277954,215.81,2026-09-16 15:44:11,2026-09-16 11:45:06
NVDA,NVDA260916C00185000,NVDA,2026-09-16,C,185.0,30.75,17.0,30.9,22.0,0.0,28.0,0.0,0.9999,0.0,0.0,-0.0002,0.0,30.8802,0.0,0.0,0.0,0.0,down,27.12,2026-09-15T15:33:54,0.0,26.9749994277954,215.81,2026-09-16 15:44:11,2026-09-16 11:45:06
NVDA,NVDA260916C00190000,NVDA,2026-09-16,C,190.0,25.75,30.0,25.9,27.0,0.0,39.0,24.0,0.9997,0.0001,0.0001,-0.0006,0.0,25.8806,3.8,23.65,25.9,23.65,down,25.8,2026-09-16T11:25:38,17.2727,22.0,215.81,2026-09-16 15:44:11,2026-09-16 11:45:06
NVDA,NVDA260916C00195000,NVDA,2026-09-16,C,195.0,20.75,13.0,20.9,35.0,0.0,73.0,21.0,0.9991,0.0004,0.0002,-0.0017,0.0,20.8817,3.675,18.5,20.7,18.5,up,20.7,2026-09-16T11:06:16,21.5859,17.0250005722046,215.81,2026-09-16 15:44:11,2026-09-16 11:45:06
NVDA,NVDA260916C00200000,NVDA,2026-09-16,C,200.0,15.75,14.0,15.85,2.0,1.3524,250.0,76.0,0.9967,0.0016,0.0005,-0.0059,0.0,15.8859,4.03,14.1,16.12,13.86,up,16.08,2026-09-16T11:27:04,33.444,12.0500001907349,215.81,2026-09-16 15:44:11,2026-09-16 11:45:06
NVDA,NVDA260916C00202500,NVDA,2026-09-16,C,202.5,13.25,89.0,13.4,101.0,0.0,501.0,145.0,0.9935,0.0033,0.001,-0.0115,0.0,13.3915,4.125,11.6,13.7,9.7,up,13.7,2026-09-16T11:08:25,43.0809,9.5750002861023,215.81,2026-09-16 15:44:11,2026-09-16 11:45:06
NVDA,NVDA260916C00205000,NVDA,2026-09-16,C,205.0,10.75,46.0,10.85,27.0,0.9604,532.0,279.0,0.9869,0.0067,0.0018,-0.0227,0.0,10.9027,3.755,9.2,11.35,8.2,up,10.93,2026-09-16T11:29:00,52.3345,7.17499995231628,215.81,2026-09-16 15:44:11,2026-09-16 11:45:06
NVDA,NVDA260916C00207500,NVDA,2026-09-16,C,207.5,8.3,9.0,8.4,16.0,0.7618,722.0,302.0,0.973,0.014,0.0033,-0.0459,0.0,8.4259,3.625,6.8,8.71,5.5,up,8.55,2026-09-16T11:27:32,73.6041,4.92499995231628,215.81,2026-09-16 15:44:11,2026-09-16 11:45:06
NVDA,NVDA260916C00210000,NVDA,2026-09-16,C,210.0,5.85,36.0,5.9,29.0,0.6936,3159.0,3069.0,0.9425,0.0303,0.006,-0.0936,0.0,5.9736,2.93,4.45,6.35,3.68,no_change,5.95,2026-09-16T11:28:57,97.0199,3.01999998092651,215.81,2026-09-16 15:44:11,2026-09-16 11:45:06
NVDA,NVDA260916C00212500,NVDA,2026-09-16,C,212.5,3.45,95.0,3.5,84.0,0.5618,18054.0,29844.0,0.8706,0.0695,0.011,-0.1976,0.0,3.5776,1.905,2.43,3.95,1.79,no_change,3.45,2026-09-16T11:29:10,123.301,1.54499995708466,215.81,2026-09-16 15:44:11,2026-09-16 11:45:06
NVDA,NVDA260916C00215000,NVDA,2026-09-16,C,215.0,1.4,50.0,1.42,96.0,0.4675,36585.0,170811.0,0.6447,0.1543,0.0193,-0.5848,0.0,1.4648,0.775,1.0,1.81,0.6,down,1.4,2026-09-16T11:29:10,124.0,0.625,215.81,2026-09-16 15:44:11,2026-09-16 11:45:06
NVDA,NVDA260916C00217500,NVDA,2026-09-16,C,217.5,0.34,2.0,0.35,447.0,0.4612,17702.0,150274.0,0.2534,0.1327,0.0166,-0.3644,0.0,0.3644,0.125,0.35,0.49,0.16,down,0.34,2026-09-16T11:29:11,58.1395,0.214999996125698,215.81,2026-09-16 15:44:11,2026-09-16 11:45:06
NVDA,NVDA260916C00220000,NVDA,2026-09-16,C,220.0,0.07,1431.0,0.08,1407.0,0.5339,24002.0,58153.0,0.0785,0.051,0.0077,-0.1009,0.0,0.1009,-0.015,0.12,0.14,0.05,no_change,0.07,2026-09-16T11:29:10,-17.6471,0.0850000008940697,215.81,2026-09-16 15:44:11,2026-09-16 11:45:06
NVDA,NVDA260916C00222500,NVDA,2026-09-16,C,222.5,0.02,706.0,0.03,1042.0,0.6213,9970.0,10912.0,0.022,0.0162,0.0028,-0.0258,0.0,0.0258,-0.005,0.04,0.05,0.01,up,0.03,2026-09-16T11:28:25,-14.2857,0.034999999217689,215.81,2026-09-16 15:44:11,2026-09-16 11:45:06
NVDA,NVDA260916C00225000,NVDA,2026-09-16,C,225.0,0.01,268.0,0.02,730.0,0.7574,11530.0,3203.0,0.0048,0.0041,0.0007,-0.005,0.0,0.005,-0.015,0.03,0.03,0.01,no_change,0.01,2026-09-16T11:26:41,-60.0,0.0249999994412065,215.81,2026-09-16 15:44:11,2026-09-16 11:45:06
NVDA,NVDA260916C00227500,NVDA,2026-09-16,C,227.5,0.0,0.0,0.01,685.0,0.8228,5649.0,938.0,0.0009,0.0008,0.0001,-0.0008,0.0,0.0008,-0.005,0.03,0.03,0.01,no_change,0.01,2026-09-16T11:15:08,-33.3333,0.0149999996647239,215.81,2026-09-16 15:44:11,2026-09-16 11:45:06
NVDA,NVDA260916C00230000,NVDA,2026-09-16,C,230.0,0.0,0.0,0.01,343.0,0.975,7301.0,293.0,0.0001,0.0001,0.0,-0.0001,0.0,0.0001,-0.005,0.02,0.02,0.01,no_change,0.01,2026-09-16T11:22:57,-33.3333,0.0149999996647239,215.81,2026-09-16 15:44:11,2026-09-16 11:45:06
NVDA,NVDA260916C00232500,NVDA,2026-09-16,C,232.5,0.0,0.0,0.01,450.0,1.1233,2093.0,66.0,0.0,0.0,0.0,0.0,0.0,0.0,0.005,0.01,0.01,0.01,no_change,0.01,2026-09-16T11:10:17,100.0,0.00499999988824129,215.81,2026-09-16 15:44:11,2026-09-16 11:45:06
NVDA,NVDA260916C00235000,NVDA,2026-09-16,C,235.0,0.0,0.0,0.01,200.0,1.2682,15049.0,159.0,0.0,0.0,0.0,0.0,0.0,0.0,0.005,0.01,0.01,0.01,no_change,0.01,2026-09-16T11:07:52,100.0,0.00499999988824129,215.81,2026-09-16 15:44:11,2026-09-16 11:45:06
NVDA,NVDA260916C00237500,NVDA,2026-09-16,C,237.5,0.0,0.0,0.01,273.0,1.41,1884.0,30.0,0.0,0.0,0.0,0.0,0.0,0.0,0.005,0.01,0.01,0.01,no_change,0.01,2026-09-16T09:49:29,100.0,0.00499999988824129,215.81,2026-09-16 15:44:11,2026-09-16 11:45:06
NVDA,NVDA260916C00240000,NVDA,2026-09-16,C,240.0,0.0,0.0,0.01,862.0,1.5491,2933.0,78.0,0.0,0.0,0.0,0.0,0.0,0.0,0.005,0.01,0.01,0.01,no_change,0.01,2026-09-16T10:26:13,100.0,0.00499999988824129,215.81,2026-09-16 15:44:11,2026-09-16 11:45:06
NVDA,NVDA260916C00242500,NVDA,2026-09-16,C,242.5,0.0,0.0,0.01,1044.0,1.6855,719.0,1.0,0.0,0.0,0.0,0.0,0.0,0.0,0.005,0.01,0.01,0.01,no_change,0.01,2026-09-16T09:47:34,100.0,0.00499999988824129,215.81,2026-09-16 15:44:11,2026-09-16 11:45:06
NVDA,NVDA260916C00245000,NVDA,2026-09-16,C,245.0,0.0,0.0,0.01,1554.0,1.8195,5733.0,0.0,0.0,0.0,0.0,0.0,0.0,0.0,0.0,0.0,0.0,0.0,up,0.03,2026-09-15T15:32:46,0.0,0.00499999988824129,215.81,2026-09-16 15:44:11,2026-09-16 11:45:06
NVDA,NVDA260916C00247500,NVDA,2026-09-16,C,247.5,0.0,0.0,0.01,1894.0,1.9513,20.0,0.0,0.0,0.0,0.0,0.0,0.0,0.0,0.0,0.0,0.0,0.0,no_change,0.01,2026-09-14T09:37:04,0.0,0.00499999988824129,215.81,2026-09-16 15:44:11,2026-09-16 11:45:06
NVDA,NVDA260916C00250000,NVDA,2026-09-16,C,250.0,0.0,0.0,0.01,11409.0,2.0809,1209.0,0.0,0.0,0.0,0.0,0.0,0.0,0.0,0.0,0.0,0.0,0.0,no_change,0.01,2026-09-15T14:59:13,0.0,0.00499999988824129,215.81,2026-09-16 15:44:11,2026-09-16 11:45:06
NVDA,NVDA260916C00252500,NVDA,2026-09-16,C,252.5,0.0,0.0,0.01,128.0,2.2085,396.0,0.0,0.0,0.0,0.0,0.0,0.0,0.0,0.0,0.0,0.0,0.0,no_change,0.01,2026-09-14T12:59:46,0.0,0.00499999988824129,215.81,2026-09-16 15:44:11,2026-09-16 11:45:06
NVDA,NVDA260916C00255000,NVDA,2026-09-16,C,255.0,0.0,0.0,0.01,2914.0,2.3341,1334.0,0.0,0.0,0.0,0.0,0.0,0.0,0.0,0.0,0.0,0.0,0.0,no_change,0.01,2026-09-15T09:42:49,0.0,0.00499999988824129,215.81,2026-09-16 15:44:11,2026-09-16 11:45:06
NVDA,NVDA260916C00257500,NVDA,2026-09-16,C,257.5,0.0,0.0,0.01,146.0,2.4579,1179.0,0.0,0.0,0.0,0.0,0.0,0.0,0.0,0.0,0.0,0.0,0.0,no_change,0.01,2026-09-15T12:48:31,0.0,0.00499999988824129,215.81,2026-09-16 15:44:11,2026-09-16 11:45:06
NVDA,NVDA260916C00260000,NVDA,2026-09-16,C,260.0,0.0,0.0,0.01,3424.0,2.58,3134.0,0.0,0.0,0.0,0.0,0.0,0.0,0.0,0.0,0.0,0.0,0.0,no_change,0.01,2026-09-15T15:32:46,0.0,0.00499999988824129,215.81,2026-09-16 15:44:11,2026-09-16 11:45:06
NVDA,NVDA260916C00262500,NVDA,2026-09-16,C,262.5,0.0,0.0,0.01,136.0,2.7004,41.0,0.0,0.0,0.0,0.0,0.0,0.0,0.0,0.0,0.0,0.0,0.0,no_change,0.01,2026-09-15T11:28:16,0.0,0.00499999988824129,215.81,2026-09-16 15:44:11,2026-09-16 11:45:06
NVDA,NVDA260916C00265000,NVDA,2026-09-16,C,265.0,0.0,0.0,0.01,138.0,2.8191,69.0,0.0,0.0,0.0,0.0,0.0,0.0,0.0,0.0,0.0,0.0,0.0,no_change,0.05,2026-09-09T13:04:49,0.0,0.00499999988824129,215.81,2026-09-16 15:44:11,2026-09-16 11:45:06
NVDA,NVDA260916C00267500,NVDA,2026-09-16,C,267.5,0.0,0.0,0.01,138.0,2.9363,10.0,0.0,0.0,0.0,0.0,0.0,0.0,0.0,0.0,0.0,0.0,0.0,up,0.01,2026-09-15T09:34:45,0.0,0.00499999988824129,215.81,2026-09-16 15:44:11,2026-09-16 11:45:06
NVDA,NVDA260916C00270000,NVDA,2026-09-16,C,270.0,0.0,0.0,0.01,141.0,3.0519,780.0,0.0,0.0,0.0,0.0,0.0,0.0,0.0,0.0,0.0,0.0,0.0,no_change,0.01,2026-09-15T15:50:09,0.0,0.00499999988824129,215.81,2026-09-16 15:44:11,2026-09-16 11:45:06
NVDA,NVDA260916C00272500,NVDA,2026-09-16,C,272.5,0.0,0.0,0.01,141.0,3.166,0.0,0.0,0.0,0.0,0.0,0.0,0.0,0.0,0.0,0.0,0.0,0.0,no_change,0.0,,0.0,0.00499999988824129,215.81,2026-09-16 15:44:11,2026-09-16 11:45:06
NVDA,NVDA260916C00275000,NVDA,2026-09-16,C,275.0,0.0,0.0,0.01,143.0,3.2788,36.0,0.0,0.0,0.0,0.0,0.0,0.0,0.0,0.0,0.0,0.0,0.0,up,0.02,2026-09-09T12:16:42,0.0,0.00499999988824129,215.81,2026-09-16 15:44:11,2026-09-16 11:45:06
NVDA,NVDA260916C00277500,NVDA,2026-09-16,C,277.5,0.0,0.0,0.01,146.0,3.3901,0.0,0.0,0.0,0.0,0.0,0.0,0.0,0.0,0.0,0.0,0.0,0.0,no_change,0.0,,0.0,0.00499999988824129,215.81,2026-09-16 15:44:11,2026-09-16 11:45:06
NVDA,NVDA260916C00280000,NVDA,2026-09-16,C,280.0,0.0,0.0,0.01,160.0,3.5001,59.0,0.0,0.0,0.0,0.0,0.0,0.0,0.0,0.0,0.0,0.0,0.0,no_change,0.01,2026-09-14T09:30:04,0.0,0.00499999988824129,215.81,2026-09-16 15:44:11,2026-09-16 11:45:06
NVDA,NVDA260916C00282500,NVDA,2026-09-16,C,282.5,0.0,0.0,0.01,146.0,3.6088,0.0,0.0,0.0,0.0,0.0,0.0,0.0,0.0,0.0,0.0,0.0,0.0,no_change,0.0,,0.0,0.00499999988824129,215.81,2026-09-16 15:44:11,2026-09-16 11:45:06
NVDA,NVDA260916C00285000,NVDA,2026-09-16,C,285.0,0.0,0.0,0.01,146.0,3.7162,12.0,0.0,0.0,0.0,0.0,0.0,0.0,0.0,0.0,0.0,0.0,0.0,no_change,0.01,2026-09-09T14:15:41,0.0,0.00499999988824129,215.81,2026-09-16 15:44:11,2026-09-16 11:45:06
NVDA,NVDA260916C00287500,NVDA,2026-09-16,C,287.5,0.0,0.0,0.01,150.0,3.8224,0.0,0.0,0.0,0.0,0.0,0.0,0.0,0.0,0.0,0.0,0.0,0.0,no_change,0.0,,0.0,0.00499999988824129,215.81,2026-09-16 15:44:11,2026-09-16 11:45:06
NVDA,NVDA260916C00290000,NVDA,2026-09-16,C,290.0,0.0,0.0,0.01,150.0,3.9275,21.0,0.0,0.0,0.0,0.0,0.0,0.0,0.0,0.0,0.0,0.0,0.0,no_change,0.01,2026-09-09T12:04:36,0.0,0.00499999988824129,215.81,2026-09-16 15:44:11,2026-09-16 11:45:06
NVDA,NVDA260916C00292500,NVDA,2026-09-16,C,292.5,0.0,0.0,0.01,150.0,4.0313,1.0,0.0,0.0,0.0,0.0,0.0,0.0,0.0,0.0,0.0,0.0,0.0,up,0.01,2026-09-15T12:49:33,0.0,0.00499999988824129,215.81,2026-09-16 15:44:11,2026-09-16 11:45:06
NVDA,NVDA260916C00295000,NVDA,2026-09-16,C,295.0,0.0,0.0,0.01,5124.0,4.134,161.0,3.0,0.0,0.0,0.0,0.0,0.0,0.0,0.005,0.01,0.01,0.01,no_change,0.01,2026-09-16T10:48:14,100.0,0.00499999988824129,215.81,2026-09-16 15:44:11,2026-09-16 11:45:06
NVDA,NVDA260916P00050000,NVDA,2026-09-16,P,50.0,0.0,0.0,0.01,1373.0,0.0,0.0,0.0,0.0,0.0,0.0,0.0,0.0,0.0,0.0,0.0,0.0,0.0,no_change,0.0,,0.0,0.00499999988824129,215.81,2026-09-16 15:44:11,2026-09-16 11:45:06
NVDA,NVDA260916P00055000,NVDA,2026-09-16,P,55.0,0.0,0.0,0.01,1373.0,0.0,0.0,0.0,0.0,0.0,0.0,0.0,0.0,0.0,0.0,0.0,0.0,0.0,no_change,0.0,,0.0,0.00499999988824129,215.81,2026-09-16 15:44:11,2026-09-16 11:45:06
NVDA,NVDA260916P00060000,NVDA,2026-09-16,P,60.0,0.0,0.0,0.01,1373.0,0.0,0.0,0.0,0.0,0.0,0.0,0.0,0.0,0.0,0.0,0.0,0.0,0.0,no_change,0.0,,0.0,0.00499999988824129,215.81,2026-09-16 15:44:11,2026-09-16 11:45:06
NVDA,NVDA260916P00065000,NVDA,2026-09-16,P,65.0,0.0,0.0,0.01,177.0,0.0,0.0,0.0,0.0,0.0,0.0,0.0,0.0,0.0,0.0,0.0,0.0,0.0,no_change,0.0,,0.0,0.00499999988824129,215.81,2026-09-16 15:44:11,2026-09-16 11:45:06
NVDA,NVDA260916P00070000,NVDA,2026-09-16,P,70.0,0.0,0.0,0.01,174.0,0.0,0.0,0.0,0.0,0.0,0.0,0.0,0.0,0.0,0.0,0.0,0.0,0.0,no_change,0.0,,0.0,0.00499999988824129,215.81,2026-09-16 15:44:11,2026-09-16 11:45:06
NVDA,NVDA260916P00075000,NVDA,2026-09-16,P,75.0,0.0,0.0,0.01,174.0,0.0,0.0,0.0,0.0,0.0,0.0,0.0,0.0,0.0,0.0,0.0,0.0,0.0,no_change,0.0,,0.0,0.00499999988824129,215.81,2026-09-16 15:44:11,2026-09-16 11:45:06
NVDA,NVDA260916P00080000,NVDA,2026-09-16,P,80.0,0.0,0.0,0.01,18694.0,0.0,0.0,0.0,0.0,0.0,0.0,0.0,0.0,0.0,0.0,0.0,0.0,0.0,no_change,0.0,,0.0,0.00499999988824129,215.81,2026-09-16 15:44:11,2026-09-16 11:45:06
NVDA,NVDA260916P00085000,NVDA,2026-09-16,P,85.0,0.0,0.0,0.01,156.0,0.0,0.0,0.0,0.0,0.0,0.0,0.0,0.0,0.0,0.0,0.0,0.0,0.0,no_change,0.0,,0.0,0.00499999988824129,215.81,2026-09-16 15:44:11,2026-09-16 11:45:06
NVDA,NVDA260916P00090000,NVDA,2026-09-16,P,90.0,0.0,0.0,0.01,156.0,0.0,0.0,0.0,0.0,0.0,0.0,0.0,0.0,0.0,0.0,0.0,0.0,0.0,no_change,0.0,,0.0,0.00499999988824129,215.81,2026-09-16 15:44:11,2026-09-16 11:45:06
NVDA,NVDA260916P00095000,NVDA,2026-09-16,P,95.0,0.0,0.0,0.01,153.0,0.0,2.0,0.0,0.0,0.0,0.0,0.0,0.0,0.0,0.0,0.0,0.0,0.0,up,0.02,2026-09-14T11:08:23,0.0,0.00499999988824129,215.81,2026-09-16 15:44:11,2026-09-16 11:45:06
NVDA,NVDA260916P00100000,NVDA,2026-09-16,P,100.0,0.0,0.0,0.01,167.0,0.0,0.0,0.0,0.0,0.0,0.0,0.0,0.0,0.0,0.0,0.0,0.0,0.0,no_change,0.0,,0.0,0.00499999988824129,215.81,2026-09-16 15:44:11,2026-09-16 11:45:06
NVDA,NVDA260916P00105000,NVDA,2026-09-16,P,105.0,0.0,0.0,0.01,167.0,0.0,0.0,0.0,0.0,0.0,0.0,0.0,0.0,0.0,0.0,0.0,0.0,0.0,no_change,0.0,,0.0,0.00499999988824129,215.81,2026-09-16 15:44:11,2026-09-16 11:45:06
NVDA,NVDA260916P00110000,NVDA,2026-09-16,P,110.0,0.0,0.0,0.01,167.0,0.0,0.0,0.0,0.0,0.0,0.0,0.0,0.0,0.0,0.0,0.0,0.0,0.0,down,0.01,2026-09-14T10:33:32,0.0,0.00499999988824129,215.81,2026-09-16 15:44:11,2026-09-16 11:45:06
NVDA,NVDA260916P00115000,NVDA,2026-09-16,P,115.0,0.0,0.0,0.01,14232.0,8.1945,9578.0,0.0,0.0,0.0,0.0,0.0,0.0,0.0,0.0,0.0,0.0,0.0,no_change,0.01,2026-09-15T10:18:39,0.0,0.00499999988824129,215.81,2026-09-16 15:44:11,2026-09-16 11:45:06
NVDA,NVDA260916P00120000,NVDA,2026-09-16,P,120.0,0.0,0.0,0.01,167.0,7.6685,9505.0,0.0,0.0,0.0,0.0,0.0,0.0,0.0,0.0,0.0,0.0,0.0,no_change,0.01,2026-09-14T12:48:46,0.0,0.00499999988824129,215.81,2026-09-16 15:44:11,2026-09-16 11:45:06
NVDA,NVDA260916P00125000,NVDA,2026-09-16,P,125.0,0.0,0.0,0.01,174.0,7.1632,0.0,0.0,0.0,0.0,0.0,0.0,0.0,0.0,0.0,0.0,0.0,0.0,no_change,0.0,,0.0,0.00499999988824129,215.81,2026-09-16 15:44:11,2026-09-16 11:45:06
NVDA,NVDA260916P00130000,NVDA,2026-09-16,P,130.0,0.0,0.0,0.01,177.0,6.6768,16.0,0.0,0.0,0.0,0.0,0.0,0.0,0.0,0.0,0.0,0.0,0.0,no_change,0.02,2026-09-10T15:32:34,0.0,0.00499999988824129,215.81,2026-09-16 15:44:11,2026-09-16 11:45:06
NVDA,NVDA260916P00135000,NVDA,2026-09-16,P,135.0,0.0,0.0,0.01,177.0,6.2077,1.0,0.0,0.0,0.0,0.0,0.0,0.0,0.0,0.0,0.0,0.0,0.0,down,0.02,2026-09-10T14:39:36,0.0,0.00499999988824129,215.81,2026-09-16 15:44:11,2026-09-16 11:45:06
NVDA,NVDA260916P00140000,NVDA,2026-09-16,P,140.0,0.0,0.0,0.01,177.0,5.7545,29.0,0.0,0.0,0.0,0.0,0.0,0.0,0.0,0.0,0.0,0.0,0.0,no_change,0.01,2026-09-11T10:52:38,0.0,0.00499999988824129,215.81,2026-09-16 15:44:11,2026-09-16 11:45:06
NVDA,NVDA260916P00145000,NVDA,2026-09-16,P,145.0,0.0,0.0,0.01,365.0,5.316,273.0,1.0,0.0,0.0,0.0,0.0,0.0,0.0,0.005,0.01,0.01,0.01,no_change,0.01,2026-09-16T09:51:26,100.0,0.00499999988824129,215.81,2026-09-16 15:44:11,2026-09-16 11:45:06
NVDA,NVDA260916P00150000,NVDA,2026-09-16,P,150.0,0.0,0.0,0.01,155.0,4.8909,2578.0,0.0,0.0,0.0,0.0,0.0,0.0,0.0,0.0,0.0,0.0,0.0,no_change,0.01,2026-09-14T15:59:18,0.0,0.00499999988824129,215.81,2026-09-16 15:44:11,2026-09-16 11:45:06
NVDA,NVDA260916P00155000,NVDA,2026-09-16,P,155.0,0.0,0.0,0.01,143.0,4.4781,480.0,0.0,0.0,0.0,0.0,0.0,0.0,0.0,0.0,0.0,0.0,0.0,no_change,0.01,2026-09-15T09:30:00,0.0,0.00499999988824129,215.81,2026-09-16 15:44:11,2026-09-16 11:45:06
NVDA,NVDA260916P00160000,NVDA,2026-09-16,P,160.0,0.0,0.0,0.01,340.0,4.0768,1584.0,90.0,0.0,0.0,0.0,0.0,0.0,0.0,0.005,0.01,0.02,0.01,no_change,0.01,2026-09-16T10:46:44,100.0,0.00499999988824129,215.81,2026-09-16 15:44:11,2026-09-16 11:45:06
NVDA,NVDA260916P00165000,NVDA,2026-09-16,P,165.0,0.0,0.0,0.01,132.0,3.6858,1895.0,0.0,0.0,0.0,0.0,0.0,0.0,0.0,0.0,0.0,0.0,0.0,no_change,0.01,2026-09-15T09:54:54,0.0,0.00499999988824129,215.81,2026-09-16 15:44:11,2026-09-16 11:45:06
NVDA,NVDA260916P00170000,NVDA,2026-09-16,P,170.0,0.0,0.0,0.01,126.0,3.3044,2945.0,0.0,0.0,0.0,0.0,0.0,0.0,0.0,0.0,0.0,0.0,0.0,no_change,0.01,2026-09-15T13:46:38,0.0,0.00499999988824129,215.81,2026-09-16 15:44:11,2026-09-16 11:45:06
NVDA,NVDA260916P00175000,NVDA,2026-09-16,P,175.0,0.0,0.0,0.01,528.0,2.9316,5427.0,117.0,0.0,0.0,0.0,0.0,0.0,0.0,0.005,0.01,0.01,0.01,no_change,0.01,2026-09-16T10:40:11,100.0,0.00499999988824129,215.81,2026-09-16 15:44:11,2026-09-16 11:45:06
NVDA,NVDA260916P00180000,NVDA,2026-09-16,P,180.0,0.0,0.0,0.01,11532.0,2.5665,4733.0,449.0,0.0,0.0,0.0,-0.0001,0.0,0.0001,-0.005,0.01,0.01,0.01,no_change,0.01,2026-09-16T11:15:35,-33.3333,0.0149999996647239,215.81,2026-09-16 15:44:11,2026-09-16 11:45:06
NVDA,NVDA260916P00185000,NVDA,2026-09-16,P,185.0,0.0,0.0,0.01,251.0,2.2083,7592.0,612.0,-0.0001,0.0,0.0,-0.0002,0.0,0.0002,-0.005,0.01,0.01,0.01,no_change,0.01,2026-09-16T11:15:57,-33.3333,0.0149999996647239,215.81,2026-09-16 15:44:11,2026-09-16 11:45:06
NVDA,NVDA260916P00190000,NVDA,2026-09-16,P,190.0,0.0,0.0,0.01,123.0,1.8558,5499.0,314.0,-0.0003,0.0001,0.0001,-0.0006,0.0,0.0006,-0.015,0.01,0.01,0.01,no_change,0.01,2026-09-16T11:15:35,-60.0,0.0249999994412065,215.81,2026-09-16 15:44:11,2026-09-16 11:45:06
NVDA,NVDA260916P00195000,NVDA,2026-09-16,P,195.0,0.0,0.0,0.01,105.0,1.5077,8246.0,2196.0,-0.0009,0.0004,0.0002,-0.0017,0.0,0.0017,-0.025,0.01,0.03,0.01,no_change,0.01,2026-09-16T11:22:39,-71.4286,0.034999999217689,215.81,2026-09-16 15:44:11,2026-09-16 11:45:06
NVDA,NVDA260916P00200000,NVDA,2026-09-16,P,200.0,0.01,906.0,0.02,386.0,1.3066,7665.0,2346.0,-0.0033,0.0016,0.0005,-0.0059,0.0,0.0059,-0.055,0.02,0.04,0.01,no_change,0.01,2026-09-16T11:28:03,-84.6154,0.0649999994784594,215.81,2026-09-16 15:44:11,2026-09-16 11:45:06
NVDA,NVDA260916P00202500,NVDA,2026-09-16,P,202.5,0.01,1021.0,0.02,409.0,1.1166,9718.0,6462.0,-0.0065,0.0033,0.001,-0.0115,0.0,0.0115,-0.085,0.03,0.07,0.01,up,0.02,2026-09-16T11:27:55,-80.9524,0.105000000447035,215.81,2026-09-16 15:44:11,2026-09-16 11:45:06
NVDA,NVDA260916P00205000,NVDA,2026-09-16,P,205.0,0.02,109.0,0.03,1275.0,0.9898,13387.0,4256.0,-0.0131,0.0067,0.0018,-0.0227,0.0,0.0227,-0.185,0.07,0.18,0.02,no_change,0.02,2026-09-16T11:28:37,-90.2439,0.204999998211861,215.81,2026-09-16 15:44:11,2026-09-16 11:45:06
NVDA,NVDA260916P00207500,NVDA,2026-09-16,P,207.5,0.03,1092.0,0.04,127.0,0.8271,7758.0,6491.0,-0.027,0.014,0.0033,-0.0459,0.0,0.0459,-0.425,0.14,0.19,0.03,down,0.03,2026-09-16T11:28:55,-93.4066,0.454999998211861,215.81,2026-09-16 15:44:11,2026-09-16 11:45:06
NVDA,NVDA260916P00210000,NVDA,2026-09-16,P,210.0,0.08,623.0,0.09,718.0,0.7216,9433.0,60330.0,-0.0575,0.0303,0.006,-0.0936,0.0,0.0936,-0.945,0.38,0.43,0.08,up,0.09,2026-09-16T11:28:49,-91.3043,1.0349999666214,215.81,2026-09-16 15:44:11,2026-09-16 11:45:06
NVDA,NVDA260916P00212500,NVDA,2026-09-16,P,212.5,0.18,611.0,0.2,491.0,0.5761,8679.0,46479.0,-0.1294,0.0695,0.011,-0.1976,0.0,0.1976,-1.895,0.89,1.16,0.16,no_change,0.19,2026-09-16T11:29:09,-90.8873,2.08499991893768,215.81,2026-09-16 15:44:11,2026-09-16 11:45:06
NVDA,NVDA260916P00215000,NVDA,2026-09-16,P,215.0,0.6,74.0,0.62,165.0,0.4701,5333.0,66346.0,-0.3553,0.1543,0.0193,-0.5848,0.0,0.5848,-3.075,2.27,2.4,0.51,no_change,0.6,2026-09-16T11:29:09,-83.6735,3.67500007152557,215.81,2026-09-16 15:44:11,2026-09-16 11:45:06
NVDA,NVDA260916P00217500,NVDA,2026-09-16,P,217.5,2.02,36.0,2.05,32.0,0.4643,1910.0,7150.0,-0.7466,0.1327,0.0166,-0.3644,0.0,1.9844,-3.75,3.9,4.35,1.7,up,2.0,2026-09-16T11:29:09,-65.2174,5.75,215.81,2026-09-16 15:44:11,2026-09-16 11:45:06
NVDA,NVDA260916P00220000,NVDA,2026-09-16,P,220.0,4.25,34.0,4.3,37.0,0.5266,2353.0,1297.0,-0.9215,0.051,0.0077,-0.1009,0.0,4.2209,-3.925,6.14,6.75,3.83,up,4.2,2026-09-16T11:29:02,-48.3077,8.125,215.81,2026-09-16 15:44:11,2026-09-16 11:45:06
NVDA,NVDA260916P00222500,NVDA,2026-09-16,P,222.5,6.7,1.0,6.75,8.0,0.5035,902.0,358.0,-0.978,0.0162,0.0028,-0.0258,0.0,6.6458,-3.975,8.63,9.17,6.25,up,6.6,2026-09-16T11:28:51,-37.5887,10.5750002861023,215.81,2026-09-16 15:44:11,2026-09-16 11:45:06
NVDA,NVDA260916P00225000,NVDA,2026-09-16,P,225.0,9.15,14.0,9.25,21.0,0.8336,155.0,51.0,-0.9952,0.0041,0.0007,-0.005,0.0,9.125,-4.095,11.26,11.35,8.82,up,8.93,2026-09-16T11:12:11,-31.4395,13.0250000953674,215.81,2026-09-16 15:44:11,2026-09-16 11:45:06
NVDA,NVDA260916P00227500,NVDA,2026-09-16,P,227.5,11.6,35.0,11.8,52.0,0.8228,1.0,62.0,-0.9991,0.0008,0.0001,-0.0008,0.0,11.6208,-3.75,13.74,13.91,11.8,down,11.8,2026-09-16T11:18:35,-24.1158,15.5499997138977,215.81,2026-09-16 15:44:11,2026-09-16 11:45:06
NVDA,NVDA260916P00230000,NVDA,2026-09-16,P,230.0,14.1,45.0,14.25,12.0,0.0,5.0,37.0,-0.9999,0.0001,0.0,-0.0001,0.0,14.1201,-3.75,16.0,16.0,13.9,up,14.3,2026-09-16T11:19:22,-20.7756,18.0500001907349,215.81,2026-09-16 15:44:11,2026-09-16 11:45:06
NVDA,NVDA260916P00232500,NVDA,2026-09-16,P,232.5,16.6,30.0,16.8,41.0,1.1233,0.0,3.0,-1.0,0.0,0.0,0.0,0.0,16.62,-3.85,17.85,17.85,16.7,down,16.7,2026-09-16T11:13:21,-18.7348,20.5500001907349,215.81,2026-09-16 15:44:11,2026-09-16 11:45:06
NVDA,NVDA260916P00235000,NVDA,2026-09-16,P,235.0,19.1,34.0,19.25,9.0,0.0,0.0,3.0,-1.0,0.0,0.0,0.0,0.0,19.12,-3.83,19.23,19.23,18.9,up,19.22,2026-09-16T11:19:40,-16.6161,23.0500001907349,215.81,2026-09-16 15:44:11,2026-09-16 11:45:06
NVDA,NVDA260916P00237500,NVDA,2026-09-16,P,237.5,21.6,11.0,21.8,40.0,1.41,0.0,0.0,-1.0,0.0,0.0,0.0,0.0,21.62,0.0,0.0,0.0,0.0,no_change,0.0,,0.0,25.5250005722046,215.81,2026-09-16 15:44:11,2026-09-16 11:45:06
NVDA,NVDA260916P00240000,NVDA,2026-09-16,P,240.0,24.1,12.0,24.3,40.0,1.5491,0.0,0.0,-1.0,0.0,0.0,0.0,0.0,24.12,0.0,0.0,0.0,0.0,no_change,27.89,2026-09-14T12:02:12,0.0,28.0500001907349,215.81,2026-09-16 15:44:11,2026-09-16 11:45:06
NVDA,NVDA260916P00242500,NVDA,2026-09-16,P,242.5,26.6,61.0,26.75,33.0,1.6855,0.0,2.0,-1.0,0.0,0.0,0.0,0.0,26.62,-3.75,28.95,28.95,26.8,down,26.8,2026-09-16T11:01:08,-12.275,30.5500001907349,215.81,2026-09-16 15:44:11,2026-09-16 11:45:06
NVDA,NVDA260916P00245000,NVDA,2026-09-16,P,245.0,29.1,64.0,29.3,64.0,1.8195,0.0,2.0,-1.0,0.0,0.0,0.0,0.0,29.12,-3.725,31.3,31.3,29.3,down,29.3,2026-09-16T11:00:39,-11.2793,33.0249996185303,215.81,2026-09-16 15:44:11,2026-09-16 11:45:06
NVDA,NVDA260916P00247500,NVDA,2026-09-16,P,247.5,31.6,12.0,31.8,40.0,1.9513,0.0,0.0,-1.0,0.0,0.0,0.0,0.0,31.62,0.0,0.0,0.0,0.0,up,37.05,2026-09-14T09:47:20,0.0,35.5249996185303,215.81,2026-09-16 15:44:11,2026-09-16 11:45:06
NVDA,NVDA260916P00250000,NVDA,2026-09-16,P,250.0,34.1,2.0,34.3,28.0,2.0809,0.0,0.0,-1.0,0.0,0.0,0.0,0.0,34.12,0.0,0.0,0.0,0.0,no_change,30.4,2026-09-11T12:00:34,0.0,38.0249996185303,215.81,2026-09-16 15:44:11,2026-09-16 11:45:06
NVDA,NVDA260916P00252500,NVDA,2026-09-16,P,252.5,36.6,1.0,36.8,28.0,2.2085,0.0,0.0,-1.0,0.0,0.0,0.0,0.0,36.62,0.0,0.0,0.0,0.0,no_change,0.0,,0.0,40.5249996185303,215.81,2026-09-16 15:44:11,2026-09-16 11:45:06
NVDA,NVDA260916P00255000,NVDA,2026-09-16,P,255.0,39.1,1.0,39.3,26.0,2.3341,0.0,0.0,-1.0,0.0,0.0,0.0,0.0,39.12,0.0,0.0,0.0,0.0,up,27.83,2026-09-08T10:45:03,0.0,43.0500011444092,215.81,2026-09-16 15:44:11,2026-09-16 11:45:06
NVDA,NVDA260916P00257500,NVDA,2026-09-16,P,257.5,41.6,1.0,41.8,30.0,2.4579,0.0,0.0,-1.0,0.0,0.0,0.0,0.0,41.62,0.0,0.0,0.0,0.0,no_change,0.0,,0.0,45.5249996185303,215.81,2026-09-16 15:44:11,2026-09-16 11:45:06
NVDA,NVDA260916P00260000,NVDA,2026-09-16,P,260.0,44.1,1.0,44.3,22.0,2.58,0.0,0.0,-1.0,0.0,0.0,0.0,0.0,44.12,0.0,0.0,0.0,0.0,up,43.7,2026-09-10T14:34:04,0.0,48.0249996185303,215.81,2026-09-16 15:44:11,2026-09-16 11:45:06
NVDA,NVDA260916P00262500,NVDA,2026-09-16,P,262.5,46.6,1.0,46.8,15.0,2.7004,0.0,0.0,-1.0,0.0,0.0,0.0,0.0,46.62,0.0,0.0,0.0,0.0,no_change,0.0,,0.0,50.5249996185303,215.81,2026-09-16 15:44:11,2026-09-16 11:45:06
NVDA,NVDA260916P00265000,NVDA,2026-09-16,P,265.0,49.1,1.0,49.3,31.0,2.8191,0.0,0.0,-1.0,0.0,0.0,0.0,0.0,49.12,0.0,0.0,0.0,0.0,no_change,0.0,,0.0,53.0249996185303,215.81,2026-09-16 15:44:11,2026-09-16 11:45:06
NVDA,NVDA260916P00267500,NVDA,2026-09-16,P,267.5,51.6,1.0,51.8,16.0,2.9363,0.0,0.0,-1.0,0.0,0.0,0.0,0.0,51.62,0.0,0.0,0.0,0.0,no_change,0.0,,0.0,55.5249996185303,215.81,2026-09-16 15:44:11,2026-09-16 11:45:06
NVDA,NVDA260916P00270000,NVDA,2026-09-16,P,270.0,54.1,1.0,54.3,20.0,3.0519,0.0,0.0,-1.0,0.0,0.0,0.0,0.0,54.12,0.0,0.0,0.0,0.0,no_change,0.0,,0.0,58.0249996185303,215.81,2026-09-16 15:44:11,2026-09-16 11:45:06
NVDA,NVDA260916P00272500,NVDA,2026-09-16,P,272.5,56.6,1.0,56.8,21.0,3.166,0.0,0.0,-1.0,0.0,0.0,0.0,0.0,56.62,0.0,0.0,0.0,0.0,no_change,0.0,,0.0,60.5249996185303,215.81,2026-09-16 15:44:11,2026-09-16 11:45:06
NVDA,NVDA260916P00275000,NVDA,2026-09-16,P,275.0,59.1,12.0,59.3,35.0,3.2788,0.0,0.0,-1.0,0.0,0.0,0.0,0.0,59.12,0.0,0.0,0.0,0.0,up,62.9,2026-09-15T15:59:33,0.0,63.0500011444092,215.81,2026-09-16 15:44:11,2026-09-16 11:45:06
NVDA,NVDA260916P00277500,NVDA,2026-09-16,P,277.5,61.6,1.0,61.8,15.0,3.3901,0.0,0.0,-1.0,0.0,0.0,0.0,0.0,61.62,0.0,0.0,0.0,0.0,no_change,0.0,,0.0,65.5499992370606,215.81,2026-09-16 15:44:11,2026-09-16 11:45:06
NVDA,NVDA260916P00280000,NVDA,2026-09-16,P,280.0,64.1,4.0,64.3,30.0,3.5001,0.0,0.0,-1.0,0.0,0.0,0.0,0.0,64.12,0.0,0.0,0.0,0.0,up,55.0,2026-09-08T15:54:40,0.0,68.0499992370606,215.81,2026-09-16 15:44:11,2026-09-16 11:45:06
NVDA,NVDA260916P00282500,NVDA,2026-09-16,P,282.5,66.6,1.0,66.8,34.0,3.6088,0.0,0.0,-1.0,0.0,0.0,0.0,0.0,66.62,0.0,0.0,0.0,0.0,no_change,0.0,,0.0,70.5499992370606,215.81,2026-09-16 15:44:11,2026-09-16 11:45:06
NVDA,NVDA260916P00285000,NVDA,2026-09-16,P,285.0,69.1,12.0,69.3,35.0,3.7162,0.0,0.0,-1.0,0.0,0.0,0.0,0.0,69.12,0.0,0.0,0.0,0.0,down,72.9,2026-09-15T15:59:33,0.0,73.0499992370606,215.81,2026-09-16 15:44:11,2026-09-16 11:45:06
NVDA,NVDA260916P00287500,NVDA,2026-09-16,P,287.5,71.6,1.0,71.8,16.0,3.8224,0.0,0.0,-1.0,0.0,0.0,0.0,0.0,71.62,0.0,0.0,0.0,0.0,no_change,0.0,,0.0,75.5499992370606,215.81,2026-09-16 15:44:11,2026-09-16 11:45:06
NVDA,NVDA260916P00290000,NVDA,2026-09-16,P,290.0,74.1,1.0,74.3,17.0,3.9275,0.0,0.0,-1.0,0.0,0.0,0.0,0.0,74.12,0.0,0.0,0.0,0.0,no_change,0.0,,0.0,78.0499992370606,215.81,2026-09-16 15:44:11,2026-09-16 11:45:06
NVDA,NVDA260916P00292500,NVDA,2026-09-16,P,292.5,76.6,12.0,76.8,31.0,4.0313,0.0,0.0,-1.0,0.0,0.0,0.0,0.0,76.62,0.0,0.0,0.0,0.0,no_change,0.0,,0.0,80.5249977111816,215.81,2026-09-16 15:44:11,2026-09-16 11:45:06
NVDA,NVDA260916P00295000,NVDA,2026-09-16,P,295.0,79.1,18.0,79.3,36.0,4.134,0.0,0.0,-1.0,0.0,0.0,0.0,0.0,79.12,0.0,0.0,0.0,0.0,down,84.53,2026-09-14T10:30:00,0.0,83.0249977111816,215.81,2026-09-16 15:44:11,2026-09-16 11:45:06
NVDA,NVDA260918C00005000,NVDA,2026-09-18,C,5.0,210.7,1.0,210.9,1.0,0.0,0.0,0.0,1.0,0.0,0.0,0.0,0.0006,210.8846,0.0,0.0,0.0,0.0,up,219.05,2026-09-09T15:56:23,0.0,206.950004577637,215.81,2026-09-16 15:44:11,2026-09-16 11:45:06
NVDA,NVDA260918C00010000,NVDA,2026-09-18,C,10.0,205.75,1.0,205.9,1.0,0.0,0.0,0.0,1.0,0.0,0.0,0.0,0.0011,205.8869,0.0,0.0,0.0,0.0,up,213.65,2026-09-09T15:56:23,0.0,201.950004577637,215.81,2026-09-16 15:44:11,2026-09-16 11:45:06
NVDA,NVDA260918C00015000,NVDA,2026-09-18,C,15.0,200.7,1.0,200.9,1.0,8.3984,1.0,0.0,1.0,0.0,0.0,0.0,0.0016,200.8999,0.0,0.0,0.0,0.0,down,208.2,2026-09-09T15:56:23,0.0,196.975006103516,215.81,2026-09-16 15:44:11,2026-09-16 11:45:06
NVDA,NVDA260918C00020000,NVDA,2026-09-18,C,20.0,195.7,1.0,195.9,1.0,0.0,0.0,0.0,1.0,0.0,0.0,0.0,0.0022,195.8917,0.0,0.0,0.0,0.0,up,203.3,2026-09-09T15:56:23,0.0,191.975006103516,215.81,2026-09-16 15:44:11,2026-09-16 11:45:06
NVDA,NVDA260918C00025000,NVDA,2026-09-18,C,25.0,190.75,1.0,190.9,1.0,0.0,0.0,0.0,1.0,0.0,0.0,0.0,0.0027,190.9047,0.0,0.0,0.0,0.0,up,199.1,2026-09-09T15:56:23,0.0,186.975006103516,215.81,2026-09-16 15:44:11,2026-09-16 11:45:06
NVDA,NVDA260918C00030000,NVDA,2026-09-18,C,30.0,185.75,1.0,185.9,1.0,8.4608,11.0,0.0,1.0,0.0,0.0,0.0,0.0033,185.9071,0.0,0.0,0.0,0.0,down,180.35,2026-09-14T10:57:48,0.0,181.975006103516,215.81,2026-09-16 15:44:11,2026-09-16 11:45:06
NVDA,NVDA260918C00035000,NVDA,2026-09-18,C,35.0,180.75,1.0,180.9,1.0,7.708,9.0,4.0,1.0,0.0,0.0,0.0,0.0038,180.9096,1.895,178.87,178.87,178.87,no_change,178.87,2026-09-16T09:36:50,1.07077,176.975006103516,215.81,2026-09-16 15:44:11,2026-09-16 11:45:06
NVDA,NVDA260918C00040000,NVDA,2026-09-18,C,40.0,174.75,7.0,176.9,6.0,7.0508,10.0,0.0,1.0,0.0,0.0,0.0,0.0044,175.912,0.0,0.0,0.0,0.0,up,184.15,2026-09-09T15:56:23,0.0,171.975006103516,215.81,2026-09-16 15:44:11,2026-09-16 11:45:06
NVDA,NVDA260918C00045000,NVDA,2026-09-18,C,45.0,170.75,1.0,170.9,1.0,6.4626,0.0,0.0,1.0,0.0,0.0,0.0,0.0049,170.9144,0.0,0.0,0.0,0.0,down,177.1,2026-09-09T15:56:17,0.0,166.975006103516,215.81,2026-09-16 15:44:11,2026-09-16 11:45:06
NVDA,NVDA260918C00050000,NVDA,2026-09-18,C,50.0,165.75,1.0,165.95,12.0,5.9236,10.0,2.0,1.0,0.0,0.0,0.0,0.0055,165.9169,3.025,165.0,165.0,165.0,no_change,165.0,2026-09-16T10:37:55,1.86757,161.975006103516,215.81,2026-09-16 15:44:11,2026-09-16 11:45:06
NVDA,NVDA260918C00055000,NVDA,2026-09-18,C,55.0,160.75,1.0,160.95,7.0,5.4156,9.0,0.0,1.0,0.0,0.0,0.0,0.006,160.9194,0.0,0.0,0.0,0.0,up,169.7,2026-09-09T15:56:17,0.0,156.975006103516,215.81,2026-09-16 15:44:11,2026-09-16 11:45:06
NVDA,NVDA260918C00060000,NVDA,2026-09-18,C,60.0,155.75,2.0,155.95,13.0,4.9136,18.0,3.0,1.0,0.0,0.0,0.0,0.0066,155.9219,3.025,155.0,155.0,155.0,down,155.0,2026-09-16T10:31:19,1.99045,151.975006103516,215.81,2026-09-16 15:44:11,2026-09-16 11:45:06
NVDA,NVDA260918C00065000,NVDA,2026-09-18,C,65.0,150.75,1.0,150.95,4.0,4.3545,2.0,0.0,0.9999,0.0,0.0,0.0,0.0071,150.9245,0.0,0.0,0.0,0.0,down,147.25,2026-09-15T12:02:23,0.0,146.975006103516,215.81,2026-09-16 15:44:11,2026-09-16 11:45:06
NVDA,NVDA260918C00070000,NVDA,2026-09-18,C,70.0,145.75,2.0,145.95,15.0,0.0,32.0,1.0,0.9999,0.0,0.0001,0.0,0.0077,145.927,2.175,144.15,144.15,144.15,down,144.15,2026-09-16T09:43:39,1.53196,141.975006103516,215.81,2026-09-16 15:44:11,2026-09-16 11:45:06
NVDA,NVDA260918C00075000,NVDA,2026-09-18,C,75.0,140.75,2.0,140.95,1.0,4.6641,8.0,0.0,0.9999,0.0,0.0001,0.0,0.0082,140.9296,0.0,0.0,0.0,0.0,down,138.0,2026-09-15T10:05:14,0.0,136.975006103516,215.81,2026-09-16 15:44:11,2026-09-16 11:45:06
NVDA,NVDA260918C00080000,NVDA,2026-09-18,C,80.0,135.75,1.0,135.95,1.0,0.0,53.0,15.0,0.9999,0.0,0.0001,0.0,0.0088,135.9323,3.175,135.15,135.15,135.15,down,135.15,2026-09-16T10:16:57,2.40575,131.975006103516,215.81,2026-09-16 15:44:11,2026-09-16 11:45:06
NVDA,NVDA260918C00085000,NVDA,2026-09-18,C,85.0,130.75,2.0,130.95,13.0,0.0,83.0,20.0,0.9998,0.0,0.0001,0.0,0.0093,130.935,3.19,130.19,130.19,130.19,up,130.19,2026-09-16T10:17:20,2.51181,127.0,215.81,2026-09-16 15:44:11,2026-09-16 11:45:06
NVDA,NVDA260918C00090000,NVDA,2026-09-18,C,90.0,125.75,1.0,125.95,48.0,0.0,266.0,27.0,0.9998,0.0,0.0001,0.0,0.0098,125.9377,3.65,125.35,125.65,125.25,up,125.65,2026-09-16T11:20:26,2.9918,122.0,215.81,2026-09-16 15:44:11,2026-09-16 11:45:06
NVDA,NVDA260918C00095000,NVDA,2026-09-18,C,95.0,120.75,1.0,120.95,1.0,3.4917,199.0,0.0,0.9998,0.0,0.0001,0.0,0.0104,120.9405,0.0,0.0,0.0,0.0,no_change,116.87,2026-09-15T13:55:26,0.0,117.0,215.81,2026-09-16 15:44:11,2026-09-16 11:45:06
NVDA,NVDA260918C00100000,NVDA,2026-09-18,C,100.0,115.75,47.0,115.95,34.0,0.0,624.0,71.0,0.9997,0.0,0.0002,0.0,0.0109,115.9434,3.5,115.1,115.5,115.08,up,115.5,2026-09-16T10:59:54,3.125,112.0,215.81,2026-09-16 15:44:11,2026-09-16 11:45:06
NVDA,NVDA260918C00105000,NVDA,2026-09-18,C,105.0,110.8,11.0,110.95,11.0,0.0,83.0,0.0,0.9996,0.0,0.0002,0.0,0.0115,110.9464,0.0,0.0,0.0,0.0,up,109.23,2026-09-15T09:30:32,0.0,107.0,215.81,2026-09-16 15:44:11,2026-09-16 11:45:06
NVDA,NVDA260918C00110000,NVDA,2026-09-18,C,110.0,105.75,2.0,105.95,15.0,2.7149,85.0,0.0,0.9996,0.0,0.0002,0.0,0.012,105.9494,0.0,0.0,0.0,0.0,up,100.73,2026-09-14T10:45:43,0.0,102.025001525879,215.81,2026-09-16 15:44:11,2026-09-16 11:45:06
NVDA,NVDA260918C00115000,NVDA,2026-09-18,C,115.0,100.8,1.0,100.95,2.0,2.4451,75.0,0.0,0.9995,0.0,0.0003,0.0,0.0126,100.9526,0.0,0.0,0.0,0.0,down,98.5,2026-09-14T09:30:01,0.0,97.0250015258789,215.81,2026-09-16 15:44:11,2026-09-16 11:45:06
NVDA,NVDA260918C00120000,NVDA,2026-09-18,C,120.0,95.8,88.0,95.95,50.0,2.1032,577.0,6.0,0.9994,0.0,0.0004,0.0,0.0131,95.9559,3.95,94.0,96.0,94.0,up,96.0,2026-09-16T11:04:25,4.29115,92.0499992370606,215.81,2026-09-16 15:44:11,2026-09-16 11:45:06
NVDA,NVDA260918C00125000,NVDA,2026-09-18,C,125.0,90.8,1.0,90.95,1.0,0.0,185.0,0.0,0.9992,0.0001,0.0004,0.0,0.0137,90.9593,0.0,0.0,0.0,0.0,down,87.08,2026-09-15T15:21:59,0.0,87.0499992370606,215.81,2026-09-16 15:44:11,2026-09-16 11:45:06
NVDA,NVDA260918C00130000,NVDA,2026-09-18,C,130.0,85.2,27.0,86.0,25.0,0.0,945.0,5.0,0.9991,0.0001,0.0005,0.0,0.0142,85.963,3.29,85.02,85.34,85.02,up,85.34,2026-09-16T10:48:13,4.00975,82.0499992370606,215.81,2026-09-16 15:44:11,2026-09-16 11:45:06
NVDA,NVDA260918C00135000,NVDA,2026-09-18,C,135.0,80.8,12.0,80.95,1.0,2.1398,151.0,0.0,0.9988,0.0001,0.0006,-0.0014,0.0148,80.9669,0.0,0.0,0.0,0.0,no_change,76.52,2026-09-15T13:03:41,0.0,77.0250015258789,215.81,2026-09-16 15:44:11,2026-09-16 11:45:06
NVDA,NVDA260918C00140000,NVDA,2026-09-18,C,140.0,75.8,2.0,76.0,52.0,1.9613,410.0,2.0,0.9986,0.0001,0.0008,-0.0038,0.0153,75.9711,3.3,73.95,75.35,73.95,up,75.35,2026-09-16T10:18:42,4.58015,72.0499992370606,215.81,2026-09-16 15:44:11,2026-09-16 11:45:06
NVDA,NVDA260918C00145000,NVDA,2026-09-18,C,145.0,70.8,1.0,71.0,64.0,1.7884,1483.0,0.0,0.9983,0.0002,0.0009,-0.0065,0.0158,70.9756,0.0,0.0,0.0,0.0,up,67.4,2026-09-15T15:57:09,0.0,67.0499992370606,215.81,2026-09-16 15:44:11,2026-09-16 11:45:06
NVDA,NVDA260918C00150000,NVDA,2026-09-18,C,150.0,65.8,39.0,66.0,57.0,1.6203,16708.0,60.0,0.9978,0.0002,0.0011,-0.0097,0.0164,65.9806,3.255,63.84,65.33,63.84,up,65.33,2026-09-16T10:54:20,5.24366,62.0750007629394,215.81,2026-09-16 15:44:11,2026-09-16 11:45:06
NVDA,NVDA260918C00155000,NVDA,2026-09-18,C,155.0,60.8,31.0,61.0,91.0,1.4561,3031.0,9.0,0.9973,0.0003,0.0014,-0.0133,0.0169,60.9861,2.05,58.75,59.1,58.75,up,59.1,2026-09-16T09:46:16,3.59334,57.0500011444092,215.81,2026-09-16 15:44:11,2026-09-16 11:45:06
NVDA,NVDA260918C00160000,NVDA,2026-09-18,C,160.0,55.8,93.0,56.0,30.0,1.2944,4871.0,19.0,0.9966,0.0004,0.0017,-0.0176,0.0174,55.9923,3.2,54.11,55.33,54.11,up,55.3,2026-09-16T10:42:50,6.14203,52.1000003814697,215.81,2026-09-16 15:44:11,2026-09-16 11:45:06
NVDA,NVDA260918C00165000,NVDA,2026-09-18,C,165.0,50.8,90.0,51.0,90.0,1.1327,7602.0,24.0,0.9957,0.0006,0.0021,-0.0228,0.018,50.9994,3.07,49.15,50.17,48.56,up,50.17,2026-09-16T10:08:05,6.51805,47.1000003814697,215.81,2026-09-16 15:44:11,2026-09-16 11:45:06
NVDA,NVDA260918C00170000,NVDA,2026-09-18,C,170.0,45.8,109.0,46.0,108.0,1.197,8052.0,89.0,0.9945,0.0008,0.0026,-0.029,0.0185,46.0076,3.9,44.5,46.0,44.5,up,46.0,2026-09-16T11:25:45,9.26366,42.1000003814697,215.81,2026-09-16 15:44:11,2026-09-16 11:45:06
NVDA,NVDA260918C00175000,NVDA,2026-09-18,C,175.0,40.85,1.0,41.05,51.0,1.0549,8367.0,39.0,0.9929,0.001,0.0033,-0.0367,0.019,41.0175,3.975,38.85,41.1,38.85,up,41.1,2026-09-16T11:27:27,10.7071,37.125,215.81,2026-09-16 15:44:11,2026-09-16 11:45:06
NVDA,NVDA260918C00180000,NVDA,2026-09-18,C,180.0,35.85,38.0,36.05,52.0,0.9993,13904.0,53.0,0.9906,0.0015,0.0042,-0.0462,0.0195,36.0295,3.785,33.84,35.91,33.84,up,35.91,2026-09-16T11:14:41,11.7821,32.125,215.81,2026-09-16 15:44:11,2026-09-16 11:45:06
NVDA,NVDA260918C00185000,NVDA,2026-09-18,C,185.0,30.85,42.0,31.05,49.0,0.8597,10284.0,7.0,0.9874,0.0022,0.0055,-0.0583,0.02,31.0447,3.735,28.8,30.91,28.8,up,30.91,2026-09-16T11:18:37,13.7442,27.1750001907349,215.81,2026-09-16 15:44:11,2026-09-16 11:45:06
NVDA,NVDA260918C00187500,NVDA,2026-09-18,C,187.5,28.35,50.0,28.55,33.0,0.8396,86.0,1.0,0.9852,0.0026,0.0063,-0.0656,0.0202,28.5539,3.925,28.6,28.6,28.6,up,28.6,2026-09-16T11:15:46,15.9068,24.6750001907349,215.81,2026-09-16 15:44:11,2026-09-16 11:45:06
NVDA,NVDA260918C00190000,NVDA,2026-09-18,C,190.0,25.9,26.0,26.05,1.0,0.805,26362.0,168.0,0.9824,0.0032,0.0073,-0.0741,0.0204,26.0645,3.795,24.25,26.02,23.8,down,25.97,2026-09-16T11:25:31,17.1139,22.1750001907349,215.81,2026-09-16 15:44:11,2026-09-16 11:45:06
NVDA,NVDA260918C00192500,NVDA,2026-09-18,C,192.5,23.4,14.0,23.6,48.0,0.7327,56.0,17.0,0.979,0.0041,0.0085,-0.0841,0.0206,23.5772,3.19,21.69,22.89,21.69,no_change,22.89,2026-09-16T10:19:11,16.1929,19.6999998092651,215.81,2026-09-16 15:44:11,2026-09-16 11:45:06
NVDA,NVDA260918C00195000,NVDA,2026-09-18,C,195.0,20.9,49.0,21.1,62.0,0.6607,44756.0,188.0,0.9745,0.0052,0.01,-0.0961,0.0207,21.0927,3.78,18.75,21.25,18.75,up,21.03,2026-09-16T11:24:27,21.913,17.25,215.81,2026-09-16 15:44:11,2026-09-16 11:45:06
NVDA,NVDA260918C00197500,NVDA,2026-09-18,C,197.5,18.45,2.0,18.6,1.0,0.6135,143.0,33.0,0.9684,0.0067,0.012,-0.1117,0.0209,18.6131,3.885,16.15,18.71,16.15,up,18.71,2026-09-16T11:15:00,26.2057,14.8249998092651,215.81,2026-09-16 15:44:11,2026-09-16 11:45:06
NVDA,NVDA260918C00200000,NVDA,2026-09-18,C,200.0,15.95,126.0,16.15,124.0,0.577,35589.0,2273.0,0.9592,0.0091,0.0148,-0.1338,0.0209,16.1431,3.7,14.4,16.55,13.67,down,16.1,2026-09-16T11:29:09,29.8387,12.4000000953674,215.81,2026-09-16 15:44:11,2026-09-16 11:45:06
NVDA,NVDA260918C00202500,NVDA,2026-09-18,C,202.5,13.5,66.0,13.7,132.0,0.5142,746.0,214.0,0.9445,0.0126,0.019,-0.1692,0.0208,13.6934,3.74,11.59,13.79,11.5,up,13.79,2026-09-16T11:28:56,37.2139,10.0500001907349,215.81,2026-09-16 15:44:11,2026-09-16 11:45:06
NVDA,NVDA260918C00205000,NVDA,2026-09-18,C,205.0,11.1,74.0,11.3,184.0,0.4794,18038.0,1191.0,0.919,0.0184,0.0254,-0.2293,0.0205,11.2867,3.365,9.1,11.65,9.0,up,11.24,2026-09-16T11:25:37,42.7302,7.875,215.81,2026-09-16 15:44:11,2026-09-16 11:45:06
NVDA,NVDA260918C00207500,NVDA,2026-09-18,C,207.5,8.8,81.0,8.95,1.0,0.4564,1512.0,1234.0,0.8747,0.027,0.0349,-0.3265,0.0197,8.964,3.175,7.17,9.1,6.81,no_change,9.05,2026-09-16T11:28:26,54.0426,5.875,215.81,2026-09-16 15:44:11,2026-09-16 11:45:06
NVDA,NVDA260918C00210000,NVDA,2026-09-18,C,210.0,6.65,82.0,6.75,126.0,0.4329,60357.0,2849.0,0.803,0.0382,0.0468,-0.4598,0.0183,6.7872,2.775,5.45,7.1,4.83,no_change,6.95,2026-09-16T11:28:25,66.4671,4.17499995231628,215.81,2026-09-16 15:44:11,2026-09-16 11:45:06
NVDA,NVDA260918C00212500,NVDA,2026-09-18,C,212.5,4.7,99.0,4.8,151.0,0.4109,10056.0,6410.0,0.699,0.0501,0.0586,-0.5974,0.016,4.8327,2.045,3.7,5.1,3.2,down,4.8,2026-09-16T11:29:09,74.2287,2.75499999523163,215.81,2026-09-16 15:44:11,2026-09-16 11:45:06
NVDA,NVDA260918C00215000,NVDA,2026-09-18,C,215.0,3.1,109.0,3.15,262.0,0.3961,58624.0,47033.0,0.5652,0.0588,0.0661,-0.6779,0.013,3.1809,1.425,2.45,3.5,1.96,down,3.12,2026-09-16T11:29:10,84.0708,1.69500005245209,215.81,2026-09-16 15:44:11,2026-09-16 11:45:06
NVDA,NVDA260918C00217500,NVDA,2026-09-18,C,217.5,1.86,33.0,1.88,3.0,0.3856,10219.0,22895.0,0.415,0.0599,0.0655,-0.6487,0.0096,1.91,0.925,1.48,2.14,1.12,no_change,1.9,2026-09-16T11:29:09,94.8718,0.975000023841858,215.81,2026-09-16 15:44:11,2026-09-16 11:45:06
NVDA,NVDA260918C00220000,NVDA,2026-09-18,C,220.0,1.03,12.0,1.04,241.0,0.3811,74449.0,43701.0,0.2743,0.0518,0.0561,-0.5182,0.0063,1.0573,0.505,0.72,1.2,0.58,no_change,1.03,2026-09-16T11:29:10,96.1905,0.524999976158142,215.81,2026-09-16 15:44:11,2026-09-16 11:45:06
NVDA,NVDA260918C00222500,NVDA,2026-09-18,C,222.5,0.54,3.0,0.55,337.0,0.3848,58946.0,9527.0,0.166,0.0384,0.0421,-0.3532,0.0038,0.5545,0.255,0.42,0.63,0.32,down,0.54,2026-09-16T11:29:10,89.4737,0.284999996423721,215.81,2026-09-16 15:44:11,2026-09-16 11:45:06
NVDA,NVDA260918C00225000,NVDA,2026-09-18,C,225.0,0.28,69.0,0.29,745.0,0.3973,78819.0,14839.0,0.0953,0.0254,0.0288,-0.2167,0.0022,0.2862,0.115,0.21,0.32,0.17,down,0.28,2026-09-16T11:29:10,69.697,0.16499999910593,215.81,2026-09-16 15:44:11,2026-09-16 11:45:06
NVDA,NVDA260918C00227500,NVDA,2026-09-18,C,227.5,0.15,116.0,0.16,413.0,0.4114,23314.0,3923.0,0.0549,0.016,0.019,-0.13,0.0013,0.1545,0.055,0.14,0.17,0.1,up,0.16,2026-09-16T11:28:23,52.381,0.105000000447035,215.81,2026-09-16 15:44:11,2026-09-16 11:45:06
NVDA,NVDA260918C00230000,NVDA,2026-09-18,C,230.0,0.09,100.0,0.1,919.0,0.4376,95529.0,7699.0,0.0337,0.0102,0.0128,-0.0827,0.0008,0.0926,0.015,0.09,0.1,0.07,down,0.09,2026-09-16T11:29:00,20.0,0.0749999992549419,215.81,2026-09-16 15:44:11,2026-09-16 11:45:06
NVDA,NVDA260918C00232500,NVDA,2026-09-18,C,232.5,0.05,1354.0,0.06,1378.0,0.4575,32742.0,1156.0,0.0222,0.0067,0.0091,-0.0568,0.0005,0.0613,0.005,0.06,0.07,0.05,no_change,0.06,2026-09-16T11:28:57,9.09091,0.0549999997019768,215.81,2026-09-16 15:44:11,2026-09-16 11:45:06
NVDA,NVDA260918C00235000,NVDA,2026-09-18,C,235.0,0.04,163.0,0.05,1039.0,0.4989,51111.0,2316.0,0.0155,0.0046,0.0067,-0.0412,0.0004,0.0435,0.005,0.04,0.08,0.03,up,0.05,2026-09-16T11:28:47,11.1111,0.0449999999254942,215.81,2026-09-16 15:44:11,2026-09-16 11:45:06
NVDA,NVDA260918C00237500,NVDA,2026-09-18,C,237.5,0.03,172.0,0.04,808.0,0.534,10209.0,368.0,0.0114,0.0033,0.0051,-0.0313,0.0003,0.0326,-0.005,0.02,0.04,0.02,no_change,0.03,2026-09-16T11:22:46,-14.2857,0.034999999217689,215.81,2026-09-16 15:44:11,2026-09-16 11:45:06
NVDA,NVDA260918C00240000,NVDA,2026-09-18,C,240.0,0.02,473.0,0.03,866.0,0.561,78983.0,5523.0,0.0086,0.0025,0.004,-0.0247,0.0002,0.0255,-0.005,0.02,0.03,0.01,no_change,0.02,2026-09-16T11:28:50,-20.0,0.0249999994412065,215.81,2026-09-16 15:44:11,2026-09-16 11:45:06
NVDA,NVDA260918C00242500,NVDA,2026-09-18,C,242.5,0.01,1130.0,0.02,662.0,0.5753,2678.0,49.0,0.0068,0.0019,0.0032,-0.0202,0.0001,0.0207,-0.005,0.02,0.03,0.02,no_change,0.02,2026-09-16T11:22:38,-20.0,0.0249999994412065,215.81,2026-09-16 15:44:11,2026-09-16 11:45:06
NVDA,NVDA260918C00245000,NVDA,2026-09-18,C,245.0,0.01,788.0,0.02,1183.0,0.6203,34528.0,739.0,0.0055,0.0015,0.0027,-0.017,0.0001,0.0173,-0.015,0.02,0.03,0.01,down,0.01,2026-09-16T11:28:17,-60.0,0.0249999994412065,215.81,2026-09-16 15:44:11,2026-09-16 11:45:06
NVDA,NVDA260918C00247500,NVDA,2026-09-18,C,247.5,0.01,379.0,0.02,485.0,0.6645,412.0,26.0,0.0046,0.0012,0.0023,-0.0146,0.0001,0.0148,0.025,0.02,0.04,0.01,no_change,0.04,2026-09-16T09:54:05,166.667,0.0149999996647239,215.81,2026-09-16 15:44:11,2026-09-16 11:45:06
NVDA,NVDA260918C00250000,NVDA,2026-09-18,C,250.0,0.01,21.0,0.02,1047.0,0.7079,90181.0,2662.0,0.0039,0.001,0.002,-0.0128,0.0001,0.0129,0.005,0.02,0.03,0.01,up,0.02,2026-09-16T11:28:23,33.3333,0.0149999996647239,215.81,2026-09-16 15:44:11,2026-09-16 11:45:06
NVDA,NVDA260918C00255000,NVDA,2026-09-18,C,255.0,0.0,0.0,0.01,333.0,0.7161,18699.0,349.0,0.0029,0.0007,0.0015,-0.0101,0.0001,0.0101,-0.005,0.01,0.02,0.01,no_change,0.01,2026-09-16T11:16:01,-33.3333,0.0149999996647239,215.81,2026-09-16 15:44:11,2026-09-16 11:45:06
NVDA,NVDA260918C00260000,NVDA,2026-09-18,C,260.0,0.0,0.0,0.01,373.0,0.7917,33519.0,45.0,0.0022,0.0005,0.0012,-0.0083,0.0,0.0083,0.005,0.01,0.01,0.01,no_change,0.01,2026-09-16T11:28:26,100.0,0.00499999988824129,215.81,2026-09-16 15:44:11,2026-09-16 11:45:06
NVDA,NVDA260918C00265000,NVDA,2026-09-18,C,265.0,0.0,0.0,0.01,200.0,0.8653,50289.0,5.0,0.0018,0.0004,0.0009,-0.0069,0.0,0.0069,0.005,0.01,0.01,0.01,no_change,0.01,2026-09-16T10:41:39,100.0,0.00499999988824129,215.81,2026-09-16 15:44:11,2026-09-16 11:45:06
NVDA,NVDA260918C00270000,NVDA,2026-09-18,C,270.0,0.0,0.0,0.01,197.0,0.9369,27104.0,31.0,0.0014,0.0003,0.0008,-0.0059,0.0,0.0059,0.005,0.01,0.01,0.01,no_change,0.01,2026-09-16T11:07:41,100.0,0.00499999988824129,215.81,2026-09-16 15:44:11,2026-09-16 11:45:06
NVDA,NVDA260918C00275000,NVDA,2026-09-18,C,275.0,0.0,0.0,0.01,15774.0,1.0067,12164.0,8.0,0.0012,0.0002,0.0006,-0.0051,0.0,0.0051,0.005,0.01,0.01,0.01,no_change,0.01,2026-09-16T10:09:21,100.0,0.00499999988824129,215.81,2026-09-16 15:44:11,2026-09-16 11:45:06
NVDA,NVDA260918C00280000,NVDA,2026-09-18,C,280.0,0.0,0.0,0.01,14117.0,1.0748,26985.0,11.0,0.001,0.0002,0.0006,-0.0045,0.0,0.0044,0.005,0.01,0.01,0.01,no_change,0.01,2026-09-16T11:26:08,100.0,0.00499999988824129,215.81,2026-09-16 15:44:11,2026-09-16 11:45:06
NVDA,NVDA260918C00285000,NVDA,2026-09-18,C,285.0,0.0,0.0,0.01,114.0,1.1413,3677.0,0.0,0.0008,0.0001,0.0005,-0.0039,0.0,0.0039,0.0,0.0,0.0,0.0,no_change,0.01,2026-09-15T14:56:41,0.0,0.00499999988824129,215.81,2026-09-16 15:44:11,2026-09-16 11:45:06
NVDA,NVDA260918C00290000,NVDA,2026-09-18,C,290.0,0.0,0.0,0.01,800.0,1.2062,7643.0,10.0,0.0007,0.0001,0.0004,-0.0035,0.0,0.0035,0.005,0.01,0.01,0.01,no_change,0.01,2026-09-16T10:04:58,100.0,0.00499999988824129,215.81,2026-09-16 15:44:11,2026-09-16 11:45:06
NVDA,NVDA260918C00295000,NVDA,2026-09-18,C,295.0,0.0,0.0,0.01,272.0,1.2698,5150.0,2.0,0.0006,0.0001,0.0004,-0.0031,0.0,0.0031,0.005,0.01,0.01,0.01,no_change,0.01,2026-09-16T11:15:02,100.0,0.00499999988824129,215.81,2026-09-16 15:44:11,2026-09-16 11:45:06
NVDA,NVDA260918C00300000,NVDA,2026-09-18,C,300.0,0.0,0.0,0.01,916.0,1.332,36241.0,4.0,0.0006,0.0001,0.0003,-0.0028,0.0,0.0028,0.005,0.01,0.01,0.01,no_change,0.01,2026-09-16T09:45:53,100.0,0.00499999988824129,215.81,2026-09-16 15:44:11,2026-09-16 11:45:06
NVDA,NVDA260918C00310000,NVDA,2026-09-18,C,310.0,0.0,0.0,0.01,13547.0,1.4525,5360.0,0.0,0.0004,0.0001,0.0003,-0.0024,0.0,0.0023,0.0,0.0,0.0,0.0,no_change,0.01,2026-09-15T13:03:14,0.0,0.00499999988824129,215.81,2026-09-16 15:44:11,2026-09-16 11:45:06
NVDA,NVDA260918C00320000,NVDA,2026-09-18,C,320.0,0.0,0.0,0.01,188.0,1.5683,7922.0,0.0,0.0004,0.0,0.0002,-0.002,0.0,0.002,0.0,0.0,0.0,0.0,no_change,0.01,2026-09-14T11:38:00,0.0,0.00499999988824129,215.81,2026-09-16 15:44:11,2026-09-16 11:45:06
NVDA,NVDA260918C00330000,NVDA,2026-09-18,C,330.0,0.0,0.0,0.01,207.0,1.6797,5850.0,0.0,0.0003,0.0,0.0002,-0.0017,0.0,0.0017,0.0,0.0,0.0,0.0,no_change,0.01,2026-09-15T14:14:05,0.0,0.00499999988824129,215.81,2026-09-16 15:44:11,2026-09-16 11:45:06
NVDA,NVDA260918C00340000,NVDA,2026-09-18,C,340.0,0.0,0.0,0.01,22356.0,1.787,6919.0,0.0,0.0002,0.0,0.0001,-0.0015,0.0,0.0015,0.0,0.0,0.0,0.0,no_change,0.01,2026-09-11T09:42:58,0.0,0.00499999988824129,215.81,2026-09-16 15:44:11,2026-09-16 11:45:06
NVDA,NVDA260918C00350000,NVDA,2026-09-18,C,350.0,0.0,0.0,0.01,18642.0,1.8907,26685.0,0.0,0.0002,0.0,0.0001,-0.0013,0.0,0.0013,0.0,0.0,0.0,0.0,no_change,0.01,2026-09-11T13:16:53,0.0,0.00499999988824129,215.81,2026-09-16 15:44:11,2026-09-16 11:45:06
NVDA,NVDA260918C00360000,NVDA,2026-09-18,C,360.0,0.0,0.0,0.01,200.0,1.9908,5773.0,0.0,0.0002,0.0,0.0001,-0.0012,0.0,0.0011,0.0,0.0,0.0,0.0,no_change,0.06,2026-09-15T09:32:06,0.0,0.00499999988824129,215.81,2026-09-16 15:44:11,2026-09-16 11:45:06
NVDA,NVDA260918C00370000,NVDA,2026-09-18,C,370.0,0.0,0.0,0.01,13616.0,2.0877,2831.0,2.0,0.0001,0.0,0.0001,-0.001,0.0,0.001,0.035,0.04,0.04,0.04,up,0.04,2026-09-16T09:45:53,700.0,0.00499999988824129,215.81,2026-09-16 15:44:11,2026-09-16 11:45:06
NVDA,NVDA260918C00380000,NVDA,2026-09-18,C,380.0,0.0,0.0,0.01,9132.0,2.1816,3674.0,0.0,0.0001,0.0,0.0001,-0.0009,0.0,0.0009,0.0,0.0,0.0,0.0,no_change,0.01,2026-09-01T12:33:53,0.0,0.00499999988824129,215.81,2026-09-16 15:44:11,2026-09-16 11:45:06
NVDA,NVDA260918C00390000,NVDA,2026-09-18,C,390.0,0.0,0.0,0.01,22511.0,2.2726,7836.0,10.0,0.0001,0.0,0.0001,-0.0008,0.0,0.0008,0.005,0.01,0.01,0.01,no_change,0.01,2026-09-16T10:26:00,100.0,0.00499999988824129,215.81,2026-09-16 15:44:11,2026-09-16 11:45:06
NVDA,NVDA260918C00400000,NVDA,2026-09-18,C,400.0,0.0,0.0,0.01,40493.0,2.361,19000.0,0.0,0.0001,0.0,0.0001,-0.0008,0.0,0.0008,0.0,0.0,0.0,0.0,no_change,0.01,2026-09-09T10:22:30,0.0,0.00499999988824129,215.81,2026-09-16 15:44:11,2026-09-16 11:45:06
NVDA,NVDA260918C00410000,NVDA,2026-09-18,C,410.0,0.0,0.0,0.01,95.0,2.4468,5972.0,0.0,0.0001,0.0,0.0001,-0.0007,0.0,0.0007,0.0,0.0,0.0,0.0,no_change,0.01,2026-09-03T12:42:25,0.0,0.00499999988824129,215.81,2026-09-16 15:44:11,2026-09-16 11:45:06
NVDA,NVDA260918C00420000,NVDA,2026-09-18,C,420.0,0.0,0.0,0.01,89.0,2.5302,7925.0,0.0,0.0001,0.0,0.0,-0.0007,0.0,0.0007,0.0,0.0,0.0,0.0,no_change,0.01,2026-09-15T14:14:15,0.0,0.00499999988824129,215.81,2026-09-16 15:44:11,2026-09-16 11:45:06
NVDA,NVDA260918C00430000,NVDA,2026-09-18,C,430.0,0.0,0.0,0.01,271.0,2.6114,1658.0,20.0,0.0001,0.0,0.0,-0.0006,0.0,0.0006,0.005,0.01,0.01,0.01,no_change,0.01,2026-09-16T09:51:07,100.0,0.00499999988824129,215.81,2026-09-16 15:44:11,2026-09-16 11:45:06
NVDA,NVDA260918C00440000,NVDA,2026-09-18,C,440.0,0.0,0.0,0.01,90.0,2.6905,849.0,0.0,0.0001,0.0,0.0,-0.0006,0.0,0.0006,0.0,0.0,0.0,0.0,down,0.01,2026-09-03T09:38:46,0.0,0.00499999988824129,215.81,2026-09-16 15:44:11,2026-09-16 11:45:06
NVDA,NVDA260918C00450000,NVDA,2026-09-18,C,450.0,0.0,0.0,0.01,1220.0,2.7675,2941.0,0.0,0.0001,0.0,0.0,-0.0005,0.0,0.0005,0.0,0.0,0.0,0.0,no_change,0.01,2026-08-27T14:05:30,0.0,0.00499999988824129,215.81,2026-09-16 15:44:11,2026-09-16 11:45:06
NVDA,NVDA260918C00455000,NVDA,2026-09-18,C,455.0,0.0,0.0,0.01,1220.0,2.8053,3506.0,0.0,0.0001,0.0,0.0,-0.0005,0.0,0.0005,0.0,0.0,0.0,0.0,no_change,0.01,2026-09-02T13:04:51,0.0,0.00499999988824129,215.81,2026-09-16 15:44:11,2026-09-16 11:45:06
NVDA,NVDA260918C00460000,NVDA,2026-09-18,C,460.0,0.0,0.0,0.01,12909.0,2.8426,32685.0,0.0,0.0001,0.0,0.0,-0.0005,0.0,0.0005,0.0,0.0,0.0,0.0,no_change,0.01,2026-09-03T10:40:03,0.0,0.00499999988824129,215.81,2026-09-16 15:44:11,2026-09-16 11:45:06
NVDA,NVDA260918P00005000,NVDA,2026-09-18,P,5.0,0.0,0.0,0.01,5100.0,0.0,1954.0,0.0,0.0,0.0,0.0,0.0,0.0,0.0,0.0,0.0,0.0,0.0,no_change,0.01,2026-09-14T14:27:48,0.0,0.00499999988824129,215.81,2026-09-16 15:44:11,2026-09-16 11:45:06
NVDA,NVDA260918P00010000,NVDA,2026-09-18,P,10.0,0.0,0.0,0.01,5100.0,0.0,970.0,0.0,0.0,0.0,0.0,0.0,0.0,0.0,0.0,0.0,0.0,0.0,no_change,0.01,2026-09-08T12:21:38,0.0,0.00499999988824129,215.81,2026-09-16 15:44:11,2026-09-16 11:45:06
NVDA,NVDA260918P00015000,NVDA,2026-09-18,P,15.0,0.0,0.0,0.01,1726.0,0.0,486.0,11.0,0.0,0.0,0.0,-0.0001,0.0,0.0001,0.005,0.01,0.01,0.01,no_change,0.01,2026-09-16T09:30:02,100.0,0.00499999988824129,215.81,2026-09-16 15:44:11,2026-09-16 11:45:06
NVDA,NVDA260918P00020000,NVDA,2026-09-18,P,20.0,0.0,0.0,0.01,1592.0,0.0,581.0,0.0,0.0,0.0,0.0,-0.0001,0.0,0.0001,0.0,0.0,0.0,0.0,no_change,0.01,2026-06-05T15:19:29,0.0,0.00499999988824129,215.81,2026-09-16 15:44:11,2026-09-16 11:45:06
NVDA,NVDA260918P00025000,NVDA,2026-09-18,P,25.0,0.0,0.0,0.01,490.0,8.3652,3427.0,0.0,0.0,0.0,0.0,-0.0002,0.0,0.0002,0.0,0.0,0.0,0.0,down,0.01,2026-09-15T09:30:07,0.0,0.00499999988824129,215.81,2026-09-16 15:44:11,2026-09-16 11:45:06
NVDA,NVDA260918P00030000,NVDA,2026-09-18,P,30.0,0.0,0.0,0.01,508.0,7.6521,690.0,0.0,0.0,0.0,0.0,-0.0002,0.0,0.0002,0.0,0.0,0.0,0.0,no_change,0.01,2026-09-09T15:31:54,0.0,0.00499999988824129,215.81,2026-09-16 15:44:11,2026-09-16 11:45:06
NVDA,NVDA260918P00035000,NVDA,2026-09-18,P,35.0,0.0,0.0,0.01,491.0,7.0537,6016.0,0.0,0.0,0.0,0.0,-0.0003,0.0,0.0003,0.0,0.0,0.0,0.0,no_change,0.01,2026-08-05T15:10:08,0.0,0.00499999988824129,215.81,2026-09-16 15:44:11,2026-09-16 11:45:06
NVDA,NVDA260918P00040000,NVDA,2026-09-18,P,40.0,0.0,0.0,0.01,491.0,6.5384,4693.0,0.0,0.0,0.0,0.0,-0.0004,0.0,0.0004,0.0,0.0,0.0,0.0,no_change,0.01,2026-08-10T11:43:59,0.0,0.00499999988824129,215.81,2026-09-16 15:44:11,2026-09-16 11:45:06
NVDA,NVDA260918P00045000,NVDA,2026-09-18,P,45.0,0.0,0.0,0.01,490.0,6.0859,1634.0,0.0,0.0,0.0,0.0,-0.0005,0.0,0.0005,0.0,0.0,0.0,0.0,no_change,0.01,2026-08-14T10:30:13,0.0,0.00499999988824129,215.81,2026-09-16 15:44:11,2026-09-16 11:45:06
NVDA,NVDA260918P00050000,NVDA,2026-09-18,P,50.0,0.0,0.0,0.01,13808.0,5.6826,7772.0,0.0,0.0,0.0,0.0,-0.0006,0.0,0.0006,0.0,0.0,0.0,0.0,no_change,0.01,2026-09-09T10:26:37,0.0,0.00499999988824129,215.81,2026-09-16 15:44:11,2026-09-16 11:45:06
NVDA,NVDA260918P00055000,NVDA,2026-09-18,P,55.0,0.0,0.0,0.01,18788.0,5.319,5819.0,0.0,0.0,0.0,0.0,-0.0008,0.0,0.0008,0.0,0.0,0.0,0.0,no_change,0.01,2026-09-04T10:54:59,0.0,0.00499999988824129,215.81,2026-09-16 15:44:11,2026-09-16 11:45:06
NVDA,NVDA260918P00060000,NVDA,2026-09-18,P,60.0,0.0,0.0,0.01,22844.0,4.9878,14131.0,0.0,-0.0001,0.0,0.0,-0.001,0.0,0.001,0.0,0.0,0.0,0.0,no_change,0.01,2026-09-11T10:51:30,0.0,0.00499999988824129,215.81,2026-09-16 15:44:11,2026-09-16 11:45:06
NVDA,NVDA260918P00065000,NVDA,2026-09-18,P,65.0,0.0,0.0,0.01,18255.0,4.6837,3941.0,0.0,-0.0001,0.0,0.0,-0.0012,0.0,0.0012,0.0,0.0,0.0,0.0,no_change,0.01,2026-09-04T12:24:05,0.0,0.00499999988824129,215.81,2026-09-16 15:44:11,2026-09-16 11:45:06
NVDA,NVDA260918P00070000,NVDA,2026-09-18,P,70.0,0.0,0.0,0.01,505.0,4.4026,5374.0,0.0,-0.0001,0.0,0.0001,-0.0014,0.0,0.0014,0.0,0.0,0.0,0.0,no_change,0.01,2026-09-09T15:17:29,0.0,0.00499999988824129,215.81,2026-09-16 15:44:11,2026-09-16 11:45:06
NVDA,NVDA260918P00075000,NVDA,2026-09-18,P,75.0,0.0,0.0,0.01,488.0,4.1411,2351.0,0.0,-0.0001,0.0,0.0001,-0.0017,0.0,0.0017,0.0,0.0,0.0,0.0,no_change,0.01,2026-09-15T15:36:18,0.0,0.00499999988824129,215.81,2026-09-16 15:44:11,2026-09-16 11:45:06
NVDA,NVDA260918P00080000,NVDA,2026-09-18,P,80.0,0.0,0.0,0.01,13794.0,3.8968,5042.0,0.0,-0.0001,0.0,0.0001,-0.002,0.0,0.002,0.0,0.0,0.0,0.0,no_change,0.01,2026-09-15T10:54:09,0.0,0.00499999988824129,215.81,2026-09-16 15:44:11,2026-09-16 11:45:06
NVDA,NVDA260918P00085000,NVDA,2026-09-18,P,85.0,0.0,0.0,0.01,488.0,3.6673,4792.0,0.0,-0.0002,0.0,0.0001,-0.0023,0.0,0.0023,0.0,0.0,0.0,0.0,no_change,0.01,2026-09-10T14:56:52,0.0,0.00499999988824129,215.81,2026-09-16 15:44:11,2026-09-16 11:45:06
NVDA,NVDA260918P00090000,NVDA,2026-09-18,P,90.0,0.0,0.0,0.01,1360.0,3.451,12383.0,14.0,-0.0002,0.0,0.0001,-0.0027,0.0,0.0027,0.005,0.01,0.01,0.01,no_change,0.01,2026-09-16T10:10:16,100.0,0.00499999988824129,215.81,2026-09-16 15:44:11,2026-09-16 11:45:06
NVDA,NVDA260918P00095000,NVDA,2026-09-18,P,95.0,0.0,0.0,0.01,21056.0,3.2464,15201.0,0.0,-0.0002,0.0,0.0001,-0.0032,0.0,0.0032,0.0,0.0,0.0,0.0,no_change,0.01,2026-09-15T15:36:18,0.0,0.00499999988824129,215.81,2026-09-16 15:44:11,2026-09-16 11:45:06
NVDA,NVDA260918P00100000,NVDA,2026-09-18,P,100.0,0.0,0.0,0.01,2628.0,3.0523,26569.0,0.0,-0.0003,0.0,0.0002,-0.0037,0.0,0.0037,0.0,0.0,0.0,0.0,no_change,0.01,2026-09-15T14:23:04,0.0,0.00499999988824129,215.81,2026-09-16 15:44:11,2026-09-16 11:45:06
NVDA,NVDA260918P00105000,NVDA,2026-09-18,P,105.0,0.0,0.0,0.01,13512.0,2.8674,13532.0,3.0,-0.0004,0.0,0.0002,-0.0043,0.0,0.0043,0.005,0.01,0.01,0.01,no_change,0.01,2026-09-16T10:55:56,100.0,0.00499999988824129,215.81,2026-09-16 15:44:11,2026-09-16 11:45:06
NVDA,NVDA260918P00110000,NVDA,2026-09-18,P,110.0,0.0,0.0,0.01,499.0,2.691,26507.0,702.0,-0.0004,0.0,0.0002,-0.005,0.0,0.005,0.005,0.01,0.01,0.01,no_change,0.01,2026-09-16T10:56:19,100.0,0.00499999988824129,215.81,2026-09-16 15:44:11,2026-09-16 11:45:06
NVDA,NVDA260918P00115000,NVDA,2026-09-18,P,115.0,0.0,0.0,0.01,49.0,2.5223,13006.0,26.0,-0.0005,0.0,0.0003,-0.0059,0.0,0.0058,0.005,0.01,0.01,0.01,no_change,0.01,2026-09-16T10:56:34,100.0,0.00499999988824129,215.81,2026-09-16 15:44:11,2026-09-16 11:45:06
NVDA,NVDA260918P00120000,NVDA,2026-09-18,P,120.0,0.0,0.0,0.01,25640.0,2.3606,40728.0,2350.0,-0.0006,0.0,0.0004,-0.0068,0.0,0.0068,0.005,0.01,0.01,0.01,no_change,0.01,2026-09-16T10:00:39,100.0,0.00499999988824129,215.81,2026-09-16 15:44:11,2026-09-16 11:45:06
NVDA,NVDA260918P00125000,NVDA,2026-09-18,P,125.0,0.0,0.0,0.01,35000.0,2.2051,54987.0,1001.0,-0.0008,0.0001,0.0004,-0.008,0.0,0.0079,0.005,0.01,0.01,0.01,no_change,0.01,2026-09-16T10:00:29,100.0,0.00499999988824129,215.81,2026-09-16 15:44:11,2026-09-16 11:45:06
NVDA,NVDA260918P00130000,NVDA,2026-09-18,P,130.0,0.0,0.0,0.01,24991.0,2.0555,35318.0,61035.0,-0.001,0.0001,0.0005,-0.0093,0.0,0.0093,0.005,0.01,0.02,0.01,no_change,0.01,2026-09-16T11:12:28,100.0,0.00499999988824129,215.81,2026-09-16 15:44:11,2026-09-16 11:45:06
NVDA,NVDA260918P00135000,NVDA,2026-09-18,P,135.0,0.01,110.0,0.02,138.0,2.0948,19125.0,1148.0,-0.0012,0.0001,0.0006,-0.0108,0.0,0.0108,0.0,0.01,0.02,0.01,no_change,0.01,2026-09-16T10:44:34,2.23517e-06,0.00999999977648258,215.81,2026-09-16 15:44:11,2026-09-16 11:45:06
NVDA,NVDA260918P00140000,NVDA,2026-09-18,P,140.0,0.01,224.0,0.02,268.0,1.9435,51199.0,893.0,-0.0014,0.0001,0.0008,-0.0126,0.0,0.0126,0.005,0.01,0.02,0.01,no_change,0.02,2026-09-16T10:50:02,33.3333,0.0149999996647239,215.81,2026-09-16 15:44:11,2026-09-16 11:45:06
NVDA,NVDA260918P00145000,NVDA,2026-09-18,P,145.0,0.01,145.0,0.02,104.0,1.7971,28567.0,3.0,-0.0018,0.0002,0.0009,-0.0148,0.0,0.0148,0.005,0.02,0.02,0.02,no_change,0.02,2026-09-16T10:16:19,33.3333,0.0149999996647239,215.81,2026-09-16 15:44:11,2026-09-16 11:45:06
NVDA,NVDA260918P00150000,NVDA,2026-09-18,P,150.0,0.01,272.0,0.02,125.0,1.6551,37556.0,3653.0,-0.0022,0.0002,0.0011,-0.0174,0.0,0.0174,-0.005,0.02,0.03,0.01,down,0.01,2026-09-16T10:51:30,-33.3333,0.0149999996647239,215.81,2026-09-16 15:44:11,2026-09-16 11:45:06
NVDA,NVDA260918P00155000,NVDA,2026-09-18,P,155.0,0.01,658.0,0.03,323.0,1.5596,25483.0,4145.0,-0.0027,0.0003,0.0014,-0.0204,-0.0001,0.0206,-0.005,0.02,0.03,0.01,no_change,0.02,2026-09-16T10:46:44,-20.0,0.0249999994412065,215.81,2026-09-16 15:44:11,2026-09-16 11:45:06
NVDA,NVDA260918P00160000,NVDA,2026-09-18,P,160.0,0.02,219.0,0.03,246.0,1.4546,44622.0,5141.0,-0.0034,0.0004,0.0017,-0.0242,-0.0001,0.0245,-0.005,0.02,0.03,0.02,no_change,0.02,2026-09-16T11:18:04,-20.0,0.0249999994412065,215.81,2026-09-16 15:44:11,2026-09-16 11:45:06
NVDA,NVDA260918P00165000,NVDA,2026-09-18,P,165.0,0.02,411.0,0.03,88.0,1.318,34560.0,1167.0,-0.0043,0.0006,0.0021,-0.0288,-0.0001,0.0292,-0.015,0.03,0.04,0.02,no_change,0.02,2026-09-16T11:13:21,-42.8571,0.034999999217689,215.81,2026-09-16 15:44:11,2026-09-16 11:45:06
NVDA,NVDA260918P00170000,NVDA,2026-09-18,P,170.0,0.03,263.0,0.04,254.0,1.229,49199.0,1114.0,-0.0055,0.0008,0.0026,-0.0344,-0.0001,0.0351,-0.015,0.04,0.04,0.03,no_change,0.03,2026-09-16T11:27:06,-33.3333,0.0449999999254942,215.81,2026-09-16 15:44:11,2026-09-16 11:45:06
NVDA,NVDA260918P00175000,NVDA,2026-09-18,P,175.0,0.03,503.0,0.04,201.0,1.0943,40800.0,262.0,-0.0071,0.001,0.0033,-0.0414,-0.0002,0.0427,-0.005,0.03,0.05,0.03,up,0.05,2026-09-16T11:01:28,-9.09091,0.0549999997019768,215.81,2026-09-16 15:44:11,2026-09-16 11:45:06
NVDA,NVDA260918P00180000,NVDA,2026-09-18,P,180.0,0.05,94.0,0.06,1097.0,1.0168,72161.0,172.0,-0.0094,0.0015,0.0042,-0.0504,-0.0002,0.0523,-0.025,0.06,0.06,0.05,down,0.05,2026-09-16T11:26:16,-33.3333,0.0749999992549419,215.81,2026-09-16 15:44:11,2026-09-16 11:45:06
NVDA,NVDA260918P00185000,NVDA,2026-09-18,P,185.0,0.06,1067.0,0.07,892.0,0.9006,44273.0,700.0,-0.0126,0.0022,0.0055,-0.0619,-0.0003,0.0652,-0.025,0.07,0.09,0.06,no_change,0.07,2026-09-16T11:23:34,-26.3158,0.0950000025331974,215.81,2026-09-16 15:44:11,2026-09-16 11:45:06
NVDA,NVDA260918P00187500,NVDA,2026-09-18,P,187.5,0.07,226.0,0.08,755.0,0.8488,3371.0,1671.0,-0.0148,0.0026,0.0063,-0.069,-0.0004,0.0732,-0.035,0.08,0.09,0.06,no_change,0.07,2026-09-16T11:23:41,-33.3333,0.105000000447035,215.81,2026-09-16 15:44:11,2026-09-16 11:45:06
NVDA,NVDA260918P00190000,NVDA,2026-09-18,P,190.0,0.08,197.0,0.09,709.0,0.7938,42202.0,1186.0,-0.0176,0.0032,0.0073,-0.0772,-0.0004,0.0827,-0.045,0.1,0.1,0.07,down,0.08,2026-09-16T11:27:36,-36.0,0.12499999627471,215.81,2026-09-16 15:44:11,2026-09-16 11:45:06
NVDA,NVDA260918P00192500,NVDA,2026-09-18,P,192.5,0.09,222.0,0.1,789.0,0.7361,5060.0,178.0,-0.021,0.0041,0.0085,-0.0868,-0.0005,0.0942,-0.055,0.1,0.12,0.09,no_change,0.09,2026-09-16T11:26:42,-37.931,0.145000003278255,215.81,2026-09-16 15:44:11,2026-09-16 11:45:06
NVDA,NVDA260918P00195000,NVDA,2026-09-18,P,195.0,0.1,989.0,0.11,886.0,0.676,29757.0,1358.0,-0.0255,0.0052,0.01,-0.0986,-0.0006,0.1086,-0.075,0.12,0.14,0.1,no_change,0.1,2026-09-16T11:26:13,-42.8571,0.175000004470348,215.81,2026-09-16 15:44:11,2026-09-16 11:45:06
NVDA,NVDA260918P00197500,NVDA,2026-09-18,P,197.5,0.12,233.0,0.13,337.0,0.6224,8918.0,1199.0,-0.0317,0.0068,0.012,-0.1139,-0.0007,0.1278,-0.115,0.15,0.16,0.12,no_change,0.12,2026-09-16T11:25:35,-48.9362,0.234999999403954,215.81,2026-09-16 15:44:11,2026-09-16 11:45:06
NVDA,NVDA260918P00200000,NVDA,2026-09-18,P,200.0,0.15,215.0,0.16,301.0,0.5709,58854.0,5443.0,-0.0408,0.0091,0.0148,-0.1358,-0.001,0.1567,-0.165,0.2,0.25,0.13,no_change,0.16,2026-09-16T11:28:35,-50.7692,0.325000002980232,215.81,2026-09-16 15:44:11,2026-09-16 11:45:06
NVDA,NVDA260918P00202500,NVDA,2026-09-18,P,202.5,0.2,215.0,0.21,275.0,0.5236,21779.0,1943.0,-0.0556,0.0127,0.019,-0.171,-0.0013,0.206,-0.295,0.29,0.31,0.2,no_change,0.2,2026-09-16T11:28:57,-59.596,0.495000004768372,215.81,2026-09-16 15:44:11,2026-09-16 11:45:06
NVDA,NVDA260918P00205000,NVDA,2026-09-18,P,205.0,0.29,405.0,0.3,90.0,0.4827,25141.0,5205.0,-0.0812,0.0184,0.0255,-0.231,-0.0019,0.2984,-0.505,0.45,0.56,0.29,no_change,0.3,2026-09-16T11:29:09,-62.7329,0.805000007152557,215.81,2026-09-16 15:44:11,2026-09-16 11:45:06
NVDA,NVDA260918P00207500,NVDA,2026-09-18,P,207.5,0.47,245.0,0.49,218.0,0.4531,8877.0,4605.0,-0.1257,0.0271,0.0349,-0.3283,-0.0029,0.4752,-0.845,0.71,0.87,0.45,no_change,0.47,2026-09-16T11:28:05,-64.2586,1.31499999761581,215.81,2026-09-16 15:44:11,2026-09-16 11:45:06
NVDA,NVDA260918P00210000,NVDA,2026-09-18,P,210.0,0.8,149.0,0.81,133.0,0.4309,55774.0,11574.0,-0.1974,0.0384,0.0468,-0.4615,-0.0044,0.7969,-1.3,1.26,1.45,0.75,up,0.8,2026-09-16T11:29:02,-61.9048,2.09999990463257,215.81,2026-09-16 15:44:11,2026-09-16 11:45:06
NVDA,NVDA260918P00212500,NVDA,2026-09-18,P,212.5,1.36,27.0,1.37,255.0,0.4117,14668.0,7623.0,-0.302,0.0504,0.0587,-0.6002,-0.0063,1.3427,-1.83,2.11,2.57,1.26,up,1.37,2026-09-16T11:29:10,-57.1875,3.20000004768372,215.81,2026-09-16 15:44:11,2026-09-16 11:45:06
NVDA,NVDA260918P00215000,NVDA,2026-09-18,P,215.0,2.21,4.0,2.23,130.0,0.3965,23459.0,12302.0,-0.4368,0.0593,0.0661,-0.6833,-0.0084,2.1933,-2.44,3.25,3.59,2.06,down,2.21,2026-09-16T11:29:10,-52.4731,4.64999985694885,215.81,2026-09-16 15:44:11,2026-09-16 11:45:06
NVDA,NVDA260918P00217500,NVDA,2026-09-18,P,217.5,3.45,43.0,3.5,128.0,0.3851,8698.0,3081.0,-0.5886,0.0606,0.0652,-0.6571,-0.0102,3.4284,-2.965,5.25,5.25,3.25,up,3.46,2026-09-16T11:29:09,-46.1479,6.42499995231628,215.81,2026-09-16 15:44:11,2026-09-16 11:45:06
NVDA,NVDA260918P00220000,NVDA,2026-09-18,P,220.0,5.1,72.0,5.2,60.0,0.3796,23623.0,1948.0,-0.7308,0.0523,0.0555,-0.5258,-0.011,5.0856,-3.52,6.65,7.2,4.85,up,4.98,2026-09-16T11:28:20,-41.4118,8.5,215.81,2026-09-16 15:44:11,2026-09-16 11:45:06
NVDA,NVDA260918P00222500,NVDA,2026-09-18,P,222.5,7.1,74.0,7.2,31.0,0.3858,4395.0,643.0,-0.8402,0.0387,0.0411,-0.3548,-0.0101,7.0954,-3.795,8.96,9.33,6.82,down,6.98,2026-09-16T11:26:32,-35.2204,10.7750000953674,215.81,2026-09-16 15:44:11,2026-09-16 11:45:06
NVDA,NVDA260918P00225000,NVDA,2026-09-18,P,225.0,9.35,1.0,9.5,75.0,0.3882,14029.0,865.0,-0.9114,0.0256,0.0271,-0.2128,-0.0085,9.3407,-3.875,11.18,11.7,9.05,down,9.25,2026-09-16T11:28:42,-29.5238,13.125,215.81,2026-09-16 15:44:11,2026-09-16 11:45:06
NVDA,NVDA260918P00227500,NVDA,2026-09-18,P,227.5,11.7,35.0,11.9,58.0,0.4133,3739.0,69.0,-0.9516,0.016,0.0169,-0.1263,-0.0058,11.7215,-4.16,14.05,14.05,11.44,down,11.44,2026-09-16T11:08:59,-26.6667,15.5999999046326,215.81,2026-09-16 15:44:11,2026-09-16 11:45:06
NVDA,NVDA260918P00230000,NVDA,2026-09-18,P,230.0,14.15,52.0,14.35,63.0,0.4413,10959.0,115.0,-0.9723,0.0099,0.0105,-0.0821,-0.0045,14.169,-4.05,15.95,16.55,13.98,down,14.0,2026-09-16T11:28:20,-22.4377,18.0500001907349,215.81,2026-09-16 15:44:11,2026-09-16 11:45:06
NVDA,NVDA260918P00232500,NVDA,2026-09-18,P,232.5,16.65,34.0,16.8,8.0,0.4276,1764.0,71.0,-0.983,0.0064,0.0068,-0.06,-0.0032,16.6445,-3.58,18.97,18.97,16.97,down,16.97,2026-09-16T11:03:32,-17.4209,20.5500001907349,215.81,2026-09-16 15:44:11,2026-09-16 11:45:06
NVDA,NVDA260918P00235000,NVDA,2026-09-18,P,235.0,19.1,42.0,19.3,28.0,0.4798,2376.0,10.0,-0.989,0.0042,0.0048,-0.0478,-0.002,19.1315,-4.13,20.34,20.34,18.9,up,18.92,2026-09-16T11:12:25,-17.9176,23.0500001907349,215.81,2026-09-16 15:44:11,2026-09-16 11:45:06
NVDA,NVDA260918P00237500,NVDA,2026-09-18,P,237.5,21.6,1.0,21.8,22.0,0.5308,9.0,0.0,-0.9925,0.0029,0.0035,-0.041,-0.0021,21.6244,0.0,0.0,0.0,0.0,up,25.25,2026-09-15T11:14:56,0.0,25.5500001907349,215.81,2026-09-16 15:44:11,2026-09-16 11:45:06
NVDA,NVDA260918P00240000,NVDA,2026-09-18,P,240.0,24.1,11.0,24.3,34.0,0.5806,1120.0,9.0,-0.9947,0.002,0.0023,-0.0367,-0.0012,24.12,-1.8,26.47,26.47,26.25,down,26.25,2026-09-16T09:44:20,-6.41711,28.0500001907349,215.81,2026-09-16 15:44:11,2026-09-16 11:45:06
NVDA,NVDA260918P00242500,NVDA,2026-09-18,P,242.5,26.6,16.0,26.8,13.0,0.6295,1.0,1.0,-0.9961,0.0015,0.0019,-0.0341,-0.0012,26.6174,-3.05,27.5,27.5,27.5,down,27.5,2026-09-16T10:05:17,-9.98363,30.5500001907349,215.81,2026-09-16 15:44:11,2026-09-16 11:45:06
NVDA,NVDA260918P00245000,NVDA,2026-09-18,P,245.0,29.1,28.0,29.3,27.0,0.6774,19.0,2.0,-0.997,0.0011,0.0016,-0.0322,-0.0012,29.1154,-4.1,31.42,31.42,28.95,down,28.95,2026-09-16T11:07:51,-12.4054,33.0500011444092,215.81,2026-09-16 15:44:11,2026-09-16 11:45:06
NVDA,NVDA260918P00247500,NVDA,2026-09-18,P,247.5,31.6,12.0,31.8,22.0,0.7245,0.0,3.0,-0.9976,0.0009,0.001,-0.0311,-0.0006,31.6143,-3.425,32.1,32.1,32.1,up,32.1,2026-09-16T10:45:18,-9.6411,35.5249996185303,215.81,2026-09-16 15:44:11,2026-09-16 11:45:06
NVDA,NVDA260918P00250000,NVDA,2026-09-18,P,250.0,34.1,34.0,34.3,46.0,0.7707,144.0,8.0,-0.9981,0.0007,0.0009,-0.0302,-0.0007,34.1135,-4.2,35.31,35.31,33.75,up,33.85,2026-09-16T11:10:08,-11.0381,38.0500011444092,215.81,2026-09-16 15:44:11,2026-09-16 11:45:06
NVDA,NVDA260918P00255000,NVDA,2026-09-18,P,255.0,39.1,12.0,39.3,1.0,0.8608,0.0,0.0,-0.9987,0.0004,0.0008,-0.0289,-0.0007,39.1122,0.0,0.0,0.0,0.0,up,35.65,2026-09-11T14:59:51,0.0,43.0500011444092,215.81,2026-09-16 15:44:11,2026-09-16 11:45:06
NVDA,NVDA260918P00260000,NVDA,2026-09-18,P,260.0,44.1,27.0,44.3,11.0,0.9479,3.0,2.0,-0.9991,0.0003,0.0004,-0.0282,-0.0003,44.1115,-4.1,45.25,45.25,43.95,down,43.95,2026-09-16T11:07:51,-8.53278,48.0500011444092,215.81,2026-09-16 15:44:11,2026-09-16 11:45:06
NVDA,NVDA260918P00265000,NVDA,2026-09-18,P,265.0,49.1,12.0,49.3,23.0,1.0324,2.0,2.0,-0.9993,0.0002,0.0004,-0.0278,-0.0003,49.111,-3.3,50.3,50.3,49.75,down,49.75,2026-09-16T10:10:25,-6.22055,53.0500011444092,215.81,2026-09-16 15:44:11,2026-09-16 11:45:06
NVDA,NVDA260918P00270000,NVDA,2026-09-18,P,270.0,54.1,12.0,54.3,17.0,1.1141,19.0,0.0,-0.9995,0.0002,0.0003,-0.0274,-0.0003,54.1106,0.0,0.0,0.0,0.0,up,57.7,2026-09-14T15:15:16,0.0,58.0249996185303,215.81,2026-09-16 15:44:11,2026-09-16 11:45:06
NVDA,NVDA260918P00275000,NVDA,2026-09-18,P,275.0,59.1,2.0,59.3,1.0,0.0,0.0,0.0,-0.9996,0.0001,0.0002,-0.0271,-0.0001,59.1103,0.0,0.0,0.0,0.0,up,58.38,2026-08-20T14:07:07,0.0,63.0249996185303,215.81,2026-09-16 15:44:11,2026-09-16 11:45:06
NVDA,NVDA260918P00280000,NVDA,2026-09-18,P,280.0,64.1,1.0,64.3,1.0,1.2713,400.0,0.0,-0.9997,0.0001,0.0001,-0.0269,-0.0001,64.1102,0.0,0.0,0.0,0.0,down,67.9,2026-09-15T15:30:06,0.0,68.0499992370606,215.81,2026-09-16 15:44:11,2026-09-16 11:45:06
NVDA,NVDA260918P00285000,NVDA,2026-09-18,P,285.0,69.1,2.0,69.3,1.0,0.0,0.0,0.0,-0.9997,0.0001,0.0001,-0.0268,-0.0001,69.1101,0.0,0.0,0.0,0.0,up,67.24,2026-08-21T09:36:04,0.0,73.0499992370606,215.81,2026-09-16 15:44:11,2026-09-16 11:45:06
NVDA,NVDA260918P00290000,NVDA,2026-09-18,P,290.0,74.1,1.0,74.3,1.0,0.0,3.0,0.0,-0.9998,0.0001,0.0001,-0.0267,-0.0001,74.1099,0.0,0.0,0.0,0.0,up,78.99,2026-08-26T14:54:32,0.0,78.0499992370606,215.81,2026-09-16 15:44:11,2026-09-16 11:45:06
NVDA,NVDA260918P00295000,NVDA,2026-09-18,P,295.0,79.1,2.0,79.3,1.0,0.0,0.0,0.0,-0.9998,0.0,0.0001,-0.0266,-0.0001,79.1098,0.0,0.0,0.0,0.0,up,81.95,2026-09-15T09:31:02,0.0,83.0499992370606,215.81,2026-09-16 15:44:11,2026-09-16 11:45:06
NVDA,NVDA260918P00300000,NVDA,2026-09-18,P,300.0,84.1,1.0,84.3,1.0,0.0,0.0,0.0,-0.9999,0.0,0.0001,-0.0265,-0.0001,84.1098,0.0,0.0,0.0,0.0,down,68.04,2026-09-04T11:33:47,0.0,88.0749969482422,215.81,2026-09-16 15:44:11,2026-09-16 11:45:06
NVDA,NVDA260918P00310000,NVDA,2026-09-18,P,310.0,94.1,1.0,94.3,1.0,0.0,0.0,0.0,-0.9999,0.0,0.0,-0.0264,0.0,94.1097,0.0,0.0,0.0,0.0,no_change,84.45,2026-08-27T14:56:32,0.0,98.0499992370606,215.81,2026-09-16 15:44:11,2026-09-16 11:45:06
NVDA,NVDA260918P00320000,NVDA,2026-09-18,P,320.0,104.1,1.0,104.3,1.0,0.0,0.0,0.0,-0.9999,0.0,0.0,-0.0264,-0.0001,104.1096,0.0,0.0,0.0,0.0,down,96.7,2026-05-21T10:06:48,0.0,108.024997711182,215.81,2026-09-16 15:44:11,2026-09-16 11:45:06
NVDA,NVDA260918P00330000,NVDA,2026-09-18,P,330.0,114.1,1.0,114.3,1.0,0.0,0.0,0.0,-0.9999,0.0,0.0,-0.0263,0.0,114.1095,0.0,0.0,0.0,0.0,down,108.62,2026-08-05T13:19:48,0.0,118.049999237061,215.81,2026-09-16 15:44:11,2026-09-16 11:45:06
NVDA,NVDA260918P00340000,NVDA,2026-09-18,P,340.0,124.1,1.0,124.3,1.0,0.0,0.0,0.0,-1.0,0.0,0.0,-0.0262,0.0,124.1095,0.0,0.0,0.0,0.0,down,117.65,2026-05-19T13:52:17,0.0,128.025001525879,215.81,2026-09-16 15:44:11,2026-09-16 11:45:06
NVDA,NVDA260918P00350000,NVDA,2026-09-18,P,350.0,134.1,2.0,134.3,1.0,0.0,0.0,0.0,-1.0,0.0,0.0,-0.0262,0.0,134.1095,0.0,0.0,0.0,0.0,up,162.89,2026-02-02T15:19:45,0.0,138.049995422363,215.81,2026-09-16 15:44:11,2026-09-16 11:45:06
NVDA,NVDA260918P00360000,NVDA,2026-09-18,P,360.0,144.1,1.0,144.3,1.0,0.0,0.0,0.0,-1.0,0.0,0.0,-0.0262,0.0,144.1095,0.0,0.0,0.0,0.0,down,130.2,2026-05-15T13:45:45,0.0,148.074996948242,215.81,2026-09-16 15:44:11,2026-09-16 11:45:06
NVDA,NVDA260918P00370000,NVDA,2026-09-18,P,370.0,154.1,1.0,154.3,1.0,0.0,0.0,0.0,-1.0,0.0,0.0,-0.0262,0.0,154.1094,0.0,0.0,0.0,0.0,down,142.35,2026-08-27T12:13:06,0.0,158.049995422363,215.81,2026-09-16 15:44:11,2026-09-16 11:45:06
NVDA,NVDA260918P00380000,NVDA,2026-09-18,P,380.0,164.1,1.0,164.3,1.0,0.0,0.0,0.0,-1.0,0.0,0.0,-0.0262,0.0,164.1094,0.0,0.0,0.0,0.0,no_change,0.0,,0.0,168.049995422363,215.81,2026-09-16 15:44:11,2026-09-16 11:45:06
NVDA,NVDA260918P00390000,NVDA,2026-09-18,P,390.0,174.1,1.0,174.3,1.0,0.0,0.0,0.0,-1.0,0.0,0.0,-0.0262,0.0,174.1094,0.0,0.0,0.0,0.0,no_change,0.0,,0.0,178.049995422363,215.81,2026-09-16 15:44:11,2026-09-16 11:45:06
NVDA,NVDA260918P00400000,NVDA,2026-09-18,P,400.0,184.1,1.0,184.3,1.0,0.0,0.0,0.0,-1.0,0.0,0.0,-0.0262,0.0,184.1094,0.0,0.0,0.0,0.0,up,215.09,2026-02-26T15:54:14,0.0,188.049995422363,215.81,2026-09-16 15:44:11,2026-09-16 11:45:06
NVDA,NVDA260918P00410000,NVDA,2026-09-18,P,410.0,194.1,1.0,194.3,1.0,0.0,0.0,0.0,-1.0,0.0,0.0,-0.0262,0.0,194.1094,0.0,0.0,0.0,0.0,up,225.11,2026-02-26T15:54:14,0.0,198.025001525879,215.81,2026-09-16 15:44:11,2026-09-16 11:45:06
NVDA,NVDA260918P00420000,NVDA,2026-09-18,P,420.0,204.1,1.0,204.3,1.0,0.0,0.0,0.0,-1.0,0.0,0.0,-0.0262,0.0,204.1094,0.0,0.0,0.0,0.0,up,229.0,2025-11-06T10:37:33,0.0,208.025001525879,215.81,2026-09-16 15:44:11,2026-09-16 11:45:06
NVDA,NVDA260918P00430000,NVDA,2026-09-18,P,430.0,214.1,1.0,214.3,1.0,0.0,0.0,0.0,-1.0,0.0,0.0,-0.0262,0.0,214.1094,0.0,0.0,0.0,0.0,no_change,0.0,,0.0,218.025001525879,215.81,2026-09-16 15:44:11,2026-09-16 11:45:06
NVDA,NVDA260918P00440000,NVDA,2026-09-18,P,440.0,224.1,1.0,224.3,1.0,0.0,0.0,0.0,-1.0,0.0,0.0,-0.0262,0.0,224.1094,0.0,0.0,0.0,0.0,no_change,0.0,,0.0,228.049995422363,215.81,2026-09-16 15:44:11,2026-09-16 11:45:06
NVDA,NVDA260918P00450000,NVDA,2026-09-18,P,450.0,234.1,1.0,234.3,1.0,0.0,0.0,0.0,-1.0,0.0,0.0,-0.0262,0.0,234.1094,0.0,0.0,0.0,0.0,no_change,0.0,,0.0,238.049995422363,215.81,2026-09-16 15:44:11,2026-09-16 11:45:06
NVDA,NVDA260918P00455000,NVDA,2026-09-18,P,455.0,239.1,2.0,239.3,1.0,0.0,0.0,0.0,-1.0,0.0,0.0,-0.0262,0.0,239.1094,0.0,0.0,0.0,0.0,no_change,0.0,,0.0,243.049995422363,215.81,2026-09-16 15:44:11,2026-09-16 11:45:06
NVDA,NVDA260918P00460000,NVDA,2026-09-18,P,460.0,244.1,1.0,244.3,1.0,0.0,0.0,0.0,-1.0,0.0,0.0,-0.0262,0.0,244.1094,0.0,0.0,0.0,0.0,up,239.35,2026-09-11T11:12:38,0.0,248.049995422363,215.81,2026-09-16 15:44:11,2026-09-16 11:45:06
NVDA,NVDA260921C00050000,NVDA,2026-09-21,C,50.0,165.7,1.0,165.95,1.0,4.2658,0.0,0.0,1.0,0.0,0.0,0.0,0.0068,165.9214,0.0,0.0,0.0,0.0,no_change,0.0,,0.0,161.975006103516,215.81,2026-09-16 15:44:11,2026-09-16 11:45:06
NVDA,NVDA260921C00055000,NVDA,2026-09-21,C,55.0,160.75,1.0,160.95,1.0,3.9554,0.0,0.0,1.0,0.0,0.0,0.0,0.0075,160.9245,0.0,0.0,0.0,0.0,no_change,0.0,,0.0,157.0,215.81,2026-09-16 15:44:11,2026-09-16 11:45:06
NVDA,NVDA260921C00060000,NVDA,2026-09-21,C,60.0,155.75,1.0,155.95,1.0,3.6708,0.0,0.0,1.0,0.0,0.0,0.0,0.0082,155.9275,0.0,0.0,0.0,0.0,no_change,0.0,,0.0,152.0,215.81,2026-09-16 15:44:11,2026-09-16 11:45:06
NVDA,NVDA260921C00065000,NVDA,2026-09-21,C,65.0,150.75,2.0,150.95,1.0,3.4072,0.0,0.0,1.0,0.0,0.0,0.0,0.0089,150.9306,0.0,0.0,0.0,0.0,no_change,0.0,,0.0,147.0,215.81,2026-09-16 15:44:11,2026-09-16 11:45:06
NVDA,NVDA260921C00070000,NVDA,2026-09-21,C,70.0,145.75,1.0,145.95,1.0,3.1605,0.0,0.0,0.9999,0.0,0.0001,0.0,0.0096,145.9337,0.0,0.0,0.0,0.0,no_change,0.0,,0.0,142.0,215.81,2026-09-16 15:44:11,2026-09-16 11:45:06
NVDA,NVDA260921C00075000,NVDA,2026-09-21,C,75.0,140.75,1.0,140.95,1.0,2.9272,0.0,0.0,0.9999,0.0,0.0001,0.0,0.0103,140.9369,0.0,0.0,0.0,0.0,no_change,0.0,,0.0,137.0,215.81,2026-09-16 15:44:11,2026-09-16 11:45:06
NVDA,NVDA260921C00080000,NVDA,2026-09-21,C,80.0,135.75,1.0,135.95,1.0,2.7036,0.0,0.0,0.9999,0.0,0.0001,0.0,0.0109,135.94,0.0,0.0,0.0,0.0,no_change,0.0,,0.0,132.0,215.81,2026-09-16 15:44:11,2026-09-16 11:45:06
NVDA,NVDA260921C00085000,NVDA,2026-09-21,C,85.0,130.75,1.0,130.95,1.0,2.4848,0.0,0.0,0.9999,0.0,0.0001,0.0,0.0116,130.9432,0.0,0.0,0.0,0.0,no_change,0.0,,0.0,127.0,215.81,2026-09-16 15:44:11,2026-09-16 11:45:06
NVDA,NVDA260921C00090000,NVDA,2026-09-21,C,90.0,125.75,1.0,125.95,1.0,2.2632,0.0,0.0,0.9998,0.0,0.0001,0.0,0.0123,125.9465,0.0,0.0,0.0,0.0,no_change,0.0,,0.0,122.0,215.81,2026-09-16 15:44:11,2026-09-16 11:45:06
NVDA,NVDA260921C00095000,NVDA,2026-09-21,C,95.0,120.75,1.0,121.0,2.0,2.4356,0.0,0.0,0.9998,0.0,0.0002,0.0,0.013,120.9498,0.0,0.0,0.0,0.0,no_change,0.0,,0.0,117.0,215.81,2026-09-16 15:44:11,2026-09-16 11:45:06
NVDA,NVDA260921C00100000,NVDA,2026-09-21,C,100.0,115.75,1.0,116.0,2.0,2.2677,0.0,0.0,0.9998,0.0,0.0002,0.0,0.0137,115.9531,0.0,0.0,0.0,0.0,no_change,0.0,,0.0,112.025001525879,215.81,2026-09-16 15:44:11,2026-09-16 11:45:06
NVDA,NVDA260921C00105000,NVDA,2026-09-21,C,105.0,110.75,1.0,111.0,1.0,2.1071,0.0,0.0,0.9997,0.0,0.0003,0.0,0.0144,110.9566,0.0,0.0,0.0,0.0,no_change,0.0,,0.0,107.025001525879,215.81,2026-09-16 15:44:11,2026-09-16 11:45:06
NVDA,NVDA260921C00110000,NVDA,2026-09-21,C,110.0,105.75,2.0,106.0,1.0,1.9529,0.0,0.0,0.9997,0.0,0.0003,0.0,0.015,105.9601,0.0,0.0,0.0,0.0,no_change,0.0,,0.0,102.025001525879,215.81,2026-09-16 15:44:11,2026-09-16 11:45:06
NVDA,NVDA260921C00115000,NVDA,2026-09-21,C,115.0,100.75,1.0,101.0,1.0,1.8039,0.0,0.0,0.9996,0.0,0.0004,0.0,0.0157,100.9637,0.0,0.0,0.0,0.0,no_change,0.0,,0.0,97.0250015258789,215.81,2026-09-16 15:44:11,2026-09-16 11:45:06
NVDA,NVDA260921C00120000,NVDA,2026-09-21,C,120.0,95.75,1.0,96.0,1.0,1.659,0.0,0.0,0.9995,0.0,0.0005,0.0,0.0164,95.9675,0.0,0.0,0.0,0.0,no_change,0.0,,0.0,92.0499992370606,215.81,2026-09-16 15:44:11,2026-09-16 11:45:06
NVDA,NVDA260921C00125000,NVDA,2026-09-21,C,125.0,90.8,2.0,91.0,2.0,1.7026,1.0,0.0,0.9994,0.0001,0.0006,0.0,0.0171,90.9714,0.0,0.0,0.0,0.0,down,87.2,2026-09-15T14:40:24,0.0,87.0749969482422,215.81,2026-09-16 15:44:11,2026-09-16 11:45:06
NVDA,NVDA260921C00130000,NVDA,2026-09-21,C,130.0,85.8,2.0,86.0,2.0,1.5751,0.0,0.0,0.9992,0.0001,0.0007,0.0,0.0178,85.9754,0.0,0.0,0.0,0.0,no_change,0.0,,0.0,82.0749969482422,215.81,2026-09-16 15:44:11,2026-09-16 11:45:06
NVDA,NVDA260921C00135000,NVDA,2026-09-21,C,135.0,80.8,1.0,81.0,17.0,1.4524,0.0,0.0,0.999,0.0001,0.0008,0.0,0.0184,80.9798,0.0,0.0,0.0,0.0,no_change,0.0,,0.0,77.0749969482422,215.81,2026-09-16 15:44:11,2026-09-16 11:45:06
NVDA,NVDA260921C00140000,NVDA,2026-09-21,C,140.0,75.8,1.0,76.0,1.0,1.334,0.0,0.0,0.9988,0.0001,0.001,0.0,0.0191,75.9844,0.0,0.0,0.0,0.0,no_change,0.0,,0.0,72.0999984741211,215.81,2026-09-16 15:44:11,2026-09-16 11:45:06
NVDA,NVDA260921C00145000,NVDA,2026-09-21,C,145.0,70.8,1.0,71.0,1.0,1.2196,2.0,0.0,0.9985,0.0002,0.0013,-0.001,0.0198,70.9894,0.0,0.0,0.0,0.0,up,67.29,2026-09-15T11:18:22,0.0,67.0749969482422,215.81,2026-09-16 15:44:11,2026-09-16 11:45:06
NVDA,NVDA260921C00150000,NVDA,2026-09-21,C,150.0,65.8,2.0,66.0,1.0,1.1089,0.0,0.0,0.9981,0.0002,0.0016,-0.0032,0.0205,65.9949,0.0,0.0,0.0,0.0,no_change,0.0,,0.0,62.1000003814697,215.81,2026-09-16 15:44:11,2026-09-16 11:45:06
NVDA,NVDA260921C00155000,NVDA,2026-09-21,C,155.0,60.8,2.0,61.0,1.0,1.0014,0.0,0.0,0.9976,0.0003,0.0019,-0.0058,0.0211,61.001,0.0,0.0,0.0,0.0,no_change,0.0,,0.0,57.1000003814697,215.81,2026-09-16 15:44:11,2026-09-16 11:45:06
NVDA,NVDA260921C00160000,NVDA,2026-09-21,C,160.0,55.8,3.0,56.05,11.0,0.8968,0.0,0.0,0.9969,0.0004,0.0024,-0.0088,0.0218,56.0079,0.0,0.0,0.0,0.0,no_change,0.0,,0.0,52.1000003814697,215.81,2026-09-16 15:44:11,2026-09-16 11:45:06
NVDA,NVDA260921C00165000,NVDA,2026-09-21,C,165.0,50.85,1.0,51.05,16.0,0.7945,0.0,0.0,0.996,0.0005,0.0031,-0.0124,0.0225,51.016,0.0,0.0,0.0,0.0,no_change,0.0,,0.0,47.125,215.81,2026-09-16 15:44:11,2026-09-16 11:45:06
NVDA,NVDA260921C00170000,NVDA,2026-09-21,C,170.0,45.8,16.0,46.05,11.0,0.7966,0.0,0.0,0.9947,0.0007,0.004,-0.0167,0.0231,46.0256,0.0,0.0,0.0,0.0,no_change,0.0,,0.0,42.125,215.81,2026-09-16 15:44:11,2026-09-16 11:45:06
NVDA,NVDA260921C00175000,NVDA,2026-09-21,C,175.0,40.85,8.0,41.05,31.0,0.7019,1.0,1.0,0.9929,0.001,0.0051,-0.0221,0.0237,41.0375,2.9,40.05,40.05,40.05,down,40.05,2026-09-16T09:52:21,7.80619,37.1499996185303,215.81,2026-09-16 15:44:11,2026-09-16 11:45:06
NVDA,NVDA260921C00180000,NVDA,2026-09-21,C,180.0,35.85,1.0,36.1,2.0,0.6588,2.0,0.0,0.9902,0.0015,0.0068,-0.029,0.0243,36.0529,0.0,0.0,0.0,0.0,down,32.71,2026-09-15T10:26:57,0.0,32.1499996185303,215.81,2026-09-16 15:44:11,2026-09-16 11:45:06
NVDA,NVDA260921C00185000,NVDA,2026-09-21,C,185.0,30.85,1.0,31.1,6.0,0.5981,1.0,0.0,0.9861,0.0023,0.0092,-0.0382,0.0249,31.0741,0.0,0.0,0.0,0.0,down,28.11,2026-09-15T09:38:51,0.0,27.1999998092651,215.81,2026-09-16 15:44:11,2026-09-16 11:45:06
NVDA,NVDA260921C00190000,NVDA,2026-09-21,C,190.0,25.9,43.0,26.15,36.0,0.5275,45.0,25.0,0.9794,0.0036,0.013,-0.0511,0.0254,26.1058,3.725,24.65,26.0,24.65,no_change,26.0,2026-09-16T11:05:23,16.7228,22.2749996185303,215.81,2026-09-16 15:44:11,2026-09-16 11:45:06
NVDA,NVDA260921C00192500,NVDA,2026-09-21,C,192.5,23.45,2.0,23.65,2.0,0.4801,70.0,10.0,0.9744,0.0046,0.0156,-0.0598,0.0256,23.6285,3.75,23.55,23.55,23.55,no_change,23.55,2026-09-16T11:04:57,18.9394,19.8000001907349,215.81,2026-09-16 15:44:11,2026-09-16 11:45:06
NVDA,NVDA260921C00195000,NVDA,2026-09-21,C,195.0,20.95,57.0,21.15,1.0,0.4646,125.0,102.0,0.9675,0.006,0.0191,-0.0707,0.0257,21.1589,3.6,20.25,21.13,20.07,down,21.0,2026-09-16T11:16:41,20.6897,17.3999996185303,215.81,2026-09-16 15:44:11,2026-09-16 11:45:06
NVDA,NVDA260921C00197500,NVDA,2026-09-21,C,197.5,18.5,66.0,18.75,66.0,0.4391,46.0,258.0,0.9577,0.0079,0.0236,-0.0847,0.0258,18.701,3.16,16.5,18.16,16.45,no_change,18.16,2026-09-16T10:57:32,21.0667,15.0,215.81,2026-09-16 15:44:11,2026-09-16 11:45:06
NVDA,NVDA260921C00200000,NVDA,2026-09-21,C,200.0,16.1,58.0,16.3,182.0,0.4066,560.0,122.0,0.9436,0.0106,0.0297,-0.1032,0.0257,16.2627,3.55,14.1,16.2,14.1,up,16.2,2026-09-16T11:23:38,28.0632,12.6500000953674,215.81,2026-09-16 15:44:11,2026-09-16 11:45:06
NVDA,NVDA260921C00202500,NVDA,2026-09-21,C,202.5,13.7,20.0,13.9,176.0,0.3829,85.0,335.0,0.9221,0.0146,0.0381,-0.1284,0.0254,13.859,3.39,11.85,13.8,11.59,no_change,13.74,2026-09-16T11:18:22,32.7536,10.3499999046326,215.81,2026-09-16 15:44:11,2026-09-16 11:45:06
NVDA,NVDA260921C00205000,NVDA,2026-09-21,C,205.0,11.35,67.0,11.55,182.0,0.365,355.0,1401.0,0.8888,0.0201,0.0494,-0.1632,0.0247,11.5177,2.64,9.9,11.1,9.7,up,10.89,2026-09-16T10:49:55,32.0,8.25,215.81,2026-09-16 15:44:11,2026-09-16 11:45:06
NVDA,NVDA260921C00207500,NVDA,2026-09-21,C,207.5,9.15,38.0,9.25,15.0,0.3453,173.0,278.0,0.8382,0.0273,0.0637,-0.2079,0.0235,9.2817,2.4,7.53,8.75,7.4,up,8.75,2026-09-16T10:44:16,37.7953,6.35000014305115,215.81,2026-09-16 15:44:11,2026-09-16 11:45:06
NVDA,NVDA260921C00210000,NVDA,2026-09-21,C,210.0,7.1,52.0,7.2,164.0,0.3325,1400.0,520.0,0.7659,0.0355,0.0795,-0.2575,0.0217,7.2058,2.575,5.77,7.52,5.4,up,7.25,2026-09-16T11:28:36,55.0802,4.67499995231628,215.81,2026-09-16 15:44:11,2026-09-16 11:45:06
NVDA,NVDA260921C00212500,NVDA,2026-09-21,C,212.5,5.25,68.0,5.35,117.0,0.3231,1945.0,679.0,0.6709,0.0432,0.0935,-0.3004,0.0191,5.3479,2.025,4.0,5.65,3.8,down,5.3,2026-09-16T11:29:01,61.8321,3.27499997615814,215.81,2026-09-16 15:44:11,2026-09-16 11:45:06
NVDA,NVDA260921C00215000,NVDA,2026-09-21,C,215.0,3.65,123.0,3.75,214.0,0.3132,2951.0,4786.0,0.5573,0.0485,0.1019,-0.3225,0.016,3.7614,1.625,2.92,4.03,2.26,down,3.8,2026-09-16T11:28:52,74.7126,2.17500007152557,215.81,2026-09-16 15:44:11,2026-09-16 11:45:06
NVDA,NVDA260921C00217500,NVDA,2026-09-21,C,217.5,2.44,28.0,2.47,206.0,0.3075,2918.0,3565.0,0.4341,0.0494,0.1016,-0.3145,0.0125,2.4924,1.07,1.76,2.71,1.59,up,2.45,2026-09-16T11:29:09,77.5362,1.37999999523163,215.81,2026-09-16 15:44:11,2026-09-16 11:45:06
NVDA,NVDA260921C00220000,NVDA,2026-09-21,C,220.0,1.52,28.0,1.54,217.0,0.3045,4037.0,4588.0,0.3149,0.0451,0.0919,-0.277,0.0091,1.5571,0.71,1.14,1.72,0.93,down,1.55,2026-09-16T11:29:09,84.5238,0.840000003576279,215.81,2026-09-16 15:44:11,2026-09-16 11:45:06
NVDA,NVDA260921C00222500,NVDA,2026-09-21,C,222.5,0.9,24.0,0.92,147.0,0.3039,1789.0,2349.0,0.2141,0.037,0.0757,-0.2215,0.0062,0.9292,0.455,0.58,1.03,0.53,down,0.95,2026-09-16T11:28:47,91.9192,0.495000004768372,215.81,2026-09-16 15:44:11,2026-09-16 11:45:06
NVDA,NVDA260921C00225000,NVDA,2026-09-21,C,225.0,0.52,118.0,0.53,223.0,0.306,2457.0,1455.0,0.1379,0.0278,0.0575,-0.163,0.004,0.5358,0.245,0.37,0.59,0.31,no_change,0.54,2026-09-16T11:28:54,83.0508,0.295000001788139,215.81,2026-09-16 15:44:11,2026-09-16 11:45:06
NVDA,NVDA260921C00227500,NVDA,2026-09-21,C,227.5,0.29,252.0,0.31,323.0,0.3138,994.0,232.0,0.0861,0.0194,0.0413,-0.1136,0.0025,0.3066,0.135,0.25,0.33,0.2,no_change,0.31,2026-09-16T11:29:09,77.1429,0.175000004470348,215.81,2026-09-16 15:44:11,2026-09-16 11:45:06
NVDA,NVDA260921C00230000,NVDA,2026-09-21,C,230.0,0.17,239.0,0.18,282.0,0.3208,5399.0,3176.0,0.0537,0.0131,0.0289,-0.0777,0.0015,0.18,0.075,0.15,0.19,0.13,no_change,0.19,2026-09-16T11:26:39,65.2174,0.114999998360872,215.81,2026-09-16 15:44:11,2026-09-16 11:45:06
NVDA,NVDA260921C00232500,NVDA,2026-09-21,C,232.5,0.1,351.0,0.12,594.0,0.3325,848.0,84.0,0.0344,0.0088,0.0202,-0.054,0.001,0.1114,0.035,0.1,0.12,0.08,down,0.11,2026-09-16T11:08:13,46.6667,0.0749999992549419,215.81,2026-09-16 15:44:11,2026-09-16 11:45:06
NVDA,NVDA260921C00235000,NVDA,2026-09-21,C,235.0,0.06,833.0,0.08,557.0,0.346,1024.0,222.0,0.0231,0.006,0.0146,-0.039,0.0006,0.0736,0.015,0.07,0.08,0.06,down,0.07,2026-09-16T11:22:59,27.2727,0.0549999997019768,215.81,2026-09-16 15:44:11,2026-09-16 11:45:06
NVDA,NVDA260921C00237500,NVDA,2026-09-21,C,237.5,0.04,616.0,0.06,647.0,0.3643,107.0,241.0,0.0163,0.0043,0.0109,-0.0294,0.0005,0.052,0.005,0.05,0.06,0.05,no_change,0.05,2026-09-16T11:16:26,11.1111,0.0449999999254942,215.81,2026-09-16 15:44:11,2026-09-16 11:45:06
NVDA,NVDA260921C00240000,NVDA,2026-09-21,C,240.0,0.03,554.0,0.04,328.0,0.3804,5430.0,29.0,0.012,0.0031,0.0084,-0.0231,0.0003,0.0388,0.025,0.04,0.06,0.03,up,0.05,2026-09-16T10:43:10,100.0,0.0249999994412065,215.81,2026-09-16 15:44:11,2026-09-16 11:45:06
NVDA,NVDA260921C00242500,NVDA,2026-09-21,C,242.5,0.02,661.0,0.03,500.0,0.3963,1365.0,4.0,0.0092,0.0024,0.0066,-0.0188,0.0003,0.0302,-0.005,0.03,0.03,0.02,down,0.02,2026-09-16T11:28:54,-20.0,0.0249999994412065,215.81,2026-09-16 15:44:11,2026-09-16 11:45:06
NVDA,NVDA260921C00245000,NVDA,2026-09-21,C,245.0,0.02,361.0,0.03,717.0,0.4269,326.0,54.0,0.0073,0.0018,0.0054,-0.0156,0.0002,0.0243,0.005,0.02,0.03,0.02,no_change,0.03,2026-09-16T09:46:16,20.0,0.0249999994412065,215.81,2026-09-16 15:44:11,2026-09-16 11:45:06
NVDA,NVDA260921C00247500,NVDA,2026-09-21,C,247.5,0.01,521.0,0.02,354.0,0.4324,37.0,5.0,0.0059,0.0014,0.0044,-0.0132,0.0002,0.0201,0.01,0.02,0.03,0.01,up,0.03,2026-09-16T11:10:23,50.0,0.0199999995529652,215.81,2026-09-16 15:44:11,2026-09-16 11:45:06
NVDA,NVDA260921C00250000,NVDA,2026-09-21,C,250.0,0.01,375.0,0.02,706.0,0.4607,283.0,15.0,0.0048,0.0012,0.0037,-0.0114,0.0001,0.0169,0.005,0.02,0.03,0.02,no_change,0.02,2026-09-16T11:09:07,33.3333,0.0149999996647239,215.81,2026-09-16 15:44:11,2026-09-16 11:45:06
NVDA,NVDA260921C00252500,NVDA,2026-09-21,C,252.5,0.0,0.0,0.02,498.0,0.4885,7.0,1.0,0.004,0.0009,0.0032,-0.01,0.0001,0.0145,-0.005,0.01,0.01,0.01,no_change,0.01,2026-09-16T09:45:50,-33.3333,0.0149999996647239,215.81,2026-09-16 15:44:11,2026-09-16 11:45:06
NVDA,NVDA260921C00255000,NVDA,2026-09-21,C,255.0,0.01,30.0,0.02,434.0,0.5159,62.0,221.0,0.0034,0.0008,0.0027,-0.0088,0.0001,0.0125,0.005,0.02,0.05,0.01,no_change,0.02,2026-09-16T11:00:25,33.3333,0.0149999996647239,215.81,2026-09-16 15:44:11,2026-09-16 11:45:06
NVDA,NVDA260921C00260000,NVDA,2026-09-21,C,260.0,0.0,0.0,0.01,23.0,0.5153,37.0,0.0,0.0025,0.0006,0.0021,-0.007,0.0001,0.0097,0.0,0.0,0.0,0.0,no_change,0.01,2026-09-15T11:01:08,0.0,0.00999999977648258,215.81,2026-09-16 15:44:11,2026-09-16 11:45:06
NVDA,NVDA260921C00265000,NVDA,2026-09-21,C,265.0,0.0,0.0,0.01,17.0,0.5632,18.0,0.0,0.0019,0.0004,0.0016,-0.0057,0.0,0.0077,0.0,0.0,0.0,0.0,no_change,0.01,2026-09-15T10:49:56,0.0,0.00999999977648258,215.81,2026-09-16 15:44:11,2026-09-16 11:45:06
NVDA,NVDA260921C00270000,NVDA,2026-09-21,C,270.0,0.0,0.0,0.01,14.0,0.6098,12.0,0.0,0.0015,0.0003,0.0013,-0.0048,0.0,0.0063,0.0,0.0,0.0,0.0,down,0.07,2026-09-09T11:14:51,0.0,0.00499999988824129,215.81,2026-09-16 15:44:11,2026-09-16 11:45:06
NVDA,NVDA260921C00275000,NVDA,2026-09-21,C,275.0,0.0,0.0,0.01,18.0,0.6553,1.0,0.0,0.0012,0.0002,0.0011,-0.004,0.0,0.0053,0.0,0.0,0.0,0.0,up,0.07,2026-09-08T13:05:19,0.0,0.00499999988824129,215.81,2026-09-16 15:44:11,2026-09-16 11:45:06
NVDA,NVDA260921C00280000,NVDA,2026-09-21,C,280.0,0.0,0.0,0.01,20.0,0.6996,0.0,0.0,0.001,0.0002,0.0009,-0.0035,0.0,0.0044,0.0,0.0,0.0,0.0,no_change,0.0,,0.0,0.00499999988824129,215.81,2026-09-16 15:44:11,2026-09-16 11:45:06
NVDA,NVDA260921C00285000,NVDA,2026-09-21,C,285.0,0.0,0.0,0.01,23.0,0.7429,1.0,0.0,0.0008,0.0001,0.0007,-0.003,0.0,0.0038,0.0,0.0,0.0,0.0,down,0.01,2026-09-08T13:25:35,0.0,0.00499999988824129,215.81,2026-09-16 15:44:11,2026-09-16 11:45:06
NVDA,NVDA260921C00290000,NVDA,2026-09-21,C,290.0,0.0,0.0,0.01,23.0,0.7852,0.0,0.0,0.0007,0.0001,0.0006,-0.0026,0.0,0.0033,0.0,0.0,0.0,0.0,down,0.01,2026-09-08T12:50:17,0.0,0.00499999988824129,215.81,2026-09-16 15:44:11,2026-09-16 11:45:06
NVDA,NVDA260921C00295000,NVDA,2026-09-21,C,295.0,0.0,0.0,0.01,21.0,0.8266,1.0,0.0,0.0006,0.0001,0.0005,-0.0023,0.0,0.0029,0.0,0.0,0.0,0.0,down,0.01,2026-09-08T12:39:07,0.0,0.00499999988824129,215.81,2026-09-16 15:44:11,2026-09-16 11:45:06
NVDA,NVDA260921C00300000,NVDA,2026-09-21,C,300.0,0.0,0.0,0.01,20.0,0.8671,60.0,0.0,0.0005,0.0001,0.0005,-0.0021,0.0,0.0025,0.0,0.0,0.0,0.0,no_change,0.01,2026-09-14T14:51:57,0.0,0.00499999988824129,215.81,2026-09-16 15:44:11,2026-09-16 11:45:06
NVDA,NVDA260921C00305000,NVDA,2026-09-21,C,305.0,0.0,0.0,0.01,22.0,0.9068,2.0,0.0,0.0004,0.0001,0.0004,-0.0019,0.0,0.0023,0.0,0.0,0.0,0.0,no_change,0.01,2026-09-14T10:01:01,0.0,0.00499999988824129,215.81,2026-09-16 15:44:11,2026-09-16 11:45:06
NVDA,NVDA260921P00050000,NVDA,2026-09-21,P,50.0,0.0,0.0,0.01,1095.0,3.7014,0.0,0.0,0.0,0.0,0.0,-0.0004,0.0,0.0005,0.0,0.0,0.0,0.0,no_change,0.0,,0.0,0.00499999988824129,215.81,2026-09-16 15:44:11,2026-09-16 11:45:06
NVDA,NVDA260921P00055000,NVDA,2026-09-21,P,55.0,0.0,0.0,0.01,1095.0,3.464,0.0,0.0,0.0,0.0,0.0,-0.0005,0.0,0.0006,0.0,0.0,0.0,0.0,no_change,0.0,,0.0,0.00499999988824129,215.81,2026-09-16 15:44:11,2026-09-16 11:45:06
NVDA,NVDA260921P00060000,NVDA,2026-09-21,P,60.0,0.0,0.0,0.01,1098.0,3.2484,0.0,0.0,0.0,0.0,0.0,-0.0006,0.0,0.0007,0.0,0.0,0.0,0.0,no_change,0.0,,0.0,0.00499999988824129,215.81,2026-09-16 15:44:11,2026-09-16 11:45:06
NVDA,NVDA260921P00065000,NVDA,2026-09-21,P,65.0,0.0,0.0,0.01,30.0,3.0503,10705.0,0.0,0.0,0.0,0.0,-0.0007,0.0,0.0008,0.0,0.0,0.0,0.0,no_change,0.01,2026-09-10T13:20:59,0.0,0.00499999988824129,215.81,2026-09-16 15:44:11,2026-09-16 11:45:06
NVDA,NVDA260921P00070000,NVDA,2026-09-21,P,70.0,0.0,0.0,0.01,31.0,2.8673,0.0,0.0,-0.0001,0.0,0.0001,-0.0008,0.0,0.001,0.0,0.0,0.0,0.0,no_change,0.0,,0.0,0.00499999988824129,215.81,2026-09-16 15:44:11,2026-09-16 11:45:06
NVDA,NVDA260921P00075000,NVDA,2026-09-21,P,75.0,0.0,0.0,0.01,30.0,2.697,0.0,0.0,-0.0001,0.0,0.0001,-0.001,0.0,0.0012,0.0,0.0,0.0,0.0,no_change,0.0,,0.0,0.00499999988824129,215.81,2026-09-16 15:44:11,2026-09-16 11:45:06
NVDA,NVDA260921P00080000,NVDA,2026-09-21,P,80.0,0.0,0.0,0.01,31.0,2.5379,0.0,0.0,-0.0001,0.0,0.0001,-0.0012,0.0,0.0014,0.0,0.0,0.0,0.0,no_change,0.0,,0.0,0.00499999988824129,215.81,2026-09-16 15:44:11,2026-09-16 11:45:06
NVDA,NVDA260921P00085000,NVDA,2026-09-21,P,85.0,0.0,0.0,0.01,31.0,2.3885,0.0,0.0,-0.0001,0.0,0.0001,-0.0014,0.0,0.0017,0.0,0.0,0.0,0.0,no_change,0.0,,0.0,0.00499999988824129,215.81,2026-09-16 15:44:11,2026-09-16 11:45:06
NVDA,NVDA260921P00090000,NVDA,2026-09-21,P,90.0,0.0,0.0,0.01,35.0,2.2476,0.0,0.0,-0.0001,0.0,0.0001,-0.0016,0.0,0.002,0.0,0.0,0.0,0.0,no_change,0.0,,0.0,0.00499999988824129,215.81,2026-09-16 15:44:11,2026-09-16 11:45:06
NVDA,NVDA260921P00095000,NVDA,2026-09-21,P,95.0,0.0,0.0,0.01,34.0,2.1144,0.0,0.0,-0.0002,0.0,0.0002,-0.0019,0.0,0.0023,0.0,0.0,0.0,0.0,no_change,0.0,,0.0,0.00499999988824129,215.81,2026-09-16 15:44:11,2026-09-16 11:45:06
NVDA,NVDA260921P00100000,NVDA,2026-09-21,P,100.0,0.0,0.0,0.01,24.0,1.9879,3.0,0.0,-0.0002,0.0,0.0002,-0.0022,0.0,0.0027,0.0,0.0,0.0,0.0,down,0.01,2026-09-15T11:20:50,0.0,0.00499999988824129,215.81,2026-09-16 15:44:11,2026-09-16 11:45:06
NVDA,NVDA260921P00105000,NVDA,2026-09-21,P,105.0,0.0,0.0,0.01,22.0,1.8676,0.0,0.0,-0.0003,0.0,0.0003,-0.0026,0.0,0.0032,0.0,0.0,0.0,0.0,no_change,0.0,,0.0,0.00499999988824129,215.81,2026-09-16 15:44:11,2026-09-16 11:45:06
NVDA,NVDA260921P00110000,NVDA,2026-09-21,P,110.0,0.0,0.0,0.01,20.0,1.7527,0.0,0.0,-0.0004,0.0,0.0003,-0.0031,0.0,0.0038,0.0,0.0,0.0,0.0,no_change,0.0,,0.0,0.00499999988824129,215.81,2026-09-16 15:44:11,2026-09-16 11:45:06
NVDA,NVDA260921P00115000,NVDA,2026-09-21,P,115.0,0.0,0.0,0.01,20.0,1.6428,0.0,0.0,-0.0004,0.0,0.0004,-0.0036,0.0,0.0045,0.0,0.0,0.0,0.0,no_change,0.0,,0.0,0.00499999988824129,215.81,2026-09-16 15:44:11,2026-09-16 11:45:06
NVDA,NVDA260921P00120000,NVDA,2026-09-21,P,120.0,0.0,0.0,0.02,58.0,1.6244,0.0,0.0,-0.0005,0.0,0.0005,-0.0042,0.0,0.0053,0.0,0.0,0.0,0.0,no_change,0.0,,0.0,0.00499999988824129,215.81,2026-09-16 15:44:11,2026-09-16 11:45:06
NVDA,NVDA260921P00125000,NVDA,2026-09-21,P,125.0,0.0,0.0,0.02,66.0,1.5181,0.0,0.0,-0.0006,0.0001,0.0006,-0.0049,0.0,0.0062,0.0,0.0,0.0,0.0,no_change,0.0,,0.0,0.00999999977648258,215.81,2026-09-16 15:44:11,2026-09-16 11:45:06
NVDA,NVDA260921P00130000,NVDA,2026-09-21,P,130.0,0.0,0.0,0.02,45.0,1.4157,10.0,0.0,-0.0008,0.0001,0.0007,-0.0057,0.0,0.0074,0.0,0.0,0.0,0.0,down,0.02,2026-09-14T10:21:59,0.0,0.00999999977648258,215.81,2026-09-16 15:44:11,2026-09-16 11:45:06
NVDA,NVDA260921P00135000,NVDA,2026-09-21,P,135.0,0.0,0.0,0.02,40.0,1.3169,11.0,0.0,-0.001,0.0001,0.0008,-0.0066,0.0,0.0088,0.0,0.0,0.0,0.0,down,0.02,2026-09-14T10:21:48,0.0,0.00999999977648258,215.81,2026-09-16 15:44:11,2026-09-16 11:45:06
NVDA,NVDA260921P00140000,NVDA,2026-09-21,P,140.0,0.01,90.0,0.02,127.0,1.2659,1.0,1.0,-0.0012,0.0001,0.001,-0.0078,0.0,0.0104,0.01,0.02,0.02,0.02,no_change,0.02,2026-09-16T10:47:15,100.0,0.00999999977648258,215.81,2026-09-16 15:44:11,2026-09-16 11:45:06
NVDA,NVDA260921P00145000,NVDA,2026-09-21,P,145.0,0.01,27.0,0.02,27.0,1.1706,3.0,0.0,-0.0015,0.0002,0.0013,-0.0092,0.0,0.0125,0.0,0.0,0.0,0.0,no_change,0.03,2026-09-14T10:13:35,0.0,0.0199999995529652,215.81,2026-09-16 15:44:11,2026-09-16 11:45:06
NVDA,NVDA260921P00150000,NVDA,2026-09-21,P,150.0,0.01,73.0,0.02,23.0,1.1079,145.0,0.0,-0.0019,0.0002,0.0016,-0.0108,-0.0001,0.015,0.0,0.0,0.0,0.0,down,0.02,2026-09-15T10:39:40,0.0,0.0199999995529652,215.81,2026-09-16 15:44:11,2026-09-16 11:45:06
NVDA,NVDA260921P00155000,NVDA,2026-09-21,P,155.0,0.01,152.0,0.03,88.0,1.016,10.0,0.0,-0.0024,0.0003,0.0019,-0.0128,-0.0001,0.0182,0.0,0.0,0.0,0.0,down,0.03,2026-09-14T15:58:20,0.0,0.0249999994412065,215.81,2026-09-16 15:44:11,2026-09-16 11:45:06
NVDA,NVDA260921P00160000,NVDA,2026-09-21,P,160.0,0.01,168.0,0.03,75.0,0.9265,6.0,0.0,-0.0031,0.0004,0.0024,-0.0153,-0.0001,0.0222,0.0,0.0,0.0,0.0,down,0.08,2026-09-14T10:55:58,0.0,0.0299999993294477,215.81,2026-09-16 15:44:11,2026-09-16 11:45:06
NVDA,NVDA260921P00165000,NVDA,2026-09-21,P,165.0,0.02,417.0,0.03,163.0,0.8586,44.0,5.0,-0.004,0.0005,0.0031,-0.0183,-0.0001,0.0273,-0.015,0.02,0.02,0.02,down,0.02,2026-09-16T09:50:49,-42.8571,0.034999999217689,215.81,2026-09-16 15:44:11,2026-09-16 11:45:06
NVDA,NVDA260921P00170000,NVDA,2026-09-21,P,170.0,0.02,418.0,0.04,79.0,0.7871,839.0,4.0,-0.0053,0.0007,0.004,-0.0221,-0.0002,0.034,-0.015,0.03,0.03,0.03,down,0.03,2026-09-16T10:45:12,-33.3333,0.0449999999254942,215.81,2026-09-16 15:44:11,2026-09-16 11:45:06
NVDA,NVDA260921P00175000,NVDA,2026-09-21,P,175.0,0.03,1178.0,0.05,463.0,0.7241,56.0,0.0,-0.0071,0.001,0.0051,-0.0269,-0.0002,0.043,0.0,0.0,0.0,0.0,down,0.07,2026-09-15T15:04:03,0.0,0.0649999994784594,215.81,2026-09-16 15:44:11,2026-09-16 11:45:06
NVDA,NVDA260921P00180000,NVDA,2026-09-21,P,180.0,0.05,25.0,0.06,471.0,0.6625,310.0,81.0,-0.0098,0.0015,0.0068,-0.0332,-0.0003,0.0554,-0.025,0.07,0.07,0.05,no_change,0.06,2026-09-16T10:14:16,-29.4118,0.0850000008940697,215.81,2026-09-16 15:44:11,2026-09-16 11:45:06
NVDA,NVDA260921P00185000,NVDA,2026-09-21,P,185.0,0.06,665.0,0.08,570.0,0.5928,347.0,2.0,-0.0139,0.0023,0.0093,-0.0418,-0.0004,0.0737,-0.04,0.07,0.08,0.07,up,0.08,2026-09-16T10:56:49,-33.3333,0.119999997317791,215.81,2026-09-16 15:44:11,2026-09-16 11:45:06
NVDA,NVDA260921P00190000,NVDA,2026-09-21,P,190.0,0.09,1357.0,0.11,633.0,0.5301,358.0,12.0,-0.0206,0.0036,0.013,-0.0541,-0.0006,0.1024,-0.085,0.14,0.16,0.09,down,0.09,2026-09-16T11:28:59,-48.5714,0.175000004470348,215.81,2026-09-16 15:44:11,2026-09-16 11:45:06
NVDA,NVDA260921P00192500,NVDA,2026-09-21,P,192.5,0.11,627.0,0.13,484.0,0.5012,813.0,43.0,-0.0257,0.0046,0.0156,-0.0626,-0.0008,0.1238,-0.075,0.17,0.17,0.13,no_change,0.14,2026-09-16T10:48:11,-34.8837,0.214999996125698,215.81,2026-09-16 15:44:11,2026-09-16 11:45:06
NVDA,NVDA260921P00195000,NVDA,2026-09-21,P,195.0,0.14,308.0,0.16,320.0,0.4707,475.0,242.0,-0.0326,0.006,0.0191,-0.0732,-0.0009,0.1527,-0.115,0.21,0.21,0.16,down,0.16,2026-09-16T10:56:49,-41.8182,0.275000005960464,215.81,2026-09-16 15:44:11,2026-09-16 11:45:06
NVDA,NVDA260921P00197500,NVDA,2026-09-21,P,197.5,0.18,238.0,0.2,296.0,0.4379,193.0,99.0,-0.0423,0.0079,0.0236,-0.0869,-0.0012,0.1935,-0.165,0.25,0.25,0.2,no_change,0.2,2026-09-16T10:55:48,-45.2055,0.365000009536743,215.81,2026-09-16 15:44:11,2026-09-16 11:45:06
NVDA,NVDA260921P00200000,NVDA,2026-09-21,P,200.0,0.25,95.0,0.26,107.0,0.4114,7091.0,383.0,-0.0565,0.0107,0.0298,-0.1052,-0.0016,0.2538,-0.275,0.53,0.53,0.25,down,0.25,2026-09-16T11:26:12,-52.381,0.524999976158142,215.81,2026-09-16 15:44:11,2026-09-16 11:45:06
NVDA,NVDA260921P00202500,NVDA,2026-09-21,P,202.5,0.35,101.0,0.36,232.0,0.3855,1284.0,223.0,-0.0781,0.0146,0.0382,-0.1302,-0.0023,0.3489,-0.42,0.49,0.49,0.33,no_change,0.35,2026-09-16T11:15:29,-54.5455,0.769999980926514,215.81,2026-09-16 15:44:11,2026-09-16 11:45:06
NVDA,NVDA260921P00205000,NVDA,2026-09-21,P,205.0,0.5,218.0,0.52,262.0,0.3631,739.0,258.0,-0.1114,0.0202,0.0495,-0.1648,-0.0032,0.5067,-0.655,1.16,1.16,0.5,down,0.51,2026-09-16T11:26:12,-56.2232,1.16499996185303,215.81,2026-09-16 15:44:11,2026-09-16 11:45:06
NVDA,NVDA260921P00207500,NVDA,2026-09-21,P,207.5,0.77,90.0,0.78,133.0,0.3463,840.0,502.0,-0.1622,0.0274,0.0638,-0.2094,-0.0046,0.7701,-0.985,1.2,1.22,0.74,no_change,0.77,2026-09-16T11:29:00,-56.1254,1.75499999523163,215.81,2026-09-16 15:44:11,2026-09-16 11:45:06
NVDA,NVDA260921P00210000,NVDA,2026-09-21,P,210.0,1.19,64.0,1.21,106.0,0.3327,2795.0,3672.0,-0.2348,0.0356,0.0796,-0.2589,-0.0067,1.1941,-1.385,1.86,1.86,1.13,up,1.2,2026-09-16T11:29:09,-53.5783,2.58499991893768,215.81,2026-09-16 15:44:11,2026-09-16 11:45:06
NVDA,NVDA260921P00212500,NVDA,2026-09-21,P,212.5,1.83,109.0,1.86,111.0,0.3219,1284.0,711.0,-0.3296,0.0434,0.0935,-0.3014,-0.0092,1.8337,-1.835,2.76,2.8,1.78,up,1.84,2026-09-16T11:29:09,-49.932,3.67500007152557,215.81,2026-09-16 15:44:11,2026-09-16 11:45:06
NVDA,NVDA260921P00215000,NVDA,2026-09-21,P,215.0,2.76,5.0,2.79,61.0,0.314,458.0,1371.0,-0.4436,0.0486,0.1019,-0.3234,-0.0124,2.7475,-2.34,3.85,4.1,2.61,up,2.76,2026-09-16T11:29:09,-45.8824,5.10000014305115,215.81,2026-09-16 15:44:11,2026-09-16 11:45:06
NVDA,NVDA260921P00217500,NVDA,2026-09-21,P,217.5,4.0,17.0,4.05,55.0,0.3073,209.0,501.0,-0.5672,0.0495,0.1015,-0.3152,-0.0155,3.9798,-2.79,5.28,5.45,3.8,down,4.01,2026-09-16T11:24:54,-41.0294,6.79999995231628,215.81,2026-09-16 15:44:11,2026-09-16 11:45:06
NVDA,NVDA260921P00220000,NVDA,2026-09-21,P,220.0,5.55,191.0,5.65,107.0,0.3042,567.0,49.0,-0.6865,0.0454,0.0916,-0.2781,-0.018,5.5505,-3.275,7.4,7.4,5.5,down,5.5,2026-09-16T11:25:53,-37.3219,8.77500009536743,215.81,2026-09-16 15:44:11,2026-09-16 11:45:06
NVDA,NVDA260921P00222500,NVDA,2026-09-21,P,222.5,7.4,72.0,7.55,60.0,0.3071,179.0,370.0,-0.7886,0.0377,0.0747,-0.2243,-0.019,7.4259,-3.8,9.2,9.6,7.15,down,7.15,2026-09-16T11:09:56,-34.7032,10.9499998092651,215.81,2026-09-16 15:44:11,2026-09-16 11:45:06
NVDA,NVDA260921P00225000,NVDA,2026-09-21,P,225.0,9.5,223.0,9.7,72.0,0.3035,679.0,958.0,-0.8667,0.0287,0.0562,-0.1688,-0.0179,9.5393,-3.2,11.26,11.72,10.0,down,10.0,2026-09-16T10:56:56,-24.2424,13.2000002861023,215.81,2026-09-16 15:44:11,2026-09-16 11:45:06
NVDA,NVDA260921P00227500,NVDA,2026-09-21,P,227.5,11.8,210.0,12.0,54.0,0.3125,182.0,247.0,-0.9208,0.0206,0.0384,-0.1204,-0.0164,11.8217,-3.38,13.16,13.23,12.22,down,12.22,2026-09-16T11:00:14,-21.6667,15.5999999046326,215.81,2026-09-16 15:44:11,2026-09-16 11:45:06
NVDA,NVDA260921P00230000,NVDA,2026-09-21,P,230.0,14.2,21.0,14.4,13.0,0.3168,94.0,149.0,-0.9551,0.0142,0.0254,-0.0828,-0.0122,14.2088,-3.445,18.05,18.05,14.42,no_change,14.63,2026-09-16T11:02:36,-19.0595,18.0750007629395,215.81,2026-09-16 15:44:11,2026-09-16 11:45:06
NVDA,NVDA260921P00232500,NVDA,2026-09-21,P,232.5,16.65,42.0,16.85,20.0,0.3288,22.0,20.0,-0.9754,0.0093,0.0154,-0.0576,-0.0069,16.6554,-3.525,17.28,17.31,17.05,no_change,17.05,2026-09-16T11:03:12,-17.1324,20.5750007629395,215.81,2026-09-16 15:44:11,2026-09-16 11:45:06
NVDA,NVDA260921P00235000,NVDA,2026-09-21,P,235.0,19.1,53.0,19.3,25.0,0.3673,1.0,1.0,-0.9865,0.0059,0.0096,-0.0425,-0.0046,19.131,-2.91,20.14,20.14,20.14,down,20.14,2026-09-16T10:05:01,-12.6247,23.0500001907349,215.81,2026-09-16 15:44:11,2026-09-16 11:45:06
NVDA,NVDA260921P00237500,NVDA,2026-09-21,P,237.5,21.6,11.0,21.8,11.0,0.4049,0.0,0.0,-0.9923,0.0036,0.0054,-0.0349,-0.0039,21.6206,0.0,0.0,0.0,0.0,down,25.41,2026-09-15T14:57:36,0.0,25.5500001907349,215.81,2026-09-16 15:44:11,2026-09-16 11:45:06
NVDA,NVDA260921P00240000,NVDA,2026-09-21,P,240.0,24.1,11.0,24.3,2.0,0.409,0.0,0.0,-0.9955,0.0023,0.0029,-0.0309,-0.0017,24.1154,0.0,0.0,0.0,0.0,up,28.21,2026-09-15T13:39:12,0.0,28.0500001907349,215.81,2026-09-16 15:44:11,2026-09-16 11:45:06
NVDA,NVDA260921P00242500,NVDA,2026-09-21,P,242.5,26.6,24.0,26.8,11.0,0.0,0.0,0.0,-0.9973,0.0014,0.0021,-0.0287,-0.0017,26.6128,0.0,0.0,0.0,0.0,no_change,0.0,,0.0,30.5500001907349,215.81,2026-09-16 15:44:11,2026-09-16 11:45:06
NVDA,NVDA260921P00245000,NVDA,2026-09-21,P,245.0,29.1,18.0,29.3,11.0,0.0,0.0,0.0,-0.9983,0.0009,0.0013,-0.0274,-0.0006,29.1113,0.0,0.0,0.0,0.0,up,27.05,2026-09-10T09:51:41,0.0,33.0750007629394,215.81,2026-09-16 15:44:11,2026-09-16 11:45:06
NVDA,NVDA260921P00247500,NVDA,2026-09-21,P,247.5,31.6,11.0,31.8,11.0,0.5084,0.0,0.0,-0.9988,0.0006,0.0007,-0.0268,-0.0006,31.6107,0.0,0.0,0.0,0.0,no_change,0.0,,0.0,35.5500011444092,215.81,2026-09-16 15:44:11,2026-09-16 11:45:06
NVDA,NVDA260921P00250000,NVDA,2026-09-21,P,250.0,34.1,11.0,34.3,11.0,0.5403,0.0,0.0,-0.9992,0.0004,0.0006,-0.0264,-0.0006,34.1101,0.0,0.0,0.0,0.0,up,25.9,2026-09-09T09:51:43,0.0,38.0500011444092,215.81,2026-09-16 15:44:11,2026-09-16 11:45:06
NVDA,NVDA260921P00252500,NVDA,2026-09-21,P,252.5,36.6,11.0,36.8,3.0,0.5717,0.0,0.0,-0.9995,0.0003,0.0005,-0.026,-0.0001,36.6098,0.0,0.0,0.0,0.0,no_change,0.0,,0.0,40.5500011444092,215.81,2026-09-16 15:44:11,2026-09-16 11:45:06
NVDA,NVDA260921P00255000,NVDA,2026-09-21,P,255.0,39.1,10.0,39.3,6.0,0.6025,0.0,0.0,-0.9996,0.0002,0.0002,-0.0259,-0.0001,39.1097,0.0,0.0,0.0,0.0,no_change,0.0,,0.0,43.0500011444092,215.81,2026-09-16 15:44:11,2026-09-16 11:45:06
NVDA,NVDA260921P00260000,NVDA,2026-09-21,P,260.0,44.1,11.0,44.3,11.0,0.6627,0.0,0.0,-0.9998,0.0001,0.0001,-0.0258,-0.0001,44.1095,0.0,0.0,0.0,0.0,no_change,0.0,,0.0,48.0500011444092,215.81,2026-09-16 15:44:11,2026-09-16 11:45:06
NVDA,NVDA260921P00265000,NVDA,2026-09-21,P,265.0,49.1,3.0,49.3,3.0,0.7211,0.0,0.0,-0.9999,0.0,0.0001,-0.0257,0.0,49.1094,0.0,0.0,0.0,0.0,no_change,0.0,,0.0,53.0500011444092,215.81,2026-09-16 15:44:11,2026-09-16 11:45:06
NVDA,NVDA260921P00270000,NVDA,2026-09-21,P,270.0,54.1,3.0,54.3,3.0,0.778,0.0,0.0,-1.0,0.0,0.0,-0.0256,0.0,54.1094,0.0,0.0,0.0,0.0,no_change,0.0,,0.0,58.0500011444092,215.81,2026-09-16 15:44:11,2026-09-16 11:45:06
NVDA,NVDA260921P00275000,NVDA,2026-09-21,P,275.0,59.1,6.0,59.3,11.0,0.8333,0.0,0.0,-1.0,0.0,0.0,-0.0256,0.0,59.1094,0.0,0.0,0.0,0.0,no_change,62.7,2026-09-15T11:55:53,0.0,63.0500011444092,215.81,2026-09-16 15:44:11,2026-09-16 11:45:06
NVDA,NVDA260921P00280000,NVDA,2026-09-21,P,280.0,64.1,1.0,64.35,1.0,0.8873,0.0,0.0,-1.0,0.0,0.0,-0.0256,0.0,64.1094,0.0,0.0,0.0,0.0,no_change,0.0,,0.0,68.0499992370606,215.81,2026-09-16 15:44:11,2026-09-16 11:45:06
NVDA,NVDA260921P00285000,NVDA,2026-09-21,P,285.0,69.1,1.0,69.3,1.0,0.94,0.0,0.0,-1.0,0.0,0.0,-0.0256,0.0,69.1094,0.0,0.0,0.0,0.0,no_change,0.0,,0.0,73.0499992370606,215.81,2026-09-16 15:44:11,2026-09-16 11:45:06
NVDA,NVDA260921P00290000,NVDA,2026-09-21,P,290.0,74.1,2.0,74.3,1.0,0.9914,0.0,0.0,-1.0,0.0,0.0,-0.0256,0.0,74.1094,0.0,0.0,0.0,0.0,no_change,0.0,,0.0,78.0499992370606,215.81,2026-09-16 15:44:11,2026-09-16 11:45:06
NVDA,NVDA260921P00295000,NVDA,2026-09-21,P,295.0,79.1,1.0,79.3,1.0,0.0,0.0,0.0,-1.0,0.0,0.0,-0.0256,0.0,79.1094,0.0,0.0,0.0,0.0,no_change,0.0,,0.0,83.0499992370606,215.81,2026-09-16 15:44:11,2026-09-16 11:45:06
NVDA,NVDA260921P00300000,NVDA,2026-09-21,P,300.0,84.1,1.0,84.3,1.0,0.0,0.0,0.0,-1.0,0.0,0.0,-0.0256,0.0,84.1094,0.0,0.0,0.0,0.0,no_change,0.0,,0.0,88.0499992370606,215.81,2026-09-16 15:44:11,2026-09-16 11:45:06
NVDA,NVDA260921P00305000,NVDA,2026-09-21,P,305.0,89.1,1.0,89.3,1.0,0.0,0.0,0.0,-1.0,0.0,0.0,-0.0256,0.0,89.1094,0.0,0.0,0.0,0.0,no_change,0.0,,0.0,93.0499992370606,215.81,2026-09-16 15:44:11,2026-09-16 11:45:06
NVDA,NVDA260923C00050000,NVDA,2026-09-23,C,50.0,164.85,25.0,167.05,10.0,3.7272,0.0,0.0,1.0,0.0,0.0,0.0,0.0096,165.9367,0.0,0.0,0.0,0.0,no_change,0.0,,0.0,162.0,215.81,2026-09-16 15:44:11,2026-09-16 11:45:06
NVDA,NVDA260923C00055000,NVDA,2026-09-23,C,55.0,159.7,2.0,162.05,8.0,3.4527,0.0,0.0,1.0,0.0,0.0,0.0,0.0105,160.941,0.0,0.0,0.0,0.0,no_change,0.0,,0.0,157.0,215.81,2026-09-16 15:44:11,2026-09-16 11:45:06
NVDA,NVDA260923C00060000,NVDA,2026-09-23,C,60.0,154.75,1.0,157.05,5.0,2.7856,0.0,0.0,1.0,0.0,0.0001,0.0,0.0115,155.9453,0.0,0.0,0.0,0.0,no_change,0.0,,0.0,152.0,215.81,2026-09-16 15:44:11,2026-09-16 11:45:06
NVDA,NVDA260923C00065000,NVDA,2026-09-23,C,65.0,150.4,1.0,151.4,1.0,2.967,0.0,0.0,1.0,0.0,0.0001,0.0,0.0124,150.9497,0.0,0.0,0.0,0.0,no_change,0.0,,0.0,147.0,215.81,2026-09-16 15:44:11,2026-09-16 11:45:06
NVDA,NVDA260923C00070000,NVDA,2026-09-23,C,70.0,144.65,9.0,146.45,1.0,2.7476,0.0,0.0,0.9999,0.0,0.0001,0.0,0.0134,145.9541,0.0,0.0,0.0,0.0,no_change,0.0,,0.0,142.0,215.81,2026-09-16 15:44:11,2026-09-16 11:45:06
NVDA,NVDA260923C00075000,NVDA,2026-09-23,C,75.0,139.75,33.0,142.05,8.0,2.5392,0.0,0.0,0.9999,0.0,0.0001,0.0,0.0144,140.9585,0.0,0.0,0.0,0.0,no_change,0.0,,0.0,137.025001525879,215.81,2026-09-16 15:44:11,2026-09-16 11:45:06
NVDA,NVDA260923C00080000,NVDA,2026-09-23,C,80.0,135.75,1.0,136.0,1.0,2.3379,0.0,0.0,0.9999,0.0,0.0002,0.0,0.0153,135.963,0.0,0.0,0.0,0.0,no_change,0.0,,0.0,132.049995422363,215.81,2026-09-16 15:44:11,2026-09-16 11:45:06
NVDA,NVDA260923C00085000,NVDA,2026-09-23,C,85.0,130.75,1.0,131.0,2.0,2.1383,0.0,0.0,0.9998,0.0,0.0002,0.0,0.0163,130.9676,0.0,0.0,0.0,0.0,no_change,0.0,,0.0,127.049999237061,215.81,2026-09-16 15:44:11,2026-09-16 11:45:06
NVDA,NVDA260923C00090000,NVDA,2026-09-23,C,90.0,125.8,1.0,126.05,1.0,1.9284,0.0,0.0,0.9998,0.0,0.0002,0.0,0.0172,125.9721,0.0,0.0,0.0,0.0,no_change,0.0,,0.0,122.049999237061,215.81,2026-09-16 15:44:11,2026-09-16 11:45:06
NVDA,NVDA260923C00095000,NVDA,2026-09-23,C,95.0,120.8,1.0,121.05,1.0,1.6538,0.0,0.0,0.9998,0.0,0.0003,0.0,0.0182,120.9768,0.0,0.0,0.0,0.0,no_change,0.0,,0.0,117.049999237061,215.81,2026-09-16 15:44:11,2026-09-16 11:45:06
NVDA,NVDA260923C00100000,NVDA,2026-09-23,C,100.0,114.75,35.0,117.1,7.0,2.0546,0.0,0.0,0.9997,0.0,0.0003,0.0,0.0191,115.9815,0.0,0.0,0.0,0.0,no_change,0.0,,0.0,112.049999237061,215.81,2026-09-16 15:44:11,2026-09-16 11:45:06
NVDA,NVDA260923C00105000,NVDA,2026-09-23,C,105.0,110.8,1.0,111.05,1.0,1.7636,0.0,0.0,0.9996,0.0,0.0004,0.0,0.0201,110.9864,0.0,0.0,0.0,0.0,no_change,0.0,,0.0,107.049999237061,215.81,2026-09-16 15:44:11,2026-09-16 11:45:06
NVDA,NVDA260923C00110000,NVDA,2026-09-23,C,110.0,105.8,1.0,106.05,1.0,1.6188,0.0,0.0,0.9996,0.0,0.0005,0.0,0.021,105.9913,0.0,0.0,0.0,0.0,no_change,0.0,,0.0,102.049999237061,215.81,2026-09-16 15:44:11,2026-09-16 11:45:06
NVDA,NVDA260923C00115000,NVDA,2026-09-23,C,115.0,99.9,25.0,101.45,1.0,1.6518,0.0,0.0,0.9995,0.0,0.0006,0.0,0.022,100.9964,0.0,0.0,0.0,0.0,no_change,0.0,,0.0,97.0999984741211,215.81,2026-09-16 15:44:11,2026-09-16 11:45:06
NVDA,NVDA260923C00120000,NVDA,2026-09-23,C,120.0,95.6,1.0,97.1,10.0,1.5284,1.0,0.0,0.9993,0.0001,0.0007,0.0,0.023,96.0017,0.0,0.0,0.0,0.0,down,92.45,2026-09-14T15:50:00,0.0,92.0999984741211,215.81,2026-09-16 15:44:11,2026-09-16 11:45:06
NVDA,NVDA260923C00125000,NVDA,2026-09-23,C,125.0,90.8,1.0,91.05,15.0,1.1216,1.0,0.0,0.9992,0.0001,0.0008,0.0,0.0239,91.0071,0.0,0.0,0.0,0.0,down,86.0,2026-09-14T11:05:40,0.0,87.125,215.81,2026-09-16 15:44:11,2026-09-16 11:45:06
NVDA,NVDA260923C00130000,NVDA,2026-09-23,C,130.0,85.8,8.0,86.05,11.0,1.3951,0.0,0.0,0.999,0.0001,0.001,0.0,0.0248,86.0128,0.0,0.0,0.0,0.0,no_change,0.0,,0.0,82.125,215.81,2026-09-16 15:44:11,2026-09-16 11:45:06
NVDA,NVDA260923C00135000,NVDA,2026-09-23,C,135.0,80.8,1.0,81.05,1.0,1.2868,0.0,0.0,0.9988,0.0001,0.0012,0.0,0.0258,81.0187,0.0,0.0,0.0,0.0,no_change,0.0,,0.0,77.0999984741211,215.81,2026-09-16 15:44:11,2026-09-16 11:45:06
NVDA,NVDA260923C00140000,NVDA,2026-09-23,C,140.0,75.85,39.0,76.05,1.0,1.0702,1.0,1.0,0.9985,0.0001,0.0015,0.0,0.0267,76.025,3.025,75.15,75.15,75.15,up,75.15,2026-09-16T10:17:51,4.19411,72.125,215.81,2026-09-16 15:44:11,2026-09-16 11:45:06
NVDA,NVDA260923C00145000,NVDA,2026-09-23,C,145.0,70.85,1.0,71.1,4.0,1.0814,0.0,0.0,0.9981,0.0002,0.0018,-0.0016,0.0277,71.0317,0.0,0.0,0.0,0.0,no_change,0.0,,0.0,67.125,215.81,2026-09-16 15:44:11,2026-09-16 11:45:06
NVDA,NVDA260923C00150000,NVDA,2026-09-23,C,150.0,65.85,1.0,66.05,1.0,0.9838,5.0,0.0,0.9976,0.0003,0.0023,-0.0037,0.0286,66.0391,0.0,0.0,0.0,0.0,down,61.05,2026-09-14T11:05:40,0.0,62.1499996185303,215.81,2026-09-16 15:44:11,2026-09-16 11:45:06
NVDA,NVDA260923C00155000,NVDA,2026-09-23,C,155.0,60.85,1.0,61.1,3.0,0.8891,0.0,0.0,0.997,0.0003,0.0028,-0.0061,0.0296,61.0472,0.0,0.0,0.0,0.0,no_change,0.0,,0.0,57.1749992370606,215.81,2026-09-16 15:44:11,2026-09-16 11:45:06
NVDA,NVDA260923C00160000,NVDA,2026-09-23,C,160.0,55.85,1.0,56.1,17.0,0.7971,0.0,0.0,0.9962,0.0005,0.0035,-0.009,0.0305,56.0565,0.0,0.0,0.0,0.0,no_change,0.0,,0.0,52.1749992370606,215.81,2026-09-16 15:44:11,2026-09-16 11:45:06
NVDA,NVDA260923C00165000,NVDA,2026-09-23,C,165.0,50.85,1.0,51.1,17.0,0.7074,0.0,0.0,0.995,0.0006,0.0044,-0.0124,0.0314,51.0671,0.0,0.0,0.0,0.0,no_change,0.0,,0.0,47.1749992370606,215.81,2026-09-16 15:44:11,2026-09-16 11:45:06
NVDA,NVDA260923C00170000,NVDA,2026-09-23,C,170.0,45.85,1.0,46.1,1.0,0.732,0.0,0.0,0.9935,0.0009,0.0056,-0.0164,0.0323,46.0799,0.0,0.0,0.0,0.0,no_change,0.0,,0.0,42.2249984741211,215.81,2026-09-16 15:44:11,2026-09-16 11:45:06
NVDA,NVDA260923C00175000,NVDA,2026-09-23,C,175.0,40.9,1.0,41.15,2.0,0.6473,30.0,0.0,0.9912,0.0012,0.0073,-0.0219,0.0332,41.0966,0.0,0.0,0.0,0.0,down,37.58,2026-09-14T15:25:30,0.0,37.2249984741211,215.81,2026-09-16 15:44:11,2026-09-16 11:45:06
NVDA,NVDA260923C00180000,NVDA,2026-09-23,C,180.0,35.9,1.0,36.15,1.0,0.5649,0.0,0.0,0.9874,0.0018,0.01,-0.0299,0.034,36.1213,0.0,0.0,0.0,0.0,up,33.1,2026-09-14T13:52:16,0.0,32.2750015258789,215.81,2026-09-16 15:44:11,2026-09-16 11:45:06
NVDA,NVDA260923C00185000,NVDA,2026-09-23,C,185.0,30.95,2.0,31.2,1.0,0.5322,12.0,0.0,0.9811,0.0028,0.0142,-0.0419,0.0346,31.1602,0.0,0.0,0.0,0.0,down,27.45,2026-09-15T14:38:53,0.0,27.3250007629395,215.81,2026-09-16 15:44:11,2026-09-16 11:45:06
NVDA,NVDA260923C00190000,NVDA,2026-09-23,C,190.0,26.0,37.0,26.25,49.0,0.4934,13.0,6.0,0.9705,0.0045,0.0206,-0.0588,0.0352,26.221,4.175,25.7,26.6,25.7,up,26.6,2026-09-16T11:09:43,18.6176,22.4249992370605,215.81,2026-09-16 15:44:11,2026-09-16 11:45:06
NVDA,NVDA260923C00192500,NVDA,2026-09-23,C,192.5,23.55,26.0,23.8,47.0,0.4717,21.0,12.0,0.9629,0.0057,0.025,-0.0695,0.0353,23.7635,3.11,22.5,23.14,22.5,no_change,23.11,2026-09-16T10:44:28,15.55,20.0,215.81,2026-09-16 15:44:11,2026-09-16 11:45:06
NVDA,NVDA260923C00195000,NVDA,2026-09-23,C,195.0,21.1,34.0,21.35,165.0,0.4449,59.0,35.0,0.9526,0.0073,0.0304,-0.0824,0.0354,21.3197,3.13,20.45,20.73,20.45,no_change,20.73,2026-09-16T10:43:12,17.7841,17.6000003814697,215.81,2026-09-16 15:44:11,2026-09-16 11:45:06
NVDA,NVDA260923C00197500,NVDA,2026-09-23,C,197.5,18.7,19.0,18.95,174.0,0.4212,33.0,7.0,0.9385,0.0095,0.0374,-0.0986,0.0352,18.8981,3.02,16.6,18.27,16.6,up,18.27,2026-09-16T10:17:55,19.8033,15.25,215.81,2026-09-16 15:44:11,2026-09-16 11:45:06
NVDA,NVDA260923C00200000,NVDA,2026-09-23,C,200.0,16.3,36.0,16.55,120.0,0.403,127.0,54.0,0.9184,0.0124,0.0464,-0.1196,0.0349,16.5131,3.25,14.95,16.25,14.9,up,16.25,2026-09-16T11:00:30,25.0,13.0,215.81,2026-09-16 15:44:11,2026-09-16 11:45:06
NVDA,NVDA260923C00202500,NVDA,2026-09-23,C,202.5,14.0,57.0,14.2,1.0,0.3855,124.0,124.0,0.8898,0.0161,0.0577,-0.1461,0.0341,14.1856,3.3,12.05,14.15,12.05,up,14.15,2026-09-16T11:23:38,30.4147,10.8499999046326,215.81,2026-09-16 15:44:11,2026-09-16 11:45:06
NVDA,NVDA260923C00205000,NVDA,2026-09-23,C,205.0,11.75,153.0,12.0,232.0,0.3693,123.0,150.0,0.8501,0.0208,0.0713,-0.1778,0.0329,11.9421,2.48,9.85,11.38,9.85,no_change,11.33,2026-09-16T10:49:31,28.0226,8.84999990463257,215.81,2026-09-16 15:44:11,2026-09-16 11:45:06
NVDA,NVDA260923C00207500,NVDA,2026-09-23,C,207.5,9.7,32.0,9.8,55.0,0.3539,80.0,592.0,0.7969,0.0261,0.0862,-0.212,0.0311,9.8137,2.33,8.05,9.33,8.05,no_change,9.33,2026-09-16T10:52:57,33.2857,7.0,215.81,2026-09-16 15:44:11,2026-09-16 11:45:06
NVDA,NVDA260923C00210000,NVDA,2026-09-23,C,210.0,7.7,102.0,7.9,264.0,0.3456,500.0,400.0,0.7291,0.0316,0.1008,-0.2443,0.0287,7.8354,2.65,6.5,8.15,6.08,up,8.0,2026-09-16T11:26:49,49.5327,5.35000014305115,215.81,2026-09-16 15:44:11,2026-09-16 11:45:06
NVDA,NVDA260923C00212500,NVDA,2026-09-23,C,212.5,5.95,70.0,6.05,103.0,0.3344,1139.0,516.0,0.6468,0.0365,0.1129,-0.269,0.0256,6.0473,2.0,4.95,6.35,4.55,no_change,6.0,2026-09-16T11:24:54,50.0,4.00000011920929,215.81,2026-09-16 15:44:11,2026-09-16 11:45:06
NVDA,NVDA260923C00215000,NVDA,2026-09-23,C,215.0,4.4,112.0,4.5,112.0,0.3267,703.0,792.0,0.5519,0.0399,0.1201,-0.2807,0.022,4.4877,1.675,3.45,4.8,3.2,no_change,4.52,2026-09-16T11:29:02,58.8752,2.84499990940094,215.81,2026-09-16 15:44:11,2026-09-16 11:45:06
NVDA,NVDA260923C00217500,NVDA,2026-09-23,C,217.5,3.15,210.0,3.2,1.0,0.3211,581.0,819.0,0.4508,0.0406,0.1202,-0.2758,0.018,3.2075,1.24,2.57,3.45,2.23,down,3.2,2026-09-16T11:25:17,63.2653,1.96000003814697,215.81,2026-09-16 15:44:11,2026-09-16 11:45:06
NVDA,NVDA260923C00220000,NVDA,2026-09-23,C,220.0,2.17,35.0,2.21,60.0,0.3171,1230.0,1537.0,0.3517,0.0385,0.1128,-0.2542,0.0141,2.2114,0.975,1.71,2.41,1.46,up,2.28,2026-09-16T11:28:00,74.7126,1.30500000715256,215.81,2026-09-16 15:44:11,2026-09-16 11:45:06
NVDA,NVDA260923C00222500,NVDA,2026-09-23,C,222.5,1.43,38.0,1.46,15.0,0.3135,512.0,501.0,0.2623,0.0339,0.0993,-0.2195,0.0105,1.4735,0.655,1.11,1.6,0.95,down,1.5,2026-09-16T11:26:55,77.5148,0.844999998807907,215.81,2026-09-16 15:44:11,2026-09-16 11:45:06
NVDA,NVDA260923C00225000,NVDA,2026-09-23,C,225.0,0.91,132.0,0.94,235.0,0.3136,1310.0,1039.0,0.1871,0.028,0.0822,-0.1777,0.0075,0.947,0.4,0.71,1.02,0.59,down,0.94,2026-09-16T11:29:05,74.0741,0.53999999165535,215.81,2026-09-16 15:44:11,2026-09-16 11:45:06
NVDA,NVDA260923C00227500,NVDA,2026-09-23,C,227.5,0.57,139.0,0.59,480.0,0.3159,631.0,904.0,0.1282,0.0218,0.0644,-0.1357,0.0051,0.5908,0.24,0.44,0.66,0.44,no_change,0.59,2026-09-16T11:29:09,68.5714,0.350000008940697,215.81,2026-09-16 15:44:11,2026-09-16 11:45:06
NVDA,NVDA260923C00230000,NVDA,2026-09-23,C,230.0,0.35,121.0,0.37,421.0,0.3202,8788.0,3579.0,0.0862,0.0162,0.0486,-0.1003,0.0034,0.3679,0.14,0.24,0.41,0.24,down,0.37,2026-09-16T11:29:09,60.8696,0.229999996721745,215.81,2026-09-16 15:44:11,2026-09-16 11:45:06
NVDA,NVDA260923C00232500,NVDA,2026-09-23,C,232.5,0.22,146.0,0.24,150.0,0.3255,127.0,178.0,0.0584,0.0117,0.0362,-0.0741,0.0023,0.237,0.08,0.2,0.27,0.2,down,0.24,2026-09-16T11:19:29,50.0,0.160000003874302,215.81,2026-09-16 15:44:11,2026-09-16 11:45:06
NVDA,NVDA260923C00235000,NVDA,2026-09-23,C,235.0,0.15,61.0,0.16,177.0,0.3347,2472.0,143.0,0.0408,0.0085,0.0273,-0.056,0.0016,0.1607,0.035,0.14,0.18,0.14,down,0.16,2026-09-16T11:26:06,28.0,0.12499999627471,215.81,2026-09-16 15:44:11,2026-09-16 11:45:06
NVDA,NVDA260923C00237500,NVDA,2026-09-23,C,237.5,0.1,229.0,0.12,724.0,0.3478,172.0,20.0,0.0295,0.0063,0.021,-0.0435,0.0012,0.1147,0.01,0.1,0.13,0.1,no_change,0.11,2026-09-16T11:18:46,10.0,0.100000001490116,215.81,2026-09-16 15:44:11,2026-09-16 11:45:06
NVDA,NVDA260923C00240000,NVDA,2026-09-23,C,240.0,0.07,254.0,0.09,794.0,0.3613,1510.0,48.0,0.022,0.0047,0.0164,-0.0347,0.0009,0.0854,0.005,0.07,0.1,0.07,up,0.09,2026-09-16T10:58:42,5.88235,0.0850000008940697,215.81,2026-09-16 15:44:11,2026-09-16 11:45:06
NVDA,NVDA260923C00242500,NVDA,2026-09-23,C,242.5,0.05,145.0,0.07,662.0,0.3756,11.0,0.0,0.0168,0.0036,0.0131,-0.0283,0.0007,0.0657,0.0,0.0,0.0,0.0,down,0.07,2026-09-15T10:07:33,0.0,0.0649999994784594,215.81,2026-09-16 15:44:11,2026-09-16 11:45:06
NVDA,NVDA260923C00245000,NVDA,2026-09-23,C,245.0,0.05,159.0,0.06,654.0,0.3993,403.0,170.0,0.0132,0.0028,0.0106,-0.0235,0.0005,0.052,-0.005,0.05,0.06,0.05,no_change,0.05,2026-09-16T11:27:35,-9.09091,0.0549999997019768,215.81,2026-09-16 15:44:11,2026-09-16 11:45:06
NVDA,NVDA260923C00247500,NVDA,2026-09-23,C,247.5,0.03,304.0,0.05,674.0,0.41,38.0,0.0,0.0106,0.0022,0.0088,-0.0198,0.0004,0.0421,0.0,0.0,0.0,0.0,down,0.05,2026-09-14T12:19:38,0.0,0.0499999988824129,215.81,2026-09-16 15:44:11,2026-09-16 11:45:06
NVDA,NVDA260923C00250000,NVDA,2026-09-23,C,250.0,0.03,801.0,0.04,848.0,0.4293,1238.0,11.0,0.0086,0.0018,0.0073,-0.0169,0.0003,0.0347,-0.01,0.03,0.05,0.03,down,0.03,2026-09-16T10:42:44,-25.0,0.0400000000372529,215.81,2026-09-16 15:44:11,2026-09-16 11:45:06
NVDA,NVDA260923C00252500,NVDA,2026-09-23,C,252.5,0.02,279.0,0.04,656.0,0.4467,24.0,0.0,0.0071,0.0014,0.0062,-0.0146,0.0003,0.029,0.0,0.0,0.0,0.0,down,0.04,2026-09-15T14:49:15,0.0,0.0400000000372529,215.81,2026-09-16 15:44:11,2026-09-16 11:45:06
NVDA,NVDA260923C00255000,NVDA,2026-09-23,C,255.0,0.02,154.0,0.03,184.0,0.462,52.0,1.0,0.0059,0.0012,0.0053,-0.0127,0.0002,0.0246,-0.01,0.02,0.02,0.02,down,0.02,2026-09-16T11:12:16,-33.3333,0.0299999993294477,215.81,2026-09-16 15:44:11,2026-09-16 11:45:06
NVDA,NVDA260923C00260000,NVDA,2026-09-23,C,260.0,0.01,407.0,0.03,822.0,0.4976,31.0,1.0,0.0043,0.0008,0.0039,-0.0099,0.0002,0.0183,0.0,0.02,0.02,0.02,down,0.02,2026-09-16T11:14:32,2.23517e-06,0.0199999995529652,215.81,2026-09-16 15:44:11,2026-09-16 11:45:06
NVDA,NVDA260923C00265000,NVDA,2026-09-23,C,265.0,0.01,205.0,0.02,231.0,0.5276,195.0,0.0,0.0032,0.0006,0.003,-0.0079,0.0001,0.0141,0.0,0.0,0.0,0.0,no_change,0.03,2026-09-14T14:23:26,0.0,0.0199999995529652,215.81,2026-09-16 15:44:11,2026-09-16 11:45:06
NVDA,NVDA260923C00270000,NVDA,2026-09-23,C,270.0,0.0,0.0,0.02,562.0,0.5495,15.0,0.0,0.0024,0.0004,0.0024,-0.0064,0.0001,0.0111,0.0,0.0,0.0,0.0,down,0.01,2026-09-15T10:37:39,0.0,0.0149999996647239,215.81,2026-09-16 15:44:11,2026-09-16 11:45:06
NVDA,NVDA260923C00275000,NVDA,2026-09-23,C,275.0,0.01,1.0,0.02,266.0,0.6124,34.0,1.0,0.0019,0.0003,0.0019,-0.0053,0.0001,0.009,0.005,0.02,0.02,0.02,down,0.02,2026-09-16T09:31:04,33.3333,0.0149999996647239,215.81,2026-09-16 15:44:11,2026-09-16 11:45:06
NVDA,NVDA260923C00280000,NVDA,2026-09-23,C,280.0,0.0,0.0,0.02,205.0,0.6296,0.0,0.0,0.0015,0.0003,0.0015,-0.0045,0.0001,0.0074,0.0,0.0,0.0,0.0,no_change,0.0,,0.0,0.00999999977648258,215.81,2026-09-16 15:44:11,2026-09-16 11:45:06
NVDA,NVDA260923C00285000,NVDA,2026-09-23,C,285.0,0.0,0.0,0.02,82.0,0.6682,0.0,0.0,0.0012,0.0002,0.0013,-0.0038,0.0,0.0062,0.0,0.0,0.0,0.0,no_change,0.0,,0.0,0.00999999977648258,215.81,2026-09-16 15:44:11,2026-09-16 11:45:06
NVDA,NVDA260923C00290000,NVDA,2026-09-23,C,290.0,0.0,0.0,0.01,19.0,0.706,176.0,0.0,0.001,0.0002,0.0011,-0.0033,0.0,0.0052,0.0,0.0,0.0,0.0,no_change,0.04,2026-09-11T09:54:19,0.0,0.00999999977648258,215.81,2026-09-16 15:44:11,2026-09-16 11:45:06
NVDA,NVDA260923C00295000,NVDA,2026-09-23,C,295.0,0.0,0.0,0.01,22.0,0.7021,10.0,0.0,0.0009,0.0001,0.0009,-0.0029,0.0,0.0045,0.0,0.0,0.0,0.0,no_change,0.06,2026-09-09T09:40:28,0.0,0.00999999977648258,215.81,2026-09-16 15:44:11,2026-09-16 11:45:06
NVDA,NVDA260923C00300000,NVDA,2026-09-23,C,300.0,0.0,0.0,0.01,17.0,0.7366,0.0,0.0,0.0007,0.0001,0.0008,-0.0025,0.0,0.0039,0.0,0.0,0.0,0.0,no_change,0.0,,0.0,0.00999999977648258,215.81,2026-09-16 15:44:11,2026-09-16 11:45:06
NVDA,NVDA260923C00305000,NVDA,2026-09-23,C,305.0,0.0,0.0,0.01,28.0,0.7703,3.0,0.0,0.0006,0.0001,0.0007,-0.0022,0.0,0.0034,0.0,0.0,0.0,0.0,no_change,0.02,2026-09-11T11:42:20,0.0,0.00499999988824129,215.81,2026-09-16 15:44:11,2026-09-16 11:45:06
NVDA,NVDA260923P00050000,NVDA,2026-09-23,P,50.0,0.0,0.0,0.01,56.0,3.1465,0.0,0.0,0.0,0.0,0.0,-0.0005,0.0,0.0007,0.0,0.0,0.0,0.0,no_change,0.0,,0.0,0.00499999988824129,215.81,2026-09-16 15:44:11,2026-09-16 11:45:06
NVDA,NVDA260923P00055000,NVDA,2026-09-23,P,55.0,0.0,0.0,0.01,55.0,2.9452,0.0,0.0,0.0,0.0,0.0,-0.0006,0.0,0.0008,0.0,0.0,0.0,0.0,no_change,0.0,,0.0,0.00499999988824129,215.81,2026-09-16 15:44:11,2026-09-16 11:45:06
NVDA,NVDA260923P00060000,NVDA,2026-09-23,P,60.0,0.0,0.0,0.01,55.0,2.7619,0.0,0.0,-0.0001,0.0,0.0001,-0.0007,0.0,0.001,0.0,0.0,0.0,0.0,no_change,0.0,,0.0,0.00499999988824129,215.81,2026-09-16 15:44:11,2026-09-16 11:45:06
NVDA,NVDA260923P00065000,NVDA,2026-09-23,P,65.0,0.0,0.0,0.01,52.0,2.5935,0.0,0.0,-0.0001,0.0,0.0001,-0.0008,0.0,0.0012,0.0,0.0,0.0,0.0,no_change,0.0,,0.0,0.00499999988824129,215.81,2026-09-16 15:44:11,2026-09-16 11:45:06
NVDA,NVDA260923P00070000,NVDA,2026-09-23,P,70.0,0.0,0.0,0.01,49.0,2.4379,0.0,0.0,-0.0001,0.0,0.0001,-0.001,0.0,0.0014,0.0,0.0,0.0,0.0,no_change,0.0,,0.0,0.00499999988824129,215.81,2026-09-16 15:44:11,2026-09-16 11:45:06
NVDA,NVDA260923P00075000,NVDA,2026-09-23,P,75.0,0.0,0.0,0.01,5000.0,2.2932,0.0,0.0,-0.0001,0.0,0.0001,-0.0012,0.0,0.0017,0.0,0.0,0.0,0.0,no_change,0.0,,0.0,0.00499999988824129,215.81,2026-09-16 15:44:11,2026-09-16 11:45:06
NVDA,NVDA260923P00080000,NVDA,2026-09-23,P,80.0,0.0,0.0,0.01,40.0,2.1579,0.0,0.0,-0.0001,0.0,0.0002,-0.0014,0.0,0.002,0.0,0.0,0.0,0.0,no_change,0.0,,0.0,0.00999999977648258,215.81,2026-09-16 15:44:11,2026-09-16 11:45:06
NVDA,NVDA260923P00085000,NVDA,2026-09-23,P,85.0,0.0,0.0,0.01,35.0,2.0309,0.0,0.0,-0.0002,0.0,0.0002,-0.0016,0.0,0.0024,0.0,0.0,0.0,0.0,no_change,0.0,,0.0,0.00999999977648258,215.81,2026-09-16 15:44:11,2026-09-16 11:45:06
NVDA,NVDA260923P00090000,NVDA,2026-09-23,P,90.0,0.0,0.0,0.01,25.0,1.9112,0.0,0.0,-0.0002,0.0,0.0002,-0.0019,0.0,0.0028,0.0,0.0,0.0,0.0,no_change,0.0,,0.0,0.00999999977648258,215.81,2026-09-16 15:44:11,2026-09-16 11:45:06
NVDA,NVDA260923P00095000,NVDA,2026-09-23,P,95.0,0.0,0.0,0.02,75.0,1.8968,0.0,0.0,-0.0002,0.0,0.0003,-0.0022,0.0,0.0033,0.0,0.0,0.0,0.0,no_change,0.0,,0.0,0.00999999977648258,215.81,2026-09-16 15:44:11,2026-09-16 11:45:06
NVDA,NVDA260923P00100000,NVDA,2026-09-23,P,100.0,0.0,0.0,0.02,78.0,1.7838,0.0,0.0,-0.0003,0.0,0.0003,-0.0026,0.0,0.0039,0.0,0.0,0.0,0.0,no_change,0.0,,0.0,0.00999999977648258,215.81,2026-09-16 15:44:11,2026-09-16 11:45:06
NVDA,NVDA260923P00105000,NVDA,2026-09-23,P,105.0,0.0,0.0,0.02,113.0,1.6764,0.0,0.0,-0.0004,0.0,0.0004,-0.003,0.0,0.0045,0.0,0.0,0.0,0.0,no_change,0.0,,0.0,0.00999999977648258,215.81,2026-09-16 15:44:11,2026-09-16 11:45:06
NVDA,NVDA260923P00110000,NVDA,2026-09-23,P,110.0,0.0,0.0,0.02,288.0,1.5737,1.0,1.0,-0.0005,0.0,0.0005,-0.0035,0.0,0.0054,0.01,0.02,0.02,0.02,up,0.02,2026-09-16T10:07:38,100.0,0.00999999977648258,215.81,2026-09-16 15:44:11,2026-09-16 11:45:06
NVDA,NVDA260923P00115000,NVDA,2026-09-23,P,115.0,0.0,0.0,0.02,66.0,1.4755,0.0,0.0,-0.0006,0.0,0.0006,-0.004,0.0,0.0063,0.0,0.0,0.0,0.0,no_change,0.0,,0.0,0.0199999995529652,215.81,2026-09-16 15:44:11,2026-09-16 11:45:06
NVDA,NVDA260923P00120000,NVDA,2026-09-23,P,120.0,0.0,0.0,0.02,56.0,1.3814,0.0,0.0,-0.0007,0.0001,0.0007,-0.0046,0.0,0.0074,0.0,0.0,0.0,0.0,no_change,0.0,,0.0,0.0199999995529652,215.81,2026-09-16 15:44:11,2026-09-16 11:45:06
NVDA,NVDA260923P00125000,NVDA,2026-09-23,P,125.0,0.0,0.0,0.02,46.0,1.2911,10.0,0.0,-0.0008,0.0001,0.0008,-0.0053,0.0,0.0086,0.0,0.0,0.0,0.0,down,0.02,2026-09-14T10:26:43,0.0,0.0199999995529652,215.81,2026-09-16 15:44:11,2026-09-16 11:45:06
NVDA,NVDA260923P00130000,NVDA,2026-09-23,P,130.0,0.01,34.0,0.02,34.0,1.2472,4.0,1.0,-0.001,0.0001,0.001,-0.0061,0.0,0.0101,0.0,0.02,0.02,0.02,down,0.02,2026-09-16T10:20:36,2.23517e-06,0.0199999995529652,215.81,2026-09-16 15:44:11,2026-09-16 11:45:06
NVDA,NVDA260923P00135000,NVDA,2026-09-23,P,135.0,0.01,35.0,0.03,79.0,1.1916,0.0,0.0,-0.0013,0.0001,0.0012,-0.0071,0.0,0.0119,0.0,0.0,0.0,0.0,no_change,0.0,,0.0,0.0199999995529652,215.81,2026-09-16 15:44:11,2026-09-16 11:45:06
NVDA,NVDA260923P00140000,NVDA,2026-09-23,P,140.0,0.01,41.0,0.03,78.0,1.1059,7.0,0.0,-0.0016,0.0001,0.0015,-0.0082,-0.0001,0.014,0.0,0.0,0.0,0.0,no_change,0.04,2026-09-14T09:30:01,0.0,0.0199999995529652,215.81,2026-09-16 15:44:11,2026-09-16 11:45:06
NVDA,NVDA260923P00145000,NVDA,2026-09-23,P,145.0,0.01,55.0,0.03,83.0,1.023,3.0,0.0,-0.0019,0.0002,0.0018,-0.0095,-0.0001,0.0166,0.0,0.0,0.0,0.0,down,0.02,2026-09-14T12:33:25,0.0,0.0299999993294477,215.81,2026-09-16 15:44:11,2026-09-16 11:45:06
NVDA,NVDA260923P00150000,NVDA,2026-09-23,P,150.0,0.01,96.0,0.03,128.0,0.9425,0.0,0.0,-0.0024,0.0003,0.0023,-0.011,-0.0001,0.0197,0.0,0.0,0.0,0.0,no_change,0.0,,0.0,0.0299999993294477,215.81,2026-09-16 15:44:11,2026-09-16 11:45:06
NVDA,NVDA260923P00155000,NVDA,2026-09-23,P,155.0,0.01,403.0,0.03,322.0,0.8643,3.0,5.0,-0.003,0.0003,0.0028,-0.0129,-0.0001,0.0237,-0.005,0.03,0.03,0.03,down,0.03,2026-09-16T10:21:36,-14.2857,0.034999999217689,215.81,2026-09-16 15:44:11,2026-09-16 11:45:06
NVDA,NVDA260923P00160000,NVDA,2026-09-23,P,160.0,0.02,41.0,0.03,58.0,0.8062,20.0,0.0,-0.0039,0.0005,0.0035,-0.0152,-0.0002,0.0288,0.0,0.0,0.0,0.0,down,0.05,2026-09-15T10:26:54,0.0,0.0400000000372529,215.81,2026-09-16 15:44:11,2026-09-16 11:45:06
NVDA,NVDA260923P00165000,NVDA,2026-09-23,P,165.0,0.02,825.0,0.04,337.0,0.7448,32.0,1.0,-0.005,0.0006,0.0044,-0.0181,-0.0002,0.0355,-0.015,0.04,0.04,0.04,down,0.04,2026-09-16T09:50:49,-27.2727,0.0549999997019768,215.81,2026-09-16 15:44:11,2026-09-16 11:45:06
NVDA,NVDA260923P00170000,NVDA,2026-09-23,P,170.0,0.03,454.0,0.05,466.0,0.6917,15.0,3.0,-0.0066,0.0009,0.0056,-0.0216,-0.0003,0.0441,-0.025,0.04,0.05,0.04,up,0.05,2026-09-16T09:57:52,-33.3333,0.0749999992549419,215.81,2026-09-16 15:44:11,2026-09-16 11:45:06
NVDA,NVDA260923P00175000,NVDA,2026-09-23,P,175.0,0.05,261.0,0.06,411.0,0.6404,109.0,4.0,-0.0089,0.0012,0.0074,-0.0265,-0.0004,0.0567,-0.035,0.05,0.06,0.05,up,0.06,2026-09-16T10:11:24,-36.8421,0.0950000025331974,215.81,2026-09-16 15:44:11,2026-09-16 11:45:06
NVDA,NVDA260923P00180000,NVDA,2026-09-23,P,180.0,0.07,608.0,0.08,116.0,0.5873,206.0,0.0,-0.0126,0.0018,0.01,-0.034,-0.0005,0.0773,0.0,0.0,0.0,0.0,no_change,0.14,2026-09-15T13:39:51,0.0,0.129999998956919,215.81,2026-09-16 15:44:11,2026-09-16 11:45:06
NVDA,NVDA260923P00185000,NVDA,2026-09-23,P,185.0,0.1,731.0,0.12,574.0,0.5385,89.0,4.0,-0.019,0.0028,0.0143,-0.0455,-0.0008,0.1122,-0.06,0.12,0.13,0.12,down,0.12,2026-09-16T09:50:21,-33.3333,0.179999999701977,215.81,2026-09-16 15:44:11,2026-09-16 11:45:06
NVDA,NVDA260923P00190000,NVDA,2026-09-23,P,190.0,0.17,3.0,0.18,532.0,0.4945,610.0,458.0,-0.0296,0.0045,0.0207,-0.0619,-0.0012,0.1687,-0.1,0.17,0.19,0.17,down,0.17,2026-09-16T11:17:10,-37.037,0.269999995827675,215.81,2026-09-16 15:44:11,2026-09-16 11:45:06
NVDA,NVDA260923P00192500,NVDA,2026-09-23,P,192.5,0.2,57.0,0.22,321.0,0.4652,30.0,26.0,-0.0372,0.0057,0.025,-0.0723,-0.0015,0.2092,-0.12,0.23,0.23,0.22,no_change,0.22,2026-09-16T10:25:46,-35.2941,0.340000003576279,215.81,2026-09-16 15:44:11,2026-09-16 11:45:06
NVDA,NVDA260923P00195000,NVDA,2026-09-23,P,195.0,0.25,162.0,0.27,290.0,0.4419,2768.0,134.0,-0.0474,0.0073,0.0304,-0.0849,-0.0019,0.2631,-0.17,0.3,0.33,0.28,no_change,0.28,2026-09-16T10:56:10,-37.7778,0.450000002980232,215.81,2026-09-16 15:44:11,2026-09-16 11:45:06
NVDA,NVDA260923P00197500,NVDA,2026-09-23,P,197.5,0.33,156.0,0.35,130.0,0.4206,229.0,72.0,-0.0616,0.0095,0.0374,-0.1008,-0.0025,0.3393,-0.25,0.41,0.41,0.35,down,0.35,2026-09-16T11:18:33,-41.6667,0.599999994039536,215.81,2026-09-16 15:44:11,2026-09-16 11:45:06
NVDA,NVDA260923P00200000,NVDA,2026-09-23,P,200.0,0.45,111.0,0.47,182.0,0.3996,376.0,318.0,-0.0816,0.0124,0.0464,-0.1214,-0.0033,0.4519,-0.365,0.56,0.6,0.44,up,0.47,2026-09-16T11:17:10,-43.7126,0.83500000834465,215.81,2026-09-16 15:44:11,2026-09-16 11:45:06
NVDA,NVDA260923P00202500,NVDA,2026-09-23,P,202.5,0.62,96.0,0.64,100.0,0.3831,305.0,235.0,-0.1103,0.0162,0.0578,-0.1476,-0.0044,0.6222,-0.555,0.8,0.85,0.61,up,0.62,2026-09-16T11:09:00,-47.234,1.17500001192093,215.81,2026-09-16 15:44:11,2026-09-16 11:45:06
NVDA,NVDA260923P00205000,NVDA,2026-09-23,P,205.0,0.88,66.0,0.9,82.0,0.3682,629.0,248.0,-0.1502,0.0208,0.0714,-0.1792,-0.006,0.8769,-0.76,1.17,1.17,0.88,up,0.9,2026-09-16T11:20:05,-45.7831,1.6599999666214,215.81,2026-09-16 15:44:11,2026-09-16 11:45:06
NVDA,NVDA260923P00207500,NVDA,2026-09-23,P,207.5,1.25,57.0,1.27,78.0,0.3556,323.0,250.0,-0.2035,0.0262,0.0863,-0.2135,-0.0081,1.2484,-1.08,1.67,1.67,1.23,up,1.25,2026-09-16T11:25:15,-46.3519,2.32999992370605,215.81,2026-09-16 15:44:11,2026-09-16 11:45:06
NVDA,NVDA260923P00210000,NVDA,2026-09-23,P,210.0,1.77,40.0,1.8,24.0,0.3447,616.0,124.0,-0.2715,0.0317,0.1009,-0.2458,-0.0106,1.7693,-1.41,2.47,2.47,1.77,down,1.79,2026-09-16T11:23:48,-44.0625,3.20000004768372,215.81,2026-09-16 15:44:11,2026-09-16 11:45:06
NVDA,NVDA260923P00212500,NVDA,2026-09-23,P,212.5,2.49,113.0,2.53,99.0,0.3346,499.0,247.0,-0.3546,0.0367,0.1131,-0.2706,-0.0136,2.4839,-1.83,3.25,3.4,2.42,up,2.52,2026-09-16T11:24:10,-42.069,4.35000014305115,215.81,2026-09-16 15:44:11,2026-09-16 11:45:06
NVDA,NVDA260923P00215000,NVDA,2026-09-23,P,215.0,3.45,106.0,3.5,92.0,0.3271,447.0,396.0,-0.4496,0.0401,0.1201,-0.2823,-0.017,3.4333,-2.3,4.36,4.6,3.4,down,3.4,2026-09-16T11:26:20,-40.3509,5.70000004768372,215.81,2026-09-16 15:44:11,2026-09-16 11:45:06
NVDA,NVDA260923P00217500,NVDA,2026-09-23,P,217.5,4.65,112.0,4.75,92.0,0.3197,163.0,62.0,-0.5509,0.0409,0.12,-0.2772,-0.0201,4.648,-2.7,5.87,5.95,4.6,no_change,4.6,2026-09-16T11:11:07,-36.9863,7.29999995231628,215.81,2026-09-16 15:44:11,2026-09-16 11:45:06
NVDA,NVDA260923P00220000,NVDA,2026-09-23,P,220.0,6.15,76.0,6.25,56.0,0.3157,346.0,51.0,-0.6508,0.0388,0.1124,-0.2554,-0.0231,6.1547,-2.85,7.53,7.67,6.3,down,6.3,2026-09-16T11:03:55,-31.1475,9.15000009536743,215.81,2026-09-16 15:44:11,2026-09-16 11:45:06
NVDA,NVDA260923P00222500,NVDA,2026-09-23,P,222.5,7.85,269.0,8.1,115.0,0.3125,48.0,46.0,-0.7411,0.0343,0.0984,-0.2206,-0.0247,7.9217,-2.58,9.62,9.62,8.62,down,8.62,2026-09-16T10:40:10,-23.0357,11.2000002861023,215.81,2026-09-16 15:44:11,2026-09-16 11:45:06
NVDA,NVDA260923P00225000,NVDA,2026-09-23,P,225.0,9.9,42.0,10.0,21.0,0.3139,1173.0,3.0,-0.8175,0.0286,0.0806,-0.1794,-0.0253,9.9033,-1.63,11.75,11.82,11.75,up,11.82,2026-09-16T09:44:22,-12.119,13.4499998092651,215.81,2026-09-16 15:44:11,2026-09-16 11:45:06
NVDA,NVDA260923P00227500,NVDA,2026-09-23,P,227.5,12.0,278.0,12.2,77.0,0.3138,74.0,81.0,-0.8779,0.0226,0.0624,-0.1395,-0.0243,12.0574,-3.63,13.08,13.08,12.06,down,12.12,2026-09-16T11:25:24,-23.0476,15.75,215.81,2026-09-16 15:44:11,2026-09-16 11:45:06
NVDA,NVDA260923P00230000,NVDA,2026-09-23,P,230.0,14.3,66.0,14.55,63.0,0.319,81.0,3.0,-0.9218,0.0172,0.0451,-0.1062,-0.02,14.3483,-3.35,16.2,16.2,14.8,down,14.8,2026-09-16T10:45:08,-18.4573,18.1499996185303,215.81,2026-09-16 15:44:11,2026-09-16 11:45:06
NVDA,NVDA260923P00232500,NVDA,2026-09-23,P,232.5,16.7,98.0,16.95,39.0,0.3134,2.0,1.0,-0.9514,0.0128,0.031,-0.0799,-0.0164,16.7335,-2.955,17.62,17.62,17.62,down,17.62,2026-09-16T09:52:16,-14.3621,20.5750007629395,215.81,2026-09-16 15:44:11,2026-09-16 11:45:06
NVDA,NVDA260923P00235000,NVDA,2026-09-23,P,235.0,19.15,36.0,19.35,20.0,0.3226,28.0,1.0,-0.9703,0.0093,0.0211,-0.0607,-0.0119,19.1736,-3.7,19.35,19.35,19.35,down,19.35,2026-09-16T11:16:22,-16.0521,23.0500001907349,215.81,2026-09-16 15:44:11,2026-09-16 11:45:06
NVDA,NVDA260923P00237500,NVDA,2026-09-23,P,237.5,21.6,36.0,21.85,35.0,0.3553,0.0,40.0,-0.9819,0.0065,0.013,-0.0469,-0.0091,21.6433,-3.185,22.35,22.46,22.34,down,22.34,2026-09-16T10:41:13,-12.478,25.5249996185303,215.81,2026-09-16 15:44:11,2026-09-16 11:45:06
NVDA,NVDA260923P00240000,NVDA,2026-09-23,P,240.0,24.1,44.0,24.35,31.0,0.3617,0.0,1.0,-0.989,0.0046,0.009,-0.0374,-0.0044,24.1269,-2.975,25.05,25.05,25.05,down,25.05,2026-09-16T10:22:34,-10.6155,28.0249996185303,215.81,2026-09-16 15:44:11,2026-09-16 11:45:06
NVDA,NVDA260923P00242500,NVDA,2026-09-23,P,242.5,26.6,1.0,26.8,15.0,0.0,0.0,0.0,-0.9933,0.003,0.0054,-0.0331,-0.0041,26.6191,0.0,0.0,0.0,0.0,no_change,0.0,,0.0,30.5249996185303,215.81,2026-09-16 15:44:11,2026-09-16 11:45:06
NVDA,NVDA260923P00245000,NVDA,2026-09-23,P,245.0,29.1,1.0,29.3,23.0,0.4202,1.0,1.0,-0.9959,0.002,0.0038,-0.0292,-0.0018,29.1143,-1.825,31.2,31.2,31.2,up,31.2,2026-09-16T09:36:30,-5.52612,33.0250015258789,215.81,2026-09-16 15:44:11,2026-09-16 11:45:06
NVDA,NVDA260923P00247500,NVDA,2026-09-23,P,247.5,31.6,1.0,31.8,26.0,0.0,0.0,1.0,-0.9974,0.0013,0.0018,-0.0279,-0.0015,31.6124,-4.075,31.45,31.45,31.45,down,31.45,2026-09-16T11:07:51,-11.4708,35.5250015258789,215.81,2026-09-16 15:44:11,2026-09-16 11:45:06
NVDA,NVDA260923P00250000,NVDA,2026-09-23,P,250.0,34.1,1.0,34.3,41.0,0.0,0.0,1.0,-0.9984,0.0008,0.0014,-0.0268,-0.0012,34.111,-4.025,34.0,34.0,34.0,down,34.0,2026-09-16T11:28:03,-10.5851,38.0250015258789,215.81,2026-09-16 15:44:11,2026-09-16 11:45:06
NVDA,NVDA260923P00252500,NVDA,2026-09-23,P,252.5,36.6,36.0,36.8,21.0,0.5037,0.0,0.0,-0.999,0.0005,0.001,-0.026,-0.0003,36.6102,0.0,0.0,0.0,0.0,up,40.25,2026-09-14T15:50:00,0.0,40.5500011444092,215.81,2026-09-16 15:44:11,2026-09-16 11:45:06
NVDA,NVDA260923P00255000,NVDA,2026-09-23,P,255.0,39.1,26.0,39.3,15.0,0.0,0.0,0.0,-0.9994,0.0004,0.0004,-0.0258,-0.0003,39.1099,0.0,0.0,0.0,0.0,no_change,0.0,,0.0,43.0250015258789,215.81,2026-09-16 15:44:11,2026-09-16 11:45:06
NVDA,NVDA260923P00260000,NVDA,2026-09-23,P,260.0,44.1,31.0,44.3,21.0,0.0,0.0,0.0,-0.9998,0.0001,0.0002,-0.0254,-0.0003,44.1095,0.0,0.0,0.0,0.0,no_change,0.0,,0.0,48.0250015258789,215.81,2026-09-16 15:44:11,2026-09-16 11:45:06
NVDA,NVDA260923P00265000,NVDA,2026-09-23,P,265.0,49.1,29.0,49.3,21.0,0.0,0.0,0.0,-0.9999,0.0001,0.0,-0.0253,0.0,49.1094,0.0,0.0,0.0,0.0,no_change,0.0,,0.0,53.0250015258789,215.81,2026-09-16 15:44:11,2026-09-16 11:45:06
NVDA,NVDA260923P00270000,NVDA,2026-09-23,P,270.0,54.1,32.0,54.3,15.0,0.0,0.0,0.0,-1.0,0.0,0.0,-0.0253,0.0,54.1094,0.0,0.0,0.0,0.0,no_change,0.0,,0.0,58.0250015258789,215.81,2026-09-16 15:44:11,2026-09-16 11:45:06
NVDA,NVDA260923P00275000,NVDA,2026-09-23,P,275.0,59.1,33.0,59.3,24.0,0.0,0.0,0.0,-1.0,0.0,0.0,-0.0253,0.0,59.1094,0.0,0.0,0.0,0.0,no_change,0.0,,0.0,63.0250015258789,215.81,2026-09-16 15:44:11,2026-09-16 11:45:06
NVDA,NVDA260923P00280000,NVDA,2026-09-23,P,280.0,64.1,33.0,64.3,11.0,0.0,0.0,0.0,-1.0,0.0,0.0,-0.0253,0.0,64.1094,0.0,0.0,0.0,0.0,no_change,0.0,,0.0,68.0250015258789,215.81,2026-09-16 15:44:11,2026-09-16 11:45:06
NVDA,NVDA260923P00285000,NVDA,2026-09-23,P,285.0,69.1,13.0,69.3,21.0,0.825,0.0,0.0,-1.0,0.0,0.0,-0.0253,0.0,69.1094,0.0,0.0,0.0,0.0,no_change,0.0,,0.0,73.0250015258789,215.81,2026-09-16 15:44:11,2026-09-16 11:45:06
NVDA,NVDA260923P00290000,NVDA,2026-09-23,P,290.0,74.1,15.0,74.25,13.0,0.8698,0.0,0.0,-1.0,0.0,0.0,-0.0253,0.0,74.1094,0.0,0.0,0.0,0.0,no_change,0.0,,0.0,78.0250015258789,215.81,2026-09-16 15:44:11,2026-09-16 11:45:06
NVDA,NVDA260923P00295000,NVDA,2026-09-23,P,295.0,79.1,12.0,79.3,13.0,0.0,0.0,0.0,-1.0,0.0,0.0,-0.0253,0.0,79.1094,0.0,0.0,0.0,0.0,no_change,0.0,,0.0,83.0250015258789,215.81,2026-09-16 15:44:11,2026-09-16 11:45:06
NVDA,NVDA260923P00300000,NVDA,2026-09-23,P,300.0,84.1,11.0,84.3,13.0,0.0,0.0,0.0,-1.0,0.0,0.0,-0.0253,0.0,84.1094,0.0,0.0,0.0,0.0,no_change,0.0,,0.0,88.0250015258789,215.81,2026-09-16 15:44:11,2026-09-16 11:45:06
NVDA,NVDA260923P00305000,NVDA,2026-09-23,P,305.0,89.1,12.0,89.3,13.0,0.0,0.0,0.0,-1.0,0.0,0.0,-0.0253,0.0,89.1094,0.0,0.0,0.0,0.0,no_change,0.0,,0.0,93.0250015258789,215.81,2026-09-16 15:44:11,2026-09-16 11:45:06
NVDA,NVDA260925C00050000,NVDA,2026-09-25,C,50.0,165.8,1.0,166.0,2.0,3.0094,0.0,0.0,0.9998,0.0,0.0003,0.0,0.015,165.9667,0.0,0.0,0.0,0.0,no_change,0.0,,0.0,162.049995422363,215.81,2026-09-16 15:44:11,2026-09-16 11:45:06
NVDA,NVDA260925C00055000,NVDA,2026-09-25,C,55.0,160.75,1.0,161.0,1.0,2.6773,0.0,0.0,0.9998,0.0,0.0003,0.0,0.0165,160.9737,0.0,0.0,0.0,0.0,no_change,0.0,,0.0,157.049995422363,215.81,2026-09-16 15:44:11,2026-09-16 11:45:06
NVDA,NVDA260925C00060000,NVDA,2026-09-25,C,60.0,155.8,1.0,156.05,1.0,2.9727,0.0,0.0,0.9997,0.0,0.0004,0.0,0.018,155.9807,0.0,0.0,0.0,0.0,down,159.31,2026-08-18T14:35:18,0.0,152.049995422363,215.81,2026-09-16 15:44:11,2026-09-16 11:45:06
NVDA,NVDA260925C00065000,NVDA,2026-09-25,C,65.0,150.8,1.0,151.05,5.0,2.551,0.0,0.0,0.9997,0.0,0.0004,0.0,0.0195,150.9878,0.0,0.0,0.0,0.0,no_change,0.0,,0.0,147.049995422363,215.81,2026-09-16 15:44:11,2026-09-16 11:45:06
NVDA,NVDA260925C00070000,NVDA,2026-09-25,C,70.0,145.8,2.0,146.05,1.0,2.551,10.0,0.0,0.9996,0.0,0.0004,0.0,0.021,145.9949,0.0,0.0,0.0,0.0,up,140.95,2026-09-14T10:35:36,0.0,142.049995422363,215.81,2026-09-16 15:44:11,2026-09-16 11:45:06
NVDA,NVDA260925C00075000,NVDA,2026-09-25,C,75.0,140.8,1.0,141.05,1.0,2.3576,3.0,0.0,0.9996,0.0,0.0005,0.0,0.0225,141.0021,0.0,0.0,0.0,0.0,down,136.94,2026-09-15T12:41:12,0.0,137.074996948242,215.81,2026-09-16 15:44:11,2026-09-16 11:45:06
NVDA,NVDA260925C00080000,NVDA,2026-09-25,C,80.0,135.8,1.0,136.05,1.0,2.1717,0.0,0.0,0.9995,0.0,0.0006,0.0,0.024,136.0093,0.0,0.0,0.0,0.0,up,143.11,2026-08-12T15:03:16,0.0,132.099998474121,215.81,2026-09-16 15:44:11,2026-09-16 11:45:06
NVDA,NVDA260925C00085000,NVDA,2026-09-25,C,85.0,130.8,1.0,131.05,1.0,1.9888,2.0,0.0,0.9995,0.0,0.0006,0.0,0.0255,131.0167,0.0,0.0,0.0,0.0,no_change,127.3,2026-09-14T15:22:30,0.0,127.099998474121,215.81,2026-09-16 15:44:11,2026-09-16 11:45:06
NVDA,NVDA260925C00090000,NVDA,2026-09-25,C,90.0,125.85,1.0,126.1,1.0,1.801,6.0,0.0,0.9994,0.0,0.0007,0.0,0.027,126.024,0.0,0.0,0.0,0.0,down,122.25,2026-09-15T12:09:03,0.0,122.099998474121,215.81,2026-09-16 15:44:11,2026-09-16 11:45:06
NVDA,NVDA260925C00095000,NVDA,2026-09-25,C,95.0,120.85,1.0,121.1,1.0,1.8461,0.0,0.0,0.9993,0.0,0.0008,0.0,0.0285,121.0315,0.0,0.0,0.0,0.0,down,121.08,2026-08-21T14:10:21,0.0,117.099998474121,215.81,2026-09-16 15:44:11,2026-09-16 11:45:06
NVDA,NVDA260925C00100000,NVDA,2026-09-25,C,100.0,115.85,1.0,116.1,2.0,1.6971,4.0,0.0,0.9992,0.0,0.0009,0.0,0.03,116.0391,0.0,0.0,0.0,0.0,down,112.02,2026-09-15T12:41:12,0.0,112.099998474121,215.81,2026-09-16 15:44:11,2026-09-16 11:45:06
NVDA,NVDA260925C00105000,NVDA,2026-09-25,C,105.0,110.85,1.0,111.1,1.0,1.6882,6.0,0.0,0.9991,0.0001,0.0011,0.0,0.0315,111.0468,0.0,0.0,0.0,0.0,no_change,113.93,2026-09-10T09:50:18,0.0,107.125,215.81,2026-09-16 15:44:11,2026-09-16 11:45:06
NVDA,NVDA260925C00110000,NVDA,2026-09-25,C,110.0,105.85,1.0,106.1,1.0,1.5591,10.0,0.0,0.999,0.0001,0.0012,0.0,0.033,106.0546,0.0,0.0,0.0,0.0,up,109.3,2026-08-28T14:35:13,0.0,102.175003051758,215.81,2026-09-16 15:44:11,2026-09-16 11:45:06
NVDA,NVDA260925C00115000,NVDA,2026-09-25,C,115.0,100.85,1.0,101.1,6.0,1.4336,0.0,0.0,0.9988,0.0001,0.0014,0.0,0.0345,101.0626,0.0,0.0,0.0,0.0,no_change,0.0,,0.0,97.1750030517578,215.81,2026-09-16 15:44:11,2026-09-16 11:45:06
NVDA,NVDA260925C00120000,NVDA,2026-09-25,C,120.0,95.9,1.0,96.1,5.0,1.4125,14.0,0.0,0.9986,0.0001,0.0016,0.0,0.036,96.0707,0.0,0.0,0.0,0.0,no_change,103.23,2026-09-02T10:20:16,0.0,92.1750030517578,215.81,2026-09-16 15:44:11,2026-09-16 11:45:06
NVDA,NVDA260925C00125000,NVDA,2026-09-25,C,125.0,90.85,1.0,91.1,28.0,1.3009,19.0,0.0,0.9984,0.0001,0.0018,0.0,0.0375,91.0791,0.0,0.0,0.0,0.0,up,93.25,2026-09-10T12:38:32,0.0,87.1500015258789,215.81,2026-09-16 15:44:11,2026-09-16 11:45:06
NVDA,NVDA260925C00130000,NVDA,2026-09-25,C,130.0,85.9,1.0,86.15,11.0,1.1926,8.0,0.0,0.9981,0.0001,0.0021,-0.0005,0.039,86.0878,0.0,0.0,0.0,0.0,down,88.75,2026-09-11T15:59:02,0.0,82.1500015258789,215.81,2026-09-16 15:44:11,2026-09-16 11:45:06
NVDA,NVDA260925C00135000,NVDA,2026-09-25,C,135.0,80.9,2.0,81.15,11.0,1.0866,1.0,0.0,0.9978,0.0002,0.0024,-0.002,0.0405,81.0968,0.0,0.0,0.0,0.0,down,83.52,2026-09-10T13:55:27,0.0,77.1750030517578,215.81,2026-09-16 15:44:11,2026-09-16 11:45:06
NVDA,NVDA260925C00140000,NVDA,2026-09-25,C,140.0,75.9,1.0,76.15,11.0,0.982,27.0,0.0,0.9974,0.0002,0.0028,-0.0037,0.0419,76.1063,0.0,0.0,0.0,0.0,down,72.53,2026-09-14T12:50:01,0.0,72.2249984741211,215.81,2026-09-16 15:44:11,2026-09-16 11:45:06
NVDA,NVDA260925C00145000,NVDA,2026-09-25,C,145.0,70.9,1.0,71.15,5.0,0.8763,1.0,0.0,0.9969,0.0003,0.0033,-0.0055,0.0434,71.1163,0.0,0.0,0.0,0.0,down,66.57,2026-09-15T13:27:34,0.0,67.2249984741211,215.81,2026-09-16 15:44:11,2026-09-16 11:45:06
NVDA,NVDA260925C00150000,NVDA,2026-09-25,C,150.0,65.9,5.0,66.15,13.0,0.9332,54.0,0.0,0.9963,0.0004,0.0038,-0.0076,0.0449,66.127,0.0,0.0,0.0,0.0,up,62.61,2026-09-14T13:43:30,0.0,62.1999988555908,215.81,2026-09-16 15:44:11,2026-09-16 11:45:06
NVDA,NVDA260925C00155000,NVDA,2026-09-25,C,155.0,60.95,1.0,61.2,4.0,0.8452,3.0,0.0,0.9955,0.0005,0.0046,-0.0099,0.0463,61.1388,0.0,0.0,0.0,0.0,down,57.71,2026-09-14T13:31:48,0.0,57.25,215.81,2026-09-16 15:44:11,2026-09-16 11:45:06
NVDA,NVDA260925C00160000,NVDA,2026-09-25,C,160.0,55.95,1.0,56.2,46.0,0.7598,26.0,1.0,0.9944,0.0006,0.0056,-0.0128,0.0478,56.1522,2.725,55.0,55.0,55.0,up,55.0,2026-09-16T09:50:09,5.21281,52.2750015258789,215.81,2026-09-16 15:44:11,2026-09-16 11:45:06
NVDA,NVDA260925C00165000,NVDA,2026-09-25,C,165.0,50.95,1.0,51.2,17.0,0.6769,47.0,0.0,0.9928,0.0008,0.0069,-0.0164,0.0492,51.1685,0.0,0.0,0.0,0.0,down,53.53,2026-09-11T15:31:29,0.0,47.25,215.81,2026-09-16 15:44:11,2026-09-16 11:45:06
NVDA,NVDA260925C00170000,NVDA,2026-09-25,C,170.0,46.0,25.0,46.25,47.0,0.6688,81.0,1.0,0.9906,0.0011,0.0088,-0.0214,0.0505,46.1897,2.825,45.15,45.15,45.15,up,45.15,2026-09-16T10:13:01,6.67454,42.3250007629394,215.81,2026-09-16 15:44:11,2026-09-16 11:45:06
NVDA,NVDA260925C00175000,NVDA,2026-09-25,C,175.0,41.0,1.0,41.25,19.0,0.5904,123.0,0.0,0.9871,0.0016,0.0116,-0.0282,0.0518,41.2182,0.0,0.0,0.0,0.0,up,37.6,2026-09-15T11:51:17,0.0,37.375,215.81,2026-09-16 15:44:11,2026-09-16 11:45:06
NVDA,NVDA260925C00180000,NVDA,2026-09-25,C,180.0,36.05,2.0,36.3,2.0,0.5554,411.0,0.0,0.9819,0.0023,0.0154,-0.0372,0.053,36.2571,0.0,0.0,0.0,0.0,up,32.42,2026-09-15T14:12:25,0.0,32.4249992370606,215.81,2026-09-16 15:44:11,2026-09-16 11:45:06
NVDA,NVDA260925C00185000,NVDA,2026-09-25,C,185.0,31.1,19.0,31.35,64.0,0.5075,77.0,1.0,0.9741,0.0034,0.021,-0.0486,0.0539,31.3106,3.925,31.45,31.45,31.45,up,31.45,2026-09-16T11:07:51,14.2598,27.5249996185303,215.81,2026-09-16 15:44:11,2026-09-16 11:45:06
NVDA,NVDA260925C00187500,NVDA,2026-09-25,C,187.5,28.65,17.0,28.9,57.0,0.4911,0.0,0.0,0.9687,0.0042,0.0246,-0.0557,0.0543,28.8461,0.0,0.0,0.0,0.0,no_change,0.0,,0.0,25.0500001907349,215.81,2026-09-16 15:44:11,2026-09-16 11:45:06
NVDA,NVDA260925C00190000,NVDA,2026-09-25,C,190.0,26.2,18.0,26.45,84.0,0.47,248.0,13.0,0.9616,0.0052,0.029,-0.0642,0.0546,26.3913,3.19,24.31,25.84,24.31,up,25.84,2026-09-16T10:55:52,14.0839,22.6499996185303,215.81,2026-09-16 15:44:11,2026-09-16 11:45:06
NVDA,NVDA260925C00192500,NVDA,2026-09-25,C,192.5,23.75,25.0,24.0,63.0,0.4451,47.0,0.0,0.9522,0.0065,0.0346,-0.0747,0.0548,23.9514,0.0,0.0,0.0,0.0,down,20.6,2026-09-15T11:55:53,0.0,20.25,215.81,2026-09-16 15:44:11,2026-09-16 11:45:06
NVDA,NVDA260925C00195000,NVDA,2026-09-25,C,195.0,21.35,29.0,21.6,114.0,0.4298,431.0,1.0,0.9394,0.0082,0.0417,-0.088,0.0547,21.5346,2.43,20.33,20.33,20.33,up,20.33,2026-09-16T09:59:13,13.5754,17.8999996185303,215.81,2026-09-16 15:44:11,2026-09-16 11:45:06
NVDA,NVDA260925C00197500,NVDA,2026-09-25,C,197.5,18.95,35.0,19.2,163.0,0.4131,21.0,3.0,0.9218,0.0104,0.0508,-0.1048,0.0542,19.1522,2.96,16.9,18.56,16.9,up,18.56,2026-09-16T10:57:45,18.9744,15.5999999046326,215.81,2026-09-16 15:44:11,2026-09-16 11:45:06
NVDA,NVDA260925C00200000,NVDA,2026-09-25,C,200.0,16.7,37.0,16.8,108.0,0.3943,1122.0,198.0,0.8979,0.0132,0.0618,-0.1254,0.0534,16.8195,3.45,15.12,16.95,14.8,up,16.8,2026-09-16T11:25:35,25.8427,13.3499999046326,215.81,2026-09-16 15:44:11,2026-09-16 11:45:06
NVDA,NVDA260925C00202500,NVDA,2026-09-25,C,202.5,14.35,71.0,14.6,119.0,0.3827,222.0,10.0,0.8658,0.0165,0.0748,-0.1495,0.052,14.5555,2.7,12.4,14.0,12.4,up,14.0,2026-09-16T10:20:17,23.8938,11.2999997138977,215.81,2026-09-16 15:44:11,2026-09-16 11:45:06
NVDA,NVDA260925C00205000,NVDA,2026-09-25,C,205.0,12.25,45.0,12.35,30.0,0.3704,1350.0,112.0,0.8242,0.0204,0.0893,-0.176,0.0499,12.3827,3.05,10.45,12.65,10.25,up,12.4,2026-09-16T11:23:52,32.6203,9.34999990463257,215.81,2026-09-16 15:44:11,2026-09-16 11:45:06
NVDA,NVDA260925C00207500,NVDA,2026-09-25,C,207.5,10.2,82.0,10.35,1.0,0.3602,154.0,125.0,0.7718,0.0245,0.1042,-0.2025,0.0471,10.3273,2.92,8.7,10.47,8.6,up,10.47,2026-09-16T11:13:02,38.6755,7.54999995231628,215.81,2026-09-16 15:44:11,2026-09-16 11:45:06
NVDA,NVDA260925C00210000,NVDA,2026-09-25,C,210.0,8.3,61.0,8.4,53.0,0.3493,6353.0,1152.0,0.7082,0.0286,0.1181,-0.2262,0.0436,8.4186,2.51,7.15,8.7,6.6,up,8.46,2026-09-16T11:26:11,42.1849,5.95000004768372,215.81,2026-09-16 15:44:11,2026-09-16 11:45:06
NVDA,NVDA260925C00212500,NVDA,2026-09-25,C,212.5,6.6,88.0,6.7,275.0,0.3415,4511.0,1371.0,0.6341,0.0321,0.1292,-0.2438,0.0392,6.688,2.2,5.6,7.0,5.15,no_change,6.8,2026-09-16T11:28:34,47.8261,4.60000014305115,215.81,2026-09-16 15:44:11,2026-09-16 11:45:06
NVDA,NVDA260925C00215000,NVDA,2026-09-25,C,215.0,5.1,58.0,5.15,130.0,0.3347,5350.0,5033.0,0.5512,0.0344,0.1357,-0.2522,0.0343,5.1598,1.745,4.15,5.45,3.85,down,5.17,2026-09-16T11:29:00,50.9489,3.42500007152557,215.81,2026-09-16 15:44:11,2026-09-16 11:45:06
NVDA,NVDA260925C00217500,NVDA,2026-09-25,C,217.5,3.8,143.0,3.85,113.0,0.3285,1955.0,1502.0,0.464,0.0352,0.1363,-0.2491,0.029,3.8701,1.36,3.15,4.15,2.79,down,3.85,2026-09-16T11:29:09,54.6185,2.49000000953674,215.81,2026-09-16 15:44:11,2026-09-16 11:45:06
NVDA,NVDA260925C00220000,NVDA,2026-09-25,C,220.0,2.77,29.0,2.8,112.0,0.3242,35247.0,34570.0,0.3772,0.034,0.1305,-0.2346,0.0236,2.8185,1.05,2.27,3.02,1.95,down,2.81,2026-09-16T11:29:09,59.6591,1.75999999046326,215.81,2026-09-16 15:44:11,2026-09-16 11:45:06
NVDA,NVDA260925C00222500,NVDA,2026-09-25,C,222.5,1.95,36.0,1.97,220.0,0.321,2341.0,2116.0,0.296,0.0312,0.1188,-0.21,0.0186,1.9926,0.815,1.58,2.15,1.36,no_change,2.03,2026-09-16T11:28:23,67.0782,1.2150000333786,215.81,2026-09-16 15:44:11,2026-09-16 11:45:06
NVDA,NVDA260925C00225000,NVDA,2026-09-25,C,225.0,1.34,103.0,1.36,376.0,0.3191,18500.0,6997.0,0.2241,0.0272,0.1032,-0.1789,0.0141,1.3682,0.565,1.1,1.49,0.91,no_change,1.39,2026-09-16T11:27:50,68.4848,0.824999988079071,215.81,2026-09-16 15:44:11,2026-09-16 11:45:06
NVDA,NVDA260925C00227500,NVDA,2026-09-25,C,227.5,0.91,2.0,0.92,220.0,0.3197,2388.0,1217.0,0.1644,0.0225,0.0858,-0.1459,0.0103,0.9188,0.385,0.7,1.01,0.63,up,0.95,2026-09-16T11:28:39,68.1416,0.564999997615814,215.81,2026-09-16 15:44:11,2026-09-16 11:45:06
NVDA,NVDA260925C00230000,NVDA,2026-09-25,C,230.0,0.61,63.0,0.62,331.0,0.3218,18204.0,3701.0,0.1184,0.0179,0.0689,-0.1156,0.0074,0.6148,0.235,0.48,0.69,0.43,up,0.63,2026-09-16T11:26:24,59.4937,0.394999995827675,215.81,2026-09-16 15:44:11,2026-09-16 11:45:06
NVDA,NVDA260925C00232500,NVDA,2026-09-25,C,232.5,0.41,252.0,0.43,427.0,0.3275,6378.0,559.0,0.0853,0.0139,0.0545,-0.091,0.0054,0.4197,0.15,0.31,0.46,0.3,no_change,0.43,2026-09-16T11:26:13,53.5714,0.280000001192093,215.81,2026-09-16 15:44:11,2026-09-16 11:45:06
NVDA,NVDA260925C00235000,NVDA,2026-09-25,C,235.0,0.29,105.0,0.3,560.0,0.3345,9845.0,1668.0,0.0625,0.0106,0.0431,-0.0723,0.0039,0.297,0.085,0.23,0.32,0.22,no_change,0.3,2026-09-16T11:27:43,39.5349,0.214999996125698,215.81,2026-09-16 15:44:11,2026-09-16 11:45:06
NVDA,NVDA260925C00237500,NVDA,2026-09-25,C,237.5,0.21,59.0,0.22,597.0,0.3444,898.0,693.0,0.0469,0.0082,0.0344,-0.0585,0.0029,0.2186,0.055,0.21,0.23,0.19,no_change,0.22,2026-09-16T11:28:31,33.3333,0.16499999910593,215.81,2026-09-16 15:44:11,2026-09-16 11:45:06
NVDA,NVDA260925C00240000,NVDA,2026-09-25,C,240.0,0.16,35.0,0.17,774.0,0.3579,14954.0,1282.0,0.036,0.0064,0.0278,-0.0483,0.0022,0.1667,0.025,0.15,0.23,0.14,no_change,0.16,2026-09-16T11:29:06,18.5185,0.134999997913837,215.81,2026-09-16 15:44:11,2026-09-16 11:45:06
NVDA,NVDA260925C00242500,NVDA,2026-09-25,C,242.5,0.12,427.0,0.13,1020.0,0.3693,514.0,2.0,0.0283,0.005,0.0229,-0.0405,0.0018,0.131,0.02,0.13,0.13,0.13,no_change,0.13,2026-09-16T11:08:39,18.1818,0.109999999403954,215.81,2026-09-16 15:44:11,2026-09-16 11:45:06
NVDA,NVDA260925C00245000,NVDA,2026-09-25,C,245.0,0.1,491.0,0.11,1329.0,0.3859,11933.0,166.0,0.0227,0.004,0.019,-0.0344,0.0014,0.1055,0.015,0.1,0.12,0.1,up,0.11,2026-09-16T11:27:21,15.7895,0.0950000025331974,215.81,2026-09-16 15:44:11,2026-09-16 11:45:06
NVDA,NVDA260925C00247500,NVDA,2026-09-25,C,247.5,0.08,786.0,0.09,1207.0,0.3996,374.0,64.0,0.0185,0.0033,0.016,-0.0297,0.0011,0.0866,0.005,0.09,0.09,0.08,no_change,0.08,2026-09-16T11:02:53,6.66667,0.0749999992549419,215.81,2026-09-16 15:44:11,2026-09-16 11:45:06
NVDA,NVDA260925C00250000,NVDA,2026-09-25,C,250.0,0.07,130.0,0.08,770.0,0.4173,12978.0,225.0,0.0153,0.0027,0.0136,-0.0258,0.0009,0.0723,0.005,0.07,0.08,0.07,up,0.08,2026-09-16T11:24:39,6.66667,0.0749999992549419,215.81,2026-09-16 15:44:11,2026-09-16 11:45:06
NVDA,NVDA260925C00252500,NVDA,2026-09-25,C,252.5,0.05,816.0,0.07,1047.0,0.4288,113.0,29.0,0.0128,0.0022,0.0116,-0.0226,0.0008,0.0611,0.015,0.06,0.07,0.06,no_change,0.07,2026-09-16T11:11:31,27.2727,0.0549999997019768,215.81,2026-09-16 15:44:11,2026-09-16 11:45:06
NVDA,NVDA260925C00255000,NVDA,2026-09-25,C,255.0,0.05,470.0,0.06,1275.0,0.4471,5279.0,142.0,0.0108,0.0018,0.01,-0.02,0.0007,0.0522,0.005,0.05,0.06,0.05,no_change,0.06,2026-09-16T10:55:14,9.09091,0.0549999997019768,215.81,2026-09-16 15:44:11,2026-09-16 11:45:06
NVDA,NVDA260925C00257500,NVDA,2026-09-25,C,257.5,0.04,354.0,0.05,876.0,0.4585,32.0,0.0,0.0092,0.0016,0.0087,-0.0178,0.0006,0.0451,0.0,0.0,0.0,0.0,no_change,0.05,2026-09-15T15:18:07,0.0,0.0449999999254942,215.81,2026-09-16 15:44:11,2026-09-16 11:45:06
NVDA,NVDA260925C00260000,NVDA,2026-09-25,C,260.0,0.04,9.0,0.05,819.0,0.4805,17576.0,14.0,0.0079,0.0013,0.0076,-0.0159,0.0005,0.0392,0.005,0.04,0.04,0.04,no_change,0.04,2026-09-16T10:57:58,14.2857,0.034999999217689,215.81,2026-09-16 15:44:11,2026-09-16 11:45:06
NVDA,NVDA260925C00265000,NVDA,2026-09-25,C,265.0,0.03,2.0,0.04,719.0,0.5087,1974.0,65.0,0.006,0.001,0.006,-0.0129,0.0004,0.0303,-0.005,0.03,0.04,0.02,down,0.03,2026-09-16T11:03:52,-14.2857,0.034999999217689,215.81,2026-09-16 15:44:11,2026-09-16 11:45:06
NVDA,NVDA260925C00270000,NVDA,2026-09-25,C,270.0,0.02,510.0,0.03,673.0,0.5301,20292.0,3.0,0.0046,0.0007,0.0047,-0.0106,0.0003,0.024,-0.005,0.02,0.02,0.02,no_change,0.02,2026-09-16T09:37:28,-20.0,0.0249999994412065,215.81,2026-09-16 15:44:11,2026-09-16 11:45:06
NVDA,NVDA260925C00275000,NVDA,2026-09-25,C,275.0,0.01,829.0,0.02,582.0,0.5408,4395.0,71.0,0.0036,0.0006,0.0038,-0.0089,0.0002,0.0194,-0.005,0.02,0.03,0.01,no_change,0.01,2026-09-16T10:24:53,-33.3333,0.0149999996647239,215.81,2026-09-16 15:44:11,2026-09-16 11:45:06
NVDA,NVDA260925C00280000,NVDA,2026-09-25,C,280.0,0.01,511.0,0.02,799.0,0.5769,4780.0,9.0,0.0029,0.0004,0.0031,-0.0075,0.0002,0.0159,-0.005,0.02,0.02,0.01,down,0.01,2026-09-16T10:17:38,-33.3333,0.0149999996647239,215.81,2026-09-16 15:44:11,2026-09-16 11:45:06
NVDA,NVDA260925C00285000,NVDA,2026-09-25,C,285.0,0.01,115.0,0.02,557.0,0.6121,5157.0,738.0,0.0024,0.0004,0.0026,-0.0064,0.0001,0.0132,-0.005,0.01,0.02,0.01,no_change,0.01,2026-09-16T10:39:05,-33.3333,0.0149999996647239,215.81,2026-09-16 15:44:11,2026-09-16 11:45:06
NVDA,NVDA260925C00290000,NVDA,2026-09-25,C,290.0,0.0,0.0,0.01,62.0,0.5892,2879.0,33.0,0.002,0.0003,0.0022,-0.0055,0.0001,0.0111,0.0,0.01,0.02,0.01,no_change,0.01,2026-09-16T10:25:38,2.23517e-06,0.00999999977648258,215.81,2026-09-16 15:44:11,2026-09-16 11:45:06
NVDA,NVDA260925C00295000,NVDA,2026-09-25,C,295.0,0.0,0.0,0.01,217.0,0.6203,1220.0,201.0,0.0016,0.0002,0.0018,-0.0048,0.0001,0.0094,0.0,0.02,0.02,0.01,no_change,0.01,2026-09-16T09:41:15,2.23517e-06,0.00999999977648258,215.81,2026-09-16 15:44:11,2026-09-16 11:45:06
NVDA,NVDA260925C00300000,NVDA,2026-09-25,C,300.0,0.0,0.0,0.01,71.0,0.6508,1235.0,205.0,0.0014,0.0002,0.0016,-0.0042,0.0001,0.008,0.005,0.02,0.02,0.01,no_change,0.01,2026-09-16T10:34:09,100.0,0.00499999988824129,215.81,2026-09-16 15:44:11,2026-09-16 11:45:06
NVDA,NVDA260925C00305000,NVDA,2026-09-25,C,305.0,0.0,0.0,0.01,62.0,0.6806,173.0,0.0,0.0012,0.0002,0.0013,-0.0037,0.0001,0.0069,0.0,0.0,0.0,0.0,down,0.01,2026-09-14T11:03:19,0.0,0.00499999988824129,215.81,2026-09-16 15:44:11,2026-09-16 11:45:06
NVDA,NVDA260925C00310000,NVDA,2026-09-25,C,310.0,0.0,0.0,0.01,59.0,0.7098,178.0,0.0,0.001,0.0001,0.0012,-0.0032,0.0001,0.006,0.0,0.0,0.0,0.0,up,0.04,2026-09-15T15:50:29,0.0,0.00499999988824129,215.81,2026-09-16 15:44:11,2026-09-16 11:45:06
NVDA,NVDA260925C00315000,NVDA,2026-09-25,C,315.0,0.0,0.0,0.01,64.0,0.7385,538.0,0.0,0.0008,0.0001,0.001,-0.0029,0.0,0.0053,0.0,0.0,0.0,0.0,up,0.02,2026-09-14T10:57:04,0.0,0.00499999988824129,215.81,2026-09-16 15:44:11,2026-09-16 11:45:06
NVDA,NVDA260925C00320000,NVDA,2026-09-25,C,320.0,0.0,0.0,0.01,51.0,0.7666,488.0,0.0,0.0007,0.0001,0.0009,-0.0026,0.0,0.0046,0.0,0.0,0.0,0.0,no_change,0.01,2026-09-11T10:44:51,0.0,0.00499999988824129,215.81,2026-09-16 15:44:11,2026-09-16 11:45:06
NVDA,NVDA260925C00325000,NVDA,2026-09-25,C,325.0,0.0,0.0,0.01,53.0,0.7941,1438.0,0.0,0.0006,0.0001,0.0008,-0.0023,0.0,0.0041,0.0,0.0,0.0,0.0,no_change,0.01,2026-09-15T12:11:41,0.0,0.00499999988824129,215.81,2026-09-16 15:44:11,2026-09-16 11:45:06
NVDA,NVDA260925C00330000,NVDA,2026-09-25,C,330.0,0.0,0.0,0.01,49.0,0.8211,859.0,0.0,0.0006,0.0001,0.0007,-0.0021,0.0,0.0036,0.0,0.0,0.0,0.0,down,0.01,2026-09-11T12:51:44,0.0,0.00499999988824129,215.81,2026-09-16 15:44:11,2026-09-16 11:45:06
NVDA,NVDA260925C00335000,NVDA,2026-09-25,C,335.0,0.0,0.0,0.01,48.0,0.8477,132.0,0.0,0.0005,0.0001,0.0006,-0.0019,0.0,0.0032,0.0,0.0,0.0,0.0,no_change,0.02,2026-09-04T09:59:56,0.0,0.00499999988824129,215.81,2026-09-16 15:44:11,2026-09-16 11:45:06
NVDA,NVDA260925C00340000,NVDA,2026-09-25,C,340.0,0.0,0.0,0.01,48.0,0.8737,390.0,0.0,0.0004,0.0,0.0005,-0.0017,0.0,0.0029,0.0,0.0,0.0,0.0,up,0.02,2026-09-11T09:56:18,0.0,0.00499999988824129,215.81,2026-09-16 15:44:11,2026-09-16 11:45:06
NVDA,NVDA260925C00345000,NVDA,2026-09-25,C,345.0,0.0,0.0,0.01,57.0,0.8993,276.0,0.0,0.0004,0.0,0.0005,-0.0015,0.0,0.0026,0.0,0.0,0.0,0.0,no_change,0.01,2026-09-11T11:50:51,0.0,0.00499999988824129,215.81,2026-09-16 15:44:11,2026-09-16 11:45:06
NVDA,NVDA260925C00350000,NVDA,2026-09-25,C,350.0,0.0,0.0,0.01,66.0,0.9245,236.0,0.0,0.0003,0.0,0.0004,-0.0014,0.0,0.0023,0.0,0.0,0.0,0.0,no_change,0.01,2026-09-11T09:58:51,0.0,0.00499999988824129,215.81,2026-09-16 15:44:11,2026-09-16 11:45:06
NVDA,NVDA260925C00360000,NVDA,2026-09-25,C,360.0,0.0,0.0,0.01,102.0,0.9735,68.0,0.0,0.0003,0.0,0.0004,-0.0012,0.0,0.0019,0.0,0.0,0.0,0.0,no_change,0.01,2026-09-11T09:43:08,0.0,0.00499999988824129,215.81,2026-09-16 15:44:11,2026-09-16 11:45:06
NVDA,NVDA260925C00370000,NVDA,2026-09-25,C,370.0,0.0,0.0,0.01,122.0,1.021,7.0,0.0,0.0002,0.0,0.0003,-0.001,0.0,0.0016,0.0,0.0,0.0,0.0,no_change,0.01,2026-09-04T12:28:45,0.0,0.00499999988824129,215.81,2026-09-16 15:44:11,2026-09-16 11:45:06
NVDA,NVDA260925C00380000,NVDA,2026-09-25,C,380.0,0.0,0.0,0.01,131.0,1.067,73.0,0.0,0.0002,0.0,0.0002,-0.0008,0.0,0.0013,0.0,0.0,0.0,0.0,no_change,0.01,2026-09-08T10:30:40,0.0,0.00499999988824129,215.81,2026-09-16 15:44:11,2026-09-16 11:45:06
NVDA,NVDA260925C00390000,NVDA,2026-09-25,C,390.0,0.0,0.0,0.01,153.0,1.1116,946.0,0.0,0.0001,0.0,0.0002,-0.0007,0.0,0.0011,0.0,0.0,0.0,0.0,no_change,0.01,2026-09-11T10:02:27,0.0,0.00499999988824129,215.81,2026-09-16 15:44:11,2026-09-16 11:45:06
NVDA,NVDA260925P00050000,NVDA,2026-09-25,P,50.0,0.0,0.0,0.01,2164.0,2.7848,3.0,0.0,-0.0002,0.0,0.0003,-0.0031,0.0,0.0054,0.0,0.0,0.0,0.0,no_change,0.03,2026-09-14T09:30:11,0.0,0.00499999988824129,215.81,2026-09-16 15:44:11,2026-09-16 11:45:06
NVDA,NVDA260925P00055000,NVDA,2026-09-25,P,55.0,0.0,0.0,0.01,2164.0,2.6066,5.0,0.0,-0.0002,0.0,0.0003,-0.0033,0.0,0.0059,0.0,0.0,0.0,0.0,down,0.01,2026-08-27T14:55:51,0.0,0.00499999988824129,215.81,2026-09-16 15:44:11,2026-09-16 11:45:06
NVDA,NVDA260925P00060000,NVDA,2026-09-25,P,60.0,0.0,0.0,0.01,1100.0,2.4444,620.0,0.0,-0.0003,0.0,0.0004,-0.0035,0.0,0.0063,0.0,0.0,0.0,0.0,no_change,0.01,2026-09-04T12:28:45,0.0,0.00499999988824129,215.81,2026-09-16 15:44:11,2026-09-16 11:45:06
NVDA,NVDA260925P00065000,NVDA,2026-09-25,P,65.0,0.0,0.0,0.01,1113.0,2.2955,766.0,0.0,-0.0003,0.0,0.0004,-0.0038,0.0,0.0069,0.0,0.0,0.0,0.0,no_change,0.01,2026-09-04T10:57:07,0.0,0.00499999988824129,215.81,2026-09-16 15:44:11,2026-09-16 11:45:06
NVDA,NVDA260925P00070000,NVDA,2026-09-25,P,70.0,0.0,0.0,0.01,117.0,2.1578,520.0,0.0,-0.0004,0.0,0.0004,-0.0041,0.0,0.0074,0.0,0.0,0.0,0.0,up,0.02,2026-09-10T15:25:54,0.0,0.00499999988824129,215.81,2026-09-16 15:44:11,2026-09-16 11:45:06
NVDA,NVDA260925P00075000,NVDA,2026-09-25,P,75.0,0.0,0.0,0.01,114.0,2.0298,258.0,0.0,-0.0004,0.0,0.0005,-0.0044,0.0,0.008,0.0,0.0,0.0,0.0,no_change,0.01,2026-09-10T15:54:07,0.0,0.00999999977648258,215.81,2026-09-16 15:44:11,2026-09-16 11:45:06
NVDA,NVDA260925P00080000,NVDA,2026-09-25,P,80.0,0.0,0.0,0.01,499.0,1.9101,283.0,0.0,-0.0005,0.0,0.0006,-0.0047,0.0,0.0087,0.0,0.0,0.0,0.0,no_change,0.01,2026-09-11T11:14:30,0.0,0.00999999977648258,215.81,2026-09-16 15:44:11,2026-09-16 11:45:06
NVDA,NVDA260925P00085000,NVDA,2026-09-25,P,85.0,0.0,0.0,0.01,103.0,1.7977,274.0,0.0,-0.0006,0.0,0.0006,-0.005,0.0,0.0094,0.0,0.0,0.0,0.0,up,0.02,2026-09-10T13:22:59,0.0,0.00999999977648258,215.81,2026-09-16 15:44:11,2026-09-16 11:45:06
NVDA,NVDA260925P00090000,NVDA,2026-09-25,P,90.0,0.0,0.0,0.01,96.0,1.6918,474.0,0.0,-0.0006,0.0,0.0007,-0.0054,0.0,0.0102,0.0,0.0,0.0,0.0,up,0.02,2026-09-15T15:49:13,0.0,0.0149999996647239,215.81,2026-09-16 15:44:11,2026-09-16 11:45:06
NVDA,NVDA260925P00095000,NVDA,2026-09-25,P,95.0,0.01,48.0,0.02,144.0,1.7365,421.0,10.0,-0.0007,0.0,0.0008,-0.0058,0.0,0.0111,-0.005,0.01,0.01,0.01,no_change,0.01,2026-09-16T10:57:53,-33.3333,0.0149999996647239,215.81,2026-09-16 15:44:11,2026-09-16 11:45:06
NVDA,NVDA260925P00100000,NVDA,2026-09-25,P,100.0,0.01,799.0,0.02,131.0,1.6334,507.0,0.0,-0.0008,0.0,0.0009,-0.0063,0.0,0.0122,0.0,0.0,0.0,0.0,down,0.01,2026-09-15T13:05:05,0.0,0.0149999996647239,215.81,2026-09-16 15:44:11,2026-09-16 11:45:06
NVDA,NVDA260925P00105000,NVDA,2026-09-25,P,105.0,0.01,121.0,0.02,414.0,1.5353,1744.0,6.0,-0.0009,0.0001,0.0011,-0.0068,-0.0001,0.0133,-0.005,0.01,0.02,0.01,no_change,0.01,2026-09-16T09:38:53,-33.3333,0.0149999996647239,215.81,2026-09-16 15:44:11,2026-09-16 11:45:06
NVDA,NVDA260925P00110000,NVDA,2026-09-25,P,110.0,0.01,65.0,0.02,254.0,1.4417,108.0,0.0,-0.0011,0.0001,0.0012,-0.0073,-0.0001,0.0145,0.0,0.0,0.0,0.0,no_change,0.02,2026-09-15T15:39:56,0.0,0.0199999995529652,215.81,2026-09-16 15:44:11,2026-09-16 11:45:06
NVDA,NVDA260925P00115000,NVDA,2026-09-25,P,115.0,0.01,150.0,0.02,277.0,1.3522,4126.0,0.0,-0.0012,0.0001,0.0014,-0.0079,-0.0001,0.0159,0.0,0.0,0.0,0.0,no_change,0.02,2026-09-15T15:41:38,0.0,0.0199999995529652,215.81,2026-09-16 15:44:11,2026-09-16 11:45:06
NVDA,NVDA260925P00120000,NVDA,2026-09-25,P,120.0,0.01,171.0,0.02,176.0,1.2663,11869.0,0.0,-0.0014,0.0001,0.0016,-0.0086,-0.0001,0.0175,0.0,0.0,0.0,0.0,no_change,0.03,2026-09-14T09:53:34,0.0,0.0199999995529652,215.81,2026-09-16 15:44:11,2026-09-16 11:45:06
NVDA,NVDA260925P00125000,NVDA,2026-09-25,P,125.0,0.01,185.0,0.03,288.0,1.215,4762.0,0.0,-0.0016,0.0001,0.0018,-0.0093,-0.0001,0.0194,0.0,0.0,0.0,0.0,no_change,0.02,2026-09-15T09:37:38,0.0,0.0249999994412065,215.81,2026-09-16 15:44:11,2026-09-16 11:45:06
NVDA,NVDA260925P00130000,NVDA,2026-09-25,P,130.0,0.02,107.0,0.03,216.0,1.1579,1495.0,10.0,-0.0019,0.0001,0.0021,-0.0102,-0.0001,0.0215,-0.005,0.02,0.02,0.02,down,0.02,2026-09-16T09:59:21,-20.0,0.0249999994412065,215.81,2026-09-16 15:44:11,2026-09-16 11:45:06
NVDA,NVDA260925P00135000,NVDA,2026-09-25,P,135.0,0.02,51.0,0.03,130.0,1.0779,1225.0,0.0,-0.0022,0.0002,0.0024,-0.0111,-0.0001,0.0239,0.0,0.0,0.0,0.0,no_change,0.03,2026-09-15T14:50:17,0.0,0.0249999994412065,215.81,2026-09-16 15:44:11,2026-09-16 11:45:06
NVDA,NVDA260925P00140000,NVDA,2026-09-25,P,140.0,0.02,77.0,0.03,267.0,1.0007,1543.0,181.0,-0.0026,0.0002,0.0028,-0.0122,-0.0002,0.0268,-0.01,0.03,0.03,0.02,down,0.02,2026-09-16T10:47:34,-33.3333,0.0299999993294477,215.81,2026-09-16 15:44:11,2026-09-16 11:45:06
NVDA,NVDA260925P00145000,NVDA,2026-09-25,P,145.0,0.02,61.0,0.03,104.0,0.9259,2310.0,1.0,-0.0031,0.0003,0.0033,-0.0135,-0.0002,0.0303,-0.005,0.03,0.03,0.03,down,0.03,2026-09-16T09:36:03,-14.2857,0.034999999217689,215.81,2026-09-16 15:44:11,2026-09-16 11:45:06
NVDA,NVDA260925P00150000,NVDA,2026-09-25,P,150.0,0.02,158.0,0.04,232.0,0.8693,4073.0,72.0,-0.0038,0.0004,0.0038,-0.015,-0.0002,0.0345,-0.01,0.04,0.04,0.03,down,0.03,2026-09-16T10:08:20,-25.0,0.0400000000372529,215.81,2026-09-16 15:44:11,2026-09-16 11:45:06
NVDA,NVDA260925P00155000,NVDA,2026-09-25,P,155.0,0.03,131.0,0.04,200.0,0.8108,570.0,105.0,-0.0046,0.0005,0.0046,-0.0168,-0.0003,0.0397,-0.02,0.03,0.04,0.03,down,0.03,2026-09-16T10:49:10,-40.0,0.0499999988824129,215.81,2026-09-16 15:44:11,2026-09-16 11:45:06
NVDA,NVDA260925P00160000,NVDA,2026-09-25,P,160.0,0.04,109.0,0.05,213.0,0.761,3539.0,67.0,-0.0056,0.0006,0.0056,-0.0191,-0.0004,0.0465,-0.015,0.05,0.05,0.04,up,0.05,2026-09-16T11:25:47,-23.0769,0.0649999994784594,215.81,2026-09-16 15:44:11,2026-09-16 11:45:06
NVDA,NVDA260925P00165000,NVDA,2026-09-25,P,165.0,0.05,221.0,0.06,708.0,0.7069,1787.0,107.0,-0.0072,0.0008,0.0069,-0.0222,-0.0004,0.0563,-0.035,0.06,0.06,0.05,down,0.05,2026-09-16T11:11:35,-41.1765,0.0850000008940697,215.81,2026-09-16 15:44:11,2026-09-16 11:45:06
NVDA,NVDA260925P00170000,NVDA,2026-09-25,P,170.0,0.07,570.0,0.08,698.0,0.6617,1438.0,9.0,-0.0095,0.0011,0.0088,-0.0266,-0.0006,0.0709,-0.035,0.07,0.08,0.07,up,0.08,2026-09-16T11:18:57,-30.4348,0.114999998360872,215.81,2026-09-16 15:44:11,2026-09-16 11:45:06
NVDA,NVDA260925P00175000,NVDA,2026-09-25,P,175.0,0.09,694.0,0.1,1097.0,0.6097,2659.0,166.0,-0.013,0.0016,0.0116,-0.0329,-0.0008,0.093,-0.065,0.12,0.12,0.09,no_change,0.09,2026-09-16T11:24:58,-41.9355,0.155000001192093,215.81,2026-09-16 15:44:11,2026-09-16 11:45:06
NVDA,NVDA260925P00180000,NVDA,2026-09-25,P,180.0,0.12,735.0,0.13,861.0,0.5599,5975.0,57.0,-0.0182,0.0023,0.0155,-0.0413,-0.0011,0.1253,-0.075,0.16,0.16,0.12,down,0.12,2026-09-16T11:17:03,-38.4615,0.195000000298023,215.81,2026-09-16 15:44:11,2026-09-16 11:45:06
NVDA,NVDA260925P00185000,NVDA,2026-09-25,P,185.0,0.17,422.0,0.18,825.0,0.514,7776.0,966.0,-0.026,0.0034,0.021,-0.0523,-0.0016,0.1725,-0.09,0.2,0.2,0.18,no_change,0.18,2026-09-16T11:21:31,-33.3333,0.269999995827675,215.81,2026-09-16 15:44:11,2026-09-16 11:45:06
NVDA,NVDA260925P00187500,NVDA,2026-09-25,P,187.5,0.2,105.0,0.21,261.0,0.4894,1565.0,21.0,-0.0315,0.0042,0.0246,-0.0591,-0.0019,0.2049,-0.125,0.22,0.22,0.2,no_change,0.2,2026-09-16T11:28:53,-38.4615,0.325000002980232,215.81,2026-09-16 15:44:11,2026-09-16 11:45:06
NVDA,NVDA260925P00190000,NVDA,2026-09-25,P,190.0,0.24,149.0,0.26,526.0,0.4661,12702.0,542.0,-0.0386,0.0052,0.0291,-0.0674,-0.0024,0.2471,-0.165,0.34,0.34,0.24,no_change,0.24,2026-09-16T11:28:53,-40.7407,0.405000001192093,215.81,2026-09-16 15:44:11,2026-09-16 11:45:06
NVDA,NVDA260925P00192500,NVDA,2026-09-25,P,192.5,0.3,105.0,0.32,332.0,0.4457,848.0,125.0,-0.048,0.0065,0.0347,-0.0777,-0.0029,0.3043,-0.205,0.36,0.36,0.29,up,0.3,2026-09-16T11:27:04,-40.5941,0.504999995231628,215.81,2026-09-16 15:44:11,2026-09-16 11:45:06
NVDA,NVDA260925P00195000,NVDA,2026-09-25,P,195.0,0.38,237.0,0.4,235.0,0.426,5112.0,163.0,-0.0609,0.0082,0.042,-0.0908,-0.0036,0.3846,-0.26,0.47,0.49,0.38,no_change,0.39,2026-09-16T11:26:50,-40.0,0.650000005960464,215.81,2026-09-16 15:44:11,2026-09-16 11:45:06
NVDA,NVDA260925P00197500,NVDA,2026-09-25,P,197.5,0.5,148.0,0.51,154.0,0.4086,2893.0,80.0,-0.0786,0.0104,0.0509,-0.1075,-0.0047,0.4997,-0.34,0.6,0.64,0.51,no_change,0.51,2026-09-16T11:20:44,-40.0,0.849999994039536,215.81,2026-09-16 15:44:11,2026-09-16 11:45:06
NVDA,NVDA260925P00200000,NVDA,2026-09-25,P,200.0,0.67,95.0,0.68,249.0,0.3933,13975.0,557.0,-0.1028,0.0132,0.062,-0.128,-0.006,0.6649,-0.495,0.85,0.86,0.63,up,0.65,2026-09-16T11:28:22,-43.2314,1.14499998092651,215.81,2026-09-16 15:44:11,2026-09-16 11:45:06
NVDA,NVDA260925P00202500,NVDA,2026-09-25,P,202.5,0.9,87.0,0.92,179.0,0.3801,3401.0,979.0,-0.1351,0.0166,0.0751,-0.1521,-0.0078,0.8993,-0.665,1.12,1.15,0.89,no_change,0.89,2026-09-16T11:25:53,-42.7653,1.55500000715256,215.81,2026-09-16 15:44:11,2026-09-16 11:45:06
NVDA,NVDA260925P00205000,NVDA,2026-09-25,P,205.0,1.23,84.0,1.24,204.0,0.3688,9401.0,1236.0,-0.1771,0.0205,0.0896,-0.1785,-0.0101,1.2257,-0.87,1.9,1.9,1.19,up,1.23,2026-09-16T11:29:09,-41.4286,2.09999990463257,215.81,2026-09-16 15:44:11,2026-09-16 11:45:06
NVDA,NVDA260925P00207500,NVDA,2026-09-25,P,207.5,1.67,63.0,1.69,73.0,0.3579,1300.0,1231.0,-0.2299,0.0247,0.1044,-0.2051,-0.0129,1.6705,-1.135,2.06,2.21,1.65,no_change,1.68,2026-09-16T11:25:27,-40.3197,2.81499993801117,215.81,2026-09-16 15:44:11,2026-09-16 11:45:06
NVDA,NVDA260925P00210000,NVDA,2026-09-25,P,210.0,2.27,45.0,2.29,49.0,0.3487,17351.0,1433.0,-0.2938,0.0288,0.1183,-0.2287,-0.0162,2.2606,-1.495,2.81,3.0,2.2,up,2.23,2026-09-16T11:28:00,-40.1342,3.72500002384186,215.81,2026-09-16 15:44:11,2026-09-16 11:45:06
NVDA,NVDA260925P00212500,NVDA,2026-09-25,P,212.5,3.0,535.0,3.1,477.0,0.3397,1815.0,1560.0,-0.3689,0.0324,0.1293,-0.2464,-0.02,3.0359,-1.85,3.91,4.0,2.99,no_change,3.0,2026-09-16T11:28:15,-38.1443,4.85000014305115,215.81,2026-09-16 15:44:11,2026-09-16 11:45:06
NVDA,NVDA260925P00215000,NVDA,2026-09-25,P,215.0,4.0,190.0,4.1,450.0,0.334,5938.0,4907.0,-0.4523,0.0348,0.1358,-0.2546,-0.0232,4.0196,-2.26,5.1,5.2,3.85,up,3.94,2026-09-16T11:27:45,-36.4516,6.20000004768372,215.81,2026-09-16 15:44:11,2026-09-16 11:45:06
NVDA,NVDA260925P00217500,NVDA,2026-09-25,P,217.5,5.2,407.0,5.3,103.0,0.3272,3045.0,3312.0,-0.5404,0.0355,0.136,-0.2513,-0.0267,5.2369,-2.625,6.62,6.74,5.1,down,5.15,2026-09-16T11:28:24,-33.7621,7.77499985694885,215.81,2026-09-16 15:44:11,2026-09-16 11:45:06
NVDA,NVDA260925P00220000,NVDA,2026-09-25,P,220.0,6.7,32.0,6.75,53.0,0.3231,10532.0,356.0,-0.6276,0.0344,0.1296,-0.2365,-0.0295,6.6882,-2.99,8.2,8.39,6.49,down,6.56,2026-09-16T11:26:32,-31.3089,9.55000019073486,215.81,2026-09-16 15:44:11,2026-09-16 11:45:06
NVDA,NVDA260925P00222500,NVDA,2026-09-25,P,222.5,8.3,121.0,8.45,32.0,0.3172,266.0,42.0,-0.7098,0.0316,0.1178,-0.2116,-0.0322,8.3725,-3.275,9.79,9.94,8.25,down,8.25,2026-09-16T11:27:08,-28.4165,11.5249996185303,215.81,2026-09-16 15:44:11,2026-09-16 11:45:06
NVDA,NVDA260925P00225000,NVDA,2026-09-25,P,225.0,10.25,61.0,10.35,59.0,0.3183,2055.0,130.0,-0.7826,0.0276,0.1009,-0.18,-0.033,10.2609,-3.285,11.85,11.9,10.1,up,10.39,2026-09-16T11:21:14,-24.0219,13.6750001907349,215.81,2026-09-16 15:44:11,2026-09-16 11:45:06
NVDA,NVDA260925P00227500,NVDA,2026-09-25,P,227.5,12.25,290.0,12.5,92.0,0.3157,357.0,290.0,-0.8433,0.023,0.0829,-0.147,-0.0321,12.3262,-3.06,13.95,13.95,12.84,no_change,12.84,2026-09-16T10:55:59,-19.2453,15.9000000953674,215.81,2026-09-16 15:44:11,2026-09-16 11:45:06
NVDA,NVDA260925P00230000,NVDA,2026-09-25,P,230.0,14.55,50.0,14.65,36.0,0.3228,3896.0,35.0,-0.8905,0.0185,0.0648,-0.118,-0.0301,14.5388,-4.025,16.44,16.7,14.25,no_change,14.25,2026-09-16T11:09:32,-22.0246,18.2750005722046,215.81,2026-09-16 15:44:11,2026-09-16 11:45:06
NVDA,NVDA260925P00232500,NVDA,2026-09-25,P,232.5,16.8,87.0,17.0,39.0,0.3241,126.0,20.0,-0.9249,0.0147,0.0492,-0.0954,-0.0274,16.8611,-2.45,18.2,18.2,18.2,down,18.2,2026-09-16T09:49:07,-11.8644,20.6499996185303,215.81,2026-09-16 15:44:11,2026-09-16 11:45:06
NVDA,NVDA260925P00235000,NVDA,2026-09-25,P,235.0,19.2,189.0,19.4,55.0,0.3331,1017.0,21.0,-0.9491,0.0116,0.0366,-0.0775,-0.023,19.2563,-3.275,21.8,21.8,19.8,down,19.8,2026-09-16T10:55:37,-14.1929,23.0750007629395,215.81,2026-09-16 15:44:11,2026-09-16 11:45:06
NVDA,NVDA260925P00237500,NVDA,2026-09-25,P,237.5,21.65,33.0,21.9,11.0,0.3369,1.0,15.0,-0.9657,0.009,0.0252,-0.0628,-0.0177,21.6957,-2.575,23.55,23.55,23.0,down,23.0,2026-09-16T09:48:51,-10.0684,25.5750007629395,215.81,2026-09-16 15:44:11,2026-09-16 11:45:06
NVDA,NVDA260925P00240000,NVDA,2026-09-25,P,240.0,24.1,67.0,24.3,38.0,0.3522,398.0,26.0,-0.9769,0.007,0.0198,-0.0515,-0.0128,24.1589,-3.3,26.08,26.08,24.75,down,24.75,2026-09-16T10:53:38,-11.7647,28.0500001907349,215.81,2026-09-16 15:44:11,2026-09-16 11:45:06
NVDA,NVDA260925P00242500,NVDA,2026-09-25,P,242.5,26.6,20.0,26.85,16.0,0.3803,1.0,10.0,-0.9846,0.0052,0.0126,-0.0432,-0.01,26.6396,-2.585,27.94,27.94,27.94,down,27.94,2026-09-16T09:48:51,-8.46847,30.5249996185303,215.81,2026-09-16 15:44:11,2026-09-16 11:45:06
NVDA,NVDA260925P00245000,NVDA,2026-09-25,P,245.0,29.1,36.0,29.3,59.0,0.0,3.0,0.0,-0.9898,0.0038,0.0101,-0.037,-0.0077,29.1263,0.0,0.0,0.0,0.0,up,32.36,2026-09-15T10:44:37,0.0,33.0250015258789,215.81,2026-09-16 15:44:11,2026-09-16 11:45:06
NVDA,NVDA260925P00247500,NVDA,2026-09-25,P,247.5,31.6,38.0,31.8,31.0,0.0,0.0,0.0,-0.9931,0.0028,0.0051,-0.0331,-0.0044,31.6201,0.0,0.0,0.0,0.0,no_change,0.0,,0.0,35.5750007629394,215.81,2026-09-16 15:44:11,2026-09-16 11:45:06
NVDA,NVDA260925P00250000,NVDA,2026-09-25,P,250.0,34.1,33.0,34.3,21.0,0.0,4.0,0.0,-0.9954,0.0019,0.0043,-0.0304,-0.0043,34.1157,0.0,0.0,0.0,0.0,up,38.09,2026-09-14T11:39:08,0.0,38.0250015258789,215.81,2026-09-16 15:44:11,2026-09-16 11:45:06
NVDA,NVDA260925P00252500,NVDA,2026-09-25,P,252.5,36.6,1.0,36.8,34.0,0.0,0.0,0.0,-0.9971,0.0014,0.0033,-0.0282,-0.0012,36.6127,0.0,0.0,0.0,0.0,down,39.5,2026-09-15T10:35:43,0.0,40.5250015258789,215.81,2026-09-16 15:44:11,2026-09-16 11:45:06
NVDA,NVDA260925P00255000,NVDA,2026-09-25,P,255.0,39.1,1.0,39.3,24.0,0.0,0.0,0.0,-0.998,0.001,0.0013,-0.0273,-0.0012,39.1116,0.0,0.0,0.0,0.0,up,38.8,2026-09-10T14:50:10,0.0,43.0250015258789,215.81,2026-09-16 15:44:11,2026-09-16 11:45:06
NVDA,NVDA260925P00257500,NVDA,2026-09-25,P,257.5,41.6,1.0,41.8,27.0,0.0,0.0,0.0,-0.9986,0.0006,0.0011,-0.0267,-0.0011,41.6108,0.0,0.0,0.0,0.0,up,46.0,2026-09-14T15:55:00,0.0,45.5500011444092,215.81,2026-09-16 15:44:11,2026-09-16 11:45:06
NVDA,NVDA260925P00260000,NVDA,2026-09-25,P,260.0,44.1,1.0,44.25,14.0,0.0,6.0,0.0,-0.9992,0.0004,0.001,-0.0261,-0.0009,44.11,0.0,0.0,0.0,0.0,up,43.11,2026-09-10T14:50:20,0.0,48.0250015258789,215.81,2026-09-16 15:44:11,2026-09-16 11:45:06
NVDA,NVDA260925P00265000,NVDA,2026-09-25,P,265.0,49.1,1.0,49.25,15.0,0.0,0.0,12.0,-0.9996,0.0002,0.0002,-0.0257,-0.0001,49.1096,-1.525,51.5,51.5,51.5,up,51.5,2026-09-16T09:31:37,-2.876,53.0250015258789,215.81,2026-09-16 15:44:11,2026-09-16 11:45:06
NVDA,NVDA260925P00270000,NVDA,2026-09-25,P,270.0,54.1,39.0,54.3,40.0,0.0,0.0,0.0,-0.9998,0.0001,0.0001,-0.0255,-0.0001,54.1095,0.0,0.0,0.0,0.0,up,57.25,2026-09-15T10:00:34,0.0,58.0250015258789,215.81,2026-09-16 15:44:11,2026-09-16 11:45:06
NVDA,NVDA260925P00275000,NVDA,2026-09-25,P,275.0,59.1,38.0,59.3,47.0,0.0,0.0,0.0,-1.0,0.0,0.0001,-0.0254,0.0,59.1094,0.0,0.0,0.0,0.0,up,49.5,2026-08-28T11:08:34,0.0,63.0250015258789,215.81,2026-09-16 15:44:11,2026-09-16 11:45:06
NVDA,NVDA260925P00280000,NVDA,2026-09-25,P,280.0,64.1,1.0,64.25,23.0,0.0,0.0,1.0,-1.0,0.0,0.0,-0.0254,0.0,64.1094,-1.775,66.25,66.25,66.25,up,66.25,2026-09-16T09:39:59,-2.60934,68.0250015258789,215.81,2026-09-16 15:44:11,2026-09-16 11:45:06
NVDA,NVDA260925P00285000,NVDA,2026-09-25,P,285.0,69.1,43.0,69.3,34.0,0.0,0.0,1.0,-1.0,0.0,0.0,-0.0254,0.0,69.1094,-1.775,71.25,71.25,71.25,up,71.25,2026-09-16T09:39:59,-2.43068,73.0250015258789,215.81,2026-09-16 15:44:11,2026-09-16 11:45:06
NVDA,NVDA260925P00290000,NVDA,2026-09-25,P,290.0,74.1,33.0,74.3,29.0,0.0,0.0,0.0,-1.0,0.0,0.0,-0.0254,0.0,74.1094,0.0,0.0,0.0,0.0,down,64.9,2026-08-17T15:53:30,0.0,78.0250015258789,215.81,2026-09-16 15:44:11,2026-09-16 11:45:06
NVDA,NVDA260925P00295000,NVDA,2026-09-25,P,295.0,79.1,32.0,79.3,19.0,0.0,0.0,0.0,-1.0,0.0,0.0,-0.0254,0.0,79.1094,0.0,0.0,0.0,0.0,no_change,0.0,,0.0,83.0250015258789,215.81,2026-09-16 15:44:11,2026-09-16 11:45:06
NVDA,NVDA260925P00300000,NVDA,2026-09-25,P,300.0,84.1,41.0,84.3,49.0,0.0,0.0,1.0,-1.0,0.0,0.0,-0.0254,0.0,84.1094,-3.025,85.0,85.0,85.0,up,85.0,2026-09-16T09:53:27,-3.43653,88.0250015258789,215.81,2026-09-16 15:44:11,2026-09-16 11:45:06
NVDA,NVDA260925P00305000,NVDA,2026-09-25,P,305.0,89.1,20.0,89.3,15.0,0.0,0.0,0.0,-1.0,0.0,0.0,-0.0254,0.0,89.1094,0.0,0.0,0.0,0.0,no_change,0.0,,0.0,93.0250015258789,215.81,2026-09-16 15:44:11,2026-09-16 11:45:06
NVDA,NVDA260925P00310000,NVDA,2026-09-25,P,310.0,94.1,13.0,94.3,15.0,0.0,0.0,0.0,-1.0,0.0,0.0,-0.0254,0.0,94.1094,0.0,0.0,0.0,0.0,no_change,0.0,,0.0,98.0250015258789,215.81,2026-09-16 15:44:11,2026-09-16 11:45:06
NVDA,NVDA260925P00315000,NVDA,2026-09-25,P,315.0,99.1,9.0,99.3,15.0,0.0,0.0,0.0,-1.0,0.0,0.0,-0.0254,0.0,99.1094,0.0,0.0,0.0,0.0,no_change,0.0,,0.0,103.025001525879,215.81,2026-09-16 15:44:11,2026-09-16 11:45:06
NVDA,NVDA260925P00320000,NVDA,2026-09-25,P,320.0,104.1,13.0,104.3,15.0,0.0,0.0,0.0,-1.0,0.0,0.0,-0.0254,0.0,104.1094,0.0,0.0,0.0,0.0,no_change,0.0,,0.0,108.025001525879,215.81,2026-09-16 15:44:11,2026-09-16 11:45:06
NVDA,NVDA260925P00325000,NVDA,2026-09-25,P,325.0,109.1,11.0,109.3,21.0,0.0,0.0,0.0,-1.0,0.0,0.0,-0.0254,0.0,109.1094,0.0,0.0,0.0,0.0,down,93.0,2026-09-04T11:33:47,0.0,113.025001525879,215.81,2026-09-16 15:44:11,2026-09-16 11:45:06
NVDA,NVDA260925P00330000,NVDA,2026-09-25,P,330.0,114.1,15.0,114.3,14.0,0.0,0.0,0.0,-1.0,0.0,0.0,-0.0254,0.0,114.1094,0.0,0.0,0.0,0.0,no_change,0.0,,0.0,118.025001525879,215.81,2026-09-16 15:44:11,2026-09-16 11:45:06
NVDA,NVDA260925P00335000,NVDA,2026-09-25,P,335.0,119.1,13.0,119.3,15.0,0.0,0.0,0.0,-1.0,0.0,0.0,-0.0254,0.0,119.1094,0.0,0.0,0.0,0.0,no_change,0.0,,0.0,123.025001525879,215.81,2026-09-16 15:44:11,2026-09-16 11:45:06
NVDA,NVDA260925P00340000,NVDA,2026-09-25,P,340.0,124.1,13.0,124.3,15.0,0.0,0.0,0.0,-1.0,0.0,0.0,-0.0254,0.0,124.1094,0.0,0.0,0.0,0.0,no_change,0.0,,0.0,128.024997711182,215.81,2026-09-16 15:44:11,2026-09-16 11:45:06
NVDA,NVDA260925P00345000,NVDA,2026-09-25,P,345.0,129.1,6.0,129.3,18.0,0.0,0.0,0.0,-1.0,0.0,0.0,-0.0254,0.0,129.1094,0.0,0.0,0.0,0.0,no_change,0.0,,0.0,133.024993896484,215.81,2026-09-16 15:44:11,2026-09-16 11:45:06
NVDA,NVDA260925P00350000,NVDA,2026-09-25,P,350.0,134.1,7.0,134.3,15.0,0.0,0.0,0.0,-1.0,0.0,0.0,-0.0254,0.0,134.1094,0.0,0.0,0.0,0.0,up,118.95,2026-09-04T13:08:31,0.0,138.024993896484,215.81,2026-09-16 15:44:11,2026-09-16 11:45:06
NVDA,NVDA260925P00360000,NVDA,2026-09-25,P,360.0,144.1,18.0,144.3,15.0,0.0,0.0,0.0,-1.0,0.0,0.0,-0.0254,0.0,144.1094,0.0,0.0,0.0,0.0,no_change,0.0,,0.0,148.024993896484,215.81,2026-09-16 15:44:11,2026-09-16 11:45:06
NVDA,NVDA260925P00370000,NVDA,2026-09-25,P,370.0,154.1,11.0,154.3,15.0,0.0,0.0,0.0,-1.0,0.0,0.0,-0.0254,0.0,154.1094,0.0,0.0,0.0,0.0,no_change,0.0,,0.0,158.024993896484,215.81,2026-09-16 15:44:11,2026-09-16 11:45:06
NVDA,NVDA260925P00380000,NVDA,2026-09-25,P,380.0,164.1,1.0,164.3,14.0,0.0,0.0,0.0,-1.0,0.0,0.0,-0.0254,0.0,164.1094,0.0,0.0,0.0,0.0,no_change,0.0,,0.0,168.024993896484,215.81,2026-09-16 15:44:11,2026-09-16 11:45:06
NVDA,NVDA260925P00390000,NVDA,2026-09-25,P,390.0,174.1,14.0,174.3,15.0,0.0,0.0,0.0,-1.0,0.0,0.0,-0.0254,0.0,174.1094,0.0,0.0,0.0,0.0,no_change,0.0,,0.0,178.024993896484,215.81,2026-09-16 15:44:11,2026-09-16 11:45:06
NVDA,NVDA260928C00100000,NVDA,2026-09-28,C,100.0,115.8,1.0,116.15,2.0,1.6043,0.0,0.0,0.9993,0.0,0.001,0.0,0.0328,116.0307,0.0,0.0,0.0,0.0,no_change,0.0,,0.0,112.125,215.81,2026-09-16 15:44:11,2026-09-16 11:45:06
NVDA,NVDA260928C00105000,NVDA,2026-09-28,C,105.0,110.8,1.0,111.15,2.0,1.4873,0.0,0.0,0.9991,0.0001,0.0012,0.0,0.0344,111.0394,0.0,0.0,0.0,0.0,no_change,0.0,,0.0,107.125,215.81,2026-09-16 15:44:11,2026-09-16 11:45:06
NVDA,NVDA260928C00110000,NVDA,2026-09-28,C,110.0,105.85,1.0,106.15,1.0,1.4455,0.0,0.0,0.999,0.0001,0.0014,0.0,0.036,106.0484,0.0,0.0,0.0,0.0,no_change,0.0,,0.0,102.174999237061,215.81,2026-09-16 15:44:11,2026-09-16 11:45:06
NVDA,NVDA260928C00115000,NVDA,2026-09-28,C,115.0,100.5,25.0,101.2,3.0,1.2651,0.0,0.0,0.9987,0.0001,0.0016,0.0,0.0376,101.0577,0.0,0.0,0.0,0.0,no_change,0.0,,0.0,97.1749992370606,215.81,2026-09-16 15:44:11,2026-09-16 11:45:06
NVDA,NVDA260928C00120000,NVDA,2026-09-28,C,120.0,95.85,2.0,96.2,2.0,1.2386,0.0,0.0,0.9985,0.0001,0.0019,0.0,0.0393,96.0672,0.0,0.0,0.0,0.0,no_change,0.0,,0.0,92.2000007629394,215.81,2026-09-16 15:44:11,2026-09-16 11:45:06
NVDA,NVDA260928C00125000,NVDA,2026-09-28,C,125.0,90.85,2.0,91.2,2.0,1.1977,0.0,0.0,0.9982,0.0001,0.0022,0.0,0.0409,91.0772,0.0,0.0,0.0,0.0,no_change,0.0,,0.0,87.2000007629394,215.81,2026-09-16 15:44:11,2026-09-16 11:45:06
NVDA,NVDA260928C00130000,NVDA,2026-09-28,C,130.0,85.85,1.0,86.2,4.0,1.0455,0.0,0.0,0.9978,0.0002,0.0026,0.0,0.0425,86.0876,0.0,0.0,0.0,0.0,no_change,0.0,,0.0,82.2000007629394,215.81,2026-09-16 15:44:11,2026-09-16 11:45:06
NVDA,NVDA260928C00135000,NVDA,2026-09-28,C,135.0,80.85,2.0,81.2,1.0,1.0156,0.0,0.0,0.9974,0.0002,0.0031,-0.0007,0.0441,81.0985,0.0,0.0,0.0,0.0,no_change,0.0,,0.0,77.2249984741211,215.81,2026-09-16 15:44:11,2026-09-16 11:45:06
NVDA,NVDA260928C00140000,NVDA,2026-09-28,C,140.0,75.85,1.0,76.2,1.0,0.9745,0.0,0.0,0.9969,0.0003,0.0037,-0.0026,0.0457,76.1101,0.0,0.0,0.0,0.0,no_change,0.0,,0.0,72.25,215.81,2026-09-16 15:44:11,2026-09-16 11:45:06
NVDA,NVDA260928C00145000,NVDA,2026-09-28,C,145.0,70.9,1.0,71.25,4.0,0.8451,0.0,0.0,0.9962,0.0003,0.0044,-0.0047,0.0473,71.1226,0.0,0.0,0.0,0.0,no_change,0.0,,0.0,67.25,215.81,2026-09-16 15:44:11,2026-09-16 11:45:06
NVDA,NVDA260928C00150000,NVDA,2026-09-28,C,150.0,65.9,2.0,66.25,5.0,0.8472,0.0,0.0,0.9954,0.0004,0.0053,-0.007,0.0489,66.1361,0.0,0.0,0.0,0.0,no_change,0.0,,0.0,62.2749996185303,215.81,2026-09-16 15:44:11,2026-09-16 11:45:06
NVDA,NVDA260928C00155000,NVDA,2026-09-28,C,155.0,60.9,2.0,61.25,1.0,0.77,0.0,0.0,0.9943,0.0006,0.0064,-0.0096,0.0504,61.1511,0.0,0.0,0.0,0.0,no_change,0.0,,0.0,57.2749996185303,215.81,2026-09-16 15:44:11,2026-09-16 11:45:06
NVDA,NVDA260928C00160000,NVDA,2026-09-28,C,160.0,55.9,1.0,56.25,1.0,0.6952,0.0,0.0,0.9929,0.0007,0.0078,-0.0126,0.052,56.1683,0.0,0.0,0.0,0.0,no_change,0.0,,0.0,52.3249988555908,215.81,2026-09-16 15:44:11,2026-09-16 11:45:06
NVDA,NVDA260928C00165000,NVDA,2026-09-28,C,165.0,50.95,1.0,51.3,1.0,0.6501,0.0,0.0,0.991,0.001,0.0097,-0.0163,0.0535,51.1886,0.0,0.0,0.0,0.0,no_change,0.0,,0.0,47.3249988555908,215.81,2026-09-16 15:44:11,2026-09-16 11:45:06
NVDA,NVDA260928C00170000,NVDA,2026-09-28,C,170.0,45.95,1.0,46.35,3.0,0.6194,5.0,0.0,0.9883,0.0013,0.0122,-0.0209,0.0549,46.214,0.0,0.0,0.0,0.0,up,44.3,2026-09-15T09:30:01,0.0,42.375,215.81,2026-09-16 15:44:11,2026-09-16 11:45:06
NVDA,NVDA260928C00175000,NVDA,2026-09-28,C,175.0,41.0,1.0,41.35,11.0,0.5645,0.0,0.0,0.9844,0.0018,0.0157,-0.0267,0.0563,41.247,0.0,0.0,0.0,0.0,no_change,0.0,,0.0,37.4250011444092,215.81,2026-09-16 15:44:11,2026-09-16 11:45:06
NVDA,NVDA260928C00180000,NVDA,2026-09-28,C,180.0,36.05,60.0,36.4,50.0,0.508,2.0,2.0,0.9786,0.0026,0.0206,-0.0343,0.0575,36.2918,3.005,35.48,35.48,35.48,up,35.48,2026-09-16T10:24:08,9.25327,32.4750003814697,215.81,2026-09-16 15:44:11,2026-09-16 11:45:06
NVDA,NVDA260928C00185000,NVDA,2026-09-28,C,185.0,31.1,61.0,31.45,117.0,0.478,0.0,20.0,0.9697,0.0037,0.0275,-0.0442,0.0585,31.3559,3.925,30.85,31.5,30.46,up,31.5,2026-09-16T11:13:07,14.2339,27.5749998092651,215.81,2026-09-16 15:44:11,2026-09-16 11:45:06
NVDA,NVDA260928C00190000,NVDA,2026-09-28,C,190.0,26.2,165.0,26.55,206.0,0.441,6.0,2.0,0.9552,0.0056,0.0379,-0.0582,0.0591,26.4567,3.05,25.25,25.75,25.25,up,25.75,2026-09-16T10:08:48,13.4361,22.6999998092651,215.81,2026-09-16 15:44:11,2026-09-16 11:45:06
NVDA,NVDA260928C00195000,NVDA,2026-09-28,C,195.0,21.4,27.0,21.75,117.0,0.3969,1.0,0.0,0.93,0.0087,0.0538,-0.0792,0.0589,21.6354,0.0,0.0,0.0,0.0,up,18.39,2026-09-14T12:01:07,0.0,18.0,215.81,2026-09-16 15:44:11,2026-09-16 11:45:06
NVDA,NVDA260928C00200000,NVDA,2026-09-28,C,200.0,16.85,19.0,17.1,95.0,0.3688,24.0,29.0,0.8851,0.0135,0.0774,-0.1099,0.0573,16.975,2.9,15.4,16.5,15.0,up,16.5,2026-09-16T10:44:09,21.3235,13.5999999046326,215.81,2026-09-16 15:44:11,2026-09-16 11:45:06
NVDA,NVDA260928C00202500,NVDA,2026-09-28,C,202.5,14.6,57.0,14.85,54.0,0.3544,7.0,0.0,0.8518,0.0166,0.0921,-0.1287,0.0556,14.7456,0.0,0.0,0.0,0.0,up,11.8,2026-09-15T15:56:38,0.0,11.5499997138977,215.81,2026-09-16 15:44:11,2026-09-16 11:45:06
NVDA,NVDA260928C00205000,NVDA,2026-09-28,C,205.0,12.4,64.0,12.7,1.0,0.3474,75.0,270.0,0.8098,0.02,0.108,-0.1487,0.0534,12.6115,3.135,11.04,12.83,11.0,no_change,12.76,2026-09-16T11:28:22,32.5714,9.625,215.81,2026-09-16 15:44:11,2026-09-16 11:45:06
NVDA,NVDA260928C00207500,NVDA,2026-09-28,C,207.5,10.45,67.0,10.7,260.0,0.3372,7.0,212.0,0.758,0.0236,0.1239,-0.1682,0.0504,10.5972,2.6,9.78,10.81,9.73,up,10.5,2026-09-16T11:21:57,32.9114,7.89999985694885,215.81,2026-09-16 15:44:11,2026-09-16 11:45:06
NVDA,NVDA260928C00210000,NVDA,2026-09-28,C,210.0,8.6,41.0,8.75,86.0,0.3268,635.0,356.0,0.6967,0.0271,0.1383,-0.1853,0.0466,8.7287,2.425,7.05,9.0,7.05,down,8.75,2026-09-16T11:29:02,38.3399,6.32500004768372,215.81,2026-09-16 15:44:11,2026-09-16 11:45:06
NVDA,NVDA260928C00212500,NVDA,2026-09-28,C,212.5,6.95,91.0,7.05,47.0,0.3232,171.0,115.0,0.6266,0.03,0.1497,-0.1977,0.0422,7.0319,2.25,5.86,7.2,5.7,up,7.2,2026-09-16T11:07:51,45.4545,4.95000004768372,215.81,2026-09-16 15:44:11,2026-09-16 11:45:06
NVDA,NVDA260928C00215000,NVDA,2026-09-28,C,215.0,5.45,87.0,5.55,61.0,0.3141,1293.0,1126.0,0.5496,0.0319,0.1564,-0.2035,0.0372,5.5302,1.73,4.6,5.82,4.23,down,5.53,2026-09-16T11:25:20,45.5263,3.79999995231628,215.81,2026-09-16 15:44:11,2026-09-16 11:45:06
NVDA,NVDA260928C00217500,NVDA,2026-09-28,C,217.5,4.15,126.0,4.25,107.0,0.3087,55.0,154.0,0.4689,0.0326,0.1571,-0.2015,0.0319,4.2413,1.42,3.3,4.41,3.3,no_change,4.25,2026-09-16T11:25:03,50.1767,2.82999992370606,215.81,2026-09-16 15:44:11,2026-09-16 11:45:06
NVDA,NVDA260928C00220000,NVDA,2026-09-28,C,220.0,3.1,195.0,3.2,450.0,0.3064,2202.0,518.0,0.3884,0.0317,0.1515,-0.1916,0.0265,3.1714,1.23,2.48,3.4,2.31,up,3.3,2026-09-16T11:27:32,59.4203,2.0699999332428,215.81,2026-09-16 15:44:11,2026-09-16 11:45:06
NVDA,NVDA260928C00222500,NVDA,2026-09-28,C,222.5,2.26,52.0,2.31,111.0,0.302,124.0,518.0,0.3121,0.0296,0.1401,-0.1746,0.0213,2.3129,0.885,1.86,2.45,1.63,up,2.36,2026-09-16T11:26:39,60.0,1.47500002384186,215.81,2026-09-16 15:44:11,2026-09-16 11:45:06
NVDA,NVDA260928C00225000,NVDA,2026-09-28,C,225.0,1.6,42.0,1.65,229.0,0.3004,8205.0,3070.0,0.2434,0.0263,0.1244,-0.1527,0.0166,1.646,0.66,1.26,1.77,1.19,up,1.7,2026-09-16T11:27:31,63.4615,1.03999996185303,215.81,2026-09-16 15:44:11,2026-09-16 11:45:06
NVDA,NVDA260928C00227500,NVDA,2026-09-28,C,227.5,1.12,59.0,1.15,279.0,0.2996,14.0,27.0,0.1845,0.0224,0.1062,-0.1284,0.0126,1.1462,0.44,0.98,1.17,0.98,up,1.17,2026-09-16T11:00:57,60.274,0.729999989271164,215.81,2026-09-16 15:44:11,2026-09-16 11:45:06
NVDA,NVDA260928C00230000,NVDA,2026-09-28,C,230.0,0.77,83.0,0.8,249.0,0.3006,1358.0,136.0,0.1368,0.0184,0.0876,-0.1047,0.0093,0.7883,0.275,0.62,0.88,0.57,no_change,0.79,2026-09-16T11:26:32,53.3981,0.514999985694885,215.81,2026-09-16 15:44:11,2026-09-16 11:45:06
NVDA,NVDA260928C00232500,NVDA,2026-09-28,C,232.5,0.53,95.0,0.56,160.0,0.304,36.0,68.0,0.1004,0.0146,0.0707,-0.0839,0.0068,0.5442,0.185,0.4,0.56,0.4,no_change,0.55,2026-09-16T11:26:20,50.6849,0.364999994635582,215.81,2026-09-16 15:44:11,2026-09-16 11:45:06
NVDA,NVDA260928C00235000,NVDA,2026-09-28,C,235.0,0.37,186.0,0.4,431.0,0.3083,1264.0,92.0,0.0744,0.0115,0.0567,-0.0673,0.0051,0.3855,0.135,0.31,0.41,0.31,no_change,0.4,2026-09-16T11:29:08,50.9434,0.265000000596046,215.81,2026-09-16 15:44:11,2026-09-16 11:45:06
NVDA,NVDA260928C00237500,NVDA,2026-09-28,C,237.5,0.27,176.0,0.29,421.0,0.3149,4.0,51.0,0.0557,0.009,0.0455,-0.0544,0.0038,0.2801,0.08,0.24,0.29,0.23,no_change,0.29,2026-09-16T11:16:22,38.0952,0.21000000089407,215.81,2026-09-16 15:44:11,2026-09-16 11:45:06
NVDA,NVDA260928C00240000,NVDA,2026-09-28,C,240.0,0.2,145.0,0.22,240.0,0.3239,51.0,28.0,0.0426,0.007,0.0368,-0.0447,0.0029,0.2106,0.05,0.19,0.22,0.19,down,0.21,2026-09-16T11:26:12,31.25,0.160000003874302,215.81,2026-09-16 15:44:11,2026-09-16 11:45:06
NVDA,NVDA260928C00242500,NVDA,2026-09-28,C,242.5,0.15,48.0,0.17,80.0,0.3334,0.0,0.0,0.0333,0.0056,0.0302,-0.0374,0.0022,0.1634,0.0,0.0,0.0,0.0,no_change,0.0,,0.0,0.129999998956919,215.81,2026-09-16 15:44:11,2026-09-16 11:45:06
NVDA,NVDA260928C00245000,NVDA,2026-09-28,C,245.0,0.12,57.0,0.14,456.0,0.3459,87.0,0.0,0.0266,0.0045,0.0251,-0.0317,0.0018,0.1303,0.0,0.0,0.0,0.0,down,0.11,2026-09-15T15:12:53,0.0,0.109999999403954,215.81,2026-09-16 15:44:11,2026-09-16 11:45:06
NVDA,NVDA260928C00247500,NVDA,2026-09-28,C,247.5,0.09,161.0,0.11,334.0,0.3548,0.0,0.0,0.0216,0.0036,0.0211,-0.0273,0.0015,0.1063,0.0,0.0,0.0,0.0,no_change,0.0,,0.0,0.0899999998509884,215.81,2026-09-16 15:44:11,2026-09-16 11:45:06
NVDA,NVDA260928C00250000,NVDA,2026-09-28,C,250.0,0.08,353.0,0.09,29.0,0.3712,33.0,12.0,0.0178,0.003,0.0179,-0.0238,0.0012,0.0883,0.01,0.09,0.09,0.09,down,0.09,2026-09-16T09:43:50,12.5,0.080000001937151,215.81,2026-09-16 15:44:11,2026-09-16 11:45:06
NVDA,NVDA260928C00255000,NVDA,2026-09-28,C,255.0,0.05,854.0,0.07,1071.0,0.3921,2.0,1.0,0.0126,0.0021,0.0133,-0.0186,0.0008,0.0637,0.02,0.08,0.08,0.08,up,0.08,2026-09-16T09:41:45,33.3333,0.0600000005215406,215.81,2026-09-16 15:44:11,2026-09-16 11:45:06
NVDA,NVDA260928C00260000,NVDA,2026-09-28,C,260.0,0.04,98.0,0.06,498.0,0.4224,12.0,0.0,0.0093,0.0015,0.0102,-0.0149,0.0006,0.0479,0.0,0.0,0.0,0.0,no_change,0.06,2026-09-15T11:30:30,0.0,0.0449999989941716,215.81,2026-09-16 15:44:11,2026-09-16 11:45:06
NVDA,NVDA260928C00265000,NVDA,2026-09-28,C,265.0,0.03,27.0,0.05,265.0,0.448,0.0,0.0,0.0071,0.0011,0.008,-0.0123,0.0005,0.0375,0.0,0.0,0.0,0.0,no_change,0.0,,0.0,0.0350000001490116,215.81,2026-09-16 15:44:11,2026-09-16 11:45:06
NVDA,NVDA260928C00270000,NVDA,2026-09-28,C,270.0,0.02,55.0,0.04,280.0,0.4691,0.0,0.0,0.0055,0.0008,0.0064,-0.0103,0.0004,0.0299,0.0,0.0,0.0,0.0,no_change,0.0,,0.0,0.0299999993294477,215.81,2026-09-16 15:44:11,2026-09-16 11:45:06
NVDA,NVDA260928C00275000,NVDA,2026-09-28,C,275.0,0.01,88.0,0.03,98.0,0.4828,0.0,0.0,0.0044,0.0007,0.0053,-0.0087,0.0003,0.0245,0.0,0.0,0.0,0.0,no_change,0.0,,0.0,0.0249999994412065,215.81,2026-09-16 15:44:11,2026-09-16 11:45:06
NVDA,NVDA260928C00280000,NVDA,2026-09-28,C,280.0,0.01,78.0,0.03,281.0,0.5148,1.0,0.0,0.0036,0.0005,0.0044,-0.0075,0.0002,0.0204,0.0,0.0,0.0,0.0,up,0.02,2026-09-14T10:09:27,0.0,0.0199999995529652,215.81,2026-09-16 15:44:11,2026-09-16 11:45:06
NVDA,NVDA260928C00285000,NVDA,2026-09-28,C,285.0,0.01,25.0,0.02,21.0,0.5312,0.0,0.0,0.003,0.0004,0.0037,-0.0066,0.0002,0.0172,0.0,0.0,0.0,0.0,no_change,0.0,,0.0,0.0199999995529652,215.81,2026-09-16 15:44:11,2026-09-16 11:45:06
NVDA,NVDA260928C00290000,NVDA,2026-09-28,C,290.0,0.0,0.0,0.02,75.0,0.5415,0.0,0.0,0.0025,0.0003,0.0031,-0.0057,0.0002,0.0147,0.0,0.0,0.0,0.0,no_change,0.0,,0.0,0.00999999977648258,215.81,2026-09-16 15:44:11,2026-09-16 11:45:06
NVDA,NVDA260928C00295000,NVDA,2026-09-28,C,295.0,0.0,0.0,0.02,53.0,0.5696,100.0,0.0,0.0021,0.0003,0.0027,-0.0051,0.0001,0.0127,0.0,0.0,0.0,0.0,no_change,0.02,2026-09-14T12:09:29,0.0,0.0149999996647239,215.81,2026-09-16 15:44:11,2026-09-16 11:45:06
NVDA,NVDA260928P00100000,NVDA,2026-09-28,P,100.0,0.01,26.0,0.03,109.0,1.4553,0.0,0.0,-0.0007,0.0,0.001,-0.0045,0.0,0.0106,0.0,0.0,0.0,0.0,no_change,0.0,,0.0,0.0199999995529652,215.81,2026-09-16 15:44:11,2026-09-16 11:45:06
NVDA,NVDA260928P00105000,NVDA,2026-09-28,P,105.0,0.01,35.0,0.03,96.0,1.3681,0.0,0.0,-0.0009,0.0001,0.0012,-0.0051,-0.0001,0.0122,0.0,0.0,0.0,0.0,no_change,0.0,,0.0,0.0199999995529652,215.81,2026-09-16 15:44:11,2026-09-16 11:45:06
NVDA,NVDA260928P00110000,NVDA,2026-09-28,P,110.0,0.01,45.0,0.03,57.0,1.2849,0.0,0.0,-0.001,0.0001,0.0014,-0.0057,-0.0001,0.014,0.0,0.0,0.0,0.0,no_change,0.0,,0.0,0.0199999995529652,215.81,2026-09-16 15:44:11,2026-09-16 11:45:06
NVDA,NVDA260928P00115000,NVDA,2026-09-28,P,115.0,0.01,49.0,0.03,48.0,1.2051,0.0,0.0,-0.0012,0.0001,0.0016,-0.0064,-0.0001,0.0161,0.0,0.0,0.0,0.0,no_change,0.0,,0.0,0.0199999995529652,215.81,2026-09-16 15:44:11,2026-09-16 11:45:06
NVDA,NVDA260928P00120000,NVDA,2026-09-28,P,120.0,0.01,52.0,0.03,37.0,1.1287,0.0,0.0,-0.0015,0.0001,0.0019,-0.0072,-0.0001,0.0185,0.0,0.0,0.0,0.0,no_change,0.0,,0.0,0.0249999994412065,215.81,2026-09-16 15:44:11,2026-09-16 11:45:06
NVDA,NVDA260928P00125000,NVDA,2026-09-28,P,125.0,0.02,17.0,0.03,25.0,1.0556,0.0,0.0,-0.0018,0.0001,0.0022,-0.0081,-0.0001,0.0213,0.0,0.0,0.0,0.0,no_change,0.0,,0.0,0.0249999994412065,215.81,2026-09-16 15:44:11,2026-09-16 11:45:06
NVDA,NVDA260928P00130000,NVDA,2026-09-28,P,130.0,0.02,27.0,0.04,118.0,1.0243,0.0,0.0,-0.0021,0.0002,0.0026,-0.0091,-0.0001,0.0245,0.0,0.0,0.0,0.0,no_change,0.0,,0.0,0.0299999993294477,215.81,2026-09-16 15:44:11,2026-09-16 11:45:06
NVDA,NVDA260928P00135000,NVDA,2026-09-28,P,135.0,0.02,67.0,0.04,212.0,0.9538,0.0,0.0,-0.0026,0.0002,0.0031,-0.0103,-0.0002,0.0282,0.0,0.0,0.0,0.0,no_change,0.0,,0.0,0.0299999993294477,215.81,2026-09-16 15:44:11,2026-09-16 11:45:06
NVDA,NVDA260928P00140000,NVDA,2026-09-28,P,140.0,0.02,69.0,0.04,87.0,0.8856,3.0,0.0,-0.0031,0.0003,0.0037,-0.0116,-0.0002,0.0327,0.0,0.0,0.0,0.0,up,0.04,2026-09-15T11:29:36,0.0,0.0400000000372529,215.81,2026-09-16 15:44:11,2026-09-16 11:45:06
NVDA,NVDA260928P00145000,NVDA,2026-09-28,P,145.0,0.03,21.0,0.05,268.0,0.8445,0.0,0.0,-0.0038,0.0003,0.0044,-0.0131,-0.0003,0.038,0.0,0.0,0.0,0.0,no_change,0.0,,0.0,0.0449999989941716,215.81,2026-09-16 15:44:11,2026-09-16 11:45:06
NVDA,NVDA260928P00150000,NVDA,2026-09-28,P,150.0,0.03,68.0,0.05,220.0,0.7789,154.0,0.0,-0.0046,0.0004,0.0053,-0.0148,-0.0003,0.0443,0.0,0.0,0.0,0.0,down,0.08,2026-09-14T14:33:23,0.0,0.0549999997019768,215.81,2026-09-16 15:44:11,2026-09-16 11:45:06
NVDA,NVDA260928P00155000,NVDA,2026-09-28,P,155.0,0.04,40.0,0.06,289.0,0.7331,5.0,0.0,-0.0057,0.0006,0.0064,-0.0168,-0.0004,0.0522,0.0,0.0,0.0,0.0,no_change,0.09,2026-09-14T15:30:42,0.0,0.0699999984353781,215.81,2026-09-16 15:44:11,2026-09-16 11:45:06
NVDA,NVDA260928P00160000,NVDA,2026-09-28,P,160.0,0.05,41.0,0.07,602.0,0.6841,1.0,0.0,-0.0071,0.0007,0.0078,-0.0193,-0.0005,0.0622,0.0,0.0,0.0,0.0,down,0.09,2026-09-15T09:50:48,0.0,0.0899999998509884,215.81,2026-09-16 15:44:11,2026-09-16 11:45:06
NVDA,NVDA260928P00165000,NVDA,2026-09-28,P,165.0,0.06,76.0,0.08,71.0,0.633,10.0,0.0,-0.009,0.001,0.0097,-0.0223,-0.0006,0.0754,0.0,0.0,0.0,0.0,down,0.14,2026-09-14T12:35:58,0.0,0.109999999403954,215.81,2026-09-16 15:44:11,2026-09-16 11:45:06
NVDA,NVDA260928P00170000,NVDA,2026-09-28,P,170.0,0.08,68.0,0.1,39.0,0.5894,17.0,0.0,-0.0117,0.0013,0.0122,-0.0263,-0.0008,0.0936,0.0,0.0,0.0,0.0,down,0.15,2026-09-14T13:38:42,0.0,0.140000000596046,215.81,2026-09-16 15:44:11,2026-09-16 11:45:06
NVDA,NVDA260928P00175000,NVDA,2026-09-28,P,175.0,0.11,270.0,0.13,92.0,0.5479,40.0,0.0,-0.0156,0.0018,0.0157,-0.0316,-0.0011,0.1193,0.0,0.0,0.0,0.0,no_change,0.18,2026-09-15T15:50:51,0.0,0.174999997019768,215.81,2026-09-16 15:44:11,2026-09-16 11:45:06
NVDA,NVDA260928P00180000,NVDA,2026-09-28,P,180.0,0.15,228.0,0.17,186.0,0.5058,24.0,1.0,-0.0214,0.0026,0.0206,-0.0385,-0.0015,0.1569,-0.07,0.16,0.16,0.16,down,0.16,2026-09-16T10:14:52,-30.4348,0.229999996721745,215.81,2026-09-16 15:44:11,2026-09-16 11:45:06
NVDA,NVDA260928P00185000,NVDA,2026-09-28,P,185.0,0.2,70.0,0.23,514.0,0.463,47.0,7.0,-0.0302,0.0037,0.0275,-0.0479,-0.0021,0.2137,-0.105,0.27,0.27,0.21,no_change,0.21,2026-09-16T10:08:53,-33.3333,0.315000012516975,215.81,2026-09-16 15:44:11,2026-09-16 11:45:06
NVDA,NVDA260928P00190000,NVDA,2026-09-28,P,190.0,0.3,108.0,0.32,146.0,0.4244,3211.0,37.0,-0.0447,0.0056,0.0378,-0.0613,-0.0031,0.3071,-0.13,0.35,0.35,0.33,up,0.34,2026-09-16T10:40:38,-27.6596,0.469999998807907,215.81,2026-09-16 15:44:11,2026-09-16 11:45:06
NVDA,NVDA260928P00195000,NVDA,2026-09-28,P,195.0,0.47,153.0,0.49,159.0,0.3891,290.0,6.0,-0.0699,0.0087,0.0537,-0.0817,-0.0049,0.4783,-0.25,0.52,0.56,0.51,no_change,0.51,2026-09-16T10:31:32,-32.8947,0.759999990463257,215.81,2026-09-16 15:44:11,2026-09-16 11:45:06
NVDA,NVDA260928P00200000,NVDA,2026-09-28,P,200.0,0.8,95.0,0.83,91.0,0.3613,392.0,115.0,-0.1151,0.0135,0.0775,-0.1121,-0.008,0.8127,-0.515,0.97,1.03,0.79,up,0.82,2026-09-16T11:20:54,-38.5768,1.33499997854233,215.81,2026-09-16 15:44:11,2026-09-16 11:45:06
NVDA,NVDA260928P00202500,NVDA,2026-09-28,P,202.5,1.07,70.0,1.1,56.0,0.3506,62.0,17.0,-0.1484,0.0166,0.0922,-0.1307,-0.0103,1.0802,-0.605,1.31,1.34,1.17,no_change,1.17,2026-09-16T10:25:35,-34.0845,1.77499997615814,215.81,2026-09-16 15:44:11,2026-09-16 11:45:06
NVDA,NVDA260928P00205000,NVDA,2026-09-28,P,205.0,1.43,64.0,1.47,40.0,0.3412,1771.0,993.0,-0.1907,0.0201,0.108,-0.1505,-0.0132,1.4435,-0.9,1.81,1.82,1.43,up,1.46,2026-09-16T11:21:57,-38.1356,2.36000001430511,215.81,2026-09-16 15:44:11,2026-09-16 11:45:06
NVDA,NVDA260928P00207500,NVDA,2026-09-28,P,207.5,1.92,50.0,1.96,49.0,0.3327,26.0,16.0,-0.2426,0.0238,0.124,-0.1699,-0.0167,1.927,-1.0,2.3,2.42,2.06,down,2.1,2026-09-16T10:44:01,-32.2581,3.10000002384186,215.81,2026-09-16 15:44:11,2026-09-16 11:45:06
NVDA,NVDA260928P00210000,NVDA,2026-09-28,P,210.0,2.55,25.0,2.6,63.0,0.3252,492.0,803.0,-0.3042,0.0272,0.1385,-0.1869,-0.0205,2.5569,-1.37,3.2,3.3,2.68,down,2.68,2026-09-16T11:03:34,-33.8272,4.04999995231628,215.81,2026-09-16 15:44:11,2026-09-16 11:45:06
NVDA,NVDA260928P00212500,NVDA,2026-09-28,P,212.5,3.35,49.0,3.45,113.0,0.318,19.0,83.0,-0.3748,0.0302,0.1498,-0.1994,-0.0249,3.3594,-1.875,4.25,4.3,3.3,down,3.3,2026-09-16T11:27:23,-36.2319,5.17499995231628,215.81,2026-09-16 15:44:11,2026-09-16 11:45:06
NVDA,NVDA260928P00215000,NVDA,2026-09-28,P,215.0,4.35,77.0,4.45,105.0,0.3123,246.0,225.0,-0.4525,0.0322,0.1563,-0.2053,-0.0293,4.3586,-2.225,5.34,5.5,4.28,down,4.3,2026-09-16T11:26:23,-34.0996,6.52499985694885,215.81,2026-09-16 15:44:11,2026-09-16 11:45:06
NVDA,NVDA260928P00217500,NVDA,2026-09-28,P,217.5,5.55,88.0,5.65,33.0,0.3083,35.0,62.0,-0.534,0.0329,0.1567,-0.2035,-0.0335,5.5725,-2.675,6.83,6.83,5.45,down,5.45,2026-09-16T11:26:43,-32.9231,8.125,215.81,2026-09-16 15:44:11,2026-09-16 11:45:06
NVDA,NVDA260928P00220000,NVDA,2026-09-28,P,220.0,7.0,109.0,7.1,66.0,0.304,240.0,17.0,-0.6155,0.0322,0.1508,-0.1936,-0.0375,7.008,-2.88,8.33,8.33,6.85,up,6.97,2026-09-16T11:14:54,-29.2386,9.84999990463257,215.81,2026-09-16 15:44:11,2026-09-16 11:45:06
NVDA,NVDA260928P00222500,NVDA,2026-09-28,P,222.5,8.55,135.0,8.75,137.0,0.2977,7.0,83.0,-0.6929,0.03,0.1389,-0.1768,-0.0404,8.6572,-3.225,9.7,9.7,8.55,down,8.55,2026-09-16T11:09:16,-27.3885,11.7749996185303,215.81,2026-09-16 15:44:11,2026-09-16 11:45:06
NVDA,NVDA260928P00225000,NVDA,2026-09-28,P,225.0,10.4,402.0,10.6,95.0,0.2959,24.0,252.0,-0.7629,0.0268,0.1226,-0.1547,-0.0417,10.5008,-3.32,12.0,12.6,10.33,no_change,10.48,2026-09-16T11:29:01,-24.058,13.7999997138977,215.81,2026-09-16 15:44:11,2026-09-16 11:45:06
NVDA,NVDA260928P00227500,NVDA,2026-09-28,P,227.5,12.4,103.0,12.65,68.0,0.2952,2.0,3.0,-0.8232,0.023,0.1031,-0.1302,-0.0411,12.515,-2.71,13.34,13.34,13.34,down,13.34,2026-09-16T10:36:57,-16.8847,16.0500001907349,215.81,2026-09-16 15:44:11,2026-09-16 11:45:06
NVDA,NVDA260928P00230000,NVDA,2026-09-28,P,230.0,14.6,1.0,14.9,67.0,0.2936,15.0,40.0,-0.8725,0.0192,0.083,-0.1067,-0.0388,14.6741,-3.68,14.67,14.67,14.67,down,14.67,2026-09-16T11:07:25,-20.0545,18.3500003814697,215.81,2026-09-16 15:44:11,2026-09-16 11:45:06
NVDA,NVDA260928P00232500,NVDA,2026-09-28,P,232.5,16.85,22.0,17.2,83.0,0.2985,0.0,40.0,-0.9106,0.0156,0.0645,-0.0873,-0.0357,16.9493,-3.81,16.94,16.94,16.94,down,16.94,2026-09-16T11:07:25,-18.3614,20.75,215.81,2026-09-16 15:44:11,2026-09-16 11:45:06
NVDA,NVDA260928P00235000,NVDA,2026-09-28,P,235.0,19.2,44.0,19.55,79.0,0.2998,0.0,0.0,-0.9388,0.0126,0.0486,-0.0719,-0.0307,19.3097,0.0,0.0,0.0,0.0,no_change,0.0,,0.0,23.1499996185303,215.81,2026-09-16 15:44:11,2026-09-16 11:45:06
NVDA,NVDA260928P00237500,NVDA,2026-09-28,P,237.5,21.65,38.0,21.95,33.0,0.3063,0.0,0.0,-0.9588,0.01,0.035,-0.0585,-0.0232,21.7265,0.0,0.0,0.0,0.0,no_change,0.0,,0.0,25.5749998092651,215.81,2026-09-16 15:44:11,2026-09-16 11:45:06
NVDA,NVDA260928P00240000,NVDA,2026-09-28,P,240.0,24.1,16.0,24.4,32.0,0.3087,0.0,0.0,-0.973,0.008,0.0252,-0.0488,-0.0182,24.1784,0.0,0.0,0.0,0.0,no_change,0.0,,0.0,28.0500001907349,215.81,2026-09-16 15:44:11,2026-09-16 11:45:06
NVDA,NVDA260928P00242500,NVDA,2026-09-28,P,242.5,26.55,21.0,26.9,21.0,0.3049,0.0,0.0,-0.9825,0.006,0.0161,-0.0407,-0.0125,26.6521,0.0,0.0,0.0,0.0,no_change,0.0,,0.0,30.5500001907349,215.81,2026-09-16 15:44:11,2026-09-16 11:45:06
NVDA,NVDA260928P00245000,NVDA,2026-09-28,P,245.0,29.05,16.0,29.35,15.0,0.3273,0.0,0.0,-0.989,0.0044,0.0116,-0.0352,-0.0093,29.1369,0.0,0.0,0.0,0.0,no_change,0.0,,0.0,33.0249996185303,215.81,2026-09-16 15:44:11,2026-09-16 11:45:06
NVDA,NVDA260928P00247500,NVDA,2026-09-28,P,247.5,31.55,11.0,31.8,24.0,0.3494,0.0,0.0,-0.993,0.0031,0.0069,-0.0311,-0.0044,31.629,0.0,0.0,0.0,0.0,no_change,0.0,,0.0,35.5249996185303,215.81,2026-09-16 15:44:11,2026-09-16 11:45:06
NVDA,NVDA260928P00250000,NVDA,2026-09-28,P,250.0,34.05,21.0,34.35,21.0,0.3711,0.0,0.0,-0.9957,0.002,0.0044,-0.0297,-0.0033,34.1247,0.0,0.0,0.0,0.0,no_change,0.0,,0.0,38.0749988555908,215.81,2026-09-16 15:44:11,2026-09-16 11:45:06
NVDA,NVDA260928P00255000,NVDA,2026-09-28,P,255.0,39.05,21.0,39.35,21.0,0.4134,0.0,0.0,-0.9984,0.0009,0.0016,-0.0269,-0.0007,39.1211,0.0,0.0,0.0,0.0,no_change,0.0,,0.0,43.0249996185303,215.81,2026-09-16 15:44:11,2026-09-16 11:45:06
NVDA,NVDA260928P00260000,NVDA,2026-09-28,P,260.0,44.05,21.0,44.35,21.0,0.4541,0.0,0.0,-0.9994,0.0003,0.0005,-0.0264,-0.0005,44.1203,0.0,0.0,0.0,0.0,no_change,0.0,,0.0,48.0249996185303,215.81,2026-09-16 15:44:11,2026-09-16 11:45:06
NVDA,NVDA260928P00265000,NVDA,2026-09-28,P,265.0,49.05,15.0,49.35,15.0,0.4937,0.0,0.0,-0.9998,0.0001,0.0002,-0.0262,0.0,49.12,0.0,0.0,0.0,0.0,no_change,0.0,,0.0,53.0499992370606,215.81,2026-09-16 15:44:11,2026-09-16 11:45:06
NVDA,NVDA260928P00270000,NVDA,2026-09-28,P,270.0,54.05,15.0,54.35,15.0,0.5322,0.0,0.0,-0.9999,0.0,0.0,-0.0262,0.0,54.12,0.0,0.0,0.0,0.0,no_change,0.0,,0.0,58.0499992370606,215.81,2026-09-16 15:44:11,2026-09-16 11:45:06
NVDA,NVDA260928P00275000,NVDA,2026-09-28,P,275.0,59.05,16.0,59.35,17.0,0.5695,0.0,0.0,-1.0,0.0,0.0,-0.0262,0.0,59.12,0.0,0.0,0.0,0.0,no_change,0.0,,0.0,63.0249996185303,215.81,2026-09-16 15:44:11,2026-09-16 11:45:06
NVDA,NVDA260928P00280000,NVDA,2026-09-28,P,280.0,64.05,17.0,64.35,16.0,0.6059,0.0,0.0,-1.0,0.0,0.0,-0.0262,0.0,64.12,0.0,0.0,0.0,0.0,no_change,0.0,,0.0,68.0499992370606,215.81,2026-09-16 15:44:11,2026-09-16 11:45:06
NVDA,NVDA260928P00285000,NVDA,2026-09-28,P,285.0,69.05,14.0,69.3,17.0,0.6414,0.0,0.0,-1.0,0.0,0.0,-0.0262,0.0,69.12,0.0,0.0,0.0,0.0,no_change,0.0,,0.0,73.0249977111816,215.81,2026-09-16 15:44:11,2026-09-16 11:45:06
NVDA,NVDA260928P00290000,NVDA,2026-09-28,P,290.0,74.05,16.0,74.35,17.0,0.6762,0.0,0.0,-1.0,0.0,0.0,-0.0262,0.0,74.12,0.0,0.0,0.0,0.0,no_change,0.0,,0.0,78.0499992370606,215.81,2026-09-16 15:44:11,2026-09-16 11:45:06
NVDA,NVDA260928P00295000,NVDA,2026-09-28,P,295.0,79.05,15.0,79.35,15.0,0.7101,0.0,0.0,-1.0,0.0,0.0,-0.0262,0.0,79.12,0.0,0.0,0.0,0.0,no_change,0.0,,0.0,83.0249977111816,215.81,2026-09-16 15:44:11,2026-09-16 11:45:06
NVDA,NVDA260930C00100000,NVDA,2026-09-30,C,100.0,115.25,33.0,117.0,2.0,1.6203,0.0,0.0,0.999,0.0001,0.0015,0.0,0.0382,116.0732,0.0,0.0,0.0,0.0,no_change,0.0,,0.0,0.0,215.81,2026-09-16 15:44:11,2026-09-16 11:45:06
NVDA,NVDA260930C00105000,NVDA,2026-09-30,C,105.0,110.25,31.0,112.0,42.0,1.5116,0.0,0.0,0.9988,0.0001,0.0017,0.0,0.0401,111.0839,0.0,0.0,0.0,0.0,no_change,0.0,,0.0,0.0,215.81,2026-09-16 15:44:11,2026-09-16 11:45:06
NVDA,NVDA260930C00110000,NVDA,2026-09-30,C,110.0,105.25,40.0,107.0,1.0,1.4081,0.0,0.0,0.9986,0.0001,0.002,0.0,0.042,106.0948,0.0,0.0,0.0,0.0,no_change,0.0,,0.0,0.0,215.81,2026-09-16 15:44:11,2026-09-16 11:45:06
NVDA,NVDA260930C00115000,NVDA,2026-09-30,C,115.0,100.25,30.0,102.05,3.0,1.3091,0.0,0.0,0.9983,0.0001,0.0023,0.0,0.0439,101.1062,0.0,0.0,0.0,0.0,no_change,0.0,,0.0,0.0,215.81,2026-09-16 15:44:11,2026-09-16 11:45:06
NVDA,NVDA260930C00120000,NVDA,2026-09-30,C,120.0,95.3,30.0,97.05,1.0,1.2521,0.0,0.0,0.998,0.0001,0.0027,0.0,0.0457,96.1179,0.0,0.0,0.0,0.0,no_change,0.0,,0.0,0.0,215.81,2026-09-16 15:44:11,2026-09-16 11:45:06
NVDA,NVDA260930C00125000,NVDA,2026-09-30,C,125.0,90.3,37.0,92.05,1.0,1.1612,0.0,0.0,0.9976,0.0002,0.0032,0.0,0.0476,91.1302,0.0,0.0,0.0,0.0,no_change,0.0,,0.0,0.0,215.81,2026-09-16 15:44:11,2026-09-16 11:45:06
NVDA,NVDA260930C00130000,NVDA,2026-09-30,C,130.0,85.05,35.0,87.05,1.0,1.1058,0.0,0.0,0.9971,0.0002,0.0038,-0.0003,0.0495,86.1431,0.0,0.0,0.0,0.0,no_change,0.0,,0.0,0.0,215.81,2026-09-16 15:44:11,2026-09-16 11:45:06
NVDA,NVDA260930C00135000,NVDA,2026-09-30,C,135.0,80.3,30.0,82.1,13.0,1.0217,0.0,0.0,0.9966,0.0003,0.0044,-0.0023,0.0514,81.1567,0.0,0.0,0.0,0.0,no_change,0.0,,0.0,0.0,215.81,2026-09-16 15:44:11,2026-09-16 11:45:06
NVDA,NVDA260930C00140000,NVDA,2026-09-30,C,140.0,75.3,30.0,77.1,1.0,0.9407,0.0,0.0,0.9959,0.0003,0.0052,-0.0044,0.0532,76.1713,0.0,0.0,0.0,0.0,no_change,0.0,,0.0,72.4749984741211,215.81,2026-09-16 15:44:11,2026-09-16 11:45:06
NVDA,NVDA260930C00145000,NVDA,2026-09-30,C,145.0,70.35,33.0,72.1,1.0,0.8891,0.0,0.0,0.995,0.0004,0.0062,-0.0067,0.0551,71.1872,0.0,0.0,0.0,0.0,no_change,0.0,,0.0,67.5,215.81,2026-09-16 15:44:11,2026-09-16 11:45:06
NVDA,NVDA260930C00150000,NVDA,2026-09-30,C,150.0,65.35,32.0,67.1,1.0,0.8358,0.0,0.0,0.9939,0.0005,0.0074,-0.0094,0.0569,66.2047,0.0,0.0,0.0,0.0,no_change,0.0,,0.0,62.5249996185303,215.81,2026-09-16 15:44:11,2026-09-16 11:45:06
NVDA,NVDA260930C00155000,NVDA,2026-09-30,C,155.0,60.35,38.0,62.15,4.0,0.7622,0.0,0.0,0.9924,0.0007,0.009,-0.0124,0.0587,61.2247,0.0,0.0,0.0,0.0,no_change,0.0,,0.0,57.5499992370606,215.81,2026-09-16 15:44:11,2026-09-16 11:45:06
NVDA,NVDA260930C00160000,NVDA,2026-09-30,C,160.0,55.15,28.0,57.15,16.0,0.7262,0.0,0.0,0.9905,0.0009,0.011,-0.0161,0.0604,56.2483,0.0,0.0,0.0,0.0,no_change,0.0,,0.0,52.5749988555908,215.81,2026-09-16 15:44:11,2026-09-16 11:45:06
NVDA,NVDA260930C00165000,NVDA,2026-09-30,C,165.0,50.4,47.0,52.2,1.0,0.6559,0.0,0.0,0.9879,0.0012,0.0136,-0.0205,0.0621,51.277,0.0,0.0,0.0,0.0,no_change,0.0,,0.0,47.625,215.81,2026-09-16 15:44:11,2026-09-16 11:45:06
NVDA,NVDA260930C00170000,NVDA,2026-09-30,C,170.0,45.45,41.0,47.25,1.0,0.6139,0.0,0.0,0.9843,0.0016,0.017,-0.0259,0.0637,46.3129,0.0,0.0,0.0,0.0,no_change,0.0,,0.0,42.625,215.81,2026-09-16 15:44:11,2026-09-16 11:45:06
NVDA,NVDA260930C00175000,NVDA,2026-09-30,C,175.0,40.85,40.0,42.3,1.0,0.6252,0.0,0.0,0.9792,0.0022,0.0216,-0.0325,0.0652,41.3588,0.0,0.0,0.0,0.0,no_change,0.0,,0.0,37.7250003814697,215.81,2026-09-16 15:44:11,2026-09-16 11:45:06
NVDA,NVDA260930C00180000,NVDA,2026-09-30,C,180.0,35.55,49.0,37.35,55.0,0.5168,0.0,0.0,0.972,0.003,0.0278,-0.0406,0.0665,36.4193,0.0,0.0,0.0,0.0,no_change,0.0,,0.0,32.7749996185303,215.81,2026-09-16 15:44:11,2026-09-16 11:45:06
NVDA,NVDA260930C00185000,NVDA,2026-09-30,C,185.0,30.65,49.0,31.7,1.0,0.2298,0.0,0.0,0.9613,0.0043,0.0363,-0.051,0.0675,31.5043,0.0,0.0,0.0,0.0,no_change,0.0,,0.0,27.4250001907349,215.81,2026-09-16 15:44:11,2026-09-16 11:45:06
NVDA,NVDA260930C00190000,NVDA,2026-09-30,C,190.0,26.1,45.0,27.55,56.0,0.4659,0.0,0.0,0.9442,0.0062,0.0487,-0.0653,0.068,26.6378,0.0,0.0,0.0,0.0,no_change,0.0,,0.0,22.8500003814697,215.81,2026-09-16 15:44:11,2026-09-16 11:45:06
NVDA,NVDA260930C00195000,NVDA,2026-09-30,C,195.0,21.3,61.0,22.8,86.0,0.4199,0.0,0.0,0.9153,0.0093,0.0669,-0.0861,0.0674,21.8699,0.0,0.0,0.0,0.0,no_change,0.0,,0.0,18.0749998092651,215.81,2026-09-16 15:44:11,2026-09-16 11:45:06
NVDA,NVDA260930C00200000,NVDA,2026-09-30,C,200.0,16.3,229.0,17.7,244.0,0.3324,8.0,100.0,0.8669,0.0137,0.0925,-0.1148,0.0652,17.29,3.225,15.5,17.3,15.5,up,17.3,2026-09-16T11:29:00,22.913,14.0750002861023,215.81,2026-09-16 15:44:11,2026-09-16 11:45:06
NVDA,NVDA260930C00202500,NVDA,2026-09-30,C,202.5,14.1,12.0,16.05,362.0,0.3669,0.0,4.0,0.8326,0.0164,0.1075,-0.1315,0.0632,15.1103,14.32,14.09,14.32,14.09,up,14.32,2026-09-16T10:11:40,0.0,0.0,215.81,2026-09-16 15:44:11,2026-09-16 11:45:06
NVDA,NVDA260930C00205000,NVDA,2026-09-30,C,205.0,12.85,28.0,13.25,272.0,0.3493,11.0,109.0,0.7907,0.0193,0.1232,-0.1486,0.0605,13.0297,3.0,12.22,13.2,12.1,no_change,13.2,2026-09-16T11:07:52,29.4118,10.1999998092651,215.81,2026-09-16 15:44:11,2026-09-16 11:45:06
NVDA,NVDA260930C00207500,NVDA,2026-09-30,C,207.5,10.9,58.0,11.3,266.0,0.3423,0.0,435.0,0.7408,0.0223,0.1384,-0.1649,0.0571,11.0692,11.01,9.3,11.03,9.23,down,11.01,2026-09-16T11:18:59,0.0,0.0,215.81,2026-09-16 15:44:11,2026-09-16 11:45:06
NVDA,NVDA260930C00210000,NVDA,2026-09-30,C,210.0,9.05,251.0,9.5,376.0,0.34,60.0,192.0,0.6831,0.025,0.152,-0.1788,0.053,9.2498,2.475,8.0,9.45,7.84,down,9.4,2026-09-16T11:26:50,35.7401,6.92499995231628,215.81,2026-09-16 15:44:11,2026-09-16 11:45:06
NVDA,NVDA260930C00212500,NVDA,2026-09-30,C,212.5,7.5,133.0,7.8,329.0,0.3326,0.0,133.0,0.6186,0.0272,0.1625,-0.1888,0.0483,7.5914,7.6,6.4,7.6,6.4,up,7.6,2026-09-16T11:14:20,0.0,0.0,215.81,2026-09-16 15:44:11,2026-09-16 11:45:06
NVDA,NVDA260930C00215000,NVDA,2026-09-30,C,215.0,6.0,168.0,6.2,423.0,0.3262,304.0,532.0,0.549,0.0287,0.1687,-0.1935,0.0431,6.1111,1.82,5.16,6.37,4.83,down,6.17,2026-09-16T11:29:00,41.8391,4.34999990463257,215.81,2026-09-16 15:44:11,2026-09-16 11:45:06
NVDA,NVDA260930C00217500,NVDA,2026-09-30,C,217.5,4.7,435.0,4.95,371.0,0.3212,0.0,1303.0,0.4764,0.0293,0.1697,-0.1921,0.0376,4.8205,4.84,3.9,5.1,3.9,up,4.84,2026-09-16T11:24:39,0.0,0.0,215.81,2026-09-16 15:44:11,2026-09-16 11:45:06
NVDA,NVDA260930C00220000,NVDA,2026-09-30,C,220.0,3.65,94.0,3.8,416.0,0.316,135.0,225.0,0.4038,0.0288,0.1651,-0.1846,0.0319,3.7238,1.23,3.1,3.91,2.9,no_change,3.8,2026-09-16T11:28:44,47.8599,2.57000005245209,215.81,2026-09-16 15:44:11,2026-09-16 11:45:06
NVDA,NVDA260930C00222500,NVDA,2026-09-30,C,222.5,2.77,122.0,2.9,101.0,0.3136,0.0,32.0,0.3339,0.0273,0.1553,-0.1714,0.0265,2.8169,2.96,2.25,2.96,2.25,up,2.96,2026-09-16T11:11:03,0.0,0.0,215.81,2026-09-16 15:44:11,2026-09-16 11:45:06
NVDA,NVDA260930C00225000,NVDA,2026-09-30,C,225.0,2.04,167.0,2.16,348.0,0.3116,310.0,656.0,0.2694,0.025,0.1413,-0.1538,0.0214,2.0881,0.72,1.71,2.2,1.56,down,2.12,2026-09-16T11:28:52,51.4286,1.40000003576279,215.81,2026-09-16 15:44:11,2026-09-16 11:45:06
NVDA,NVDA260930C00227500,NVDA,2026-09-30,C,227.5,1.48,151.0,1.6,316.0,0.3104,0.0,252.0,0.2124,0.022,0.1245,-0.1338,0.0169,1.5213,1.52,1.14,1.65,1.12,no_change,1.52,2026-09-16T11:21:48,0.0,0.0,215.81,2026-09-16 15:44:11,2026-09-16 11:45:06
NVDA,NVDA260930C00230000,NVDA,2026-09-30,C,230.0,1.07,77.0,1.15,262.0,0.3094,530.0,367.0,0.1644,0.0188,0.1066,-0.1134,0.0131,1.0967,0.37,0.94,1.18,0.8,no_change,1.12,2026-09-16T11:26:20,49.3333,0.75,215.81,2026-09-16 15:44:11,2026-09-16 11:45:06
NVDA,NVDA260930C00232500,NVDA,2026-09-30,C,232.5,0.78,138.0,0.84,347.0,0.3122,0.0,53.0,0.1258,0.0156,0.0893,-0.0946,0.01,0.7909,0.82,0.6,0.87,0.6,down,0.82,2026-09-16T11:26:06,0.0,0.0,215.81,2026-09-16 15:44:11,2026-09-16 11:45:06
NVDA,NVDA260930C00235000,NVDA,2026-09-30,C,235.0,0.57,46.0,0.6,205.0,0.3145,75.0,126.0,0.0967,0.0127,0.0742,-0.0786,0.0077,0.5804,0.17,0.44,0.66,0.44,down,0.59,2026-09-16T11:14:09,40.4762,0.420000001788139,215.81,2026-09-16 15:44:11,2026-09-16 11:45:06
NVDA,NVDA260930C00237500,NVDA,2026-09-30,C,237.5,0.42,69.0,0.47,449.0,0.3219,0.0,5.0,0.0746,0.0103,0.0613,-0.0654,0.0059,0.4331,0.48,0.54,0.54,0.4,up,0.48,2026-09-16T10:49:28,0.0,0.0,215.81,2026-09-16 15:44:11,2026-09-16 11:45:06
NVDA,NVDA260930C00240000,NVDA,2026-09-30,C,240.0,0.33,14.0,0.34,32.0,0.3283,25.0,244.0,0.0584,0.0083,0.0509,-0.055,0.0046,0.332,0.09,0.3,0.41,0.3,no_change,0.33,2026-09-16T11:27:05,37.5,0.240000009536743,215.81,2026-09-16 15:44:11,2026-09-16 11:45:06
NVDA,NVDA260930C00242500,NVDA,2026-09-30,C,242.5,0.22,142.0,0.31,302.0,0.3377,0.0,0.0,0.0466,0.0068,0.0426,-0.0469,0.0037,0.2615,0.0,0.0,0.0,0.0,no_change,0.0,,0.0,0.0,215.81,2026-09-16 15:44:11,2026-09-16 11:45:06
NVDA,NVDA260930C00245000,NVDA,2026-09-30,C,245.0,0.2,33.0,0.25,1070.0,0.3514,15.0,3.0,0.0377,0.0055,0.0359,-0.0404,0.003,0.2104,0.075,0.2,0.23,0.2,up,0.23,2026-09-16T10:13:04,48.3871,0.155000001192093,215.81,2026-09-16 15:44:11,2026-09-16 11:45:06
NVDA,NVDA260930C00247500,NVDA,2026-09-30,C,247.5,0.12,567.0,0.23,870.0,0.3587,0.0,1.0,0.0311,0.0046,0.0307,-0.0353,0.0024,0.1738,0.18,0.18,0.18,0.18,up,0.18,2026-09-16T10:12:27,0.0,0.0,215.81,2026-09-16 15:44:11,2026-09-16 11:45:06
NVDA,NVDA260930C00250000,NVDA,2026-09-30,C,250.0,0.1,527.0,0.18,1032.0,0.3672,0.0,1.0,0.026,0.0038,0.0265,-0.0312,0.002,0.1461,0.04,0.16,0.16,0.16,up,0.16,2026-09-16T09:30:00,33.3333,0.120000001043081,215.81,2026-09-16 15:44:11,2026-09-16 11:45:06
NVDA,NVDA260930C00255000,NVDA,2026-09-30,C,255.0,0.05,286.0,0.16,892.0,0.3917,0.0,0.0,0.0189,0.0027,0.0203,-0.0251,0.0015,0.1079,0.0,0.0,0.0,0.0,no_change,0.0,,0.0,0.0950000025331974,215.81,2026-09-16 15:44:11,2026-09-16 11:45:06
NVDA,NVDA260930C00260000,NVDA,2026-09-30,C,260.0,0.02,129.0,0.13,331.0,0.4109,0.0,0.0,0.0144,0.002,0.016,-0.0208,0.0011,0.0835,0.0,0.0,0.0,0.0,no_change,0.0,,0.0,0.0649999985471368,215.81,2026-09-16 15:44:11,2026-09-16 11:45:06
NVDA,NVDA260930C00265000,NVDA,2026-09-30,C,265.0,0.01,341.0,0.11,669.0,0.4354,1.0,0.0,0.0111,0.0015,0.0128,-0.0174,0.0009,0.0662,0.0,0.0,0.0,0.0,up,0.05,2026-09-15T14:57:45,0.0,0.0599999995902181,215.81,2026-09-16 15:44:11,2026-09-16 11:45:06
NVDA,NVDA260930C00270000,NVDA,2026-09-30,C,270.0,0.01,68.0,0.1,275.0,0.465,0.0,0.0,0.0089,0.0012,0.0105,-0.0149,0.0007,0.054,0.0,0.0,0.0,0.0,no_change,0.0,,0.0,0.0550000006332994,215.81,2026-09-16 15:44:11,2026-09-16 11:45:06
NVDA,NVDA260930C00275000,NVDA,2026-09-30,C,275.0,0.01,23.0,0.09,68.0,0.4927,0.0,0.0,0.0072,0.001,0.0088,-0.0129,0.0006,0.0449,0.0,0.0,0.0,0.0,no_change,0.0,,0.0,0.0500000016763806,215.81,2026-09-16 15:44:11,2026-09-16 11:45:06
NVDA,NVDA260930C00280000,NVDA,2026-09-30,C,280.0,0.01,17.0,0.08,329.0,0.5186,2.0,0.0,0.006,0.0008,0.0074,-0.0114,0.0005,0.038,0.0,0.0,0.0,0.0,up,0.05,2026-09-15T12:05:48,0.0,0.034999999217689,215.81,2026-09-16 15:44:11,2026-09-16 11:45:06
NVDA,NVDA260930C00285000,NVDA,2026-09-30,C,285.0,0.01,16.0,0.08,45.0,0.5496,0.0,0.0,0.005,0.0006,0.0063,-0.01,0.0004,0.0326,0.0,0.0,0.0,0.0,no_change,0.0,,0.0,0.0449999989941716,215.81,2026-09-16 15:44:11,2026-09-16 11:45:06
NVDA,NVDA260930C00290000,NVDA,2026-09-30,C,290.0,0.01,16.0,0.07,296.0,0.5725,0.0,0.0,0.0042,0.0005,0.0054,-0.009,0.0003,0.0282,0.0,0.0,0.0,0.0,no_change,0.0,,0.0,0.0,215.81,2026-09-16 15:44:11,2026-09-16 11:45:06
NVDA,NVDA260930C00295000,NVDA,2026-09-30,C,295.0,0.01,7.0,0.07,176.0,0.6017,0.0,0.0,0.0036,0.0004,0.0047,-0.0081,0.0003,0.0247,0.0,0.0,0.0,0.0,no_change,0.0,,0.0,0.0,215.81,2026-09-16 15:44:11,2026-09-16 11:45:06
NVDA,NVDA260930P00100000,NVDA,2026-09-30,P,100.0,0.0,0.0,0.08,132.0,1.4406,0.0,0.0,-0.001,0.0001,0.0015,-0.0058,-0.0001,0.0162,0.0,0.0,0.0,0.0,no_change,0.0,,0.0,0.0,215.81,2026-09-16 15:44:11,2026-09-16 11:45:06
NVDA,NVDA260930P00105000,NVDA,2026-09-30,P,105.0,0.0,0.0,0.08,196.0,1.371,0.0,0.0,-0.0012,0.0001,0.0017,-0.0065,-0.0001,0.0185,0.0,0.0,0.0,0.0,no_change,0.0,,0.0,0.0,215.81,2026-09-16 15:44:11,2026-09-16 11:45:06
NVDA,NVDA260930P00110000,NVDA,2026-09-30,P,110.0,0.0,0.0,0.09,195.0,1.2883,0.0,0.0,-0.0015,0.0001,0.002,-0.0073,-0.0001,0.0211,0.0,0.0,0.0,0.0,no_change,0.0,,0.0,0.0,215.81,2026-09-16 15:44:11,2026-09-16 11:45:06
NVDA,NVDA260930P00115000,NVDA,2026-09-30,P,115.0,0.0,0.0,0.09,202.0,1.2092,0.0,0.0,-0.0017,0.0001,0.0023,-0.0081,-0.0001,0.0241,0.0,0.0,0.0,0.0,no_change,0.0,,0.0,0.0,215.81,2026-09-16 15:44:11,2026-09-16 11:45:06
NVDA,NVDA260930P00120000,NVDA,2026-09-30,P,120.0,0.0,0.0,0.09,131.0,1.1333,0.0,0.0,-0.002,0.0001,0.0027,-0.0091,-0.0002,0.0275,0.0,0.0,0.0,0.0,no_change,0.0,,0.0,0.0,215.81,2026-09-16 15:44:11,2026-09-16 11:45:06
NVDA,NVDA260930P00125000,NVDA,2026-09-30,P,125.0,0.01,186.0,0.08,475.0,1.0605,0.0,1.0,-0.0024,0.0002,0.0032,-0.0101,-0.0002,0.0313,0.01,0.01,0.01,0.01,up,0.01,2026-09-16T10:54:03,0.0,0.0,215.81,2026-09-16 15:44:11,2026-09-16 11:45:06
NVDA,NVDA260930P00130000,NVDA,2026-09-30,P,130.0,0.01,18.0,0.09,224.0,1.0014,0.0,0.0,-0.0029,0.0002,0.0038,-0.0112,-0.0002,0.0359,0.0,0.0,0.0,0.0,no_change,0.0,,0.0,0.0,215.81,2026-09-16 15:44:11,2026-09-16 11:45:06
NVDA,NVDA260930P00135000,NVDA,2026-09-30,P,135.0,0.01,32.0,0.09,323.0,0.933,0.0,0.0,-0.0035,0.0003,0.0044,-0.0126,-0.0003,0.0411,0.0,0.0,0.0,0.0,no_change,0.0,,0.0,0.0,215.81,2026-09-16 15:44:11,2026-09-16 11:45:06
NVDA,NVDA260930P00140000,NVDA,2026-09-30,P,140.0,0.01,35.0,0.06,17.0,0.8345,8.0,0.0,-0.0042,0.0003,0.0052,-0.014,-0.0003,0.0473,0.0,0.0,0.0,0.0,no_change,0.06,2026-09-15T15:50:39,0.0,0.0599999995902181,215.81,2026-09-16 15:44:11,2026-09-16 11:45:06
NVDA,NVDA260930P00145000,NVDA,2026-09-30,P,145.0,0.01,157.0,0.1,243.0,0.8114,0.0,0.0,-0.005,0.0004,0.0062,-0.0158,-0.0004,0.0548,0.0,0.0,0.0,0.0,no_change,0.0,,0.0,0.0649999985471368,215.81,2026-09-16 15:44:11,2026-09-16 11:45:06
NVDA,NVDA260930P00150000,NVDA,2026-09-30,P,150.0,0.01,395.0,0.11,587.0,0.7561,3.0,0.0,-0.0062,0.0005,0.0074,-0.0178,-0.0005,0.064,0.0,0.0,0.0,0.0,up,0.1,2026-09-15T15:55:41,0.0,0.0800000000745058,215.81,2026-09-16 15:44:11,2026-09-16 11:45:06
NVDA,NVDA260930P00155000,NVDA,2026-09-30,P,155.0,0.02,169.0,0.12,252.0,0.7075,0.0,0.0,-0.0076,0.0007,0.009,-0.0202,-0.0006,0.0756,0.0,0.0,0.0,0.0,no_change,0.0,,0.0,0.0950000025331974,215.81,2026-09-16 15:44:11,2026-09-16 11:45:06
NVDA,NVDA260930P00160000,NVDA,2026-09-30,P,160.0,0.04,498.0,0.14,581.0,0.6674,0.0,0.0,-0.0095,0.0009,0.011,-0.0232,-0.0008,0.0908,0.0,0.0,0.0,0.0,no_change,0.0,,0.0,0.120000002905726,215.81,2026-09-16 15:44:11,2026-09-16 11:45:06
NVDA,NVDA260930P00165000,NVDA,2026-09-30,P,165.0,0.06,956.0,0.12,652.0,0.6065,0.0,1.0,-0.0121,0.0012,0.0136,-0.027,-0.001,0.1111,-0.05,0.1,0.1,0.1,down,0.1,2026-09-16T09:54:11,-33.3333,0.149999998509884,215.81,2026-09-16 15:44:11,2026-09-16 11:45:06
NVDA,NVDA260930P00170000,NVDA,2026-09-30,P,170.0,0.09,538.0,0.19,574.0,0.5817,0.0,0.0,-0.0157,0.0016,0.017,-0.0318,-0.0013,0.1386,0.0,0.0,0.0,0.0,no_change,0.0,,0.0,0.189999997615814,215.81,2026-09-16 15:44:11,2026-09-16 11:45:06
NVDA,NVDA260930P00175000,NVDA,2026-09-30,P,175.0,0.13,176.0,0.23,233.0,0.5403,0.0,0.0,-0.0208,0.0022,0.0217,-0.0378,-0.0017,0.1763,0.0,0.0,0.0,0.0,no_change,0.0,,0.0,0.240000009536743,215.81,2026-09-16 15:44:11,2026-09-16 11:45:06
NVDA,NVDA260930P00180000,NVDA,2026-09-30,P,180.0,0.18,211.0,0.28,287.0,0.4983,9.0,0.0,-0.028,0.003,0.0278,-0.0452,-0.0023,0.2282,0.0,0.0,0.0,0.0,up,0.38,2026-09-15T12:47:41,0.0,0.314999997615814,215.81,2026-09-16 15:44:11,2026-09-16 11:45:06
NVDA,NVDA260930P00185000,NVDA,2026-09-30,P,185.0,0.28,222.0,0.33,405.0,0.458,4.0,6.0,-0.0387,0.0043,0.0363,-0.055,-0.0032,0.3048,-0.1,0.33,0.33,0.33,no_change,0.33,2026-09-16T10:52:53,-23.2558,0.429999992251396,215.81,2026-09-16 15:44:11,2026-09-16 11:45:06
NVDA,NVDA260930P00190000,NVDA,2026-09-30,P,190.0,0.4,376.0,0.47,405.0,0.4227,22.0,9.0,-0.0558,0.0062,0.0487,-0.0686,-0.0045,0.4297,-0.175,0.45,0.48,0.45,down,0.47,2026-09-16T10:59:57,-27.1318,0.645000010728836,215.81,2026-09-16 15:44:11,2026-09-16 11:45:06
NVDA,NVDA260930P00195000,NVDA,2026-09-30,P,195.0,0.61,334.0,0.72,249.0,0.3924,51.0,19.0,-0.0847,0.0093,0.0669,-0.0888,-0.0068,0.6532,-0.3,0.83,0.83,0.69,no_change,0.69,2026-09-16T11:16:05,-30.303,0.989999979734421,215.81,2026-09-16 15:44:11,2026-09-16 11:45:06
NVDA,NVDA260930P00200000,NVDA,2026-09-30,P,200.0,1.01,366.0,1.1,66.0,0.3647,28.0,27.0,-0.1335,0.0138,0.0927,-0.1172,-0.0107,1.0677,-0.69,1.3,1.38,1.04,down,1.04,2026-09-16T11:26:51,-39.8844,1.72999995946884,215.81,2026-09-16 15:44:11,2026-09-16 11:45:06
NVDA,NVDA260930P00202500,NVDA,2026-09-30,P,202.5,1.31,43.0,1.44,47.0,0.3553,0.0,2.0,-0.1679,0.0165,0.1076,-0.1337,-0.0134,1.3848,1.48,1.52,1.52,1.48,down,1.48,2026-09-16T10:26:42,0.0,0.0,215.81,2026-09-16 15:44:11,2026-09-16 11:45:06
NVDA,NVDA260930P00205000,NVDA,2026-09-30,P,205.0,1.73,364.0,1.88,61.0,0.3475,33.0,72.0,-0.21,0.0194,0.1233,-0.1507,-0.0167,1.8015,-1.1,2.1,2.21,1.79,down,1.79,2026-09-16T11:12:37,-38.0623,2.88999998569488,215.81,2026-09-16 15:44:11,2026-09-16 11:45:06
NVDA,NVDA260930P00207500,NVDA,2026-09-30,P,207.5,2.27,138.0,2.43,285.0,0.3405,0.0,60.0,-0.2602,0.0224,0.1386,-0.1669,-0.0206,2.3388,2.53,2.87,2.87,2.53,down,2.53,2026-09-16T10:56:21,0.0,0.0,215.81,2026-09-16 15:44:11,2026-09-16 11:45:06
NVDA,NVDA260930P00210000,NVDA,2026-09-30,P,210.0,2.97,131.0,3.1,114.0,0.3345,416.0,219.0,-0.3182,0.0251,0.1522,-0.1807,-0.0249,3.0181,-1.525,3.25,3.9,2.92,up,3.05,2026-09-16T11:28:58,-33.3333,4.57499980926514,215.81,2026-09-16 15:44:11,2026-09-16 11:45:06
NVDA,NVDA260930P00212500,NVDA,2026-09-30,P,212.5,3.75,346.0,4.0,147.0,0.3284,0.0,18.0,-0.3832,0.0274,0.1626,-0.1906,-0.0295,3.8596,3.82,4.5,4.5,3.82,down,3.82,2026-09-16T11:10:40,0.0,0.0,215.81,2026-09-16 15:44:11,2026-09-16 11:45:06
NVDA,NVDA260930P00215000,NVDA,2026-09-30,P,215.0,4.75,571.0,5.0,99.0,0.3221,20.0,95.0,-0.4535,0.029,0.1687,-0.1954,-0.0343,4.8804,-2.1,5.47,6.02,4.87,up,4.95,2026-09-16T11:25:17,-29.7872,7.05000019073486,215.81,2026-09-16 15:44:11,2026-09-16 11:45:06
NVDA,NVDA260930P00217500,NVDA,2026-09-30,P,217.5,5.95,494.0,6.2,45.0,0.317,0.0,150.0,-0.5268,0.0296,0.1695,-0.1941,-0.0389,6.0927,6.53,7.3,7.3,6.44,up,6.53,2026-09-16T10:43:37,0.0,0.0,215.81,2026-09-16 15:44:11,2026-09-16 11:45:06
NVDA,NVDA260930P00220000,NVDA,2026-09-30,P,220.0,7.3,500.0,7.65,72.0,0.3128,16.0,2.0,-0.6004,0.0292,0.1646,-0.1866,-0.0424,7.5012,-2.55,7.88,7.88,7.55,down,7.55,2026-09-16T11:23:43,-25.2475,10.0999999046326,215.81,2026-09-16 15:44:11,2026-09-16 11:45:06
NVDA,NVDA260930P00222500,NVDA,2026-09-30,P,222.5,8.9,189.0,9.3,75.0,0.3113,0.0,1.0,-0.6714,0.0278,0.1541,-0.1735,-0.045,9.1022,9.81,9.81,9.81,9.81,up,9.81,2026-09-16T10:33:02,0.0,0.0,215.81,2026-09-16 15:44:11,2026-09-16 11:45:06
NVDA,NVDA260930P00225000,NVDA,2026-09-30,P,225.0,10.6,286.0,11.15,80.0,0.3086,0.0,3.0,-0.7371,0.0255,0.1392,-0.156,-0.0468,10.8844,-3.23,11.75,11.75,10.92,down,10.92,2026-09-16T11:24:07,-22.8269,14.1500000953674,215.81,2026-09-16 15:44:11,2026-09-16 11:45:06
NVDA,NVDA260930P00227500,NVDA,2026-09-30,P,227.5,12.45,499.0,13.1,68.0,0.3033,0.0,2.0,-0.7955,0.0226,0.1212,-0.1358,-0.0473,12.8317,13.75,13.75,13.75,13.75,up,13.75,2026-09-16T10:13:05,0.0,0.0,215.81,2026-09-16 15:44:11,2026-09-16 11:45:06
NVDA,NVDA260930P00230000,NVDA,2026-09-30,P,230.0,14.1,97.0,15.9,45.0,0.3251,1.0,0.0,-0.8449,0.0194,0.1021,-0.1151,-0.0462,14.924,0.0,0.0,0.0,0.0,up,18.9,2026-09-15T13:03:02,0.0,18.5249996185303,215.81,2026-09-16 15:44:11,2026-09-16 11:45:06
NVDA,NVDA260930P00232500,NVDA,2026-09-30,P,232.5,16.25,1.0,18.1,11.0,0.3084,0.0,0.0,-0.885,0.0163,0.0836,-0.0966,-0.0433,17.1373,0.0,0.0,0.0,0.0,no_change,0.0,,0.0,0.0,215.81,2026-09-16 15:44:11,2026-09-16 11:45:06
NVDA,NVDA260930P00235000,NVDA,2026-09-30,P,235.0,18.55,62.0,20.4,18.0,0.3147,0.0,0.0,-0.916,0.0136,0.0661,-0.0815,-0.0406,19.4449,0.0,0.0,0.0,0.0,no_change,0.0,,0.0,23.4749994277954,215.81,2026-09-16 15:44:11,2026-09-16 11:45:06
NVDA,NVDA260930P00237500,NVDA,2026-09-30,P,237.5,20.9,20.0,22.8,15.0,0.3211,0.0,0.0,-0.9393,0.0113,0.0514,-0.0694,-0.0331,21.8196,0.0,0.0,0.0,0.0,no_change,0.0,,0.0,0.0,215.81,2026-09-16 15:44:11,2026-09-16 11:45:06
NVDA,NVDA260930P00240000,NVDA,2026-09-30,P,240.0,23.35,54.0,25.2,14.0,0.3235,0.0,0.0,-0.9571,0.0095,0.0396,-0.0601,-0.0312,24.2406,0.0,0.0,0.0,0.0,no_change,0.0,,0.0,28.1750001907349,215.81,2026-09-16 15:44:11,2026-09-16 11:45:06
NVDA,NVDA260930P00242500,NVDA,2026-09-30,P,242.5,25.8,52.0,27.65,13.0,0.3402,0.0,0.0,-0.9698,0.0078,0.0283,-0.0508,-0.0205,26.6918,0.0,0.0,0.0,0.0,no_change,0.0,,0.0,0.0,215.81,2026-09-16 15:44:11,2026-09-16 11:45:06
NVDA,NVDA260930P00245000,NVDA,2026-09-30,P,245.0,28.25,40.0,30.2,52.0,0.3406,0.0,0.0,-0.9794,0.0062,0.0214,-0.0453,-0.019,29.1623,0.0,0.0,0.0,0.0,no_change,0.0,,0.0,33.2000007629394,215.81,2026-09-16 15:44:11,2026-09-16 11:45:06
NVDA,NVDA260930P00247500,NVDA,2026-09-30,P,247.5,30.85,40.0,32.6,11.0,0.3968,0.0,0.0,-0.9858,0.0049,0.0158,-0.0384,-0.0088,31.6433,0.0,0.0,0.0,0.0,no_change,0.0,,0.0,0.0,215.81,2026-09-16 15:44:11,2026-09-16 11:45:06
NVDA,NVDA260930P00250000,NVDA,2026-09-30,P,250.0,33.25,55.0,35.05,27.0,0.0,0.0,0.0,-0.9904,0.0036,0.0086,-0.036,-0.0082,34.1345,0.0,0.0,0.0,0.0,no_change,0.0,,0.0,38.1999988555908,215.81,2026-09-16 15:44:11,2026-09-16 11:45:06
NVDA,NVDA260930P00255000,NVDA,2026-09-30,P,255.0,38.25,1.0,40.15,46.0,0.0,0.0,0.0,-0.9959,0.0019,0.0054,-0.031,-0.0022,39.1236,0.0,0.0,0.0,0.0,no_change,0.0,,0.0,43.1999988555908,215.81,2026-09-16 15:44:11,2026-09-16 11:45:06
NVDA,NVDA260930P00260000,NVDA,2026-09-30,P,260.0,43.35,35.0,45.05,9.0,0.4981,0.0,0.0,-0.9981,0.0009,0.0014,-0.0301,-0.0015,44.1214,0.0,0.0,0.0,0.0,no_change,0.0,,0.0,48.125,215.81,2026-09-16 15:44:11,2026-09-16 11:45:06
NVDA,NVDA260930P00265000,NVDA,2026-09-30,P,265.0,48.25,1.0,50.1,44.0,0.0,0.0,0.0,-0.9993,0.0004,0.0009,-0.0293,-0.001,49.1201,0.0,0.0,0.0,0.0,no_change,0.0,,0.0,53.1999988555908,215.81,2026-09-16 15:44:11,2026-09-16 11:45:06
NVDA,NVDA260930P00270000,NVDA,2026-09-30,P,270.0,53.35,41.0,55.05,10.0,0.5803,0.0,0.0,-0.9997,0.0002,0.0,-0.0292,0.0,54.12,0.0,0.0,0.0,0.0,no_change,0.0,,0.0,58.25,215.81,2026-09-16 15:44:11,2026-09-16 11:45:06
NVDA,NVDA260930P00275000,NVDA,2026-09-30,P,275.0,58.35,37.0,60.15,15.0,0.6196,0.0,0.0,-0.9999,0.0001,0.0,-0.0292,0.0,59.12,0.0,0.0,0.0,0.0,no_change,0.0,,0.0,63.125,215.81,2026-09-16 15:44:11,2026-09-16 11:45:06
NVDA,NVDA260930P00280000,NVDA,2026-09-30,P,280.0,63.25,44.0,65.05,13.0,0.0,0.0,0.0,-1.0,0.0,0.0,-0.0292,0.0,64.12,0.0,0.0,0.0,0.0,no_change,0.0,,0.0,68.125,215.81,2026-09-16 15:44:11,2026-09-16 11:45:06
NVDA,NVDA260930P00285000,NVDA,2026-09-30,P,285.0,68.35,49.0,70.15,27.0,0.695,0.0,0.0,-1.0,0.0,0.0,-0.0292,0.0,69.12,0.0,0.0,0.0,0.0,no_change,0.0,,0.0,73.25,215.81,2026-09-16 15:44:11,2026-09-16 11:45:06
NVDA,NVDA260930P00290000,NVDA,2026-09-30,P,290.0,73.25,45.0,75.05,13.0,0.0,0.0,0.0,-1.0,0.0,0.0,-0.0292,0.0,74.12,0.0,0.0,0.0,0.0,no_change,0.0,,0.0,0.0,215.81,2026-09-16 15:44:11,2026-09-16 11:45:06
NVDA,NVDA260930P00295000,NVDA,2026-09-30,P,295.0,78.35,34.0,80.05,6.0,0.7668,0.0,0.0,-1.0,0.0,0.0,-0.0292,0.0,79.12,0.0,0.0,0.0,0.0,no_change,0.0,,0.0,0.0,215.81,2026-09-16 15:44:11,2026-09-16 11:45:06
NVDA,NVDA261002C00050000,NVDA,2026-10-02,C,50.0,165.8,1.0,166.15,1.0,2.4664,0.0,0.0,1.0,0.0,0.0003,0.0,0.0246,166.0182,0.0,0.0,0.0,0.0,no_change,0.0,,0.0,162.099998474121,215.81,2026-09-16 15:44:11,2026-09-16 11:45:06
NVDA,NVDA261002C00055000,NVDA,2026-10-02,C,55.0,160.8,1.0,161.15,1.0,2.234,0.0,0.0,0.9999,0.0,0.0003,0.0,0.027,161.0297,0.0,0.0,0.0,0.0,no_change,0.0,,0.0,157.099998474121,215.81,2026-09-16 15:44:11,2026-09-16 11:45:06
NVDA,NVDA261002C00060000,NVDA,2026-10-02,C,60.0,155.85,1.0,156.15,1.0,2.1853,1.0,0.0,0.9999,0.0,0.0004,0.0,0.0295,156.0413,0.0,0.0,0.0,0.0,up,164.85,2026-08-27T10:23:42,0.0,152.125,215.81,2026-09-16 15:44:11,2026-09-16 11:45:06
NVDA,NVDA261002C00065000,NVDA,2026-10-02,C,65.0,150.85,1.0,151.15,2.0,1.9917,0.0,0.0,0.9998,0.0,0.0005,0.0,0.0319,151.053,0.0,0.0,0.0,0.0,no_change,0.0,,0.0,147.150001525879,215.81,2026-09-16 15:44:11,2026-09-16 11:45:06
NVDA,NVDA261002C00070000,NVDA,2026-10-02,C,70.0,145.85,1.0,146.15,1.0,1.9468,0.0,0.0,0.9998,0.0,0.0006,0.0,0.0344,146.0648,0.0,0.0,0.0,0.0,no_change,0.0,,0.0,142.150001525879,215.81,2026-09-16 15:44:11,2026-09-16 11:45:06
NVDA,NVDA261002C00075000,NVDA,2026-10-02,C,75.0,140.85,1.0,141.2,1.0,1.7815,0.0,0.0,0.9997,0.0,0.0007,0.0,0.0368,141.0768,0.0,0.0,0.0,0.0,no_change,0.0,,0.0,137.150001525879,215.81,2026-09-16 15:44:11,2026-09-16 11:45:06
NVDA,NVDA261002C00080000,NVDA,2026-10-02,C,80.0,135.85,1.0,136.2,1.0,1.6145,0.0,0.0,0.9996,0.0,0.0008,0.0,0.0393,136.0889,0.0,0.0,0.0,0.0,no_change,0.0,,0.0,132.150001525879,215.81,2026-09-16 15:44:11,2026-09-16 11:45:06
NVDA,NVDA261002C00085000,NVDA,2026-10-02,C,85.0,130.9,1.0,131.2,2.0,1.5952,6.0,0.0,0.9995,0.0,0.001,0.0,0.0417,131.1011,0.0,0.0,0.0,0.0,no_change,127.41,2026-09-14T15:22:30,0.0,127.200000762939,215.81,2026-09-16 15:44:11,2026-09-16 11:45:06
NVDA,NVDA261002C00090000,NVDA,2026-10-02,C,90.0,125.9,1.0,126.2,1.0,1.4512,3.0,0.0,0.9994,0.0,0.0012,0.0,0.0442,126.1136,0.0,0.0,0.0,0.0,up,122.36,2026-09-15T12:09:03,0.0,122.200000762939,215.81,2026-09-16 15:44:11,2026-09-16 11:45:06
NVDA,NVDA261002C00095000,NVDA,2026-10-02,C,95.0,120.9,1.0,121.25,1.0,1.4274,0.0,0.0,0.9992,0.0,0.0014,0.0,0.0466,121.1263,0.0,0.0,0.0,0.0,no_change,0.0,,0.0,117.200000762939,215.81,2026-09-16 15:44:11,2026-09-16 11:45:06
NVDA,NVDA261002C00100000,NVDA,2026-10-02,C,100.0,115.9,1.0,116.25,1.0,1.3012,29.0,0.0,0.9991,0.0001,0.0016,0.0,0.0491,116.1392,0.0,0.0,0.0,0.0,no_change,112.46,2026-09-14T15:22:30,0.0,112.225002288818,215.81,2026-09-16 15:44:11,2026-09-16 11:45:06
NVDA,NVDA261002C00105000,NVDA,2026-10-02,C,105.0,110.95,1.0,111.25,4.0,1.169,0.0,0.0,0.9989,0.0001,0.0019,0.0,0.0515,111.1525,0.0,0.0,0.0,0.0,up,108.12,2026-09-15T10:03:53,0.0,107.274997711182,215.81,2026-09-16 15:44:11,2026-09-16 11:45:06
NVDA,NVDA261002C00110000,NVDA,2026-10-02,C,110.0,105.95,1.0,106.25,1.0,1.1622,2.0,0.0,0.9986,0.0001,0.0022,0.0,0.0539,106.1662,0.0,0.0,0.0,0.0,up,102.03,2026-08-26T13:54:54,0.0,102.25,215.81,2026-09-16 15:44:11,2026-09-16 11:45:06
NVDA,NVDA261002C00115000,NVDA,2026-10-02,C,115.0,100.95,1.0,101.3,4.0,1.1328,1.0,0.0,0.9983,0.0001,0.0026,0.0,0.0564,101.1802,0.0,0.0,0.0,0.0,down,96.9,2026-09-14T15:52:31,0.0,97.2749977111816,215.81,2026-09-16 15:44:11,2026-09-16 11:45:06
NVDA,NVDA261002C00120000,NVDA,2026-10-02,C,120.0,95.95,1.0,96.3,4.0,1.0325,8.0,0.0,0.998,0.0001,0.0031,0.0,0.0588,96.1949,0.0,0.0,0.0,0.0,down,97.77,2026-09-10T13:24:30,0.0,92.3250007629394,215.81,2026-09-16 15:44:11,2026-09-16 11:45:06
NVDA,NVDA261002C00125000,NVDA,2026-10-02,C,125.0,91.0,1.0,91.3,4.0,1.0011,1.0,0.0,0.9976,0.0002,0.0036,0.0,0.0612,91.2102,0.0,0.0,0.0,0.0,down,94.36,2026-09-11T15:02:04,0.0,87.3250007629394,215.81,2026-09-16 15:44:11,2026-09-16 11:45:06
NVDA,NVDA261002C00130000,NVDA,2026-10-02,C,130.0,86.0,1.0,86.35,4.0,0.9616,4.0,0.0,0.997,0.0002,0.0043,-0.001,0.0636,86.2265,0.0,0.0,0.0,0.0,up,81.3,2026-09-14T09:48:15,0.0,82.2999992370606,215.81,2026-09-16 15:44:11,2026-09-16 11:45:06
NVDA,NVDA261002C00135000,NVDA,2026-10-02,C,135.0,81.0,1.0,81.35,11.0,0.8774,3.0,0.0,0.9963,0.0003,0.0051,-0.003,0.066,81.244,0.0,0.0,0.0,0.0,down,83.36,2026-09-10T13:25:57,0.0,77.375,215.81,2026-09-16 15:44:11,2026-09-16 11:45:06
NVDA,NVDA261002C00140000,NVDA,2026-10-02,C,140.0,76.0,6.0,76.35,12.0,0.8379,14.0,0.0,0.9955,0.0004,0.0062,-0.0053,0.0683,76.263,0.0,0.0,0.0,0.0,no_change,84.45,2026-09-09T13:55:49,0.0,72.3500022888184,215.81,2026-09-16 15:44:11,2026-09-16 11:45:06
NVDA,NVDA261002C00145000,NVDA,2026-10-02,C,145.0,71.05,1.0,71.4,11.0,0.7944,37.0,0.0,0.9944,0.0005,0.0074,-0.0079,0.0707,71.2843,0.0,0.0,0.0,0.0,up,67.72,2026-09-15T15:57:09,0.0,67.4249992370606,215.81,2026-09-16 15:44:11,2026-09-16 11:45:06
NVDA,NVDA261002C00150000,NVDA,2026-10-02,C,150.0,66.05,1.0,66.4,17.0,0.7484,102.0,0.0,0.993,0.0006,0.0091,-0.011,0.073,66.3084,0.0,0.0,0.0,0.0,no_change,62.53,2026-09-15T15:19:37,0.0,62.3999996185303,215.81,2026-09-16 15:44:11,2026-09-16 11:45:06
NVDA,NVDA261002C00155000,NVDA,2026-10-02,C,155.0,61.1,1.0,61.45,5.0,0.7007,31.0,0.0,0.9911,0.0008,0.0112,-0.0146,0.0752,61.3364,0.0,0.0,0.0,0.0,down,57.62,2026-09-14T12:23:34,0.0,57.4499988555908,215.81,2026-09-16 15:44:11,2026-09-16 11:45:06
NVDA,NVDA261002C00160000,NVDA,2026-10-02,C,160.0,56.15,1.0,56.45,15.0,0.6518,72.0,0.0,0.9886,0.001,0.0139,-0.0188,0.0774,56.3694,0.0,0.0,0.0,0.0,down,52.3,2026-09-15T12:59:04,0.0,52.4749984741211,215.81,2026-09-16 15:44:11,2026-09-16 11:45:06
NVDA,NVDA261002C00165000,NVDA,2026-10-02,C,165.0,51.15,17.0,51.5,3.0,0.6168,29.0,0.0,0.9853,0.0014,0.0173,-0.0239,0.0795,51.4088,0.0,0.0,0.0,0.0,down,47.76,2026-09-15T10:56:27,0.0,47.5250015258789,215.81,2026-09-16 15:44:11,2026-09-16 11:45:06
NVDA,NVDA261002C00170000,NVDA,2026-10-02,C,170.0,46.2,15.0,46.55,2.0,0.5643,51.0,0.0,0.9808,0.0018,0.0216,-0.0297,0.0815,46.4568,0.0,0.0,0.0,0.0,up,43.19,2026-09-14T13:54:42,0.0,42.5750007629394,215.81,2026-09-16 15:44:11,2026-09-16 11:45:06
NVDA,NVDA261002C00175000,NVDA,2026-10-02,C,175.0,41.3,18.0,41.6,61.0,0.5404,117.0,0.0,0.9748,0.0024,0.0272,-0.0366,0.0833,41.5162,0.0,0.0,0.0,0.0,up,37.75,2026-09-15T14:35:02,0.0,37.6749992370606,215.81,2026-09-16 15:44:11,2026-09-16 11:45:06
NVDA,NVDA261002C00180000,NVDA,2026-10-02,C,180.0,36.4,37.0,36.7,111.0,0.4913,139.0,2.0,0.9664,0.0034,0.0346,-0.0448,0.0848,36.5931,3.8,36.55,36.55,36.55,no_change,36.55,2026-09-16T11:14:50,11.6031,32.75,215.81,2026-09-16 15:44:11,2026-09-16 11:45:06
NVDA,NVDA261002C00185000,NVDA,2026-10-02,C,185.0,31.5,79.0,31.8,137.0,0.4575,139.0,7.0,0.954,0.0047,0.0446,-0.0554,0.086,31.7016,1.575,29.5,29.5,29.5,no_change,29.5,2026-09-16T09:39:29,5.64011,27.9249992370605,215.81,2026-09-16 15:44:11,2026-09-16 11:45:06
NVDA,NVDA261002C00190000,NVDA,2026-10-02,C,190.0,26.65,178.0,26.9,194.0,0.428,899.0,13.0,0.9344,0.0067,0.0589,-0.07,0.0863,26.8721,3.14,24.71,26.34,24.71,up,26.34,2026-09-16T10:55:52,13.5345,23.1999998092651,215.81,2026-09-16 15:44:11,2026-09-16 11:45:06
NVDA,NVDA261002C00195000,NVDA,2026-10-02,C,195.0,22.0,45.0,22.25,239.0,0.3964,360.0,128.0,0.9024,0.0096,0.0794,-0.0907,0.0852,22.1623,2.895,21.6,21.6,21.25,no_change,21.57,2026-09-16T10:50:16,15.502,18.6749992370605,215.81,2026-09-16 15:44:11,2026-09-16 11:45:06
NVDA,NVDA261002C00197500,NVDA,2026-10-02,C,197.5,19.65,132.0,19.95,185.0,0.3851,171.0,225.0,0.8797,0.0115,0.0921,-0.1035,0.0839,19.8797,3.55,19.11,20.05,19.0,up,20.05,2026-09-16T11:28:02,21.5152,16.5,215.81,2026-09-16 15:44:11,2026-09-16 11:45:06
NVDA,NVDA261002C00200000,NVDA,2026-10-02,C,200.0,17.55,36.0,17.65,41.0,0.3689,808.0,542.0,0.8514,0.0137,0.1063,-0.1178,0.082,17.6641,3.245,16.0,17.86,15.74,up,17.67,2026-09-16T11:25:48,22.4957,14.4250001907349,215.81,2026-09-16 15:44:11,2026-09-16 11:45:06
NVDA,NVDA261002C00202500,NVDA,2026-10-02,C,202.5,15.4,89.0,15.65,216.0,0.3652,701.0,305.0,0.8168,0.0161,0.1216,-0.1329,0.0794,15.5315,3.045,14.2,15.6,14.2,no_change,15.52,2026-09-16T11:25:08,24.4088,12.4749999046326,215.81,2026-09-16 15:44:11,2026-09-16 11:45:06
NVDA,NVDA261002C00205000,NVDA,2026-10-02,C,205.0,13.4,36.0,13.5,81.0,0.354,675.0,403.0,0.7756,0.0185,0.1369,-0.148,0.076,13.4993,2.95,12.0,13.85,11.88,down,13.6,2026-09-16T11:11:19,27.6995,10.6500000953674,215.81,2026-09-16 15:44:11,2026-09-16 11:45:06
NVDA,NVDA261002C00207500,NVDA,2026-10-02,C,207.5,11.45,76.0,11.6,154.0,0.3483,586.0,585.0,0.7277,0.0209,0.1516,-0.162,0.0718,11.5849,2.74,10.0,11.69,10.0,up,11.69,2026-09-16T11:28:03,30.6145,8.94999980926514,215.81,2026-09-16 15:44:11,2026-09-16 11:45:06
NVDA,NVDA261002C00210000,NVDA,2026-10-02,C,210.0,9.7,68.0,9.8,105.0,0.3411,2172.0,486.0,0.6735,0.0231,0.1644,-0.1738,0.0669,9.8056,2.4,8.65,10.0,8.3,up,9.85,2026-09-16T11:26:00,32.2148,7.45000004768372,215.81,2026-09-16 15:44:11,2026-09-16 11:45:06
NVDA,NVDA261002C00212500,NVDA,2026-10-02,C,212.5,8.1,50.0,8.2,263.0,0.3375,602.0,388.0,0.6139,0.0249,0.1742,-0.1822,0.0613,8.1772,2.215,7.1,8.47,6.7,up,8.29,2026-09-16T11:28:03,36.4609,6.07500004768372,215.81,2026-09-16 15:44:11,2026-09-16 11:45:06
NVDA,NVDA261002C00215000,NVDA,2026-10-02,C,215.0,6.65,39.0,6.75,243.0,0.3324,3414.0,1353.0,0.5502,0.0261,0.1802,-0.1864,0.0552,6.7135,1.82,5.58,7.0,5.39,up,6.72,2026-09-16T11:29:09,37.1429,4.89999985694885,215.81,2026-09-16 15:44:11,2026-09-16 11:45:06
NVDA,NVDA261002C00217500,NVDA,2026-10-02,C,217.5,5.35,177.0,5.45,252.0,0.3294,483.0,465.0,0.4843,0.0266,0.1814,-0.1857,0.0488,5.4244,1.625,4.65,5.67,4.5,up,5.5,2026-09-16T11:27:26,41.9355,3.875,215.81,2026-09-16 15:44:11,2026-09-16 11:45:06
NVDA,NVDA261002C00220000,NVDA,2026-10-02,C,220.0,4.25,133.0,4.35,398.0,0.3242,7596.0,2836.0,0.4184,0.0263,0.1778,-0.1802,0.0423,4.3142,1.355,3.7,4.54,3.4,up,4.38,2026-09-16T11:28:45,44.7934,3.02499997615814,215.81,2026-09-16 15:44:11,2026-09-16 11:45:06
NVDA,NVDA261002C00222500,NVDA,2026-10-02,C,222.5,3.3,192.0,3.4,379.0,0.3226,405.0,209.0,0.3546,0.0252,0.1696,-0.1702,0.036,3.3794,1.025,2.8,3.55,2.7,no_change,3.35,2026-09-16T11:25:38,44.086,2.32499992847443,215.81,2026-09-16 15:44:11,2026-09-16 11:45:06
NVDA,NVDA261002C00225000,NVDA,2026-10-02,C,225.0,2.56,48.0,2.6,307.0,0.3211,5913.0,1589.0,0.295,0.0235,0.1574,-0.1566,0.03,2.6092,0.81,2.18,2.75,1.98,down,2.58,2026-09-16T11:29:09,45.7627,1.76999998092651,215.81,2026-09-16 15:44:11,2026-09-16 11:45:06
NVDA,NVDA261002C00227500,NVDA,2026-10-02,C,227.5,1.94,79.0,1.98,209.0,0.3204,790.0,962.0,0.2411,0.0213,0.1425,-0.1405,0.0245,1.9878,0.665,1.5,2.01,1.5,no_change,2.0,2026-09-16T11:28:13,49.8127,1.33500003814697,215.81,2026-09-16 15:44:11,2026-09-16 11:45:06
NVDA,NVDA261002C00230000,NVDA,2026-10-02,C,230.0,1.47,86.0,1.5,345.0,0.3204,12129.0,2727.0,0.1938,0.0187,0.126,-0.1232,0.0197,1.4979,0.5,1.26,1.58,1.11,no_change,1.51,2026-09-16T11:28:48,49.505,1.00999999046326,215.81,2026-09-16 15:44:11,2026-09-16 11:45:06
NVDA,NVDA261002C00232500,NVDA,2026-10-02,C,232.5,1.1,132.0,1.11,11.0,0.3214,1810.0,244.0,0.1539,0.0161,0.1091,-0.106,0.0157,1.122,0.36,0.87,1.2,0.87,up,1.12,2026-09-16T11:26:24,47.3684,0.759999990463257,215.81,2026-09-16 15:44:11,2026-09-16 11:45:06
NVDA,NVDA261002C00235000,NVDA,2026-10-02,C,235.0,0.84,50.0,0.85,396.0,0.3242,9876.0,1015.0,0.1214,0.0136,0.093,-0.0901,0.0124,0.8415,0.26,0.69,0.9,0.67,down,0.84,2026-09-16T11:28:45,44.8276,0.5799999833107,215.81,2026-09-16 15:44:11,2026-09-16 11:45:06
NVDA,NVDA261002C00237500,NVDA,2026-10-02,C,237.5,0.64,2816.0,0.65,361.0,0.3286,445.0,2552.0,0.0957,0.0113,0.0785,-0.0762,0.0097,0.6372,0.19,0.55,0.67,0.55,no_change,0.64,2026-09-16T11:26:36,42.2222,0.450000002980232,215.81,2026-09-16 15:44:11,2026-09-16 11:45:06
NVDA,NVDA261002C00240000,NVDA,2026-10-02,C,240.0,0.48,169.0,0.5,430.0,0.3329,6799.0,952.0,0.0759,0.0094,0.0662,-0.0646,0.0077,0.4901,0.125,0.4,0.54,0.4,no_change,0.48,2026-09-16T11:26:22,35.2113,0.355000004172325,215.81,2026-09-16 15:44:11,2026-09-16 11:45:06
NVDA,NVDA261002C00242500,NVDA,2026-10-02,C,242.5,0.37,140.0,0.39,415.0,0.3389,175.0,521.0,0.0608,0.0077,0.056,-0.0552,0.0062,0.3844,0.105,0.34,0.42,0.34,no_change,0.39,2026-09-16T11:28:22,36.8421,0.284999996423721,215.81,2026-09-16 15:44:11,2026-09-16 11:45:06
NVDA,NVDA261002C00245000,NVDA,2026-10-02,C,245.0,0.29,271.0,0.31,373.0,0.3466,7067.0,499.0,0.0494,0.0064,0.0476,-0.0475,0.005,0.3076,0.065,0.49,0.49,0.28,no_change,0.3,2026-09-16T11:24:54,27.6596,0.234999999403954,215.81,2026-09-16 15:44:11,2026-09-16 11:45:06
NVDA,NVDA261002C00250000,NVDA,2026-10-02,C,250.0,0.2,712.0,0.21,810.0,0.3643,35853.0,520.0,0.0338,0.0045,0.035,-0.0362,0.0034,0.2075,0.025,0.27,0.27,0.18,down,0.2,2026-09-16T11:27:15,14.2857,0.175000004470348,215.81,2026-09-16 15:44:11,2026-09-16 11:45:06
NVDA,NVDA261002C00255000,NVDA,2026-10-02,C,255.0,0.14,813.0,0.15,1369.0,0.3835,3474.0,28.0,0.024,0.0032,0.0265,-0.0284,0.0024,0.1479,0.015,0.15,0.16,0.15,no_change,0.15,2026-09-16T11:22:07,11.1111,0.134999997913837,215.81,2026-09-16 15:44:11,2026-09-16 11:45:06
NVDA,NVDA261002C00260000,NVDA,2026-10-02,C,260.0,0.11,198.0,0.12,964.0,0.4068,5503.0,47.0,0.0177,0.0024,0.0205,-0.0228,0.0018,0.1098,0.005,0.12,0.12,0.11,no_change,0.11,2026-09-16T11:22:23,4.7619,0.105000000447035,215.81,2026-09-16 15:44:11,2026-09-16 11:45:06
NVDA,NVDA261002C00265000,NVDA,2026-10-02,C,265.0,0.08,492.0,0.09,809.0,0.4246,1849.0,3.0,0.0134,0.0018,0.0161,-0.0186,0.0013,0.0837,0.005,0.08,0.09,0.08,no_change,0.09,2026-09-16T10:19:13,5.88235,0.0850000008940697,215.81,2026-09-16 15:44:11,2026-09-16 11:45:06
NVDA,NVDA261002C00270000,NVDA,2026-10-02,C,270.0,0.06,592.0,0.07,1050.0,0.4429,2490.0,1.0,0.0103,0.0014,0.0128,-0.0153,0.001,0.0653,0.005,0.07,0.07,0.07,up,0.07,2026-09-16T11:25:09,7.69231,0.0649999994784594,215.81,2026-09-16 15:44:11,2026-09-16 11:45:06
NVDA,NVDA261002C00275000,NVDA,2026-10-02,C,275.0,0.04,525.0,0.06,853.0,0.4601,5027.0,454.0,0.0081,0.001,0.0104,-0.0128,0.0008,0.0518,0.0,0.06,0.06,0.05,down,0.05,2026-09-16T10:03:57,2.23517e-06,0.0499999988824129,215.81,2026-09-16 15:44:11,2026-09-16 11:45:06
NVDA,NVDA261002C00280000,NVDA,2026-10-02,C,280.0,0.03,300.0,0.05,687.0,0.4781,2086.0,0.0,0.0064,0.0008,0.0085,-0.0108,0.0006,0.0417,0.0,0.0,0.0,0.0,up,0.04,2026-09-15T13:57:07,0.0,0.0400000000372529,215.81,2026-09-16 15:44:11,2026-09-16 11:45:06
NVDA,NVDA261002C00285000,NVDA,2026-10-02,C,285.0,0.03,273.0,0.04,377.0,0.4997,526.0,1.0,0.0052,0.0006,0.007,-0.0091,0.0005,0.034,-0.005,0.03,0.03,0.03,down,0.03,2026-09-16T09:31:34,-14.2857,0.034999999217689,215.81,2026-09-16 15:44:11,2026-09-16 11:45:06
NVDA,NVDA261002C00290000,NVDA,2026-10-02,C,290.0,0.02,326.0,0.03,471.0,0.5097,1708.0,0.0,0.0042,0.0005,0.0058,-0.0078,0.0004,0.0281,0.0,0.0,0.0,0.0,down,0.03,2026-09-15T11:17:58,0.0,0.0299999993294477,215.81,2026-09-16 15:44:11,2026-09-16 11:45:06
NVDA,NVDA261002C00295000,NVDA,2026-10-02,C,295.0,0.01,706.0,0.03,703.0,0.5247,313.0,0.0,0.0035,0.0004,0.0049,-0.0068,0.0003,0.0234,0.0,0.0,0.0,0.0,no_change,0.03,2026-09-11T13:17:58,0.0,0.0199999995529652,215.81,2026-09-16 15:44:11,2026-09-16 11:45:06
NVDA,NVDA261002C00300000,NVDA,2026-10-02,C,300.0,0.01,721.0,0.03,649.0,0.55,2665.0,6.0,0.0029,0.0004,0.0042,-0.0059,0.0003,0.0198,-0.005,0.02,0.02,0.02,no_change,0.02,2026-09-16T11:02:50,-20.0,0.0249999994412065,215.81,2026-09-16 15:44:11,2026-09-16 11:45:06
NVDA,NVDA261002C00305000,NVDA,2026-10-02,C,305.0,0.01,161.0,0.02,439.0,0.56,202.0,0.0,0.0024,0.0003,0.0036,-0.0051,0.0002,0.0169,0.0,0.0,0.0,0.0,no_change,0.02,2026-09-15T14:04:00,0.0,0.0199999995529652,215.81,2026-09-16 15:44:11,2026-09-16 11:45:06
NVDA,NVDA261002C00310000,NVDA,2026-10-02,C,310.0,0.0,0.0,0.02,367.0,0.5638,101.0,0.0,0.0021,0.0002,0.0031,-0.0045,0.0002,0.0145,0.0,0.0,0.0,0.0,down,0.01,2026-09-14T15:43:10,0.0,0.00999999977648258,215.81,2026-09-16 15:44:11,2026-09-16 11:45:06
NVDA,NVDA261002C00315000,NVDA,2026-10-02,C,315.0,0.0,0.0,0.02,506.0,0.5864,96.0,443.0,0.0018,0.0002,0.0027,-0.004,0.0002,0.0126,-0.005,0.01,0.02,0.01,no_change,0.01,2026-09-16T09:43:20,-33.3333,0.0149999996647239,215.81,2026-09-16 15:44:11,2026-09-16 11:45:06
NVDA,NVDA261002C00320000,NVDA,2026-10-02,C,320.0,0.0,0.0,0.01,20.0,0.5763,358.0,0.0,0.0016,0.0002,0.0023,-0.0036,0.0001,0.011,0.0,0.0,0.0,0.0,down,0.01,2026-09-15T13:02:56,0.0,0.00999999977648258,215.81,2026-09-16 15:44:11,2026-09-16 11:45:06
NVDA,NVDA261002C00325000,NVDA,2026-10-02,C,325.0,0.0,0.0,0.01,20.0,0.5971,529.0,0.0,0.0014,0.0001,0.002,-0.0032,0.0001,0.0097,0.0,0.0,0.0,0.0,no_change,0.02,2026-09-14T12:33:52,0.0,0.00999999977648258,215.81,2026-09-16 15:44:11,2026-09-16 11:45:06
NVDA,NVDA261002C00330000,NVDA,2026-10-02,C,330.0,0.0,0.0,0.01,20.0,0.6174,1196.0,0.0,0.0012,0.0001,0.0018,-0.0029,0.0001,0.0086,0.0,0.0,0.0,0.0,down,0.01,2026-09-10T10:56:00,0.0,0.00999999977648258,215.81,2026-09-16 15:44:11,2026-09-16 11:45:06
NVDA,NVDA261002C00335000,NVDA,2026-10-02,C,335.0,0.0,0.0,0.02,42.0,0.6724,466.0,0.0,0.001,0.0001,0.0016,-0.0026,0.0001,0.0077,0.0,0.0,0.0,0.0,no_change,0.02,2026-09-09T14:04:04,0.0,0.00999999977648258,215.81,2026-09-16 15:44:11,2026-09-16 11:45:06
NVDA,NVDA261002C00340000,NVDA,2026-10-02,C,340.0,0.0,0.0,0.02,36.0,0.693,153.0,0.0,0.0009,0.0001,0.0014,-0.0024,0.0001,0.0069,0.0,0.0,0.0,0.0,no_change,0.01,2026-09-11T15:50:55,0.0,0.00999999977648258,215.81,2026-09-16 15:44:11,2026-09-16 11:45:06
NVDA,NVDA261002C00345000,NVDA,2026-10-02,C,345.0,0.0,0.0,0.02,33.0,0.7131,20.0,0.0,0.0008,0.0001,0.0013,-0.0022,0.0001,0.0062,0.0,0.0,0.0,0.0,up,0.05,2026-08-27T09:30:30,0.0,0.00999999977648258,215.81,2026-09-16 15:44:11,2026-09-16 11:45:06
NVDA,NVDA261002C00350000,NVDA,2026-10-02,C,350.0,0.0,0.0,0.02,30.0,0.733,47.0,0.0,0.0008,0.0001,0.0012,-0.002,0.0001,0.0057,0.0,0.0,0.0,0.0,no_change,0.01,2026-09-11T15:50:55,0.0,0.00999999977648258,215.81,2026-09-16 15:44:11,2026-09-16 11:45:06
NVDA,NVDA261002C00360000,NVDA,2026-10-02,C,360.0,0.0,0.0,0.01,9.0,0.7326,48.0,0.0,0.0006,0.0001,0.001,-0.0018,0.0001,0.0047,0.0,0.0,0.0,0.0,no_change,0.01,2026-09-04T12:17:16,0.0,0.00999999977648258,215.81,2026-09-16 15:44:11,2026-09-16 11:45:06
NVDA,NVDA261002C00370000,NVDA,2026-10-02,C,370.0,0.0,0.0,0.01,9.0,0.7684,45.0,0.0,0.0005,0.0,0.0008,-0.0015,0.0,0.004,0.0,0.0,0.0,0.0,up,0.02,2026-09-04T14:41:33,0.0,0.00499999988824129,215.81,2026-09-16 15:44:11,2026-09-16 11:45:06
NVDA,NVDA261002C00380000,NVDA,2026-10-02,C,380.0,0.0,0.0,0.01,9.0,0.803,12.0,0.0,0.0004,0.0,0.0007,-0.0013,0.0,0.0034,0.0,0.0,0.0,0.0,up,0.03,2026-08-25T11:42:31,0.0,0.00999999977648258,215.81,2026-09-16 15:44:11,2026-09-16 11:45:06
NVDA,NVDA261002C00390000,NVDA,2026-10-02,C,390.0,0.0,0.0,0.01,10.0,0.8366,5.0,0.0,0.0004,0.0,0.0006,-0.0012,0.0,0.003,0.0,0.0,0.0,0.0,up,0.02,2026-09-02T11:40:24,0.0,0.00499999988824129,215.81,2026-09-16 15:44:11,2026-09-16 11:45:06
NVDA,NVDA261002P00050000,NVDA,2026-10-02,P,50.0,0.0,0.0,0.02,75.0,2.2126,12.0,0.0,-0.0002,0.0,0.0003,-0.0014,0.0,0.0037,0.0,0.0,0.0,0.0,down,0.01,2026-09-04T11:46:25,0.0,0.00999999977648258,215.81,2026-09-16 15:44:11,2026-09-16 11:45:06
NVDA,NVDA261002P00055000,NVDA,2026-10-02,P,55.0,0.0,0.0,0.02,105.0,2.0713,2.0,0.0,-0.0002,0.0,0.0003,-0.0016,0.0,0.0044,0.0,0.0,0.0,0.0,down,0.02,2026-08-24T10:27:40,0.0,0.00999999977648258,215.81,2026-09-16 15:44:11,2026-09-16 11:45:06
NVDA,NVDA261002P00060000,NVDA,2026-10-02,P,60.0,0.0,0.0,0.02,63.0,1.9425,368.0,0.0,-0.0002,0.0,0.0004,-0.0019,0.0,0.0052,0.0,0.0,0.0,0.0,up,0.02,2026-09-10T12:34:15,0.0,0.00999999977648258,215.81,2026-09-16 15:44:11,2026-09-16 11:45:06
NVDA,NVDA261002P00065000,NVDA,2026-10-02,P,65.0,0.0,0.0,0.02,80.0,1.8245,0.0,0.0,-0.0003,0.0,0.0005,-0.0022,0.0,0.0061,0.0,0.0,0.0,0.0,no_change,0.0,,0.0,0.00999999977648258,215.81,2026-09-16 15:44:11,2026-09-16 11:45:06
NVDA,NVDA261002P00070000,NVDA,2026-10-02,P,70.0,0.0,0.0,0.02,72.0,1.7154,10.0,0.0,-0.0004,0.0,0.0006,-0.0025,0.0,0.0071,0.0,0.0,0.0,0.0,no_change,0.04,2026-08-25T09:30:04,0.0,0.00999999977648258,215.81,2026-09-16 15:44:11,2026-09-16 11:45:06
NVDA,NVDA261002P00075000,NVDA,2026-10-02,P,75.0,0.0,0.0,0.02,51.0,1.6139,40.0,0.0,-0.0004,0.0,0.0007,-0.0029,0.0,0.0082,0.0,0.0,0.0,0.0,no_change,0.02,2026-09-11T10:31:34,0.0,0.00999999977648258,215.81,2026-09-16 15:44:11,2026-09-16 11:45:06
NVDA,NVDA261002P00080000,NVDA,2026-10-02,P,80.0,0.01,23.0,0.02,26.0,1.6098,42.0,0.0,-0.0005,0.0,0.0008,-0.0032,-0.0001,0.0095,0.0,0.0,0.0,0.0,no_change,0.03,2026-09-11T09:48:36,0.0,0.0149999996647239,215.81,2026-09-16 15:44:11,2026-09-16 11:45:06
NVDA,NVDA261002P00085000,NVDA,2026-10-02,P,85.0,0.01,33.0,0.03,181.0,1.5158,26.0,0.0,-0.0006,0.0,0.001,-0.0037,-0.0001,0.011,0.0,0.0,0.0,0.0,no_change,0.03,2026-09-11T09:52:03,0.0,0.0199999995529652,215.81,2026-09-16 15:44:11,2026-09-16 11:45:06
NVDA,NVDA261002P00090000,NVDA,2026-10-02,P,90.0,0.01,163.0,0.03,481.0,1.4273,46.0,3.0,-0.0008,0.0,0.0012,-0.0041,-0.0001,0.0126,-0.01,0.01,0.01,0.01,no_change,0.01,2026-09-16T09:44:13,-50.0,0.0199999995529652,215.81,2026-09-16 15:44:11,2026-09-16 11:45:06
NVDA,NVDA261002P00095000,NVDA,2026-10-02,P,95.0,0.01,62.0,0.02,10.0,1.3102,14.0,0.0,-0.0009,0.0,0.0014,-0.0047,-0.0001,0.0145,0.0,0.0,0.0,0.0,down,0.02,2026-09-14T15:23:44,0.0,0.0149999996647239,215.81,2026-09-16 15:44:11,2026-09-16 11:45:06
NVDA,NVDA261002P00100000,NVDA,2026-10-02,P,100.0,0.01,77.0,0.03,44.0,1.264,331.0,0.0,-0.0011,0.0001,0.0016,-0.0052,-0.0001,0.0167,0.0,0.0,0.0,0.0,no_change,0.02,2026-09-14T14:24:59,0.0,0.0199999995529652,215.81,2026-09-16 15:44:11,2026-09-16 11:45:06
NVDA,NVDA261002P00105000,NVDA,2026-10-02,P,105.0,0.02,55.0,0.03,29.0,1.2129,24.0,0.0,-0.0013,0.0001,0.0019,-0.0059,-0.0001,0.0191,0.0,0.0,0.0,0.0,no_change,0.03,2026-09-15T13:59:28,0.0,0.0199999995529652,215.81,2026-09-16 15:44:11,2026-09-16 11:45:06
NVDA,NVDA261002P00110000,NVDA,2026-10-02,P,110.0,0.02,31.0,0.03,17.0,1.1393,1237.0,0.0,-0.0015,0.0001,0.0022,-0.0066,-0.0002,0.022,0.0,0.0,0.0,0.0,no_change,0.03,2026-09-15T11:07:02,0.0,0.0249999994412065,215.81,2026-09-16 15:44:11,2026-09-16 11:45:06
NVDA,NVDA261002P00115000,NVDA,2026-10-02,P,115.0,0.02,51.0,0.04,60.0,1.0877,354.0,0.0,-0.0018,0.0001,0.0026,-0.0074,-0.0002,0.0253,0.0,0.0,0.0,0.0,up,0.06,2026-09-11T14:21:44,0.0,0.0299999993294477,215.81,2026-09-16 15:44:11,2026-09-16 11:45:06
NVDA,NVDA261002P00120000,NVDA,2026-10-02,P,120.0,0.02,139.0,0.03,10.0,1.0014,8273.0,0.0,-0.0022,0.0001,0.0031,-0.0084,-0.0002,0.0291,0.0,0.0,0.0,0.0,no_change,0.03,2026-09-15T15:56:30,0.0,0.034999999217689,215.81,2026-09-16 15:44:11,2026-09-16 11:45:06
NVDA,NVDA261002P00125000,NVDA,2026-10-02,P,125.0,0.02,403.0,0.04,226.0,0.9537,328.0,60.0,-0.0026,0.0002,0.0036,-0.0094,-0.0003,0.0336,-0.01,0.03,0.03,0.03,no_change,0.03,2026-09-16T10:29:39,-25.0,0.0400000000372529,215.81,2026-09-16 15:44:11,2026-09-16 11:45:06
NVDA,NVDA261002P00130000,NVDA,2026-10-02,P,130.0,0.03,81.0,0.04,60.0,0.9041,475.0,83.0,-0.0031,0.0002,0.0043,-0.0106,-0.0003,0.0391,-0.01,0.04,0.04,0.04,no_change,0.04,2026-09-16T10:09:48,-20.0,0.0499999988824129,215.81,2026-09-16 15:44:11,2026-09-16 11:45:06
NVDA,NVDA261002P00135000,NVDA,2026-10-02,P,135.0,0.04,51.0,0.05,61.0,0.8641,1119.0,1.0,-0.0038,0.0003,0.0051,-0.0121,-0.0004,0.0458,-0.01,0.05,0.05,0.05,down,0.05,2026-09-16T10:05:37,-16.6667,0.0600000005215406,215.81,2026-09-16 15:44:11,2026-09-16 11:45:06
NVDA,NVDA261002P00140000,NVDA,2026-10-02,P,140.0,0.04,356.0,0.06,245.0,0.8121,3134.0,15.0,-0.0046,0.0004,0.0062,-0.0138,-0.0005,0.054,-0.01,0.05,0.06,0.05,no_change,0.06,2026-09-16T10:16:31,-14.2857,0.0699999984353781,215.81,2026-09-16 15:44:11,2026-09-16 11:45:06
NVDA,NVDA261002P00145000,NVDA,2026-10-02,P,145.0,0.05,838.0,0.07,259.0,0.7677,1265.0,5.0,-0.0057,0.0005,0.0075,-0.0159,-0.0006,0.0645,-0.01,0.07,0.07,0.07,down,0.07,2026-09-16T09:30:07,-12.5,0.080000001937151,215.81,2026-09-16 15:44:11,2026-09-16 11:45:06
NVDA,NVDA261002P00150000,NVDA,2026-10-02,P,150.0,0.07,35.0,0.08,40.0,0.7274,1783.0,0.0,-0.0072,0.0006,0.0091,-0.0184,-0.0007,0.0779,0.0,0.0,0.0,0.0,no_change,0.1,2026-09-15T15:47:15,0.0,0.0950000025331974,215.81,2026-09-16 15:44:11,2026-09-16 11:45:06
NVDA,NVDA261002P00155000,NVDA,2026-10-02,P,155.0,0.08,286.0,0.1,44.0,0.6838,904.0,0.0,-0.0091,0.0008,0.0112,-0.0215,-0.0009,0.0951,0.0,0.0,0.0,0.0,no_change,0.13,2026-09-15T13:36:45,0.0,0.119999997317791,215.81,2026-09-16 15:44:11,2026-09-16 11:45:06
NVDA,NVDA261002P00160000,NVDA,2026-10-02,P,160.0,0.11,140.0,0.13,569.0,0.6496,1659.0,2.0,-0.0116,0.001,0.0139,-0.0252,-0.0012,0.1173,-0.04,0.11,0.11,0.11,no_change,0.11,2026-09-16T09:51:17,-26.6667,0.149999998509884,215.81,2026-09-16 15:44:11,2026-09-16 11:45:06
NVDA,NVDA261002P00165000,NVDA,2026-10-02,P,165.0,0.14,532.0,0.16,733.0,0.61,1089.0,100.0,-0.0149,0.0014,0.0173,-0.0297,-0.0015,0.1461,-0.05,0.14,0.14,0.14,no_change,0.14,2026-09-16T11:07:57,-26.3158,0.190000005066395,215.81,2026-09-16 15:44:11,2026-09-16 11:45:06
NVDA,NVDA261002P00170000,NVDA,2026-10-02,P,170.0,0.18,415.0,0.19,556.0,0.5684,709.0,75.0,-0.0194,0.0018,0.0217,-0.035,-0.002,0.1834,-0.04,0.19,0.19,0.18,no_change,0.19,2026-09-16T11:09:12,-17.3913,0.229999996721745,215.81,2026-09-16 15:44:11,2026-09-16 11:45:06
NVDA,NVDA261002P00175000,NVDA,2026-10-02,P,175.0,0.23,320.0,0.24,623.0,0.5291,1496.0,310.0,-0.0254,0.0024,0.0273,-0.0413,-0.0026,0.2323,-0.06,0.24,0.25,0.23,up,0.24,2026-09-16T11:26:33,-20.0,0.299999997019768,215.81,2026-09-16 15:44:11,2026-09-16 11:45:06
NVDA,NVDA261002P00180000,NVDA,2026-10-02,P,180.0,0.29,147.0,0.31,228.0,0.4896,1982.0,355.0,-0.0339,0.0034,0.0348,-0.0491,-0.0034,0.2988,-0.09,0.33,0.33,0.3,no_change,0.3,2026-09-16T11:19:52,-23.0769,0.390000000596046,215.81,2026-09-16 15:44:11,2026-09-16 11:45:06
NVDA,NVDA261002P00185000,NVDA,2026-10-02,P,185.0,0.39,203.0,0.4,151.0,0.4522,2771.0,105.0,-0.0463,0.0047,0.0449,-0.0591,-0.0045,0.3963,-0.14,0.43,0.44,0.39,no_change,0.4,2026-09-16T11:28:20,-25.9259,0.53999999165535,215.81,2026-09-16 15:44:11,2026-09-16 11:45:06
NVDA,NVDA261002P00190000,NVDA,2026-10-02,P,190.0,0.55,201.0,0.57,476.0,0.4195,10345.0,171.0,-0.066,0.0067,0.0594,-0.0733,-0.0064,0.5575,-0.235,0.66,0.66,0.56,no_change,0.56,2026-09-16T11:16:05,-29.5597,0.794999986886978,215.81,2026-09-16 15:44:11,2026-09-16 11:45:06
NVDA,NVDA261002P00195000,NVDA,2026-10-02,P,195.0,0.83,198.0,0.86,113.0,0.3917,7817.0,400.0,-0.0983,0.0097,0.0798,-0.0936,-0.0095,0.839,-0.4,0.99,1.0,0.84,no_change,0.84,2026-09-16T11:18:31,-32.2581,1.24000000953674,215.81,2026-09-16 15:44:11,2026-09-16 11:45:06
NVDA,NVDA261002P00197500,NVDA,2026-10-02,P,197.5,1.04,184.0,1.07,110.0,0.3805,196.0,81.0,-0.1212,0.0116,0.0925,-0.1064,-0.0118,1.0522,-0.505,1.34,1.34,1.05,up,1.07,2026-09-16T11:18:15,-32.0635,1.57499998807907,215.81,2026-09-16 15:44:11,2026-09-16 11:45:06
NVDA,NVDA261002P00200000,NVDA,2026-10-02,P,200.0,1.33,167.0,1.35,107.0,0.3704,66694.0,643.0,-0.1493,0.0138,0.1064,-0.1203,-0.0144,1.3289,-0.68,1.6,1.61,1.3,up,1.32,2026-09-16T11:28:33,-34.0,2.0,215.81,2026-09-16 15:44:11,2026-09-16 11:45:06
NVDA,NVDA261002P00202500,NVDA,2026-10-02,P,202.5,1.69,96.0,1.72,49.0,0.3617,514.0,254.0,-0.1846,0.0162,0.122,-0.1355,-0.0175,1.6986,-0.855,2.0,2.1,1.64,up,1.69,2026-09-16T11:29:03,-33.5953,2.54499995708466,215.81,2026-09-16 15:44:11,2026-09-16 11:45:06
NVDA,NVDA261002P00205000,NVDA,2026-10-02,P,205.0,2.16,66.0,2.19,56.0,0.354,7306.0,722.0,-0.2262,0.0187,0.1375,-0.1505,-0.0211,2.1647,-1.05,2.63,2.71,2.1,down,2.15,2026-09-16T11:25:53,-32.8125,3.20000004768372,215.81,2026-09-16 15:44:11,2026-09-16 11:45:06
NVDA,NVDA261002P00207500,NVDA,2026-10-02,P,207.5,2.74,89.0,2.79,64.0,0.3474,1349.0,87.0,-0.2746,0.0211,0.1523,-0.1645,-0.0252,2.7493,-1.35,3.3,3.35,2.68,down,2.7,2026-09-16T11:26:46,-33.3333,4.04999995231628,215.81,2026-09-16 15:44:11,2026-09-16 11:45:06
NVDA,NVDA261002P00210000,NVDA,2026-10-02,P,210.0,3.45,122.0,3.55,374.0,0.3417,8418.0,695.0,-0.3293,0.0234,0.1651,-0.1762,-0.0301,3.4701,-1.595,4.13,4.25,3.39,down,3.43,2026-09-16T11:27:20,-31.7413,5.02500009536743,215.81,2026-09-16 15:44:11,2026-09-16 11:45:06
NVDA,NVDA261002P00212500,NVDA,2026-10-02,P,212.5,4.3,516.0,4.4,82.0,0.3366,675.0,399.0,-0.3896,0.0252,0.1744,-0.1845,-0.035,4.3441,-1.8,5.12,5.3,4.26,down,4.35,2026-09-16T11:22:29,-29.2683,6.14999985694885,215.81,2026-09-16 15:44:11,2026-09-16 11:45:06
NVDA,NVDA261002P00215000,NVDA,2026-10-02,P,215.0,5.35,265.0,5.45,72.0,0.3326,2957.0,273.0,-0.454,0.0264,0.1801,-0.1887,-0.0401,5.3848,-2.175,6.42,6.6,5.25,down,5.3,2026-09-16T11:27:53,-29.097,7.47500014305115,215.81,2026-09-16 15:44:11,2026-09-16 11:45:06
NVDA,NVDA261002P00217500,NVDA,2026-10-02,P,217.5,6.6,72.0,6.7,154.0,0.3278,314.0,40.0,-0.5207,0.027,0.1812,-0.188,-0.0451,6.6025,-2.325,7.85,7.85,6.49,no_change,6.65,2026-09-16T11:20:05,-25.9053,8.97499990463257,215.81,2026-09-16 15:44:11,2026-09-16 11:45:06
NVDA,NVDA261002P00220000,NVDA,2026-10-02,P,220.0,7.95,219.0,8.1,115.0,0.3249,6557.0,67.0,-0.5877,0.0267,0.1771,-0.1824,-0.0492,8.0014,-2.625,9.35,9.42,7.85,down,8.0,2026-09-16T11:22:28,-24.7059,10.625,215.81,2026-09-16 15:44:11,2026-09-16 11:45:06
NVDA,NVDA261002P00222500,NVDA,2026-10-02,P,222.5,9.55,133.0,9.65,56.0,0.3211,207.0,202.0,-0.6525,0.0257,0.1682,-0.1725,-0.0522,9.5783,-2.19,10.41,10.41,9.95,no_change,10.26,2026-09-16T10:27:47,-17.5904,12.4499998092651,215.81,2026-09-16 15:44:11,2026-09-16 11:45:06
NVDA,NVDA261002P00225000,NVDA,2026-10-02,P,225.0,11.3,48.0,11.4,68.0,0.3199,2343.0,298.0,-0.7133,0.024,0.1549,-0.1588,-0.0541,11.3226,-3.035,13.15,13.15,11.0,up,11.39,2026-09-16T11:16:13,-21.0399,14.4250001907349,215.81,2026-09-16 15:44:11,2026-09-16 11:45:06
NVDA,NVDA261002P00227500,NVDA,2026-10-02,P,227.5,13.2,38.0,13.3,61.0,0.3193,264.0,410.0,-0.7684,0.0218,0.1388,-0.1426,-0.0545,13.2183,-2.705,14.05,14.35,13.65,up,13.82,2026-09-16T10:50:00,-16.3691,16.5249996185303,215.81,2026-09-16 15:44:11,2026-09-16 11:45:06
NVDA,NVDA261002P00230000,NVDA,2026-10-02,P,230.0,15.25,20.0,15.35,44.0,0.3186,1700.0,2.0,-0.8168,0.0193,0.1208,-0.125,-0.0538,15.248,-3.41,16.2,16.2,15.29,down,15.29,2026-09-16T11:18:47,-18.2353,18.6999998092651,215.81,2026-09-16 15:44:11,2026-09-16 11:45:06
NVDA,NVDA261002P00232500,NVDA,2026-10-02,P,232.5,17.25,291.0,17.6,94.0,0.3146,77.0,120.0,-0.858,0.0167,0.102,-0.1076,-0.0517,17.3938,-2.695,18.17,18.4,18.05,down,18.28,2026-09-16T10:34:55,-12.8486,20.9750003814697,215.81,2026-09-16 15:44:11,2026-09-16 11:45:06
NVDA,NVDA261002P00235000,NVDA,2026-10-02,P,235.0,19.6,73.0,19.75,52.0,0.3224,5782.0,6.0,-0.8918,0.0143,0.0841,-0.0919,-0.0482,19.6364,-3.875,20.68,20.68,19.45,down,19.45,2026-09-16T11:11:40,-16.6131,23.3249998092651,215.81,2026-09-16 15:44:11,2026-09-16 11:45:06
NVDA,NVDA261002P00237500,NVDA,2026-10-02,P,237.5,21.85,68.0,22.1,44.0,0.3229,68.0,0.0,-0.9188,0.0122,0.07,-0.0789,-0.0463,21.9555,0.0,0.0,0.0,0.0,up,25.62,2026-09-15T14:57:36,0.0,25.7250003814697,215.81,2026-09-16 15:44:11,2026-09-16 11:45:06
NVDA,NVDA261002P00240000,NVDA,2026-10-02,P,240.0,24.25,240.0,24.55,140.0,0.3209,279.0,1.0,-0.9399,0.0103,0.0546,-0.069,-0.0399,24.3349,-2.025,26.1,26.1,26.1,down,26.1,2026-09-16T09:33:07,-7.2,28.125,215.81,2026-09-16 15:44:11,2026-09-16 11:45:06
NVDA,NVDA261002P00242500,NVDA,2026-10-02,P,242.5,26.65,39.0,26.95,39.0,0.3318,0.0,0.0,-0.9564,0.0088,0.041,-0.0603,-0.0307,26.7541,0.0,0.0,0.0,0.0,no_change,0.0,,0.0,30.5749998092651,215.81,2026-09-16 15:44:11,2026-09-16 11:45:06
NVDA,NVDA261002P00245000,NVDA,2026-10-02,P,245.0,29.1,17.0,29.4,33.0,0.3372,141.0,26.0,-0.9688,0.0073,0.0329,-0.0522,-0.0254,29.2012,-3.165,31.15,31.15,29.78,up,29.91,2026-09-16T10:49:52,-9.56916,33.0750007629394,215.81,2026-09-16 15:44:11,2026-09-16 11:45:06
NVDA,NVDA261002P00250000,NVDA,2026-10-02,P,250.0,34.05,15.0,34.35,16.0,0.3398,52.0,1.0,-0.985,0.0048,0.018,-0.0383,-0.0168,34.1476,-1.8,36.25,36.25,36.25,down,36.25,2026-09-16T09:30:01,-4.73062,38.0500011444092,215.81,2026-09-16 15:44:11,2026-09-16 11:45:06
NVDA,NVDA261002P00255000,NVDA,2026-10-02,P,255.0,39.05,16.0,39.3,36.0,0.0,0.0,0.0,-0.9933,0.0026,0.0071,-0.0322,-0.0072,39.1293,0.0,0.0,0.0,0.0,up,33.77,2026-09-11T10:14:43,0.0,43.0500011444092,215.81,2026-09-16 15:44:11,2026-09-16 11:45:06
NVDA,NVDA261002P00260000,NVDA,2026-10-02,P,260.0,44.05,21.0,44.35,23.0,0.0,0.0,0.0,-0.9973,0.0012,0.0024,-0.0286,-0.0015,44.1223,0.0,0.0,0.0,0.0,down,29.2,2026-09-08T09:35:00,0.0,48.0500011444092,215.81,2026-09-16 15:44:11,2026-09-16 11:45:06
NVDA,NVDA261002P00265000,NVDA,2026-10-02,P,265.0,49.05,15.0,49.35,14.0,0.0,0.0,0.0,-0.999,0.0005,0.0011,-0.0269,-0.0013,49.1205,0.0,0.0,0.0,0.0,up,52.9,2026-09-14T13:14:52,0.0,53.0500011444092,215.81,2026-09-16 15:44:11,2026-09-16 11:45:06
NVDA,NVDA261002P00270000,NVDA,2026-10-02,P,270.0,54.05,24.0,54.3,24.0,0.0,0.0,0.0,-0.9997,0.0002,0.0001,-0.0264,0.0,54.12,0.0,0.0,0.0,0.0,up,50.0,2026-09-11T13:31:10,0.0,58.0750007629394,215.81,2026-09-16 15:44:11,2026-09-16 11:45:06
NVDA,NVDA261002P00275000,NVDA,2026-10-02,P,275.0,59.05,19.0,59.25,17.0,0.5193,0.0,0.0,-0.9999,0.0001,0.0,-0.0264,0.0,59.12,0.0,0.0,0.0,0.0,down,50.4,2026-08-17T15:53:34,0.0,63.0500011444092,215.81,2026-09-16 15:44:11,2026-09-16 11:45:06
NVDA,NVDA261002P00280000,NVDA,2026-10-02,P,280.0,64.05,15.0,64.35,13.0,0.0,0.0,0.0,-1.0,0.0,0.0,-0.0264,0.0,64.12,0.0,0.0,0.0,0.0,no_change,0.0,,0.0,68.0499992370606,215.81,2026-09-16 15:44:11,2026-09-16 11:45:06
NVDA,NVDA261002P00285000,NVDA,2026-10-02,P,285.0,69.05,24.0,69.3,24.0,0.0,0.0,0.0,-1.0,0.0,0.0,-0.0264,0.0,69.12,0.0,0.0,0.0,0.0,no_change,0.0,,0.0,73.0499992370606,215.81,2026-09-16 15:44:11,2026-09-16 11:45:06
NVDA,NVDA261002P00290000,NVDA,2026-10-02,P,290.0,74.05,20.0,74.25,13.0,0.6161,0.0,0.0,-1.0,0.0,0.0,-0.0264,0.0,74.12,0.0,0.0,0.0,0.0,no_change,0.0,,0.0,78.0499992370606,215.81,2026-09-16 15:44:11,2026-09-16 11:45:06
NVDA,NVDA261002P00295000,NVDA,2026-10-02,P,295.0,79.05,15.0,79.35,13.0,0.0,0.0,0.0,-1.0,0.0,0.0,-0.0264,0.0,79.12,0.0,0.0,0.0,0.0,no_change,0.0,,0.0,83.0499992370606,215.81,2026-09-16 15:44:11,2026-09-16 11:45:06
NVDA,NVDA261002P00300000,NVDA,2026-10-02,P,300.0,84.05,20.0,84.3,24.0,0.0,0.0,0.0,-1.0,0.0,0.0,-0.0264,0.0,84.12,0.0,0.0,0.0,0.0,up,87.7,2026-09-14T14:19:42,0.0,88.0499992370606,215.81,2026-09-16 15:44:11,2026-09-16 11:45:06
NVDA,NVDA261002P00305000,NVDA,2026-10-02,P,305.0,89.05,21.0,89.35,24.0,0.0,0.0,0.0,-1.0,0.0,0.0,-0.0264,0.0,89.12,0.0,0.0,0.0,0.0,no_change,0.0,,0.0,93.0499992370606,215.81,2026-09-16 15:44:11,2026-09-16 11:45:06
NVDA,NVDA261002P00310000,NVDA,2026-10-02,P,310.0,94.05,14.0,94.35,14.0,0.0,0.0,0.0,-1.0,0.0,0.0,-0.0264,0.0,94.12,0.0,0.0,0.0,0.0,up,97.75,2026-09-14T15:50:00,0.0,98.0499992370606,215.81,2026-09-16 15:44:11,2026-09-16 11:45:06
NVDA,NVDA261002P00315000,NVDA,2026-10-02,P,315.0,99.05,12.0,99.25,5.0,0.764,0.0,0.0,-1.0,0.0,0.0,-0.0264,0.0,99.12,0.0,0.0,0.0,0.0,no_change,0.0,,0.0,103.025001525879,215.81,2026-09-16 15:44:11,2026-09-16 11:45:06
NVDA,NVDA261002P00320000,NVDA,2026-10-02,P,320.0,104.05,8.0,104.25,6.0,0.7918,0.0,0.0,-1.0,0.0,0.0,-0.0264,0.0,104.12,0.0,0.0,0.0,0.0,no_change,0.0,,0.0,108.049999237061,215.81,2026-09-16 15:44:11,2026-09-16 11:45:06
NVDA,NVDA261002P00325000,NVDA,2026-10-02,P,325.0,109.05,15.0,109.35,15.0,0.0,0.0,0.0,-1.0,0.0,0.0,-0.0264,0.0,109.12,0.0,0.0,0.0,0.0,no_change,0.0,,0.0,113.049999237061,215.81,2026-09-16 15:44:11,2026-09-16 11:45:06
NVDA,NVDA261002P00330000,NVDA,2026-10-02,P,330.0,114.05,7.0,114.3,12.0,0.0,0.0,0.0,-1.0,0.0,0.0,-0.0264,0.0,114.12,0.0,0.0,0.0,0.0,no_change,0.0,,0.0,118.049999237061,215.81,2026-09-16 15:44:11,2026-09-16 11:45:06
NVDA,NVDA261002P00335000,NVDA,2026-10-02,P,335.0,119.05,7.0,119.25,5.0,0.8718,0.0,0.0,-1.0,0.0,0.0,-0.0264,0.0,119.12,0.0,0.0,0.0,0.0,no_change,0.0,,0.0,123.049999237061,215.81,2026-09-16 15:44:11,2026-09-16 11:45:06
NVDA,NVDA261002P00340000,NVDA,2026-10-02,P,340.0,124.05,14.0,124.35,16.0,0.0,0.0,0.0,-1.0,0.0,0.0,-0.0264,0.0,124.12,0.0,0.0,0.0,0.0,no_change,0.0,,0.0,128.049999237061,215.81,2026-09-16 15:44:11,2026-09-16 11:45:06
NVDA,NVDA261002P00345000,NVDA,2026-10-02,P,345.0,129.05,14.0,129.3,19.0,0.0,0.0,0.0,-1.0,0.0,0.0,-0.0264,0.0,129.12,0.0,0.0,0.0,0.0,no_change,0.0,,0.0,133.049995422363,215.81,2026-09-16 15:44:11,2026-09-16 11:45:06
NVDA,NVDA261002P00350000,NVDA,2026-10-02,P,350.0,134.05,10.0,134.25,4.0,0.947,0.0,0.0,-1.0,0.0,0.0,-0.0264,0.0,134.12,0.0,0.0,0.0,0.0,no_change,0.0,,0.0,138.049995422363,215.81,2026-09-16 15:44:11,2026-09-16 11:45:06
NVDA,NVDA261002P00360000,NVDA,2026-10-02,P,360.0,144.05,9.0,144.3,12.0,0.0,0.0,0.0,-1.0,0.0,0.0,-0.0264,0.0,144.12,0.0,0.0,0.0,0.0,no_change,0.0,,0.0,148.024993896484,215.81,2026-09-16 15:44:11,2026-09-16 11:45:06
NVDA,NVDA261002P00370000,NVDA,2026-10-02,P,370.0,154.05,14.0,154.35,14.0,0.0,0.0,0.0,-1.0,0.0,0.0,-0.0264,0.0,154.12,0.0,0.0,0.0,0.0,no_change,0.0,,0.0,158.049995422363,215.81,2026-09-16 15:44:11,2026-09-16 11:45:06
NVDA,NVDA261002P00380000,NVDA,2026-10-02,P,380.0,164.05,15.0,164.35,19.0,0.0,0.0,0.0,-1.0,0.0,0.0,-0.0264,0.0,164.12,0.0,0.0,0.0,0.0,no_change,0.0,,0.0,168.049995422363,215.81,2026-09-16 15:44:11,2026-09-16 11:45:06
NVDA,NVDA261002P00390000,NVDA,2026-10-02,P,390.0,174.05,15.0,174.3,15.0,0.0,0.0,0.0,-1.0,0.0,0.0,-0.0264,0.0,174.12,0.0,0.0,0.0,0.0,up,172.1,2026-09-10T10:50:19,0.0,178.049995422363,215.81,2026-09-16 15:44:11,2026-09-16 11:45:06
NVDA,NVDA261009C00050000,NVDA,2026-10-09,C,50.0,165.8,1.0,166.2,1.0,1.7071,0.0,0.0,1.0,0.0,0.0004,0.0,0.0341,166.1016,0.0,0.0,0.0,0.0,no_change,0.0,,0.0,162.174995422363,215.81,2026-09-16 15:44:11,2026-09-16 11:45:06
NVDA,NVDA261009C00055000,NVDA,2026-10-09,C,55.0,160.85,1.0,161.25,1.0,1.9448,0.0,0.0,1.0,0.0,0.0005,0.0,0.0375,161.1179,0.0,0.0,0.0,0.0,no_change,0.0,,0.0,157.174995422363,215.81,2026-09-16 15:44:11,2026-09-16 11:45:06
NVDA,NVDA261009C00060000,NVDA,2026-10-09,C,60.0,155.85,1.0,156.25,1.0,1.7423,0.0,0.0,0.9999,0.0,0.0006,0.0,0.0409,156.1344,0.0,0.0,0.0,0.0,no_change,0.0,,0.0,152.199996948242,215.81,2026-09-16 15:44:11,2026-09-16 11:45:06
NVDA,NVDA261009C00065000,NVDA,2026-10-09,C,65.0,150.85,1.0,151.25,1.0,1.4999,0.0,0.0,0.9998,0.0,0.0008,0.0,0.0443,151.1511,0.0,0.0,0.0,0.0,no_change,0.0,,0.0,147.224998474121,215.81,2026-09-16 15:44:11,2026-09-16 11:45:06
NVDA,NVDA261009C00070000,NVDA,2026-10-09,C,70.0,145.9,1.0,146.3,1.0,1.6307,0.0,0.0,0.9997,0.0,0.001,0.0,0.0477,146.168,0.0,0.0,0.0,0.0,no_change,0.0,,0.0,142.224998474121,215.81,2026-09-16 15:44:11,2026-09-16 11:45:06
NVDA,NVDA261009C00075000,NVDA,2026-10-09,C,75.0,139.6,25.0,141.5,1.0,1.4732,3.0,0.0,0.9996,0.0,0.0012,0.0,0.0511,141.1852,0.0,0.0,0.0,0.0,down,137.13,2026-09-15T12:41:12,0.0,137.25,215.81,2026-09-16 15:44:11,2026-09-16 11:45:06
NVDA,NVDA261009C00080000,NVDA,2026-10-09,C,80.0,135.95,1.0,136.3,1.0,1.2957,0.0,0.0,0.9995,0.0,0.0014,0.0,0.0545,136.2028,0.0,0.0,0.0,0.0,no_change,0.0,,0.0,132.275001525879,215.81,2026-09-16 15:44:11,2026-09-16 11:45:06
NVDA,NVDA261009C00085000,NVDA,2026-10-09,C,85.0,130.95,1.0,131.35,1.0,1.376,0.0,0.0,0.9993,0.0,0.0017,0.0,0.0578,131.2207,0.0,0.0,0.0,0.0,no_change,0.0,,0.0,127.275001525879,215.81,2026-09-16 15:44:11,2026-09-16 11:45:06
NVDA,NVDA261009C00090000,NVDA,2026-10-09,C,90.0,125.95,1.0,126.35,1.0,1.2485,0.0,0.0,0.9991,0.0001,0.0021,0.0,0.0612,126.2391,0.0,0.0,0.0,0.0,no_change,0.0,,0.0,122.300003051758,215.81,2026-09-16 15:44:11,2026-09-16 11:45:06
NVDA,NVDA261009C00095000,NVDA,2026-10-09,C,95.0,119.65,25.0,122.8,1.0,1.1104,0.0,0.0,0.9988,0.0001,0.0025,0.0,0.0646,121.258,0.0,0.0,0.0,0.0,no_change,0.0,,0.0,117.325000762939,215.81,2026-09-16 15:44:11,2026-09-16 11:45:06
NVDA,NVDA261009C00100000,NVDA,2026-10-09,C,100.0,116.0,1.0,116.4,1.0,1.1602,3.0,0.0,0.9986,0.0001,0.003,0.0,0.068,116.2775,0.0,0.0,0.0,0.0,down,112.23,2026-09-15T12:41:12,0.0,112.349998474121,215.81,2026-09-16 15:44:11,2026-09-16 11:45:06
NVDA,NVDA261009C00105000,NVDA,2026-10-09,C,105.0,111.0,1.0,111.4,1.0,1.0544,10.0,0.0,0.9982,0.0001,0.0035,0.0,0.0713,111.2976,0.0,0.0,0.0,0.0,up,114.67,2026-09-11T14:03:11,0.0,107.375,215.81,2026-09-16 15:44:11,2026-09-16 11:45:06
NVDA,NVDA261009C00110000,NVDA,2026-10-09,C,110.0,106.0,1.0,106.45,1.0,1.0147,2.0,0.0,0.9978,0.0001,0.0042,0.0,0.0747,106.3185,0.0,0.0,0.0,0.0,up,121.4,2026-09-04T13:34:36,0.0,102.400001525879,215.81,2026-09-16 15:44:11,2026-09-16 11:45:06
NVDA,NVDA261009C00115000,NVDA,2026-10-09,C,115.0,101.05,1.0,101.45,1.0,0.972,0.0,0.0,0.9973,0.0002,0.005,0.0,0.078,101.3403,0.0,0.0,0.0,0.0,no_change,0.0,,0.0,97.4000015258789,215.81,2026-09-16 15:44:11,2026-09-16 11:45:06
NVDA,NVDA261009C00120000,NVDA,2026-10-09,C,120.0,94.75,25.0,97.9,1.0,0.9274,42.0,0.0,0.9967,0.0002,0.0058,-0.0004,0.0813,96.3633,0.0,0.0,0.0,0.0,down,92.37,2026-09-15T14:11:36,0.0,92.4499969482422,215.81,2026-09-16 15:44:11,2026-09-16 11:45:06
NVDA,NVDA261009C00125000,NVDA,2026-10-09,C,125.0,91.1,10.0,91.5,10.0,0.8819,0.0,0.0,0.9959,0.0003,0.0069,-0.0022,0.0846,91.3875,0.0,0.0,0.0,0.0,no_change,0.0,,0.0,87.4749984741211,215.81,2026-09-16 15:44:11,2026-09-16 11:45:06
NVDA,NVDA261009C00130000,NVDA,2026-10-09,C,130.0,86.1,1.0,86.55,10.0,0.8038,1.0,0.0,0.995,0.0003,0.0082,-0.0043,0.0879,86.4132,0.0,0.0,0.0,0.0,up,102.3,2026-09-04T13:33:52,0.0,82.5,215.81,2026-09-16 15:44:11,2026-09-16 11:45:06
NVDA,NVDA261009C00135000,NVDA,2026-10-09,C,135.0,81.15,1.0,81.55,1.0,0.7896,0.0,0.0,0.994,0.0004,0.0097,-0.0065,0.0912,81.441,0.0,0.0,0.0,0.0,no_change,0.0,,0.0,77.5250015258789,215.81,2026-09-16 15:44:11,2026-09-16 11:45:06
NVDA,NVDA261009C00140000,NVDA,2026-10-09,C,140.0,76.2,3.0,76.6,3.0,0.7433,11.0,0.0,0.9926,0.0005,0.0115,-0.0089,0.0944,76.471,0.0,0.0,0.0,0.0,down,79.48,2026-09-11T15:17:08,0.0,72.5750007629394,215.81,2026-09-16 15:44:11,2026-09-16 11:45:06
NVDA,NVDA261009C00145000,NVDA,2026-10-09,C,145.0,71.3,10.0,71.6,1.0,0.6971,3.0,0.0,0.991,0.0006,0.0137,-0.0116,0.0975,71.5042,0.0,0.0,0.0,0.0,down,66.07,2026-09-14T10:39:35,0.0,67.625,215.81,2026-09-16 15:44:11,2026-09-16 11:45:06
NVDA,NVDA261009C00150000,NVDA,2026-10-09,C,150.0,66.25,1.0,66.65,2.0,0.6673,5.0,0.0,0.9889,0.0008,0.0164,-0.0147,0.1006,66.5411,0.0,0.0,0.0,0.0,up,69.19,2026-09-10T11:06:54,0.0,62.6500015258789,215.81,2026-09-16 15:44:11,2026-09-16 11:45:06
NVDA,NVDA261009C00155000,NVDA,2026-10-09,C,155.0,61.4,2.0,61.7,3.0,0.6197,19.0,0.0,0.9863,0.001,0.0196,-0.0181,0.1036,61.583,0.0,0.0,0.0,0.0,no_change,63.82,2026-09-10T14:32:30,0.0,57.6499996185303,215.81,2026-09-16 15:44:11,2026-09-16 11:45:06
NVDA,NVDA261009C00160000,NVDA,2026-10-09,C,160.0,56.35,10.0,56.75,10.0,0.5843,18.0,0.0,0.9829,0.0013,0.0236,-0.0219,0.1066,56.6311,0.0,0.0,0.0,0.0,no_change,60.25,2026-09-11T14:58:31,0.0,52.7249984741211,215.81,2026-09-16 15:44:11,2026-09-16 11:45:06
NVDA,NVDA261009C00165000,NVDA,2026-10-09,C,165.0,51.4,17.0,51.8,31.0,0.5717,19.0,0.0,0.9786,0.0017,0.0286,-0.0263,0.1093,51.6876,0.0,0.0,0.0,0.0,no_change,55.32,2026-09-11T14:58:31,0.0,47.7750015258789,215.81,2026-09-16 15:44:11,2026-09-16 11:45:06
NVDA,NVDA261009C00170000,NVDA,2026-10-09,C,170.0,46.55,9.0,46.8,31.0,0.5133,24.0,0.0,0.973,0.0022,0.0347,-0.0314,0.1118,46.7561,0.0,0.0,0.0,0.0,up,43.06,2026-09-15T15:59:59,0.0,42.8999996185303,215.81,2026-09-16 15:44:11,2026-09-16 11:45:06
NVDA,NVDA261009C00175000,NVDA,2026-10-09,C,175.0,41.55,13.0,41.95,31.0,0.4941,31.0,0.0,0.9652,0.0029,0.0428,-0.0376,0.1141,41.8432,0.0,0.0,0.0,0.0,up,38.34,2026-09-15T15:57:31,0.0,38.0,215.81,2026-09-16 15:44:11,2026-09-16 11:45:06
NVDA,NVDA261009C00180000,NVDA,2026-10-09,C,180.0,36.65,72.0,37.05,72.0,0.4466,29.0,1.0,0.9542,0.0039,0.0534,-0.0454,0.1158,36.9619,3.15,36.3,36.3,36.3,up,36.3,2026-09-16T10:19:29,9.50226,33.1499996185303,215.81,2026-09-16 15:44:11,2026-09-16 11:45:06
NVDA,NVDA261009C00185000,NVDA,2026-10-09,C,185.0,31.9,50.0,32.25,1.0,0.4258,79.0,18.0,0.9378,0.0054,0.0678,-0.0557,0.1167,32.1363,2.9,29.9,31.3,29.9,up,31.3,2026-09-16T10:38:38,10.2113,28.3999996185303,215.81,2026-09-16 15:44:11,2026-09-16 11:45:06
NVDA,NVDA261009C00190000,NVDA,2026-10-09,C,190.0,27.1,211.0,27.4,76.0,0.4004,244.0,43.0,0.9129,0.0074,0.0875,-0.0696,0.1163,27.4069,3.75,25.85,27.55,25.6,no_change,27.55,2026-09-16T11:28:13,15.7563,23.8000001907349,215.81,2026-09-16 15:44:11,2026-09-16 11:45:06
NVDA,NVDA261009C00195000,NVDA,2026-10-09,C,195.0,22.55,89.0,22.95,320.0,0.3788,287.0,18.0,0.8755,0.01,0.113,-0.0873,0.1139,22.8351,2.625,21.1,22.12,21.1,no_change,22.05,2026-09-16T10:37:39,13.5135,19.4249992370605,215.81,2026-09-16 15:44:11,2026-09-16 11:45:06
NVDA,NVDA261009C00200000,NVDA,2026-10-09,C,200.0,18.25,146.0,18.65,247.0,0.3624,588.0,143.0,0.8216,0.0133,0.1432,-0.108,0.1089,18.5039,3.155,16.9,18.75,16.75,no_change,18.58,2026-09-16T11:15:05,20.4538,15.4250001907349,215.81,2026-09-16 15:44:11,2026-09-16 11:45:06
NVDA,NVDA261009C00205000,NVDA,2026-10-09,C,205.0,14.35,89.0,14.55,267.0,0.3477,389.0,348.0,0.7486,0.0168,0.1742,-0.1287,0.1008,14.5041,2.95,13.2,14.7,12.88,up,14.7,2026-09-16T11:26:54,25.1064,11.75,215.81,2026-09-16 15:44:11,2026-09-16 11:45:06
NVDA,NVDA261009C00210000,NVDA,2026-10-09,C,210.0,10.8,225.0,11.0,418.0,0.3376,709.0,472.0,0.6573,0.02,0.2005,-0.1453,0.0897,10.9551,2.45,9.55,11.2,9.4,up,11.1,2026-09-16T11:26:54,28.3237,8.65000009536743,215.81,2026-09-16 15:44:11,2026-09-16 11:45:06
NVDA,NVDA261009C00215000,NVDA,2026-10-09,C,215.0,7.9,10.0,7.95,28.0,0.3294,2748.0,14396.0,0.552,0.022,0.2155,-0.1534,0.0761,7.9356,1.87,6.85,8.2,6.6,up,7.97,2026-09-16T11:29:02,30.6557,6.10000014305115,215.81,2026-09-16 15:44:11,2026-09-16 11:45:06
NVDA,NVDA261009C00220000,NVDA,2026-10-09,C,220.0,5.45,57.0,5.55,322.0,0.3241,3609.0,2560.0,0.4408,0.0224,0.2149,-0.1504,0.0613,5.4977,1.45,4.72,5.7,4.4,no_change,5.55,2026-09-16T11:28:48,35.3658,4.10000014305115,215.81,2026-09-16 15:44:11,2026-09-16 11:45:06
NVDA,NVDA261009C00225000,NVDA,2026-10-09,C,225.0,3.6,156.0,3.7,497.0,0.3204,5870.0,4116.0,0.3338,0.0209,0.1985,-0.1367,0.0467,3.6443,1.09,2.88,3.85,2.88,up,3.75,2026-09-16T11:28:49,40.9774,2.66000008583069,215.81,2026-09-16 15:44:11,2026-09-16 11:45:06
NVDA,NVDA261009C00230000,NVDA,2026-10-09,C,230.0,2.29,215.0,2.34,15.0,0.3173,8182.0,1541.0,0.24,0.0179,0.1701,-0.1154,0.0337,2.3219,0.665,2.01,2.44,1.82,down,2.34,2026-09-16T11:29:02,39.7015,1.67500001192093,215.81,2026-09-16 15:44:11,2026-09-16 11:45:06
NVDA,NVDA261009C00235000,NVDA,2026-10-09,C,235.0,1.41,381.0,1.46,437.0,0.3179,6954.0,3685.0,0.1651,0.0143,0.1366,-0.0916,0.0232,1.4372,0.415,1.17,1.55,1.17,no_change,1.45,2026-09-16T11:25:54,40.0966,1.0349999666214,215.81,2026-09-16 15:44:11,2026-09-16 11:45:06
NVDA,NVDA261009C00240000,NVDA,2026-10-09,C,240.0,0.86,393.0,0.9,399.0,0.3212,4415.0,453.0,0.1104,0.0108,0.1042,-0.0695,0.0155,0.881,0.23,0.71,0.95,0.71,no_change,0.88,2026-09-16T11:19:01,35.3846,0.650000005960464,215.81,2026-09-16 15:44:11,2026-09-16 11:45:06
NVDA,NVDA261009C00245000,NVDA,2026-10-09,C,245.0,0.54,204.0,0.57,432.0,0.3261,2698.0,193.0,0.0738,0.0078,0.0776,-0.0519,0.0104,0.5519,0.135,0.5,0.58,0.48,up,0.56,2026-09-16T11:29:06,31.7647,0.424999997019768,215.81,2026-09-16 15:44:11,2026-09-16 11:45:06
NVDA,NVDA261009C00250000,NVDA,2026-10-09,C,250.0,0.36,1.0,0.37,477.0,0.336,13705.0,143.0,0.0499,0.0056,0.0574,-0.0388,0.007,0.3568,0.065,0.31,0.4,0.3,down,0.35,2026-09-16T11:17:28,22.807,0.284999996423721,215.81,2026-09-16 15:44:11,2026-09-16 11:45:06
NVDA,NVDA261009C00255000,NVDA,2026-10-09,C,255.0,0.23,257.0,0.25,292.0,0.3455,2386.0,26.0,0.0346,0.004,0.0429,-0.0296,0.0048,0.2414,0.045,0.25,0.25,0.24,up,0.25,2026-09-16T11:09:35,21.9512,0.204999998211861,215.81,2026-09-16 15:44:11,2026-09-16 11:45:06
NVDA,NVDA261009C00260000,NVDA,2026-10-09,C,260.0,0.16,533.0,0.18,739.0,0.3584,4032.0,13.0,0.0248,0.003,0.0326,-0.023,0.0035,0.1706,0.035,0.15,0.18,0.15,no_change,0.18,2026-09-16T11:18:01,24.1379,0.145000003278255,215.81,2026-09-16 15:44:11,2026-09-16 11:45:06
NVDA,NVDA261009C00265000,NVDA,2026-10-09,C,265.0,0.11,225.0,0.13,297.0,0.3702,828.0,28.0,0.0183,0.0022,0.0253,-0.0183,0.0025,0.1249,0.015,0.12,0.13,0.12,no_change,0.13,2026-09-16T11:11:12,13.0435,0.114999998360872,215.81,2026-09-16 15:44:11,2026-09-16 11:45:06
NVDA,NVDA261009C00270000,NVDA,2026-10-09,C,270.0,0.09,402.0,0.1,753.0,0.3867,1460.0,8.0,0.0138,0.0017,0.0198,-0.0148,0.0019,0.0941,0.015,0.11,0.11,0.09,no_change,0.1,2026-09-16T11:24:57,17.6471,0.0850000008940697,215.81,2026-09-16 15:44:11,2026-09-16 11:45:06
NVDA,NVDA261009C00275000,NVDA,2026-10-09,C,275.0,0.07,5.0,0.08,548.0,0.402,524.0,0.0,0.0106,0.0013,0.0158,-0.0121,0.0015,0.0725,0.0,0.0,0.0,0.0,no_change,0.08,2026-09-15T10:23:12,0.0,0.0699999984353781,215.81,2026-09-16 15:44:11,2026-09-16 11:45:06
NVDA,NVDA261009C00280000,NVDA,2026-10-09,C,280.0,0.04,607.0,0.06,843.0,0.4081,1633.0,1.0,0.0083,0.001,0.0127,-0.01,0.0011,0.0568,-0.01,0.04,0.04,0.04,down,0.04,2026-09-16T10:50:01,-20.0,0.0499999988824129,215.81,2026-09-16 15:44:11,2026-09-16 11:45:06
NVDA,NVDA261009C00285000,NVDA,2026-10-09,C,285.0,0.03,566.0,0.05,448.0,0.4221,729.0,0.0,0.0066,0.0008,0.0104,-0.0083,0.0009,0.0452,0.0,0.0,0.0,0.0,no_change,0.04,2026-09-15T12:45:06,0.0,0.0400000000372529,215.81,2026-09-16 15:44:11,2026-09-16 11:45:06
NVDA,NVDA261009C00290000,NVDA,2026-10-09,C,290.0,0.03,208.0,0.04,734.0,0.4393,319.0,3.0,0.0053,0.0006,0.0085,-0.007,0.0007,0.0365,0.02,0.05,0.05,0.05,up,0.05,2026-09-16T09:46:34,66.6667,0.0299999993294477,215.81,2026-09-16 15:44:11,2026-09-16 11:45:06
NVDA,NVDA261009C00295000,NVDA,2026-10-09,C,295.0,0.02,467.0,0.03,468.0,0.4466,493.0,70.0,0.0043,0.0005,0.0071,-0.006,0.0006,0.0297,0.005,0.03,0.03,0.03,no_change,0.03,2026-09-16T11:28:53,20.0,0.0249999994412065,215.81,2026-09-16 15:44:11,2026-09-16 11:45:06
NVDA,NVDA261009C00300000,NVDA,2026-10-09,C,300.0,0.01,351.0,0.03,124.0,0.4584,148.0,0.0,0.0035,0.0004,0.0059,-0.0051,0.0005,0.0245,0.0,0.0,0.0,0.0,down,0.02,2026-09-15T09:43:57,0.0,0.0199999995529652,215.81,2026-09-16 15:44:11,2026-09-16 11:45:06
NVDA,NVDA261009C00305000,NVDA,2026-10-09,C,305.0,0.01,31.0,0.03,56.0,0.4791,243.0,0.0,0.0029,0.0003,0.005,-0.0044,0.0004,0.0204,0.0,0.0,0.0,0.0,no_change,0.03,2026-09-11T12:34:20,0.0,0.0199999995529652,215.81,2026-09-16 15:44:11,2026-09-16 11:45:06
NVDA,NVDA261009C00310000,NVDA,2026-10-09,C,310.0,0.01,35.0,0.03,78.0,0.4993,454.0,0.0,0.0024,0.0003,0.0042,-0.0038,0.0003,0.0171,0.0,0.0,0.0,0.0,down,0.03,2026-09-11T10:53:14,0.0,0.0199999995529652,215.81,2026-09-16 15:44:11,2026-09-16 11:45:06
NVDA,NVDA261009C00315000,NVDA,2026-10-09,C,315.0,0.01,28.0,0.03,181.0,0.5192,154.0,0.0,0.002,0.0002,0.0036,-0.0033,0.0003,0.0145,0.0,0.0,0.0,0.0,down,0.02,2026-09-14T10:16:42,0.0,0.0199999995529652,215.81,2026-09-16 15:44:11,2026-09-16 11:45:06
NVDA,NVDA261009C00320000,NVDA,2026-10-09,C,320.0,0.0,0.0,0.02,22.0,0.525,30.0,0.0,0.0017,0.0002,0.0031,-0.0029,0.0002,0.0124,0.0,0.0,0.0,0.0,down,0.01,2026-09-11T11:09:04,0.0,0.00999999977648258,215.81,2026-09-16 15:44:11,2026-09-16 11:45:06
NVDA,NVDA261009C00325000,NVDA,2026-10-09,C,325.0,0.0,0.0,0.02,20.0,0.5255,1025.0,0.0,0.0015,0.0002,0.0027,-0.0025,0.0002,0.0107,0.0,0.0,0.0,0.0,down,0.04,2026-09-09T14:56:29,0.0,0.00999999977648258,215.81,2026-09-16 15:44:11,2026-09-16 11:45:06
NVDA,NVDA261009C00330000,NVDA,2026-10-09,C,330.0,0.0,0.0,0.02,17.0,0.5433,6.0,0.0,0.0013,0.0001,0.0023,-0.0023,0.0002,0.0093,0.0,0.0,0.0,0.0,up,0.07,2026-09-11T11:09:08,0.0,0.00999999977648258,215.81,2026-09-16 15:44:11,2026-09-16 11:45:06
NVDA,NVDA261009C00335000,NVDA,2026-10-09,C,335.0,0.0,0.0,0.01,1.0,0.5316,14.0,0.0,0.0011,0.0001,0.002,-0.002,0.0001,0.0081,0.0,0.0,0.0,0.0,no_change,0.01,2026-09-11T15:52:26,0.0,0.00999999977648258,215.81,2026-09-16 15:44:11,2026-09-16 11:45:06
NVDA,NVDA261009C00340000,NVDA,2026-10-09,C,340.0,0.0,0.0,0.02,13.0,0.578,0.0,0.0,0.001,0.0001,0.0018,-0.0018,0.0001,0.0071,0.0,0.0,0.0,0.0,no_change,0.0,,0.0,0.00999999977648258,215.81,2026-09-16 15:44:11,2026-09-16 11:45:06
NVDA,NVDA261009C00345000,NVDA,2026-10-09,C,345.0,0.0,0.0,0.02,12.0,0.595,1.0,0.0,0.0008,0.0001,0.0016,-0.0016,0.0001,0.0063,0.0,0.0,0.0,0.0,up,0.03,2026-09-09T09:30:01,0.0,0.00999999977648258,215.81,2026-09-16 15:44:11,2026-09-16 11:45:06
NVDA,NVDA261009C00350000,NVDA,2026-10-09,C,350.0,0.0,0.0,0.02,11.0,0.6116,159.0,0.0,0.0007,0.0001,0.0014,-0.0015,0.0001,0.0056,0.0,0.0,0.0,0.0,down,0.02,2026-09-09T13:33:07,0.0,0.00999999977648258,215.81,2026-09-16 15:44:11,2026-09-16 11:45:06
NVDA,NVDA261009C00360000,NVDA,2026-10-09,C,360.0,0.0,0.0,0.02,9.0,0.6438,10.0,0.0,0.0006,0.0001,0.0012,-0.0012,0.0001,0.0045,0.0,0.0,0.0,0.0,no_change,0.02,2026-09-04T15:00:15,0.0,0.00999999977648258,215.81,2026-09-16 15:44:11,2026-09-16 11:45:06
NVDA,NVDA261009C00370000,NVDA,2026-10-09,C,370.0,0.0,0.0,0.02,8.0,0.6751,0.0,0.0,0.0005,0.0,0.0009,-0.001,0.0001,0.0037,0.0,0.0,0.0,0.0,no_change,0.0,,0.0,0.00999999977648258,215.81,2026-09-16 15:44:11,2026-09-16 11:45:06
NVDA,NVDA261009C00380000,NVDA,2026-10-09,C,380.0,0.0,0.0,0.02,7.0,0.7053,0.0,0.0,0.0004,0.0,0.0008,-0.0009,0.0,0.0031,0.0,0.0,0.0,0.0,no_change,0.0,,0.0,0.00999999977648258,215.81,2026-09-16 15:44:11,2026-09-16 11:45:06
NVDA,NVDA261009C00390000,NVDA,2026-10-09,C,390.0,0.0,0.0,0.02,6.0,0.7346,4.0,0.0,0.0003,0.0,0.0007,-0.0008,0.0,0.0026,0.0,0.0,0.0,0.0,no_change,0.02,2026-09-14T09:40:56,0.0,0.00999999977648258,215.81,2026-09-16 15:44:11,2026-09-16 11:45:06
NVDA,NVDA261009P00050000,NVDA,2026-10-09,P,50.0,0.0,0.0,0.02,40.0,1.85,38.0,0.0,-0.0002,0.0,0.0004,-0.0013,0.0,0.0049,0.0,0.0,0.0,0.0,no_change,0.01,2026-09-04T14:38:48,0.0,0.00999999977648258,215.81,2026-09-16 15:44:11,2026-09-16 11:45:06
NVDA,NVDA261009P00055000,NVDA,2026-10-09,P,55.0,0.0,0.0,0.02,43.0,1.732,459.0,0.0,-0.0003,0.0,0.0005,-0.0016,0.0,0.0061,0.0,0.0,0.0,0.0,up,0.02,2026-09-04T10:36:47,0.0,0.00999999977648258,215.81,2026-09-16 15:44:11,2026-09-16 11:45:06
NVDA,NVDA261009P00060000,NVDA,2026-10-09,P,60.0,0.0,0.0,0.02,87.0,1.6246,4502.0,0.0,-0.0003,0.0,0.0006,-0.0019,0.0,0.0075,0.0,0.0,0.0,0.0,no_change,0.01,2026-09-14T12:54:10,0.0,0.00999999977648258,215.81,2026-09-16 15:44:11,2026-09-16 11:45:06
NVDA,NVDA261009P00065000,NVDA,2026-10-09,P,65.0,0.0,0.0,0.02,25.0,1.5261,10.0,0.0,-0.0004,0.0,0.0008,-0.0023,-0.0001,0.0091,0.0,0.0,0.0,0.0,down,0.02,2026-09-04T10:45:08,0.0,0.0149999996647239,215.81,2026-09-16 15:44:11,2026-09-16 11:45:06
NVDA,NVDA261009P00070000,NVDA,2026-10-09,P,70.0,0.0,0.0,0.03,96.0,1.483,0.0,0.0,-0.0005,0.0,0.001,-0.0027,-0.0001,0.0109,0.0,0.0,0.0,0.0,no_change,0.0,,0.0,0.0149999996647239,215.81,2026-09-16 15:44:11,2026-09-16 11:45:06
NVDA,NVDA261009P00075000,NVDA,2026-10-09,P,75.0,0.01,22.0,0.03,67.0,1.4304,0.0,0.0,-0.0006,0.0,0.0012,-0.0031,-0.0001,0.013,0.0,0.0,0.0,0.0,no_change,0.0,,0.0,0.0149999996647239,215.81,2026-09-16 15:44:11,2026-09-16 11:45:06
NVDA,NVDA261009P00080000,NVDA,2026-10-09,P,80.0,0.01,23.0,0.03,30.0,1.3467,0.0,0.0,-0.0008,0.0,0.0014,-0.0036,-0.0001,0.0155,0.0,0.0,0.0,0.0,no_change,0.0,,0.0,0.0199999995529652,215.81,2026-09-16 15:44:11,2026-09-16 11:45:06
NVDA,NVDA261009P00085000,NVDA,2026-10-09,P,85.0,0.01,100.0,0.03,24.0,1.2682,10.0,0.0,-0.001,0.0,0.0017,-0.0042,-0.0001,0.0184,0.0,0.0,0.0,0.0,down,0.03,2026-09-09T12:41:52,0.0,0.0249999994412065,215.81,2026-09-16 15:44:11,2026-09-16 11:45:06
NVDA,NVDA261009P00090000,NVDA,2026-10-09,P,90.0,0.01,95.0,0.04,87.0,1.2184,40.0,0.0,-0.0012,0.0001,0.0021,-0.0048,-0.0002,0.0216,0.0,0.0,0.0,0.0,down,0.02,2026-09-14T10:27:58,0.0,0.0249999994412065,215.81,2026-09-16 15:44:11,2026-09-16 11:45:06
NVDA,NVDA261009P00095000,NVDA,2026-10-09,P,95.0,0.02,26.0,0.04,39.0,1.1668,13.0,0.0,-0.0014,0.0001,0.0025,-0.0055,-0.0002,0.0254,0.0,0.0,0.0,0.0,no_change,0.04,2026-09-14T15:50:04,0.0,0.0299999993294477,215.81,2026-09-16 15:44:11,2026-09-16 11:45:06
NVDA,NVDA261009P00100000,NVDA,2026-10-09,P,100.0,0.02,38.0,0.04,21.0,1.098,309.0,0.0,-0.0017,0.0001,0.003,-0.0063,-0.0002,0.0298,0.0,0.0,0.0,0.0,no_change,0.04,2026-09-15T14:00:27,0.0,0.0299999993294477,215.81,2026-09-16 15:44:11,2026-09-16 11:45:06
NVDA,NVDA261009P00105000,NVDA,2026-10-09,P,105.0,0.02,411.0,0.05,262.0,1.0481,5.0,1.0,-0.0021,0.0001,0.0035,-0.0071,-0.0003,0.0348,0.0,0.04,0.04,0.04,down,0.04,2026-09-16T09:59:44,-9.31323e-08,0.0400000000372529,215.81,2026-09-16 15:44:11,2026-09-16 11:45:06
NVDA,NVDA261009P00110000,NVDA,2026-10-09,P,110.0,0.03,49.0,0.05,45.0,0.998,19.0,0.0,-0.0025,0.0001,0.0042,-0.0081,-0.0004,0.0406,0.0,0.0,0.0,0.0,down,0.07,2026-09-09T15:55:24,0.0,0.0499999988824129,215.81,2026-09-16 15:44:11,2026-09-16 11:45:06
NVDA,NVDA261009P00115000,NVDA,2026-10-09,P,115.0,0.03,220.0,0.06,78.0,0.9481,1504.0,0.0,-0.003,0.0002,0.005,-0.0092,-0.0004,0.0474,0.0,0.0,0.0,0.0,no_change,0.06,2026-09-15T13:31:11,0.0,0.0600000005215406,215.81,2026-09-16 15:44:11,2026-09-16 11:45:06
NVDA,NVDA261009P00120000,NVDA,2026-10-09,P,120.0,0.04,170.0,0.06,53.0,0.8986,1139.0,0.0,-0.0036,0.0002,0.0059,-0.0104,-0.0005,0.0552,0.0,0.0,0.0,0.0,down,0.08,2026-09-14T13:18:34,0.0,0.0649999994784594,215.81,2026-09-16 15:44:11,2026-09-16 11:45:06
NVDA,NVDA261009P00125000,NVDA,2026-10-09,P,125.0,0.05,357.0,0.07,270.0,0.8579,1226.0,11.0,-0.0043,0.0003,0.0069,-0.0117,-0.0006,0.0643,-0.015,0.07,0.07,0.06,down,0.06,2026-09-16T11:02:59,-20.0,0.0749999992549419,215.81,2026-09-16 15:44:11,2026-09-16 11:45:06
NVDA,NVDA261009P00130000,NVDA,2026-10-09,P,130.0,0.06,149.0,0.08,62.0,0.8154,373.0,0.0,-0.0052,0.0003,0.0082,-0.0132,-0.0008,0.075,0.0,0.0,0.0,0.0,no_change,0.09,2026-09-15T14:43:03,0.0,0.0949999988079071,215.81,2026-09-16 15:44:11,2026-09-16 11:45:06
NVDA,NVDA261009P00135000,NVDA,2026-10-09,P,135.0,0.08,75.0,0.1,298.0,0.7829,260.0,1.0,-0.0063,0.0004,0.0097,-0.0149,-0.0009,0.0876,-0.01,0.1,0.1,0.1,down,0.1,2026-09-16T10:06:25,-9.09091,0.109999999403954,215.81,2026-09-16 15:44:11,2026-09-16 11:45:06
NVDA,NVDA261009P00140000,NVDA,2026-10-09,P,140.0,0.09,86.0,0.11,64.0,0.7376,289.0,1.0,-0.0076,0.0005,0.0115,-0.0169,-0.0011,0.1027,-0.02,0.11,0.11,0.11,down,0.11,2026-09-16T09:45:58,-15.3846,0.129999998956919,215.81,2026-09-16 15:44:11,2026-09-16 11:45:06
NVDA,NVDA261009P00145000,NVDA,2026-10-09,P,145.0,0.11,256.0,0.13,51.0,0.7,552.0,0.0,-0.0093,0.0006,0.0138,-0.0191,-0.0013,0.1207,0.0,0.0,0.0,0.0,down,0.14,2026-09-15T15:25:44,0.0,0.155000001192093,215.81,2026-09-16 15:44:11,2026-09-16 11:45:06
NVDA,NVDA261009P00150000,NVDA,2026-10-09,P,150.0,0.13,151.0,0.15,463.0,0.6599,414.0,1.0,-0.0114,0.0008,0.0164,-0.0216,-0.0016,0.1428,-0.01,0.17,0.17,0.17,down,0.17,2026-09-16T09:30:02,-5.55556,0.179999999701977,215.81,2026-09-16 15:44:11,2026-09-16 11:45:06
NVDA,NVDA261009P00155000,NVDA,2026-10-09,P,155.0,0.16,155.0,0.18,124.0,0.6242,385.0,0.0,-0.014,0.001,0.0197,-0.0245,-0.002,0.1696,0.0,0.0,0.0,0.0,no_change,0.22,2026-09-14T15:50:03,0.0,0.215000003576279,215.81,2026-09-16 15:44:11,2026-09-16 11:45:06
NVDA,NVDA261009P00160000,NVDA,2026-10-09,P,160.0,0.19,306.0,0.22,492.0,0.5878,215.0,2.0,-0.0174,0.0013,0.0236,-0.0279,-0.0025,0.2029,-0.05,0.21,0.21,0.21,no_change,0.21,2026-09-16T10:40:44,-19.2308,0.260000005364418,215.81,2026-09-16 15:44:11,2026-09-16 11:45:06
NVDA,NVDA261009P00165000,NVDA,2026-10-09,P,165.0,0.24,132.0,0.26,613.0,0.5526,760.0,15.0,-0.0217,0.0017,0.0287,-0.0318,-0.0031,0.2444,-0.06,0.27,0.27,0.25,no_change,0.25,2026-09-16T11:14:18,-19.3548,0.310000002384186,215.81,2026-09-16 15:44:11,2026-09-16 11:45:06
NVDA,NVDA261009P00170000,NVDA,2026-10-09,P,170.0,0.29,709.0,0.31,988.0,0.5156,1024.0,13.0,-0.0274,0.0022,0.0348,-0.0364,-0.0039,0.2982,-0.06,0.32,0.32,0.31,no_change,0.31,2026-09-16T10:40:44,-16.2162,0.370000004768372,215.81,2026-09-16 15:44:11,2026-09-16 11:45:06
NVDA,NVDA261009P00175000,NVDA,2026-10-09,P,175.0,0.36,159.0,0.38,528.0,0.4808,645.0,7.0,-0.0352,0.003,0.0431,-0.0421,-0.0049,0.3705,-0.1,0.4,0.4,0.37,down,0.37,2026-09-16T11:28:28,-21.2766,0.469999998807907,215.81,2026-09-16 15:44:11,2026-09-16 11:45:06
NVDA,NVDA261009P00180000,NVDA,2026-10-09,P,180.0,0.46,123.0,0.48,403.0,0.4482,613.0,236.0,-0.0463,0.004,0.0534,-0.0494,-0.0065,0.4743,-0.125,0.59,0.59,0.49,no_change,0.5,2026-09-16T11:02:52,-20.0,0.625,215.81,2026-09-16 15:44:11,2026-09-16 11:45:06
NVDA,NVDA261009P00185000,NVDA,2026-10-09,P,185.0,0.62,215.0,0.64,129.0,0.4195,1579.0,65.0,-0.0628,0.0054,0.0679,-0.0593,-0.0088,0.6345,-0.225,0.71,0.72,0.62,no_change,0.63,2026-09-16T11:14:18,-26.3158,0.854999989271164,215.81,2026-09-16 15:44:11,2026-09-16 11:45:06
NVDA,NVDA261009P00190000,NVDA,2026-10-09,P,190.0,0.87,300.0,0.91,298.0,0.3944,4538.0,74.0,-0.088,0.0074,0.0877,-0.0729,-0.0122,0.8933,-0.335,1.07,1.07,0.9,down,0.9,2026-09-16T11:07:51,-27.1255,1.23500001430511,215.81,2026-09-16 15:44:11,2026-09-16 11:45:06
NVDA,NVDA261009P00195000,NVDA,2026-10-09,P,195.0,1.29,270.0,1.33,228.0,0.3748,5929.0,142.0,-0.1258,0.0101,0.1133,-0.0903,-0.0173,1.3097,-0.555,1.5,1.56,1.29,no_change,1.29,2026-09-16T11:26:24,-30.0813,1.84500002861023,215.81,2026-09-16 15:44:11,2026-09-16 11:45:06
NVDA,NVDA261009P00200000,NVDA,2026-10-09,P,200.0,1.95,170.0,2.0,116.0,0.3593,3719.0,318.0,-0.18,0.0134,0.1443,-0.1106,-0.0241,1.9678,-0.815,2.35,2.38,1.94,no_change,1.96,2026-09-16T11:28:16,-29.3694,2.77499997615814,215.81,2026-09-16 15:44:11,2026-09-16 11:45:06
NVDA,NVDA261009P00205000,NVDA,2026-10-09,P,205.0,2.96,134.0,3.05,460.0,0.3468,4725.0,113.0,-0.2537,0.017,0.1747,-0.1312,-0.0337,2.971,-1.15,3.55,3.55,3.0,no_change,3.0,2026-09-16T11:13:32,-27.7108,4.14999985694885,215.81,2026-09-16 15:44:11,2026-09-16 11:45:06
NVDA,NVDA261009P00210000,NVDA,2026-10-09,P,210.0,4.4,248.0,4.5,383.0,0.3369,2378.0,267.0,-0.346,0.0202,0.2009,-0.1478,-0.0447,4.4189,-1.58,5.21,5.3,4.42,down,4.42,2026-09-16T11:24:37,-26.3333,6.0,215.81,2026-09-16 15:44:11,2026-09-16 11:45:06
NVDA,NVDA261009P00215000,NVDA,2026-10-09,P,215.0,6.4,143.0,6.5,252.0,0.3283,5625.0,240.0,-0.4531,0.0223,0.2154,-0.1558,-0.0564,6.41,-2.125,7.25,7.6,6.3,down,6.35,2026-09-16T11:28:33,-25.0737,8.47499990463257,215.81,2026-09-16 15:44:11,2026-09-16 11:45:06
NVDA,NVDA261009P00220000,NVDA,2026-10-09,P,220.0,8.95,427.0,9.1,101.0,0.3223,5452.0,49.0,-0.5663,0.0228,0.2134,-0.1529,-0.0668,8.9872,-2.295,10.09,10.09,9.23,down,9.23,2026-09-16T11:00:37,-19.9132,11.5250000953674,215.81,2026-09-16 15:44:11,2026-09-16 11:45:06
NVDA,NVDA261009P00225000,NVDA,2026-10-09,P,225.0,12.15,21.0,12.3,119.0,0.3196,3192.0,7.0,-0.6758,0.0214,0.1955,-0.1392,-0.0739,12.1607,-3.05,12.95,12.95,12.05,down,12.05,2026-09-16T11:07:51,-20.1987,15.0999999046326,215.81,2026-09-16 15:44:11,2026-09-16 11:45:06
NVDA,NVDA261009P00230000,NVDA,2026-10-09,P,230.0,15.85,84.0,16.0,58.0,0.3171,2448.0,7.0,-0.7722,0.0186,0.1639,-0.1181,-0.0765,15.8704,-2.675,16.99,16.99,16.5,down,16.5,2026-09-16T10:52:45,-13.9505,19.1750001907349,215.81,2026-09-16 15:44:11,2026-09-16 11:45:06
NVDA,NVDA261009P00235000,NVDA,2026-10-09,P,235.0,20.0,224.0,20.2,68.0,0.316,1612.0,43.0,-0.8502,0.015,0.1267,-0.094,-0.0721,20.0371,-3.5,21.75,21.75,20.1,down,20.1,2026-09-16T11:22:15,-14.8305,23.6000003814697,215.81,2026-09-16 15:44:11,2026-09-16 11:45:06
NVDA,NVDA261009P00240000,NVDA,2026-10-09,P,240.0,24.45,1.0,24.8,97.0,0.3147,71.0,0.0,-0.908,0.0116,0.0898,-0.0717,-0.0643,24.5432,0.0,0.0,0.0,0.0,down,28.16,2026-09-15T12:45:26,0.0,28.3000001907349,215.81,2026-09-16 15:44:11,2026-09-16 11:45:06
NVDA,NVDA261009P00245000,NVDA,2026-10-09,P,245.0,29.15,31.0,29.55,95.0,0.3196,71.0,0.0,-0.9486,0.0091,0.0588,-0.0577,-0.0465,29.2799,0.0,0.0,0.0,0.0,no_change,33.42,2026-09-14T12:43:17,0.0,33.1499996185303,215.81,2026-09-16 15:44:11,2026-09-16 11:45:06
NVDA,NVDA261009P00250000,NVDA,2026-10-09,P,250.0,34.05,21.0,34.45,21.0,0.3394,52.0,0.0,-0.9757,0.0065,0.0323,-0.0476,-0.019,34.1616,0.0,0.0,0.0,0.0,down,30.93,2026-09-11T09:32:08,0.0,38.0749988555908,215.81,2026-09-16 15:44:11,2026-09-16 11:45:06
NVDA,NVDA261009P00255000,NVDA,2026-10-09,P,255.0,39.0,3.0,39.3,5.0,0.3494,0.0,0.0,-0.9907,0.0036,0.0155,-0.0327,-0.0087,39.12,0.0,0.0,0.0,0.0,down,36.6,2026-09-10T13:25:07,0.0,43.0499992370606,215.81,2026-09-16 15:44:11,2026-09-16 11:45:06
NVDA,NVDA261009P00260000,NVDA,2026-10-09,P,260.0,44.0,3.0,44.3,2.0,0.3827,0.0,0.0,-0.9968,0.0014,0.0036,-0.0275,-0.0039,44.1116,0.0,0.0,0.0,0.0,up,36.39,2026-09-09T14:14:09,0.0,48.0499992370606,215.81,2026-09-16 15:44:11,2026-09-16 11:45:06
NVDA,NVDA261009P00265000,NVDA,2026-10-09,P,265.0,49.0,3.0,49.3,2.0,0.415,0.0,0.0,-0.9992,0.0004,0.0001,-0.0254,0.0,49.1094,0.0,0.0,0.0,0.0,up,40.1,2026-09-02T13:35:11,0.0,53.0499992370606,215.81,2026-09-16 15:44:11,2026-09-16 11:45:06
NVDA,NVDA261009P00270000,NVDA,2026-10-09,P,270.0,54.0,1.0,54.4,1.0,0.0,0.0,0.0,-0.9999,0.0,0.0,-0.0254,0.0,54.1094,0.0,0.0,0.0,0.0,no_change,0.0,,0.0,58.0499992370606,215.81,2026-09-16 15:44:11,2026-09-16 11:45:06
NVDA,NVDA261009P00275000,NVDA,2026-10-09,P,275.0,59.0,3.0,59.3,2.0,0.4768,0.0,0.0,-1.0,0.0,0.0,-0.0254,0.0,59.1094,0.0,0.0,0.0,0.0,no_change,0.0,,0.0,63.0499992370606,215.81,2026-09-16 15:44:11,2026-09-16 11:45:06
NVDA,NVDA261009P00280000,NVDA,2026-10-09,P,280.0,64.0,3.0,64.3,2.0,0.5064,0.0,0.0,-1.0,0.0,0.0,-0.0254,0.0,64.1094,0.0,0.0,0.0,0.0,up,50.15,2026-09-04T15:28:06,0.0,68.0499992370606,215.81,2026-09-16 15:44:11,2026-09-16 11:45:06
NVDA,NVDA261009P00285000,NVDA,2026-10-09,P,285.0,69.0,2.0,69.35,2.0,0.0,0.0,0.0,-1.0,0.0,0.0,-0.0254,0.0,69.1094,0.0,0.0,0.0,0.0,no_change,0.0,,0.0,73.0499992370606,215.81,2026-09-16 15:44:11,2026-09-16 11:45:06
NVDA,NVDA261009P00290000,NVDA,2026-10-09,P,290.0,74.0,1.0,74.4,1.0,0.5634,0.0,0.0,-1.0,0.0,0.0,-0.0254,0.0,74.1094,0.0,0.0,0.0,0.0,no_change,0.0,,0.0,78.0499992370606,215.81,2026-09-16 15:44:11,2026-09-16 11:45:06
NVDA,NVDA261009P00295000,NVDA,2026-10-09,P,295.0,79.0,1.0,79.4,1.0,0.591,0.0,0.0,-1.0,0.0,0.0,-0.0254,0.0,79.1094,0.0,0.0,0.0,0.0,no_change,0.0,,0.0,83.0499992370606,215.81,2026-09-16 15:44:11,2026-09-16 11:45:06
NVDA,NVDA261009P00300000,NVDA,2026-10-09,P,300.0,84.0,1.0,84.4,1.0,0.6179,0.0,0.0,-1.0,0.0,0.0,-0.0254,0.0,84.1094,0.0,0.0,0.0,0.0,up,88.43,2026-09-14T15:52:30,0.0,88.0499992370606,215.81,2026-09-16 15:44:11,2026-09-16 11:45:06
NVDA,NVDA261009P00305000,NVDA,2026-10-09,P,305.0,89.0,1.0,89.4,1.0,0.6443,0.0,0.0,-1.0,0.0,0.0,-0.0254,0.0,89.1094,0.0,0.0,0.0,0.0,no_change,0.0,,0.0,93.0499992370606,215.81,2026-09-16 15:44:11,2026-09-16 11:45:06
NVDA,NVDA261009P00310000,NVDA,2026-10-09,P,310.0,94.0,1.0,94.4,1.0,0.6702,0.0,0.0,-1.0,0.0,0.0,-0.0254,0.0,94.1094,0.0,0.0,0.0,0.0,no_change,0.0,,0.0,98.0499992370606,215.81,2026-09-16 15:44:11,2026-09-16 11:45:06
NVDA,NVDA261009P00315000,NVDA,2026-10-09,P,315.0,99.0,1.0,99.4,1.0,0.0,0.0,0.0,-1.0,0.0,0.0,-0.0254,0.0,99.1094,0.0,0.0,0.0,0.0,no_change,0.0,,0.0,103.049999237061,215.81,2026-09-16 15:44:11,2026-09-16 11:45:06
NVDA,NVDA261009P00320000,NVDA,2026-10-09,P,320.0,104.0,1.0,104.4,1.0,0.7204,0.0,0.0,-1.0,0.0,0.0,-0.0254,0.0,104.1094,0.0,0.0,0.0,0.0,no_change,0.0,,0.0,108.049999237061,215.81,2026-09-16 15:44:11,2026-09-16 11:45:06
NVDA,NVDA261009P00325000,NVDA,2026-10-09,P,325.0,109.0,1.0,109.4,1.0,0.7448,0.0,0.0,-1.0,0.0,0.0,-0.0254,0.0,109.1094,0.0,0.0,0.0,0.0,no_change,0.0,,0.0,113.049999237061,215.81,2026-09-16 15:44:11,2026-09-16 11:45:06
NVDA,NVDA261009P00330000,NVDA,2026-10-09,P,330.0,114.0,1.0,114.4,1.0,0.7688,0.0,0.0,-1.0,0.0,0.0,-0.0254,0.0,114.1094,0.0,0.0,0.0,0.0,no_change,0.0,,0.0,118.049999237061,215.81,2026-09-16 15:44:11,2026-09-16 11:45:06
NVDA,NVDA261009P00335000,NVDA,2026-10-09,P,335.0,119.0,1.0,119.4,1.0,0.7923,0.0,0.0,-1.0,0.0,0.0,-0.0254,0.0,119.1094,0.0,0.0,0.0,0.0,no_change,0.0,,0.0,123.049999237061,215.81,2026-09-16 15:44:11,2026-09-16 11:45:06
NVDA,NVDA261009P00340000,NVDA,2026-10-09,P,340.0,124.0,1.0,124.4,1.0,0.8154,0.0,0.0,-1.0,0.0,0.0,-0.0254,0.0,124.1094,0.0,0.0,0.0,0.0,no_change,0.0,,0.0,128.049999237061,215.81,2026-09-16 15:44:11,2026-09-16 11:45:06
NVDA,NVDA261009P00345000,NVDA,2026-10-09,P,345.0,129.0,1.0,129.4,1.0,0.8381,0.0,0.0,-1.0,0.0,0.0,-0.0254,0.0,129.1094,0.0,0.0,0.0,0.0,no_change,0.0,,0.0,133.075004577637,215.81,2026-09-16 15:44:11,2026-09-16 11:45:06
NVDA,NVDA261009P00350000,NVDA,2026-10-09,P,350.0,134.0,1.0,134.4,1.0,0.8604,0.0,0.0,-1.0,0.0,0.0,-0.0254,0.0,134.1094,0.0,0.0,0.0,0.0,no_change,0.0,,0.0,138.075004577637,215.81,2026-09-16 15:44:11,2026-09-16 11:45:06
NVDA,NVDA261009P00360000,NVDA,2026-10-09,P,360.0,144.05,1.0,144.4,10.0,0.9038,0.0,0.0,-1.0,0.0,0.0,-0.0254,0.0,144.1094,0.0,0.0,0.0,0.0,no_change,0.0,,0.0,148.075004577637,215.81,2026-09-16 15:44:11,2026-09-16 11:45:06
NVDA,NVDA261009P00370000,NVDA,2026-10-09,P,370.0,154.0,1.0,154.4,1.0,0.946,0.0,0.0,-1.0,0.0,0.0,-0.0254,0.0,154.1094,0.0,0.0,0.0,0.0,no_change,0.0,,0.0,158.050003051758,215.81,2026-09-16 15:44:11,2026-09-16 11:45:06
NVDA,NVDA261009P00380000,NVDA,2026-10-09,P,380.0,164.05,1.0,164.4,10.0,0.9869,0.0,0.0,-1.0,0.0,0.0,-0.0254,0.0,164.1094,0.0,0.0,0.0,0.0,no_change,0.0,,0.0,168.050003051758,215.81,2026-09-16 15:44:11,2026-09-16 11:45:06
NVDA,NVDA261009P00390000,NVDA,2026-10-09,P,390.0,174.0,1.0,174.4,1.0,1.0261,0.0,0.0,-1.0,0.0,0.0,-0.0254,0.0,174.1094,0.0,0.0,0.0,0.0,no_change,0.0,,0.0,178.050003051758,215.81,2026-09-16 15:44:11,2026-09-16 11:45:06
NVDA,NVDA261016C00002500,NVDA,2026-10-16,C,2.5,211.9,25.0,214.95,1.0,5.8571,0.0,0.0,1.0,0.0,0.0,0.0,0.0022,213.4403,0.0,0.0,0.0,0.0,no_change,0.0,,0.0,209.5,215.81,2026-09-16 15:44:11,2026-09-16 11:45:06
NVDA,NVDA261016C00005000,NVDA,2026-10-16,C,5.0,209.4,25.0,212.45,1.0,4.6582,0.0,0.0,1.0,0.0,0.0,0.0,0.0044,210.9501,0.0,0.0,0.0,0.0,up,223.0,2026-08-27T12:21:02,0.0,207.0,215.81,2026-09-16 15:44:11,2026-09-16 11:45:06
NVDA,NVDA261016C00007500,NVDA,2026-10-16,C,7.5,206.9,25.0,209.85,3.0,3.9282,0.0,0.0,1.0,0.0,0.0,0.0,0.0065,208.4599,0.0,0.0,0.0,0.0,no_change,0.0,,0.0,204.5,215.81,2026-09-16 15:44:11,2026-09-16 11:45:06
NVDA,NVDA261016C00010000,NVDA,2026-10-16,C,10.0,204.4,25.0,207.35,2.0,3.799,8.0,0.0,1.0,0.0,0.0,0.0,0.0087,205.9698,0.0,0.0,0.0,0.0,up,215.0,2026-08-13T11:17:59,0.0,202.050003051758,215.81,2026-09-16 15:44:11,2026-09-16 11:45:06
NVDA,NVDA261016C00012500,NVDA,2026-10-16,C,12.5,202.0,1.0,204.85,3.0,3.3848,0.0,0.0,1.0,0.0,0.0,0.0,0.0109,203.4797,0.0,0.0,0.0,0.0,no_change,0.0,,0.0,199.550003051758,215.81,2026-09-16 15:44:11,2026-09-16 11:45:06
NVDA,NVDA261016C00015000,NVDA,2026-10-16,C,15.0,199.45,25.0,202.4,5.0,3.3217,9.0,0.0,1.0,0.0,0.0001,0.0,0.0131,200.9897,0.0,0.0,0.0,0.0,up,214.66,2026-08-27T12:41:07,0.0,197.050003051758,215.81,2026-09-16 15:44:11,2026-09-16 11:45:06
NVDA,NVDA261016C00017500,NVDA,2026-10-16,C,17.5,196.95,25.0,199.9,6.0,3.0318,0.0,0.0,1.0,0.0,0.0001,0.0,0.0153,198.4996,0.0,0.0,0.0,0.0,no_change,0.0,,0.0,194.550003051758,215.81,2026-09-16 15:44:11,2026-09-16 11:45:06
NVDA,NVDA261016C00020000,NVDA,2026-10-16,C,20.0,194.45,25.0,197.4,2.0,2.7529,0.0,0.0,1.0,0.0,0.0001,0.0,0.0174,196.0096,0.0,0.0,0.0,0.0,up,193.45,2026-07-22T12:00:54,0.0,192.050003051758,215.81,2026-09-16 15:44:11,2026-09-16 11:45:06
NVDA,NVDA261016C00022500,NVDA,2026-10-16,C,22.5,191.95,25.0,194.9,2.0,2.7681,0.0,0.0,1.0,0.0,0.0001,0.0,0.0196,193.5197,0.0,0.0,0.0,0.0,no_change,0.0,,0.0,189.599998474121,215.81,2026-09-16 15:44:11,2026-09-16 11:45:06
NVDA,NVDA261016C00025000,NVDA,2026-10-16,C,25.0,189.55,1.0,192.4,3.0,2.552,0.0,0.0,1.0,0.0,0.0001,0.0,0.0218,191.0297,0.0,0.0,0.0,0.0,up,183.0,2026-07-23T15:00:26,0.0,187.099998474121,215.81,2026-09-16 15:44:11,2026-09-16 11:45:06
NVDA,NVDA261016C00030000,NVDA,2026-10-16,C,30.0,184.5,25.0,187.45,29.0,2.3808,12.0,0.0,1.0,0.0,0.0002,0.0,0.0262,186.05,0.0,0.0,0.0,0.0,down,173.5,2026-07-09T15:00:14,0.0,182.099998474121,215.81,2026-09-16 15:44:11,2026-09-16 11:45:06
NVDA,NVDA261016C00035000,NVDA,2026-10-16,C,35.0,179.55,1.0,182.5,6.0,1.9875,0.0,0.0,1.0,0.0,0.0003,0.0,0.0305,181.0704,0.0,0.0,0.0,0.0,up,194.67,2026-08-27T15:59:39,0.0,177.150001525879,215.81,2026-09-16 15:44:11,2026-09-16 11:45:06
NVDA,NVDA261016C00040000,NVDA,2026-10-16,C,40.0,174.55,25.0,177.45,9.0,2.0987,2.0,0.0,1.0,0.0,0.0004,0.0,0.0349,176.091,0.0,0.0,0.0,0.0,up,179.38,2026-08-31T12:08:28,0.0,172.150001525879,215.81,2026-09-16 15:44:11,2026-09-16 11:45:06
NVDA,NVDA261016C00045000,NVDA,2026-10-16,C,45.0,169.6,28.0,172.5,2.0,1.836,24.0,0.0,1.0,0.0,0.0005,0.0,0.0392,171.1118,0.0,0.0,0.0,0.0,down,173.9,2026-09-10T09:35:14,0.0,167.174995422363,215.81,2026-09-16 15:44:11,2026-09-16 11:45:06
NVDA,NVDA261016C00050000,NVDA,2026-10-16,C,50.0,164.6,27.0,167.6,6.0,1.7529,22.0,0.0,0.9999,0.0,0.0007,0.0,0.0436,166.1329,0.0,0.0,0.0,0.0,up,162.37,2026-09-14T14:28:22,0.0,162.199996948242,215.81,2026-09-16 15:44:11,2026-09-16 11:45:06
NVDA,NVDA261016C00055000,NVDA,2026-10-16,C,55.0,159.6,25.0,162.55,29.0,1.6713,3.0,0.0,0.9998,0.0,0.0009,0.0,0.0479,161.1543,0.0,0.0,0.0,0.0,up,172.39,2026-09-03T10:31:54,0.0,157.199996948242,215.81,2026-09-16 15:44:11,2026-09-16 11:45:06
NVDA,NVDA261016C00060000,NVDA,2026-10-16,C,60.0,154.6,27.0,157.65,4.0,1.4391,5.0,0.0,0.9997,0.0,0.0011,0.0,0.0523,156.1759,0.0,0.0,0.0,0.0,up,172.57,2026-09-04T09:39:35,0.0,152.25,215.81,2026-09-16 15:44:11,2026-09-16 11:45:06
NVDA,NVDA261016C00065000,NVDA,2026-10-16,C,65.0,149.7,27.0,152.6,3.0,1.517,32.0,0.0,0.9996,0.0,0.0013,0.0,0.0566,151.1979,0.0,0.0,0.0,0.0,up,160.75,2026-08-28T10:50:01,0.0,147.25,215.81,2026-09-16 15:44:11,2026-09-16 11:45:06
NVDA,NVDA261016C00070000,NVDA,2026-10-16,C,70.0,144.7,33.0,147.65,4.0,1.3468,13.0,0.0,0.9994,0.0,0.0016,0.0,0.0609,146.2203,0.0,0.0,0.0,0.0,down,152.83,2026-09-09T15:58:01,0.0,142.275001525879,215.81,2026-09-16 15:44:11,2026-09-16 11:45:06
NVDA,NVDA261016C00075000,NVDA,2026-10-16,C,75.0,139.75,32.0,142.65,5.0,1.3752,17.0,0.0,0.9992,0.0,0.002,0.0,0.0653,141.2431,0.0,0.0,0.0,0.0,down,142.97,2026-09-10T09:52:16,0.0,137.300003051758,215.81,2026-09-16 15:44:11,2026-09-16 11:45:06
NVDA,NVDA261016C00080000,NVDA,2026-10-16,C,80.0,134.7,33.0,137.7,9.0,1.2385,230.0,0.0,0.999,0.0,0.0024,0.0,0.0696,136.2665,0.0,0.0,0.0,0.0,down,144.5,2026-09-09T10:12:08,0.0,132.325004577637,215.81,2026-09-16 15:44:11,2026-09-16 11:45:06
NVDA,NVDA261016C00085000,NVDA,2026-10-16,C,85.0,129.75,1.0,132.75,1.0,1.2447,13.0,0.0,0.9988,0.0001,0.0028,0.0,0.0739,131.2904,0.0,0.0,0.0,0.0,down,133.17,2026-09-10T09:53:34,0.0,127.350002288818,215.81,2026-09-16 15:44:11,2026-09-16 11:45:06
NVDA,NVDA261016C00090000,NVDA,2026-10-16,C,90.0,124.8,26.0,127.75,5.0,1.13,130.0,0.0,0.9985,0.0001,0.0034,0.0,0.0782,126.315,0.0,0.0,0.0,0.0,up,122.21,2026-09-15T13:38:06,0.0,122.375,215.81,2026-09-16 15:44:11,2026-09-16 11:45:06
NVDA,NVDA261016C00095000,NVDA,2026-10-16,C,95.0,120.8,1.0,122.8,1.0,1.124,57.0,0.0,0.9981,0.0001,0.004,0.0,0.0825,121.3404,0.0,0.0,0.0,0.0,down,116.75,2026-09-14T10:13:06,0.0,117.399997711182,215.81,2026-09-16 15:44:11,2026-09-16 11:45:06
NVDA,NVDA261016C00100000,NVDA,2026-10-16,C,100.0,114.9,28.0,117.0,25.0,1.025,182.0,2.0,0.9977,0.0001,0.0048,0.0,0.0868,116.3666,4.175,116.6,116.6,116.6,up,116.6,2026-09-16T11:08:23,3.71359,112.424999237061,215.81,2026-09-16 15:44:11,2026-09-16 11:45:06
NVDA,NVDA261016C00105000,NVDA,2026-10-16,C,105.0,109.85,1.0,111.95,1.0,0.9742,74.0,0.0,0.9972,0.0001,0.0056,0.0,0.091,111.3939,0.0,0.0,0.0,0.0,no_change,113.7,2026-09-10T10:35:08,0.0,107.450000762939,215.81,2026-09-16 15:44:11,2026-09-16 11:45:06
NVDA,NVDA261016C00110000,NVDA,2026-10-16,C,110.0,104.9,31.0,107.85,8.0,0.9245,387.0,0.0,0.9966,0.0002,0.0067,0.0,0.0953,106.4224,0.0,0.0,0.0,0.0,up,103.76,2026-09-15T09:46:53,0.0,102.5,215.81,2026-09-16 15:44:11,2026-09-16 11:45:06
NVDA,NVDA261016C00115000,NVDA,2026-10-16,C,115.0,101.2,2.0,101.55,3.0,0.8759,81.0,0.0,0.9959,0.0002,0.0079,0.0,0.0995,101.4522,0.0,0.0,0.0,0.0,down,98.54,2026-09-15T10:04:23,0.0,97.5499992370606,215.81,2026-09-16 15:44:11,2026-09-16 11:45:06
NVDA,NVDA261016C00120000,NVDA,2026-10-16,C,120.0,96.25,27.0,96.55,37.0,0.8557,275.0,5.0,0.995,0.0003,0.0092,-0.0004,0.1037,96.4836,3.835,94.48,96.41,94.48,up,96.41,2026-09-16T11:05:51,4.14259,92.5750007629394,215.81,2026-09-16 15:44:11,2026-09-16 11:45:06
NVDA,NVDA261016C00125000,NVDA,2026-10-16,C,125.0,91.25,4.0,91.6,3.0,0.7818,271.0,0.0,0.994,0.0004,0.0108,-0.0025,0.1079,91.5169,0.0,0.0,0.0,0.0,up,95.28,2026-09-11T14:32:47,0.0,87.6000022888184,215.81,2026-09-16 15:44:11,2026-09-16 11:45:06
NVDA,NVDA261016C00130000,NVDA,2026-10-16,C,130.0,86.3,2.0,86.65,4.0,0.7588,257.0,5.0,0.9928,0.0004,0.0127,-0.0047,0.112,86.5524,3.24,85.57,85.89,85.57,up,85.89,2026-09-16T10:48:13,3.92015,82.6499977111816,215.81,2026-09-16 15:44:11,2026-09-16 11:45:06
NVDA,NVDA261016C00135000,NVDA,2026-10-16,C,135.0,81.3,10.0,81.65,1.0,0.7297,372.0,0.0,0.9914,0.0005,0.015,-0.007,0.1161,81.5906,0.0,0.0,0.0,0.0,no_change,78.05,2026-09-14T15:29:39,0.0,77.7000007629394,215.81,2026-09-16 15:44:11,2026-09-16 11:45:06
NVDA,NVDA261016C00140000,NVDA,2026-10-16,C,140.0,76.35,1.0,76.7,2.0,0.697,441.0,0.0,0.9896,0.0006,0.0175,-0.0096,0.1201,76.6319,0.0,0.0,0.0,0.0,down,71.4,2026-09-14T10:46:54,0.0,72.75,215.81,2026-09-16 15:44:11,2026-09-16 11:45:06
NVDA,NVDA261016C00145000,NVDA,2026-10-16,C,145.0,71.5,10.0,71.75,10.0,0.6498,303.0,0.0,0.9874,0.0008,0.0207,-0.0124,0.124,71.677,0.0,0.0,0.0,0.0,down,68.38,2026-09-14T14:01:33,0.0,67.7999992370606,215.81,2026-09-16 15:44:11,2026-09-16 11:45:06
NVDA,NVDA261016C00150000,NVDA,2026-10-16,C,150.0,66.45,44.0,66.8,42.0,0.6251,1022.0,1.0,0.9848,0.001,0.0243,-0.0154,0.1279,66.7269,2.725,65.6,65.6,65.6,up,65.6,2026-09-16T09:54:35,4.334,62.875,215.81,2026-09-16 15:44:11,2026-09-16 11:45:06
NVDA,NVDA261016C00155000,NVDA,2026-10-16,C,155.0,61.5,1.0,61.85,10.0,0.5871,4598.0,0.0,0.9816,0.0013,0.0287,-0.0187,0.1316,61.7827,0.0,0.0,0.0,0.0,up,58.07,2026-09-15T15:48:54,0.0,57.8999996185303,215.81,2026-09-16 15:44:11,2026-09-16 11:45:06
NVDA,NVDA261016C00160000,NVDA,2026-10-16,C,160.0,56.6,26.0,56.95,43.0,0.5555,5285.0,2.0,0.9775,0.0016,0.034,-0.0224,0.1352,56.8465,1.995,54.96,54.97,54.96,up,54.97,2026-09-16T09:37:38,3.76593,52.9749984741211,215.81,2026-09-16 15:44:11,2026-09-16 11:45:06
NVDA,NVDA261016C00165000,NVDA,2026-10-16,C,165.0,51.65,21.0,52.0,34.0,0.5149,617.0,1.0,0.9722,0.002,0.0404,-0.0265,0.1385,51.9215,1.41,49.46,49.46,49.46,up,49.46,2026-09-16T09:39:24,2.93444,48.0500011444092,215.81,2026-09-16 15:44:11,2026-09-16 11:45:06
NVDA,NVDA261016C00170000,NVDA,2026-10-16,C,170.0,46.85,23.0,47.05,1.0,0.4793,1743.0,9.0,0.9653,0.0026,0.0486,-0.0314,0.1415,47.0137,3.27,46.4,46.47,46.4,up,46.47,2026-09-16T10:44:10,7.56945,43.1999988555908,215.81,2026-09-16 15:44:11,2026-09-16 11:45:06
NVDA,NVDA261016C00175000,NVDA,2026-10-16,C,175.0,41.85,20.0,42.2,57.0,0.4595,2294.0,0.0,0.9558,0.0033,0.059,-0.0374,0.144,42.1335,0.0,0.0,0.0,0.0,no_change,38.43,2026-09-15T15:47:01,0.0,38.3500003814697,215.81,2026-09-16 15:44:11,2026-09-16 11:45:06
NVDA,NVDA261016C00180000,NVDA,2026-10-16,C,180.0,37.05,77.0,37.35,159.0,0.4287,106599.0,119.0,0.9424,0.0044,0.0728,-0.045,0.1457,37.2998,3.7,35.6,37.5,34.95,no_change,37.25,2026-09-16T11:15:55,11.0283,33.5500011444092,215.81,2026-09-16 15:44:11,2026-09-16 11:45:06
NVDA,NVDA261016C00185000,NVDA,2026-10-16,C,185.0,32.4,42.0,32.55,107.0,0.3995,1988.0,5.0,0.9228,0.0058,0.0912,-0.055,0.1462,32.5436,3.575,30.2,32.5,30.2,up,32.5,2026-09-16T11:13:43,12.3595,28.9250001907349,215.81,2026-09-16 15:44:11,2026-09-16 11:45:06
NVDA,NVDA261016C00190000,NVDA,2026-10-16,C,190.0,27.75,49.0,27.9,113.0,0.3809,2930.0,111.0,0.8942,0.0077,0.115,-0.0678,0.1449,27.9127,3.375,26.0,28.0,25.8,down,27.8,2026-09-16T11:16:12,13.8178,24.4250001907349,215.81,2026-09-16 15:44:11,2026-09-16 11:45:06
NVDA,NVDA261016C00195000,NVDA,2026-10-16,C,195.0,23.3,48.0,23.45,20.0,0.3668,6744.0,30.0,0.8535,0.01,0.1438,-0.0833,0.1411,23.4715,3.175,21.88,23.75,21.6,up,23.4,2026-09-16T11:29:09,15.6984,20.2249994277954,215.81,2026-09-16 15:44:11,2026-09-16 11:45:06
NVDA,NVDA261016C00200000,NVDA,2026-10-16,C,200.0,19.15,40.0,19.3,242.0,0.3539,11201.0,217.0,0.7985,0.0127,0.1757,-0.1002,0.1343,19.287,3.1,17.65,19.66,17.49,no_change,19.4,2026-09-16T11:13:20,19.0184,16.3000001907349,215.81,2026-09-16 15:44:11,2026-09-16 11:45:06
NVDA,NVDA261016C00205000,NVDA,2026-10-16,C,205.0,15.3,115.0,15.45,130.0,0.3449,9660.0,210.0,0.7287,0.0154,0.2066,-0.1162,0.1245,15.4546,2.825,14.0,15.6,13.7,up,15.6,2026-09-16T11:28:30,22.1135,12.7750000953674,215.81,2026-09-16 15:44:11,2026-09-16 11:45:06
NVDA,NVDA261016C00210000,NVDA,2026-10-16,C,210.0,11.9,69.0,12.05,306.0,0.3371,17278.0,2482.0,0.6458,0.0177,0.2315,-0.1284,0.1117,12.0323,2.3,10.95,12.3,10.4,down,12.0,2026-09-16T11:29:09,23.7113,9.69999980926514,215.81,2026-09-16 15:44:11,2026-09-16 11:45:06
NVDA,NVDA261016C00215000,NVDA,2026-10-16,C,215.0,9.0,33.0,9.05,175.0,0.3309,23738.0,3848.0,0.5532,0.0192,0.2457,-0.1344,0.0967,9.0721,1.95,8.1,9.31,7.7,no_change,9.1,2026-09-16T11:28:58,27.2727,7.14999985694885,215.81,2026-09-16 15:44:11,2026-09-16 11:45:06
NVDA,NVDA261016C00220000,NVDA,2026-10-16,C,220.0,6.55,66.0,6.65,288.0,0.3257,105650.0,6866.0,0.4566,0.0195,0.2465,-0.1328,0.0805,6.6168,1.525,5.85,6.85,5.5,no_change,6.65,2026-09-16T11:29:07,29.7561,5.125,215.81,2026-09-16 15:44:11,2026-09-16 11:45:06
NVDA,NVDA261016C00225000,NVDA,2026-10-16,C,225.0,4.6,305.0,4.7,322.0,0.3219,24465.0,5415.0,0.362,0.0187,0.2332,-0.124,0.0642,4.667,1.155,4.1,4.87,3.9,down,4.68,2026-09-16T11:29:08,32.766,3.52499997615814,215.81,2026-09-16 15:44:11,2026-09-16 11:45:06
NVDA,NVDA261016C00230000,NVDA,2026-10-16,C,230.0,3.15,784.0,3.25,791.0,0.3206,49144.0,4711.0,0.2766,0.0168,0.2086,-0.1098,0.0493,3.2081,0.845,2.8,3.35,2.59,no_change,3.25,2026-09-16T11:27:04,35.1351,2.40500009059906,215.81,2026-09-16 15:44:11,2026-09-16 11:45:06
NVDA,NVDA261016C00235000,NVDA,2026-10-16,C,235.0,2.13,50.0,2.16,158.0,0.3198,38955.0,4514.0,0.2044,0.0142,0.1775,-0.0927,0.0365,2.1571,0.59,1.9,2.26,1.71,up,2.19,2026-09-16T11:26:43,36.875,1.60000002384186,215.81,2026-09-16 15:44:11,2026-09-16 11:45:06
NVDA,NVDA261016C00240000,NVDA,2026-10-16,C,240.0,1.41,108.0,1.43,624.0,0.3211,53853.0,1591.0,0.1471,0.0115,0.1445,-0.0751,0.0263,1.4284,0.355,1.28,1.5,1.16,down,1.42,2026-09-16T11:29:08,33.3333,1.06499999761581,215.81,2026-09-16 15:44:11,2026-09-16 11:45:06
NVDA,NVDA261016C00245000,NVDA,2026-10-16,C,245.0,0.93,96.0,0.95,330.0,0.3242,27581.0,611.0,0.1045,0.009,0.1143,-0.0594,0.0187,0.9475,0.235,0.92,1.02,0.79,down,0.95,2026-09-16T11:28:32,32.8671,0.715000003576279,215.81,2026-09-16 15:44:11,2026-09-16 11:45:06
NVDA,NVDA261016C00250000,NVDA,2026-10-16,C,250.0,0.62,100.0,0.64,401.0,0.3293,68906.0,1753.0,0.0739,0.0068,0.0887,-0.0463,0.0132,0.6351,0.135,0.58,0.78,0.51,no_change,0.63,2026-09-16T11:28:35,27.2727,0.495000004768372,215.81,2026-09-16 15:44:11,2026-09-16 11:45:06
NVDA,NVDA261016C00255000,NVDA,2026-10-16,C,255.0,0.43,123.0,0.44,337.0,0.3364,21322.0,856.0,0.0528,0.0051,0.0685,-0.0361,0.0094,0.4358,0.085,0.39,0.48,0.38,down,0.43,2026-09-16T11:23:37,24.6377,0.344999998807907,215.81,2026-09-16 15:44:11,2026-09-16 11:45:06
NVDA,NVDA261016C00260000,NVDA,2026-10-16,C,260.0,0.3,667.0,0.31,757.0,0.345,32464.0,192.0,0.0383,0.0038,0.053,-0.0284,0.0068,0.307,0.045,0.28,0.33,0.27,down,0.3,2026-09-16T11:18:29,17.6471,0.254999995231628,215.81,2026-09-16 15:44:11,2026-09-16 11:45:06
NVDA,NVDA261016C00265000,NVDA,2026-10-16,C,265.0,0.22,463.0,0.23,833.0,0.3556,9579.0,205.0,0.0282,0.0029,0.0414,-0.0225,0.005,0.2214,0.03,0.21,0.25,0.2,no_change,0.22,2026-09-16T11:27:25,15.7895,0.190000005066395,215.81,2026-09-16 15:44:11,2026-09-16 11:45:06
NVDA,NVDA261016C00270000,NVDA,2026-10-16,C,270.0,0.16,361.0,0.17,797.0,0.3652,20973.0,253.0,0.021,0.0022,0.0324,-0.018,0.0037,0.163,0.015,0.16,0.18,0.16,down,0.16,2026-09-16T11:07:13,10.3448,0.145000003278255,215.81,2026-09-16 15:44:11,2026-09-16 11:45:06
NVDA,NVDA261016C00275000,NVDA,2026-10-16,C,275.0,0.12,374.0,0.13,738.0,0.3757,8696.0,46.0,0.016,0.0017,0.0257,-0.0145,0.0028,0.1223,0.025,0.12,0.13,0.11,no_change,0.13,2026-09-16T11:22:32,23.8095,0.105000000447035,215.81,2026-09-16 15:44:11,2026-09-16 11:45:06
NVDA,NVDA261016C00280000,NVDA,2026-10-16,C,280.0,0.09,473.0,0.1,794.0,0.3856,17911.0,32.0,0.0123,0.0013,0.0205,-0.0118,0.0022,0.0934,0.01,0.1,0.11,0.08,down,0.09,2026-09-16T11:07:51,12.5,0.080000001937151,215.81,2026-09-16 15:44:11,2026-09-16 11:45:06
NVDA,NVDA261016C00285000,NVDA,2026-10-16,C,285.0,0.06,260.0,0.07,218.0,0.3932,3581.0,42.0,0.0096,0.001,0.0165,-0.0097,0.0017,0.0724,0.015,0.07,0.08,0.07,no_change,0.08,2026-09-16T11:00:15,23.0769,0.0649999994784594,215.81,2026-09-16 15:44:11,2026-09-16 11:45:06
NVDA,NVDA261016C00290000,NVDA,2026-10-16,C,290.0,0.05,257.0,0.06,979.0,0.4035,11484.0,26.0,0.0076,0.0008,0.0135,-0.0081,0.0013,0.0571,0.01,0.06,0.06,0.05,no_change,0.06,2026-09-16T10:25:46,20.0,0.0499999988824129,215.81,2026-09-16 15:44:11,2026-09-16 11:45:06
NVDA,NVDA261016C00295000,NVDA,2026-10-16,C,295.0,0.03,1034.0,0.04,10.0,0.4043,5468.0,10.0,0.0061,0.0007,0.0111,-0.0068,0.0011,0.046,0.005,0.04,0.04,0.04,no_change,0.04,2026-09-16T09:47:51,14.2857,0.034999999217689,215.81,2026-09-16 15:44:11,2026-09-16 11:45:06
NVDA,NVDA261016C00300000,NVDA,2026-10-16,C,300.0,0.03,297.0,0.04,546.0,0.4236,14822.0,198.0,0.005,0.0005,0.0092,-0.0058,0.0009,0.0375,0.005,0.03,0.04,0.02,up,0.04,2026-09-16T11:03:55,14.2857,0.034999999217689,215.81,2026-09-16 15:44:11,2026-09-16 11:45:06
NVDA,NVDA261016C00305000,NVDA,2026-10-16,C,305.0,0.02,354.0,0.03,420.0,0.4282,2187.0,13.0,0.0041,0.0004,0.0078,-0.005,0.0007,0.031,0.005,0.03,0.03,0.03,no_change,0.03,2026-09-16T10:08:35,20.0,0.0249999994412065,215.81,2026-09-16 15:44:11,2026-09-16 11:45:06
NVDA,NVDA261016C00310000,NVDA,2026-10-16,C,310.0,0.02,220.0,0.03,301.0,0.4457,4905.0,0.0,0.0034,0.0004,0.0066,-0.0043,0.0006,0.026,0.0,0.0,0.0,0.0,down,0.02,2026-09-15T15:53:50,0.0,0.0249999994412065,215.81,2026-09-16 15:44:11,2026-09-16 11:45:06
NVDA,NVDA261016C00315000,NVDA,2026-10-16,C,315.0,0.01,121.0,0.02,14.0,0.4424,1454.0,0.0,0.0029,0.0003,0.0057,-0.0038,0.0005,0.0221,0.0,0.0,0.0,0.0,down,0.01,2026-09-15T15:25:02,0.0,0.0149999996647239,215.81,2026-09-16 15:44:11,2026-09-16 11:45:06
NVDA,NVDA261016C00320000,NVDA,2026-10-16,C,320.0,0.01,114.0,0.03,104.0,0.471,2085.0,0.0,0.0025,0.0003,0.0049,-0.0033,0.0004,0.0191,0.0,0.0,0.0,0.0,no_change,0.03,2026-09-14T13:07:39,0.0,0.0199999995529652,215.81,2026-09-16 15:44:11,2026-09-16 11:45:06
NVDA,NVDA261016C00325000,NVDA,2026-10-16,C,325.0,0.01,123.0,0.02,93.0,0.4754,145.0,0.0,0.0021,0.0002,0.0043,-0.003,0.0004,0.0166,0.0,0.0,0.0,0.0,down,0.01,2026-09-11T12:26:05,0.0,0.0149999996647239,215.81,2026-09-16 15:44:11,2026-09-16 11:45:06
NVDA,NVDA261016C00330000,NVDA,2026-10-16,C,330.0,0.01,110.0,0.02,117.0,0.4915,2072.0,43.0,0.0018,0.0002,0.0038,-0.0027,0.0003,0.0146,-0.005,0.01,0.02,0.01,down,0.01,2026-09-16T10:47:34,-33.3333,0.0149999996647239,215.81,2026-09-16 15:44:11,2026-09-16 11:45:06
NVDA,NVDA261016C00335000,NVDA,2026-10-16,C,335.0,0.01,115.0,0.02,70.0,0.5072,753.0,0.0,0.0016,0.0002,0.0034,-0.0024,0.0003,0.0129,0.0,0.0,0.0,0.0,down,0.01,2026-09-11T15:45:12,0.0,0.0149999996647239,215.81,2026-09-16 15:44:11,2026-09-16 11:45:06
NVDA,NVDA261016C00340000,NVDA,2026-10-16,C,340.0,0.01,156.0,0.02,230.0,0.5227,2960.0,2.0,0.0014,0.0001,0.003,-0.0022,0.0002,0.0115,0.005,0.01,0.01,0.01,no_change,0.01,2026-09-16T10:31:25,100.0,0.00499999988824129,215.81,2026-09-16 15:44:11,2026-09-16 11:45:06
NVDA,NVDA261016C00345000,NVDA,2026-10-16,C,345.0,0.01,108.0,0.02,43.0,0.5379,604.0,0.0,0.0013,0.0001,0.0027,-0.002,0.0002,0.0103,0.0,0.0,0.0,0.0,no_change,0.01,2026-09-15T13:25:22,0.0,0.00999999977648258,215.81,2026-09-16 15:44:11,2026-09-16 11:45:06
NVDA,NVDA261016C00350000,NVDA,2026-10-16,C,350.0,0.0,0.0,0.01,6.0,0.5074,11770.0,0.0,0.0012,0.0001,0.0024,-0.0018,0.0002,0.0094,0.0,0.0,0.0,0.0,up,0.02,2026-09-14T14:01:48,0.0,0.00499999988824129,215.81,2026-09-16 15:44:11,2026-09-16 11:45:06
NVDA,NVDA261016C00355000,NVDA,2026-10-16,C,355.0,0.01,126.0,0.02,43.0,0.5675,65.0,0.0,0.001,0.0001,0.0022,-0.0017,0.0002,0.0085,0.0,0.0,0.0,0.0,down,0.02,2026-09-03T12:08:44,0.0,0.00999999977648258,215.81,2026-09-16 15:44:11,2026-09-16 11:45:06
NVDA,NVDA261016C00360000,NVDA,2026-10-16,C,360.0,0.0,0.0,0.01,5.0,0.5345,2252.0,0.0,0.0009,0.0001,0.002,-0.0016,0.0002,0.0078,0.0,0.0,0.0,0.0,no_change,0.02,2026-09-14T13:49:09,0.0,0.00499999988824129,215.81,2026-09-16 15:44:11,2026-09-16 11:45:06
NVDA,NVDA261016C00365000,NVDA,2026-10-16,C,365.0,0.01,183.0,0.02,448.0,0.5961,911.0,42.0,0.0008,0.0001,0.0019,-0.0015,0.0001,0.0071,0.0,0.01,0.01,0.01,no_change,0.01,2026-09-16T10:31:48,2.23517e-06,0.00999999977648258,215.81,2026-09-16 15:44:11,2026-09-16 11:45:06
NVDA,NVDA261016C00370000,NVDA,2026-10-16,C,370.0,0.0,0.0,0.01,10.0,0.5611,3231.0,0.0,0.0008,0.0001,0.0017,-0.0014,0.0001,0.0065,0.0,0.0,0.0,0.0,no_change,0.01,2026-09-15T09:59:46,0.0,0.00499999988824129,215.81,2026-09-16 15:44:11,2026-09-16 11:45:06
NVDA,NVDA261016C00375000,NVDA,2026-10-16,C,375.0,0.0,0.0,0.01,10.0,0.5735,1281.0,0.0,0.0007,0.0001,0.0016,-0.0013,0.0001,0.0061,0.0,0.0,0.0,0.0,down,0.01,2026-09-15T13:30:51,0.0,0.00499999988824129,215.81,2026-09-16 15:44:11,2026-09-16 11:45:06
NVDA,NVDA261016C00380000,NVDA,2026-10-16,C,380.0,0.0,0.0,0.01,10.0,0.5861,2676.0,0.0,0.0007,0.0001,0.0014,-0.0012,0.0001,0.0056,0.0,0.0,0.0,0.0,no_change,0.01,2026-09-11T10:38:37,0.0,0.00499999988824129,215.81,2026-09-16 15:44:11,2026-09-16 11:45:06
NVDA,NVDA261016C00385000,NVDA,2026-10-16,C,385.0,0.0,0.0,0.02,32.0,0.6299,153.0,0.0,0.0006,0.0001,0.0014,-0.0011,0.0001,0.0052,0.0,0.0,0.0,0.0,no_change,0.03,2026-09-11T09:31:30,0.0,0.00999999977648258,215.81,2026-09-16 15:44:11,2026-09-16 11:45:06
NVDA,NVDA261016C00390000,NVDA,2026-10-16,C,390.0,0.0,0.0,0.02,27.0,0.6427,2347.0,0.0,0.0006,0.0,0.0012,-0.0011,0.0001,0.0049,0.0,0.0,0.0,0.0,down,0.02,2026-09-11T09:41:53,0.0,0.00499999988824129,215.81,2026-09-16 15:44:11,2026-09-16 11:45:06
NVDA,NVDA261016C00395000,NVDA,2026-10-16,C,395.0,0.0,0.0,0.02,25.0,0.6552,22.0,0.0,0.0005,0.0,0.0012,-0.001,0.0001,0.0046,0.0,0.0,0.0,0.0,down,0.01,2026-09-03T12:46:58,0.0,0.00999999977648258,215.81,2026-09-16 15:44:11,2026-09-16 11:45:06
NVDA,NVDA261016C00400000,NVDA,2026-10-16,C,400.0,0.0,0.0,0.01,10.0,0.635,8740.0,0.0,0.0005,0.0,0.0011,-0.001,0.0001,0.0043,0.0,0.0,0.0,0.0,no_change,0.01,2026-09-14T14:41:27,0.0,0.00999999977648258,215.81,2026-09-16 15:44:11,2026-09-16 11:45:06
NVDA,NVDA261016C00405000,NVDA,2026-10-16,C,405.0,0.0,0.0,0.01,16.0,0.6467,12.0,0.0,0.0004,0.0,0.001,-0.0009,0.0001,0.004,0.0,0.0,0.0,0.0,no_change,0.01,2026-09-03T14:32:53,0.0,0.00999999977648258,215.81,2026-09-16 15:44:11,2026-09-16 11:45:06
NVDA,NVDA261016C00410000,NVDA,2026-10-16,C,410.0,0.0,0.0,0.01,20.0,0.6583,1334.0,0.0,0.0004,0.0,0.001,-0.0009,0.0001,0.0038,0.0,0.0,0.0,0.0,up,0.02,2026-09-11T14:24:08,0.0,0.00499999988824129,215.81,2026-09-16 15:44:11,2026-09-16 11:45:06
NVDA,NVDA261016C00415000,NVDA,2026-10-16,C,415.0,0.0,0.0,0.01,19.0,0.6696,53.0,0.0,0.0004,0.0,0.0009,-0.0008,0.0001,0.0036,0.0,0.0,0.0,0.0,down,0.02,2026-09-11T09:35:56,0.0,0.00499999988824129,215.81,2026-09-16 15:44:11,2026-09-16 11:45:06
NVDA,NVDA261016C00420000,NVDA,2026-10-16,C,420.0,0.0,0.0,0.01,21.0,0.6808,545.0,0.0,0.0004,0.0,0.0008,-0.0008,0.0001,0.0034,0.0,0.0,0.0,0.0,no_change,0.02,2026-09-11T09:36:03,0.0,0.00499999988824129,215.81,2026-09-16 15:44:11,2026-09-16 11:45:06
NVDA,NVDA261016C00425000,NVDA,2026-10-16,C,425.0,0.0,0.0,0.01,23.0,0.6919,0.0,0.0,0.0004,0.0,0.0008,-0.0007,0.0001,0.0032,0.0,0.0,0.0,0.0,no_change,0.0,,0.0,0.00499999988824129,215.81,2026-09-16 15:44:11,2026-09-16 11:45:06
NVDA,NVDA261016C00430000,NVDA,2026-10-16,C,430.0,0.0,0.0,0.01,22.0,0.7028,275.0,0.0,0.0003,0.0,0.0008,-0.0007,0.0,0.003,0.0,0.0,0.0,0.0,down,0.02,2026-09-04T15:51:10,0.0,0.00499999988824129,215.81,2026-09-16 15:44:11,2026-09-16 11:45:06
NVDA,NVDA261016C00435000,NVDA,2026-10-16,C,435.0,0.0,0.0,0.01,23.0,0.7136,143.0,0.0,0.0003,0.0,0.0007,-0.0007,0.0,0.0029,0.0,0.0,0.0,0.0,up,0.04,2026-09-11T09:32:16,0.0,0.00499999988824129,215.81,2026-09-16 15:44:11,2026-09-16 11:45:06
NVDA,NVDA261016C00440000,NVDA,2026-10-16,C,440.0,0.0,0.0,0.01,26.0,0.7238,667.0,0.0,0.0003,0.0,0.0007,-0.0007,0.0,0.0027,0.0,0.0,0.0,0.0,down,0.01,2026-09-11T10:26:17,0.0,0.00499999988824129,215.81,2026-09-16 15:44:11,2026-09-16 11:45:06
NVDA,NVDA261016C00450000,NVDA,2026-10-16,C,450.0,0.0,0.0,0.01,38.0,0.7446,860.0,0.0,0.0003,0.0,0.0006,-0.0006,0.0,0.0025,0.0,0.0,0.0,0.0,down,0.01,2026-09-15T13:30:25,0.0,0.00499999988824129,215.81,2026-09-16 15:44:11,2026-09-16 11:45:06
NVDA,NVDA261016C00455000,NVDA,2026-10-16,C,455.0,0.0,0.0,0.01,40.0,0.7548,752.0,0.0,0.0002,0.0,0.0006,-0.0006,0.0,0.0024,0.0,0.0,0.0,0.0,no_change,0.03,2026-09-11T09:32:16,0.0,0.00499999988824129,215.81,2026-09-16 15:44:11,2026-09-16 11:45:06
NVDA,NVDA261016C00460000,NVDA,2026-10-16,C,460.0,0.0,0.0,0.01,66.0,0.7649,17122.0,0.0,0.0002,0.0,0.0006,-0.0006,0.0,0.0023,0.0,0.0,0.0,0.0,down,0.01,2026-09-15T12:12:25,0.0,0.00499999988824129,215.81,2026-09-16 15:44:11,2026-09-16 11:45:06
NVDA,NVDA261016P00002500,NVDA,2026-10-16,P,2.5,0.0,0.0,0.01,1117.0,4.8929,0.0,0.0,0.0,0.0,0.0,0.0,0.0,0.0001,0.0,0.0,0.0,0.0,no_change,0.0,,0.0,0.00499999988824129,215.81,2026-09-16 15:44:11,2026-09-16 11:45:06
NVDA,NVDA261016P00005000,NVDA,2026-10-16,P,5.0,0.0,0.0,0.01,1116.0,4.0568,4024.0,0.0,0.0,0.0,0.0,0.0,0.0,0.0002,0.0,0.0,0.0,0.0,up,0.02,2026-07-08T11:59:47,0.0,0.00499999988824129,215.81,2026-09-16 15:44:11,2026-09-16 11:45:06
NVDA,NVDA261016P00007500,NVDA,2026-10-16,P,7.5,0.0,0.0,0.01,1115.0,3.588,0.0,0.0,0.0,0.0,0.0,-0.0001,0.0,0.0003,0.0,0.0,0.0,0.0,no_change,0.0,,0.0,0.00499999988824129,215.81,2026-09-16 15:44:11,2026-09-16 11:45:06
NVDA,NVDA261016P00010000,NVDA,2026-10-16,P,10.0,0.0,0.0,0.01,1113.0,3.2633,10.0,0.0,0.0,0.0,0.0,-0.0001,0.0,0.0005,0.0,0.0,0.0,0.0,down,0.01,2026-07-28T13:46:06,0.0,0.00499999988824129,215.81,2026-09-16 15:44:11,2026-09-16 11:45:06
NVDA,NVDA261016P00012500,NVDA,2026-10-16,P,12.5,0.0,0.0,0.01,1113.0,3.0155,0.0,0.0,0.0,0.0,0.0,-0.0002,0.0,0.0006,0.0,0.0,0.0,0.0,no_change,0.0,,0.0,0.00499999988824129,215.81,2026-09-16 15:44:11,2026-09-16 11:45:06
NVDA,NVDA261016P00015000,NVDA,2026-10-16,P,15.0,0.0,0.0,0.01,1108.0,2.8155,0.0,0.0,0.0,0.0,0.0001,-0.0002,0.0,0.0009,0.0,0.0,0.0,0.0,no_change,0.0,,0.0,0.00499999988824129,215.81,2026-09-16 15:44:11,2026-09-16 11:45:06
NVDA,NVDA261016P00017500,NVDA,2026-10-16,P,17.5,0.0,0.0,0.01,108.0,2.648,0.0,0.0,0.0,0.0,0.0001,-0.0003,0.0,0.0011,0.0,0.0,0.0,0.0,no_change,0.0,,0.0,0.00499999988824129,215.81,2026-09-16 15:44:11,2026-09-16 11:45:06
NVDA,NVDA261016P00020000,NVDA,2026-10-16,P,20.0,0.0,0.0,0.01,107.0,2.5041,502.0,0.0,0.0,0.0,0.0001,-0.0003,0.0,0.0014,0.0,0.0,0.0,0.0,no_change,0.01,2026-08-26T13:09:10,0.0,0.00499999988824129,215.81,2026-09-16 15:44:11,2026-09-16 11:45:06
NVDA,NVDA261016P00022500,NVDA,2026-10-16,P,22.5,0.0,0.0,0.01,106.0,2.3779,0.0,0.0,0.0,0.0,0.0001,-0.0004,0.0,0.0017,0.0,0.0,0.0,0.0,no_change,0.0,,0.0,0.00499999988824129,215.81,2026-09-16 15:44:11,2026-09-16 11:45:06
NVDA,NVDA261016P00025000,NVDA,2026-10-16,P,25.0,0.0,0.0,0.01,119.0,2.2657,30.0,0.0,-0.0001,0.0,0.0001,-0.0005,0.0,0.0021,0.0,0.0,0.0,0.0,up,0.03,2026-07-29T11:24:12,0.0,0.00499999988824129,215.81,2026-09-16 15:44:11,2026-09-16 11:45:06
NVDA,NVDA261016P00030000,NVDA,2026-10-16,P,30.0,0.0,0.0,0.01,99.0,2.0729,1.0,0.0,-0.0001,0.0,0.0002,-0.0007,0.0,0.0029,0.0,0.0,0.0,0.0,up,0.02,2026-05-22T11:19:22,0.0,0.00499999988824129,215.81,2026-09-16 15:44:11,2026-09-16 11:45:06
NVDA,NVDA261016P00035000,NVDA,2026-10-16,P,35.0,0.0,0.0,0.01,95.0,1.9111,40.0,0.0,-0.0001,0.0,0.0003,-0.0009,0.0,0.0039,0.0,0.0,0.0,0.0,no_change,0.01,2026-09-02T11:29:35,0.0,0.00499999988824129,215.81,2026-09-16 15:44:11,2026-09-16 11:45:06
NVDA,NVDA261016P00040000,NVDA,2026-10-16,P,40.0,0.0,0.0,0.01,10.0,1.7717,269.0,0.0,-0.0002,0.0,0.0004,-0.0011,0.0,0.0051,0.0,0.0,0.0,0.0,no_change,0.01,2026-08-26T14:22:31,0.0,0.00999999977648258,215.81,2026-09-16 15:44:11,2026-09-16 11:45:06
NVDA,NVDA261016P00045000,NVDA,2026-10-16,P,45.0,0.0,0.0,0.01,10.0,1.6493,94.0,0.0,-0.0002,0.0,0.0005,-0.0014,0.0,0.0065,0.0,0.0,0.0,0.0,down,0.01,2026-09-09T09:46:49,0.0,0.00999999977648258,215.81,2026-09-16 15:44:11,2026-09-16 11:45:06
NVDA,NVDA261016P00050000,NVDA,2026-10-16,P,50.0,0.0,0.0,0.01,10.0,1.5403,1487.0,0.0,-0.0003,0.0,0.0007,-0.0016,-0.0001,0.0081,0.0,0.0,0.0,0.0,no_change,0.01,2026-09-15T13:18:50,0.0,0.00499999988824129,215.81,2026-09-16 15:44:11,2026-09-16 11:45:06
NVDA,NVDA261016P00055000,NVDA,2026-10-16,P,55.0,0.01,113.0,0.02,202.0,1.5695,7162.0,0.0,-0.0004,0.0,0.0009,-0.002,-0.0001,0.01,0.0,0.0,0.0,0.0,no_change,0.01,2026-09-09T12:41:12,0.0,0.00999999977648258,215.81,2026-09-16 15:44:11,2026-09-16 11:45:06
NVDA,NVDA261016P00060000,NVDA,2026-10-16,P,60.0,0.01,75.0,0.02,89.0,1.4723,1170.0,0.0,-0.0005,0.0,0.0011,-0.0024,-0.0001,0.0122,0.0,0.0,0.0,0.0,no_change,0.01,2026-09-15T13:34:53,0.0,0.0149999996647239,215.81,2026-09-16 15:44:11,2026-09-16 11:45:06
NVDA,NVDA261016P00065000,NVDA,2026-10-16,P,65.0,0.01,94.0,0.03,126.0,1.4173,69.0,0.0,-0.0006,0.0,0.0013,-0.0028,-0.0001,0.0148,0.0,0.0,0.0,0.0,up,0.03,2026-09-09T13:21:26,0.0,0.0199999995529652,215.81,2026-09-16 15:44:11,2026-09-16 11:45:06
NVDA,NVDA261016P00070000,NVDA,2026-10-16,P,70.0,0.01,229.0,0.03,225.0,1.3329,5376.0,0.0,-0.0008,0.0,0.0016,-0.0032,-0.0001,0.0178,0.0,0.0,0.0,0.0,no_change,0.02,2026-09-11T14:01:30,0.0,0.0199999995529652,215.81,2026-09-16 15:44:11,2026-09-16 11:45:06
NVDA,NVDA261016P00075000,NVDA,2026-10-16,P,75.0,0.02,79.0,0.03,207.0,1.2796,276.0,0.0,-0.001,0.0,0.002,-0.0038,-0.0002,0.0212,0.0,0.0,0.0,0.0,down,0.03,2026-09-11T14:28:54,0.0,0.0249999994412065,215.81,2026-09-16 15:44:11,2026-09-16 11:45:06
NVDA,NVDA261016P00080000,NVDA,2026-10-16,P,80.0,0.02,99.0,0.03,200.0,1.2049,402.0,20.0,-0.0012,0.0,0.0024,-0.0044,-0.0002,0.0251,0.005,0.03,0.03,0.03,no_change,0.03,2026-09-16T09:30:01,20.0,0.0249999994412065,215.81,2026-09-16 15:44:11,2026-09-16 11:45:06
NVDA,NVDA261016P00085000,NVDA,2026-10-16,P,85.0,0.02,120.0,0.04,213.0,1.154,809.0,0.0,-0.0014,0.0001,0.0028,-0.005,-0.0003,0.0296,0.0,0.0,0.0,0.0,up,0.05,2026-09-10T10:25:32,0.0,0.034999999217689,215.81,2026-09-16 15:44:11,2026-09-16 11:45:06
NVDA,NVDA261016P00090000,NVDA,2026-10-16,P,90.0,0.03,138.0,0.04,200.0,1.103,1966.0,10.0,-0.0017,0.0001,0.0034,-0.0057,-0.0003,0.0348,0.005,0.04,0.04,0.04,no_change,0.04,2026-09-16T09:40:19,14.2857,0.034999999217689,215.81,2026-09-16 15:44:11,2026-09-16 11:45:06
NVDA,NVDA261016P00095000,NVDA,2026-10-16,P,95.0,0.03,121.0,0.05,207.0,1.0522,955.0,0.0,-0.0021,0.0001,0.004,-0.0065,-0.0004,0.0408,0.0,0.0,0.0,0.0,down,0.04,2026-09-15T12:18:30,0.0,0.0499999988824129,215.81,2026-09-16 15:44:11,2026-09-16 11:45:06
NVDA,NVDA261016P00100000,NVDA,2026-10-16,P,100.0,0.04,203.0,0.05,123.0,1.0022,4747.0,0.0,-0.0025,0.0001,0.0048,-0.0074,-0.0005,0.0476,0.0,0.0,0.0,0.0,up,0.06,2026-09-15T15:32:54,0.0,0.0549999997019768,215.81,2026-09-16 15:44:11,2026-09-16 11:45:06
NVDA,NVDA261016P00105000,NVDA,2026-10-16,P,105.0,0.05,98.0,0.06,81.0,0.9626,1261.0,0.0,-0.003,0.0001,0.0056,-0.0084,-0.0006,0.0555,0.0,0.0,0.0,0.0,down,0.08,2026-09-14T12:28:18,0.0,0.0649999994784594,215.81,2026-09-16 15:44:11,2026-09-16 11:45:06
NVDA,NVDA261016P00110000,NVDA,2026-10-16,P,110.0,0.06,217.0,0.07,242.0,0.9212,8721.0,5.0,-0.0036,0.0002,0.0067,-0.0094,-0.0007,0.0645,-0.015,0.07,0.07,0.06,no_change,0.06,2026-09-16T11:13:42,-20.0,0.0749999992549419,215.81,2026-09-16 15:44:11,2026-09-16 11:45:06
NVDA,NVDA261016P00115000,NVDA,2026-10-16,P,115.0,0.06,330.0,0.08,274.0,0.8721,4635.0,11.0,-0.0043,0.0002,0.0079,-0.0106,-0.0008,0.0749,-0.02,0.08,0.08,0.07,down,0.07,2026-09-16T09:35:24,-22.2222,0.0899999998509884,215.81,2026-09-16 15:44:11,2026-09-16 11:45:06
NVDA,NVDA261016P00120000,NVDA,2026-10-16,P,120.0,0.08,365.0,0.09,249.0,0.8361,17145.0,12.0,-0.0052,0.0003,0.0092,-0.012,-0.001,0.0869,-0.025,0.08,0.08,0.08,no_change,0.08,2026-09-16T11:05:12,-23.8095,0.105000000447035,215.81,2026-09-16 15:44:11,2026-09-16 11:45:06
NVDA,NVDA261016P00125000,NVDA,2026-10-16,P,125.0,0.09,150.0,0.11,382.0,0.7984,7992.0,5.0,-0.0062,0.0004,0.0109,-0.0134,-0.0012,0.101,-0.02,0.11,0.11,0.1,down,0.1,2026-09-16T10:56:41,-16.6667,0.119999997317791,215.81,2026-09-16 15:44:11,2026-09-16 11:45:06
NVDA,NVDA261016P00130000,NVDA,2026-10-16,P,130.0,0.11,134.0,0.12,249.0,0.7592,4983.0,7.0,-0.0074,0.0004,0.0128,-0.015,-0.0014,0.1172,-0.03,0.12,0.12,0.11,down,0.11,2026-09-16T10:56:43,-21.4286,0.140000000596046,215.81,2026-09-16 15:44:11,2026-09-16 11:45:06
NVDA,NVDA261016P00135000,NVDA,2026-10-16,P,135.0,0.13,74.0,0.14,194.0,0.7227,4268.0,0.0,-0.0088,0.0005,0.015,-0.0168,-0.0017,0.1358,0.0,0.0,0.0,0.0,no_change,0.17,2026-09-15T15:16:32,0.0,0.160000003874302,215.81,2026-09-16 15:44:11,2026-09-16 11:45:06
NVDA,NVDA261016P00140000,NVDA,2026-10-16,P,140.0,0.15,331.0,0.17,570.0,0.685,18192.0,3.0,-0.0106,0.0007,0.0176,-0.0188,-0.002,0.1578,-0.04,0.17,0.17,0.15,down,0.15,2026-09-16T10:39:00,-21.0526,0.190000005066395,215.81,2026-09-16 15:44:11,2026-09-16 11:45:06
NVDA,NVDA261016P00145000,NVDA,2026-10-16,P,145.0,0.18,70.0,0.19,451.0,0.6517,8805.0,89.0,-0.0128,0.0008,0.0207,-0.021,-0.0024,0.1838,-0.03,0.19,0.2,0.19,no_change,0.19,2026-09-16T10:52:21,-13.6364,0.219999998807907,215.81,2026-09-16 15:44:11,2026-09-16 11:45:06
NVDA,NVDA261016P00150000,NVDA,2026-10-16,P,150.0,0.21,289.0,0.22,809.0,0.6161,24740.0,7.0,-0.0154,0.001,0.0244,-0.0234,-0.0029,0.2141,-0.035,0.23,0.23,0.22,down,0.22,2026-09-16T11:08:01,-13.7255,0.254999995231628,215.81,2026-09-16 15:44:11,2026-09-16 11:45:06
NVDA,NVDA261016P00155000,NVDA,2026-10-16,P,155.0,0.24,155.0,0.26,993.0,0.5809,12188.0,0.0,-0.0187,0.0013,0.0287,-0.0262,-0.0034,0.2508,0.0,0.0,0.0,0.0,no_change,0.29,2026-09-15T15:57:18,0.0,0.295000001788139,215.81,2026-09-16 15:44:11,2026-09-16 11:45:06
NVDA,NVDA261016P00160000,NVDA,2026-10-16,P,160.0,0.29,131.0,0.3,363.0,0.5472,17644.0,15.0,-0.0228,0.0016,0.034,-0.0292,-0.0042,0.2951,-0.05,0.31,0.31,0.3,down,0.3,2026-09-16T11:07:06,-14.2857,0.350000008940697,215.81,2026-09-16 15:44:11,2026-09-16 11:45:06
NVDA,NVDA261016P00165000,NVDA,2026-10-16,P,165.0,0.35,27.0,0.36,916.0,0.5152,21877.0,28.0,-0.028,0.002,0.0405,-0.0328,-0.0051,0.3508,-0.065,0.37,0.37,0.35,no_change,0.35,2026-09-16T11:07:32,-15.6626,0.41499999165535,215.81,2026-09-16 15:44:11,2026-09-16 11:45:06
NVDA,NVDA261016P00170000,NVDA,2026-10-16,P,170.0,0.42,94.0,0.43,622.0,0.4823,29775.0,313.0,-0.0351,0.0026,0.0487,-0.0372,-0.0064,0.4245,-0.08,0.43,0.49,0.43,no_change,0.43,2026-09-16T11:26:16,-15.6863,0.509999990463257,215.81,2026-09-16 15:44:11,2026-09-16 11:45:06
NVDA,NVDA261016P00175000,NVDA,2026-10-16,P,175.0,0.51,167.0,0.53,577.0,0.4517,20887.0,94.0,-0.0445,0.0033,0.0591,-0.0425,-0.008,0.5238,-0.135,0.62,0.62,0.52,no_change,0.52,2026-09-16T11:28:33,-20.6107,0.655000001192093,215.81,2026-09-16 15:44:11,2026-09-16 11:45:06
NVDA,NVDA261016P00180000,NVDA,2026-10-16,P,180.0,0.66,158.0,0.68,406.0,0.425,34928.0,378.0,-0.058,0.0044,0.0731,-0.0496,-0.0104,0.6705,-0.205,0.75,0.76,0.66,down,0.66,2026-09-16T11:26:20,-23.6994,0.865000009536743,215.81,2026-09-16 15:44:11,2026-09-16 11:45:06
NVDA,NVDA261016P00185000,NVDA,2026-10-16,P,185.0,0.89,347.0,0.91,112.0,0.4015,21133.0,379.0,-0.078,0.0058,0.0921,-0.0592,-0.0141,0.8998,-0.305,1.03,1.07,0.89,no_change,0.89,2026-09-16T11:28:19,-25.523,1.19500005245209,215.81,2026-09-16 15:44:11,2026-09-16 11:45:06
NVDA,NVDA261016P00190000,NVDA,2026-10-16,P,190.0,1.25,255.0,1.28,258.0,0.3823,25744.0,1084.0,-0.1068,0.0077,0.1159,-0.0716,-0.0191,1.2517,-0.455,1.43,1.51,1.24,no_change,1.25,2026-09-16T11:26:36,-26.6862,1.70500004291534,215.81,2026-09-16 15:44:11,2026-09-16 11:45:06
NVDA,NVDA261016P00195000,NVDA,2026-10-16,P,195.0,1.8,191.0,1.83,153.0,0.3674,38563.0,2689.0,-0.1479,0.0101,0.145,-0.0867,-0.026,1.797,-0.66,2.04,2.18,1.78,up,1.8,2026-09-16T11:29:02,-26.8293,2.46000003814697,215.81,2026-09-16 15:44:11,2026-09-16 11:45:06
NVDA,NVDA261016P00200000,NVDA,2026-10-16,P,200.0,2.61,101.0,2.64,135.0,0.3546,43504.0,1287.0,-0.2033,0.0128,0.1766,-0.1032,-0.0353,2.6086,-0.895,3.0,3.15,2.57,up,2.63,2026-09-16T11:29:09,-25.3901,3.52499997615814,215.81,2026-09-16 15:44:11,2026-09-16 11:45:06
NVDA,NVDA261016P00205000,NVDA,2026-10-16,P,205.0,3.75,122.0,3.8,75.0,0.3442,30678.0,1015.0,-0.2741,0.0156,0.2072,-0.119,-0.0466,3.77,-1.255,4.3,4.5,3.71,up,3.77,2026-09-16T11:29:09,-24.9751,5.02500009536743,215.81,2026-09-16 15:44:11,2026-09-16 11:45:06
NVDA,NVDA261016P00210000,NVDA,2026-10-16,P,210.0,5.3,131.0,5.35,1.0,0.3366,24694.0,1110.0,-0.3581,0.0179,0.2318,-0.131,-0.0601,5.3438,-1.595,6.0,6.21,5.2,up,5.33,2026-09-16T11:29:11,-23.0325,6.92499995231628,215.81,2026-09-16 15:44:11,2026-09-16 11:45:06
NVDA,NVDA261016P00215000,NVDA,2026-10-16,P,215.0,7.35,119.0,7.45,122.0,0.3303,16442.0,1368.0,-0.4522,0.0195,0.2457,-0.1368,-0.0733,7.3886,-2.075,8.45,8.64,7.25,up,7.3,2026-09-16T11:28:32,-22.1333,9.375,215.81,2026-09-16 15:44:11,2026-09-16 11:45:06
NVDA,NVDA261016P00220000,NVDA,2026-10-16,P,220.0,9.9,392.0,10.0,46.0,0.3257,35872.0,575.0,-0.551,0.02,0.2452,-0.1351,-0.0849,9.9418,-2.525,11.05,11.35,9.83,no_change,9.85,2026-09-16T11:28:32,-20.404,12.375,215.81,2026-09-16 15:44:11,2026-09-16 11:45:06
NVDA,NVDA261016P00225000,NVDA,2026-10-16,P,225.0,13.0,215.0,13.1,54.0,0.3207,11920.0,50.0,-0.6478,0.0192,0.2306,-0.1264,-0.0946,13.0198,-3.0,14.55,14.6,12.85,down,12.85,2026-09-16T11:27:00,-18.9274,15.8499999046326,215.81,2026-09-16 15:44:11,2026-09-16 11:45:06
NVDA,NVDA261016P00230000,NVDA,2026-10-16,P,230.0,16.55,262.0,16.7,76.0,0.3186,12369.0,68.0,-0.7359,0.0174,0.2025,-0.1122,-0.0983,16.5986,-3.26,18.0,18.52,16.49,down,16.49,2026-09-16T11:11:51,-16.5063,19.75,215.81,2026-09-16 15:44:11,2026-09-16 11:45:06
NVDA,NVDA261016P00235000,NVDA,2026-10-16,P,235.0,20.55,259.0,20.7,55.0,0.3188,3647.0,30.0,-0.811,0.0149,0.1672,-0.0952,-0.0959,20.5892,-3.525,22.0,22.0,20.45,down,20.45,2026-09-16T11:11:40,-14.7028,23.9749994277954,215.81,2026-09-16 15:44:11,2026-09-16 11:45:06
NVDA,NVDA261016P00240000,NVDA,2026-10-16,P,240.0,24.9,78.0,25.05,39.0,0.3213,2633.0,14.0,-0.8714,0.0122,0.1306,-0.077,-0.0905,24.9212,-2.975,26.54,26.7,25.01,down,25.55,2026-09-16T10:20:17,-10.4295,28.5250005722046,215.81,2026-09-16 15:44:11,2026-09-16 11:45:06
NVDA,NVDA261016P00245000,NVDA,2026-10-16,P,245.0,29.4,129.0,29.75,100.0,0.3205,538.0,3.0,-0.9173,0.0098,0.0958,-0.0605,-0.0735,29.5076,-1.85,31.75,31.75,31.4,down,31.4,2026-09-16T09:33:20,-5.56391,33.25,215.81,2026-09-16 15:44:11,2026-09-16 11:45:06
NVDA,NVDA261016P00250000,NVDA,2026-10-16,P,250.0,34.15,215.0,34.5,119.0,0.3199,1400.0,10.0,-0.9516,0.0082,0.0649,-0.0509,-0.0509,34.2742,-3.925,35.15,35.15,34.2,down,34.2,2026-09-16T11:07:16,-10.2951,38.125,215.81,2026-09-16 15:44:11,2026-09-16 11:45:06
NVDA,NVDA261016P00255000,NVDA,2026-10-16,P,255.0,39.05,76.0,39.4,77.0,0.3186,993.0,1.0,-0.9761,0.0061,0.0366,-0.0443,-0.0394,39.1623,-1.905,41.12,41.12,41.12,down,41.12,2026-09-16T09:41:23,-4.42766,43.0249996185303,215.81,2026-09-16 15:44:11,2026-09-16 11:45:06
NVDA,NVDA261016P00260000,NVDA,2026-10-16,P,260.0,44.05,1.0,44.4,1.0,0.3486,158.0,0.0,-0.9902,0.0034,0.0114,-0.0339,-0.0118,44.1216,0.0,0.0,0.0,0.0,no_change,47.93,2026-09-14T15:47:14,0.0,48.0499992370606,215.81,2026-09-16 15:44:11,2026-09-16 11:45:06
NVDA,NVDA261016P00265000,NVDA,2026-10-16,P,265.0,49.05,10.0,49.35,10.0,0.0,0.0,0.0,-0.9973,0.0014,0.0043,-0.0285,0.0,49.1094,0.0,0.0,0.0,0.0,down,46.1,2026-09-10T09:36:21,0.0,53.0499992370606,215.81,2026-09-16 15:44:11,2026-09-16 11:45:06
NVDA,NVDA261016P00270000,NVDA,2026-10-16,P,270.0,54.05,10.0,54.35,10.0,0.0,29.0,0.0,-0.9995,0.0003,0.0,-0.0285,0.0,54.1094,0.0,0.0,0.0,0.0,no_change,44.3,2026-09-08T13:20:41,0.0,58.0499992370606,215.81,2026-09-16 15:44:11,2026-09-16 11:45:06
NVDA,NVDA261016P00275000,NVDA,2026-10-16,P,275.0,59.05,10.0,59.35,10.0,0.0,0.0,0.0,-1.0,0.0,0.0,-0.0285,0.0,59.1094,0.0,0.0,0.0,0.0,up,55.15,2026-09-10T14:50:10,0.0,63.0499992370606,215.81,2026-09-16 15:44:11,2026-09-16 11:45:06
NVDA,NVDA261016P00280000,NVDA,2026-10-16,P,280.0,64.05,10.0,64.35,10.0,0.0,0.0,0.0,-1.0,0.0,0.0,-0.0285,0.0,64.1094,0.0,0.0,0.0,0.0,up,60.21,2026-09-10T14:34:04,0.0,68.0499992370606,215.81,2026-09-16 15:44:11,2026-09-16 11:45:06
NVDA,NVDA261016P00285000,NVDA,2026-10-16,P,285.0,69.05,10.0,69.35,10.0,0.0,0.0,0.0,-1.0,0.0,0.0,-0.0285,0.0,69.1094,0.0,0.0,0.0,0.0,down,65.58,2026-08-10T11:57:30,0.0,73.0499992370606,215.81,2026-09-16 15:44:11,2026-09-16 11:45:06
NVDA,NVDA261016P00290000,NVDA,2026-10-16,P,290.0,74.05,10.0,74.35,10.0,0.0,0.0,0.0,-1.0,0.0,0.0,-0.0285,0.0,74.1094,0.0,0.0,0.0,0.0,up,74.6,2026-09-01T15:58:28,0.0,78.0499992370606,215.81,2026-09-16 15:44:11,2026-09-16 11:45:06
NVDA,NVDA261016P00295000,NVDA,2026-10-16,P,295.0,79.05,10.0,79.35,10.0,0.0,0.0,0.0,-1.0,0.0,0.0,-0.0285,0.0,79.1094,0.0,0.0,0.0,0.0,down,79.62,2026-08-21T10:36:24,0.0,83.0499992370606,215.81,2026-09-16 15:44:11,2026-09-16 11:45:06
NVDA,NVDA261016P00300000,NVDA,2026-10-16,P,300.0,84.05,10.0,84.35,10.0,0.0,1.0,0.0,-1.0,0.0,0.0,-0.0285,0.0,84.1094,0.0,0.0,0.0,0.0,up,69.2,2026-09-08T09:51:01,0.0,88.0499992370606,215.81,2026-09-16 15:44:11,2026-09-16 11:45:06
NVDA,NVDA261016P00305000,NVDA,2026-10-16,P,305.0,89.05,10.0,89.35,10.0,0.0,0.0,0.0,-1.0,0.0,0.0,-0.0285,0.0,89.1094,0.0,0.0,0.0,0.0,no_change,0.0,,0.0,93.0499992370606,215.81,2026-09-16 15:44:11,2026-09-16 11:45:06
NVDA,NVDA261016P00310000,NVDA,2026-10-16,P,310.0,94.05,1.0,94.35,1.0,0.0,0.0,0.0,-1.0,0.0,0.0,-0.0285,0.0,94.1094,0.0,0.0,0.0,0.0,down,87.0,2026-08-07T15:21:26,0.0,98.0499992370606,215.81,2026-09-16 15:44:11,2026-09-16 11:45:06
NVDA,NVDA261016P00315000,NVDA,2026-10-16,P,315.0,99.05,1.0,99.35,1.0,0.0,0.0,0.0,-1.0,0.0,0.0,-0.0285,0.0,99.1094,0.0,0.0,0.0,0.0,no_change,0.0,,0.0,103.049999237061,215.81,2026-09-16 15:44:11,2026-09-16 11:45:06
NVDA,NVDA261016P00320000,NVDA,2026-10-16,P,320.0,104.05,1.0,104.35,1.0,0.0,0.0,0.0,-1.0,0.0,0.0,-0.0285,0.0,104.1094,0.0,0.0,0.0,0.0,no_change,0.0,,0.0,108.049999237061,215.81,2026-09-16 15:44:11,2026-09-16 11:45:06
NVDA,NVDA261016P00325000,NVDA,2026-10-16,P,325.0,109.05,2.0,109.35,1.0,0.0,0.0,0.0,-1.0,0.0,0.0,-0.0285,0.0,109.1094,0.0,0.0,0.0,0.0,no_change,0.0,,0.0,113.049999237061,215.81,2026-09-16 15:44:11,2026-09-16 11:45:06
NVDA,NVDA261016P00330000,NVDA,2026-10-16,P,330.0,114.05,1.0,114.35,1.0,0.0,0.0,0.0,-1.0,0.0,0.0,-0.0285,0.0,114.1094,0.0,0.0,0.0,0.0,no_change,0.0,,0.0,118.049999237061,215.81,2026-09-16 15:44:11,2026-09-16 11:45:06
NVDA,NVDA261016P00335000,NVDA,2026-10-16,P,335.0,119.05,1.0,119.35,1.0,0.7156,0.0,0.0,-1.0,0.0,0.0,-0.0285,0.0,119.1094,0.0,0.0,0.0,0.0,no_change,0.0,,0.0,123.049999237061,215.81,2026-09-16 15:44:11,2026-09-16 11:45:06
NVDA,NVDA261016P00340000,NVDA,2026-10-16,P,340.0,122.8,29.0,125.6,10.0,0.7362,0.0,0.0,-1.0,0.0,0.0,-0.0285,0.0,124.1094,0.0,0.0,0.0,0.0,no_change,0.0,,0.0,128.049999237061,215.81,2026-09-16 15:44:11,2026-09-16 11:45:06
NVDA,NVDA261016P00345000,NVDA,2026-10-16,P,345.0,127.8,7.0,129.55,1.0,0.7565,0.0,0.0,-1.0,0.0,0.0,-0.0285,0.0,129.1094,0.0,0.0,0.0,0.0,no_change,0.0,,0.0,133.050003051758,215.81,2026-09-16 15:44:11,2026-09-16 11:45:06
NVDA,NVDA261016P00350000,NVDA,2026-10-16,P,350.0,134.05,1.0,134.35,1.0,0.7764,0.0,0.0,-1.0,0.0,0.0,-0.0285,0.0,134.1094,0.0,0.0,0.0,0.0,no_change,0.0,,0.0,138.050003051758,215.81,2026-09-16 15:44:11,2026-09-16 11:45:06
NVDA,NVDA261016P00355000,NVDA,2026-10-16,P,355.0,139.05,1.0,139.35,1.0,0.796,0.0,0.0,-1.0,0.0,0.0,-0.0285,0.0,139.1094,0.0,0.0,0.0,0.0,no_change,0.0,,0.0,143.050003051758,215.81,2026-09-16 15:44:11,2026-09-16 11:45:06
NVDA,NVDA261016P00360000,NVDA,2026-10-16,P,360.0,144.05,1.0,144.35,1.0,0.8153,0.0,0.0,-1.0,0.0,0.0,-0.0285,0.0,144.1094,0.0,0.0,0.0,0.0,up,142.25,2026-05-29T13:06:51,0.0,148.050003051758,215.81,2026-09-16 15:44:11,2026-09-16 11:45:06
NVDA,NVDA261016P00365000,NVDA,2026-10-16,P,365.0,147.85,9.0,149.65,25.0,0.8342,0.0,0.0,-1.0,0.0,0.0,-0.0285,0.0,149.1094,0.0,0.0,0.0,0.0,no_change,0.0,,0.0,153.050003051758,215.81,2026-09-16 15:44:11,2026-09-16 11:45:06
NVDA,NVDA261016P00370000,NVDA,2026-10-16,P,370.0,154.05,1.0,154.35,1.0,0.8529,0.0,0.0,-1.0,0.0,0.0,-0.0285,0.0,154.1094,0.0,0.0,0.0,0.0,up,146.03,2026-08-27T09:34:17,0.0,158.050003051758,215.81,2026-09-16 15:44:11,2026-09-16 11:45:06
NVDA,NVDA261016P00375000,NVDA,2026-10-16,P,375.0,159.05,2.0,159.35,1.0,0.8713,0.0,0.0,-1.0,0.0,0.0,-0.0285,0.0,159.1094,0.0,0.0,0.0,0.0,no_change,0.0,,0.0,163.050003051758,215.81,2026-09-16 15:44:11,2026-09-16 11:45:06
NVDA,NVDA261016P00380000,NVDA,2026-10-16,P,380.0,164.05,1.0,164.35,1.0,0.8894,0.0,0.0,-1.0,0.0,0.0,-0.0285,0.0,164.1094,0.0,0.0,0.0,0.0,up,158.2,2026-05-21T14:10:39,0.0,168.050003051758,215.81,2026-09-16 15:44:11,2026-09-16 11:45:06
NVDA,NVDA261016P00385000,NVDA,2026-10-16,P,385.0,169.05,2.0,169.35,1.0,0.9378,0.0,0.0,-1.0,0.0,0.0,-0.0285,0.0,169.1094,0.0,0.0,0.0,0.0,no_change,0.0,,0.0,173.050003051758,215.81,2026-09-16 15:44:11,2026-09-16 11:45:06
NVDA,NVDA261016P00390000,NVDA,2026-10-16,P,390.0,173.7,25.0,174.6,25.0,0.9559,0.0,0.0,-1.0,0.0,0.0,-0.0285,0.0,174.1094,0.0,0.0,0.0,0.0,down,183.33,2026-08-03T15:53:36,0.0,178.050003051758,215.81,2026-09-16 15:44:11,2026-09-16 11:45:06
NVDA,NVDA261016P00395000,NVDA,2026-10-16,P,395.0,177.85,30.0,180.55,18.0,0.9422,0.0,0.0,-1.0,0.0,0.0,-0.0285,0.0,179.1094,0.0,0.0,0.0,0.0,no_change,0.0,,0.0,183.050003051758,215.81,2026-09-16 15:44:11,2026-09-16 11:45:06
NVDA,NVDA261016P00400000,NVDA,2026-10-16,P,400.0,184.05,1.0,184.35,1.0,0.9593,1.0,0.0,-1.0,0.0,0.0,-0.0285,0.0,184.1094,0.0,0.0,0.0,0.0,down,179.35,2026-09-11T15:45:34,0.0,188.050003051758,215.81,2026-09-16 15:44:11,2026-09-16 11:45:06
NVDA,NVDA261016P00405000,NVDA,2026-10-16,P,405.0,189.05,1.0,189.35,1.0,0.9762,0.0,0.0,-1.0,0.0,0.0,-0.0285,0.0,189.1094,0.0,0.0,0.0,0.0,up,193.5,2026-09-14T15:55:00,0.0,193.050003051758,215.81,2026-09-16 15:44:11,2026-09-16 11:45:06
NVDA,NVDA261016P00410000,NVDA,2026-10-16,P,410.0,194.05,1.0,194.35,1.0,0.9928,0.0,0.0,-1.0,0.0,0.0,-0.0285,0.0,194.1094,0.0,0.0,0.0,0.0,down,182.97,2026-08-13T15:50:28,0.0,198.050003051758,215.81,2026-09-16 15:44:11,2026-09-16 11:45:06
NVDA,NVDA261016P00415000,NVDA,2026-10-16,P,415.0,199.05,1.0,199.35,1.0,1.0092,0.0,0.0,-1.0,0.0,0.0,-0.0285,0.0,199.1094,0.0,0.0,0.0,0.0,no_change,0.0,,0.0,203.050003051758,215.81,2026-09-16 15:44:11,2026-09-16 11:45:06
NVDA,NVDA261016P00420000,NVDA,2026-10-16,P,420.0,204.05,1.0,204.35,1.0,1.0253,0.0,0.0,-1.0,0.0,0.0,-0.0285,0.0,204.1094,0.0,0.0,0.0,0.0,no_change,0.0,,0.0,208.050003051758,215.81,2026-09-16 15:44:11,2026-09-16 11:45:06
NVDA,NVDA261016P00425000,NVDA,2026-10-16,P,425.0,209.05,1.0,209.35,1.0,1.0413,0.0,0.0,-1.0,0.0,0.0,-0.0285,0.0,209.1094,0.0,0.0,0.0,0.0,no_change,0.0,,0.0,213.050003051758,215.81,2026-09-16 15:44:11,2026-09-16 11:45:06
NVDA,NVDA261016P00430000,NVDA,2026-10-16,P,430.0,214.05,2.0,214.35,1.0,1.057,0.0,0.0,-1.0,0.0,0.0,-0.0285,0.0,214.1094,0.0,0.0,0.0,0.0,no_change,0.0,,0.0,218.050003051758,215.81,2026-09-16 15:44:11,2026-09-16 11:45:06
NVDA,NVDA261016P00435000,NVDA,2026-10-16,P,435.0,219.05,1.0,219.35,1.0,1.0725,0.0,0.0,-1.0,0.0,0.0,-0.0285,0.0,219.1094,0.0,0.0,0.0,0.0,no_change,0.0,,0.0,223.050003051758,215.81,2026-09-16 15:44:11,2026-09-16 11:45:06
NVDA,NVDA261016P00440000,NVDA,2026-10-16,P,440.0,224.05,1.0,224.35,1.0,1.0879,0.0,0.0,-1.0,0.0,0.0,-0.0285,0.0,224.1094,0.0,0.0,0.0,0.0,down,212.53,2026-05-13T12:30:55,0.0,228.050003051758,215.81,2026-09-16 15:44:11,2026-09-16 11:45:06
NVDA,NVDA261016P00450000,NVDA,2026-10-16,P,450.0,234.05,1.0,234.35,1.0,0.0,0.0,0.0,-1.0,0.0,0.0,-0.0285,0.0,234.1094,0.0,0.0,0.0,0.0,no_change,0.0,,0.0,238.050003051758,215.81,2026-09-16 15:44:11,2026-09-16 11:45:06
NVDA,NVDA261016P00455000,NVDA,2026-10-16,P,455.0,239.05,1.0,239.35,1.0,0.0,0.0,0.0,-1.0,0.0,0.0,-0.0285,0.0,239.1094,0.0,0.0,0.0,0.0,down,229.4,2026-08-13T15:51:57,0.0,243.050003051758,215.81,2026-09-16 15:44:11,2026-09-16 11:45:06
NVDA,NVDA261016P00460000,NVDA,2026-10-16,P,460.0,244.05,1.0,244.35,1.0,0.0,0.0,0.0,-1.0,0.0,0.0,-0.0285,0.0,244.1094,0.0,0.0,0.0,0.0,down,234.38,2026-08-13T15:51:57,0.0,248.050003051758,215.81,2026-09-16 15:44:11,2026-09-16 11:45:06
NVDA,NVDA261023C00050000,NVDA,2026-10-23,C,50.0,165.8,1.0,166.4,1.0,1.664,0.0,0.0,0.9998,0.0,0.001,0.0,0.053,166.1682,0.0,0.0,0.0,0.0,no_change,0.0,,0.0,162.25,215.81,2026-09-16 15:44:11,2026-09-16 11:45:06
NVDA,NVDA261023C00055000,NVDA,2026-10-23,C,55.0,160.85,1.0,161.45,1.0,1.6338,0.0,0.0,0.9996,0.0,0.0013,0.0,0.0583,161.1947,0.0,0.0,0.0,0.0,no_change,0.0,,0.0,157.275001525879,215.81,2026-09-16 15:44:11,2026-09-16 11:45:06
NVDA,NVDA261023C00060000,NVDA,2026-10-23,C,60.0,155.85,1.0,156.45,1.0,1.4702,0.0,0.0,0.9995,0.0,0.0016,0.0,0.0636,156.2215,0.0,0.0,0.0,0.0,no_change,0.0,,0.0,152.299995422363,215.81,2026-09-16 15:44:11,2026-09-16 11:45:06
NVDA,NVDA261023C00065000,NVDA,2026-10-23,C,65.0,150.9,1.0,151.5,1.0,1.4463,0.0,0.0,0.9993,0.0,0.002,0.0,0.0689,151.2488,0.0,0.0,0.0,0.0,no_change,0.0,,0.0,147.349998474121,215.81,2026-09-16 15:44:11,2026-09-16 11:45:06
NVDA,NVDA261023C00070000,NVDA,2026-10-23,C,70.0,145.9,1.0,146.5,1.0,1.3066,0.0,0.0,0.9991,0.0,0.0024,0.0,0.0741,146.2766,0.0,0.0,0.0,0.0,no_change,0.0,,0.0,142.349998474121,215.81,2026-09-16 15:44:11,2026-09-16 11:45:06
NVDA,NVDA261023C00075000,NVDA,2026-10-23,C,75.0,140.95,1.0,141.55,1.0,1.2333,0.0,0.0,0.9989,0.0,0.0029,0.0,0.0794,141.305,0.0,0.0,0.0,0.0,no_change,0.0,,0.0,137.400001525879,215.81,2026-09-16 15:44:11,2026-09-16 11:45:06
NVDA,NVDA261023C00080000,NVDA,2026-10-23,C,80.0,135.95,1.0,136.55,1.0,1.1646,0.0,0.0,0.9986,0.0001,0.0034,0.0,0.0846,136.3341,0.0,0.0,0.0,0.0,no_change,0.0,,0.0,132.400001525879,215.81,2026-09-16 15:44:11,2026-09-16 11:45:06
NVDA,NVDA261023C00085000,NVDA,2026-10-23,C,85.0,131.0,1.0,131.6,1.0,1.1459,0.0,0.0,0.9983,0.0001,0.0041,0.0,0.0899,131.3639,0.0,0.0,0.0,0.0,no_change,0.0,,0.0,127.450000762939,215.81,2026-09-16 15:44:11,2026-09-16 11:45:06
NVDA,NVDA261023C00090000,NVDA,2026-10-23,C,90.0,126.0,1.0,126.65,1.0,1.0389,0.0,0.0,0.9979,0.0001,0.0048,0.0,0.0951,126.3945,0.0,0.0,0.0,0.0,no_change,0.0,,0.0,122.475002288818,215.81,2026-09-16 15:44:11,2026-09-16 11:45:06
NVDA,NVDA261023C00095000,NVDA,2026-10-23,C,95.0,121.05,1.0,121.65,1.0,1.021,2.0,0.0,0.9975,0.0001,0.0057,0.0,0.1003,121.4261,0.0,0.0,0.0,0.0,down,130.85,2026-09-08T15:57:02,0.0,117.5,215.81,2026-09-16 15:44:11,2026-09-16 11:45:06
NVDA,NVDA261023C00100000,NVDA,2026-10-23,C,100.0,116.1,1.0,116.7,1.0,0.9258,0.0,0.0,0.997,0.0001,0.0067,0.0,0.1055,116.4588,0.0,0.0,0.0,0.0,no_change,0.0,,0.0,112.549999237061,215.81,2026-09-16 15:44:11,2026-09-16 11:45:06
NVDA,NVDA261023C00105000,NVDA,2026-10-23,C,105.0,111.1,1.0,111.7,1.0,0.9082,0.0,0.0,0.9964,0.0002,0.0079,0.0,0.1106,111.4927,0.0,0.0,0.0,0.0,no_change,0.0,,0.0,107.575000762939,215.81,2026-09-16 15:44:11,2026-09-16 11:45:06
NVDA,NVDA261023C00110000,NVDA,2026-10-23,C,110.0,106.25,2.0,106.75,4.0,0.8554,1.0,0.0,0.9956,0.0002,0.0092,0.0,0.1158,106.528,0.0,0.0,0.0,0.0,down,102.7,2026-09-15T12:29:07,0.0,102.625,215.81,2026-09-16 15:44:11,2026-09-16 11:45:06
NVDA,NVDA261023C00115000,NVDA,2026-10-23,C,115.0,101.3,1.0,101.8,3.0,0.8296,0.0,0.0,0.9948,0.0003,0.0107,-0.0012,0.1209,101.565,0.0,0.0,0.0,0.0,no_change,0.0,,0.0,97.6500015258789,215.81,2026-09-16 15:44:11,2026-09-16 11:45:06
NVDA,NVDA261023C00120000,NVDA,2026-10-23,C,120.0,96.2,1.0,96.85,1.0,0.7992,0.0,0.0,0.9938,0.0003,0.0125,-0.0029,0.126,96.6039,0.0,0.0,0.0,0.0,no_change,0.0,,0.0,92.7250022888184,215.81,2026-09-16 15:44:11,2026-09-16 11:45:06
NVDA,NVDA261023C00125000,NVDA,2026-10-23,C,125.0,91.25,3.0,91.85,1.0,0.7944,0.0,0.0,0.9926,0.0004,0.0146,-0.0048,0.131,91.645,0.0,0.0,0.0,0.0,no_change,0.0,,0.0,87.75,215.81,2026-09-16 15:44:11,2026-09-16 11:45:06
NVDA,NVDA261023C00130000,NVDA,2026-10-23,C,130.0,86.3,1.0,86.9,1.0,0.7313,0.0,0.0,0.9911,0.0005,0.017,-0.0068,0.1359,86.6888,0.0,0.0,0.0,0.0,no_change,0.0,,0.0,82.7999992370606,215.81,2026-09-16 15:44:11,2026-09-16 11:45:06
NVDA,NVDA261023C00135000,NVDA,2026-10-23,C,135.0,81.35,10.0,81.95,12.0,0.7167,5.0,2.0,0.9894,0.0006,0.0198,-0.009,0.1409,81.7357,4.04,81.65,81.89,81.65,up,81.89,2026-09-16T11:11:28,5.18947,77.8499984741211,215.81,2026-09-16 15:44:11,2026-09-16 11:45:06
NVDA,NVDA261023C00140000,NVDA,2026-10-23,C,140.0,76.5,2.0,77.0,3.0,0.6482,5.0,0.0,0.9874,0.0007,0.023,-0.0113,0.1457,76.7863,0.0,0.0,0.0,0.0,down,72.99,2026-09-15T15:51:46,0.0,73.0250015258789,215.81,2026-09-16 15:44:11,2026-09-16 11:45:06
NVDA,NVDA261023C00145000,NVDA,2026-10-23,C,145.0,71.45,3.0,72.05,1.0,0.6381,1.0,0.0,0.9849,0.0009,0.0269,-0.0138,0.1504,71.8417,0.0,0.0,0.0,0.0,down,66.42,2026-09-14T10:39:35,0.0,67.9750022888184,215.81,2026-09-16 15:44:11,2026-09-16 11:45:06
NVDA,NVDA261023C00150000,NVDA,2026-10-23,C,150.0,66.55,4.0,67.15,4.0,0.6056,30.0,0.0,0.9818,0.0011,0.0314,-0.0166,0.155,66.9029,0.0,0.0,0.0,0.0,no_change,63.21,2026-09-15T15:54:49,0.0,63.0249996185303,215.81,2026-09-16 15:44:11,2026-09-16 11:45:06
NVDA,NVDA261023C00155000,NVDA,2026-10-23,C,155.0,61.8,10.0,62.2,9.0,0.5715,8.0,0.0,0.978,0.0014,0.0369,-0.0196,0.1594,61.9722,0.0,0.0,0.0,0.0,down,57.44,2026-09-15T13:26:55,0.0,58.125,215.81,2026-09-16 15:44:11,2026-09-16 11:45:06
NVDA,NVDA261023C00160000,NVDA,2026-10-23,C,160.0,56.7,10.0,57.3,13.0,0.5361,7.0,0.0,0.9732,0.0018,0.0435,-0.0231,0.1635,57.0528,0.0,0.0,0.0,0.0,up,52.55,2026-09-15T13:27:15,0.0,53.2000007629394,215.81,2026-09-16 15:44:11,2026-09-16 11:45:06
NVDA,NVDA261023C00165000,NVDA,2026-10-23,C,165.0,51.9,10.0,52.4,14.0,0.5042,1.0,0.0,0.967,0.0022,0.0518,-0.0272,0.1673,52.1502,0.0,0.0,0.0,0.0,up,69.52,2026-09-04T09:47:17,0.0,48.3249988555908,215.81,2026-09-16 15:44:11,2026-09-16 11:45:06
NVDA,NVDA261023C00170000,NVDA,2026-10-23,C,170.0,46.9,30.0,47.5,40.0,0.4703,13.0,1.0,0.9586,0.0028,0.0622,-0.0321,0.1707,47.2736,2.775,46.25,46.25,46.25,up,46.25,2026-09-16T09:50:22,6.38298,43.4750003814697,215.81,2026-09-16 15:44:11,2026-09-16 11:45:06
NVDA,NVDA261023C00175000,NVDA,2026-10-23,C,175.0,42.3,18.0,42.65,1.0,0.4445,28.0,20.0,0.9471,0.0036,0.0756,-0.0383,0.1732,42.438,3.25,41.9,41.9,41.9,up,41.9,2026-09-16T10:44:08,8.4088,38.6499996185303,215.81,2026-09-16 15:44:11,2026-09-16 11:45:06
NVDA,NVDA261023C00180000,NVDA,2026-10-23,C,180.0,37.3,30.0,37.9,36.0,0.4172,92.0,0.0,0.931,0.0047,0.093,-0.0461,0.1746,37.6669,0.0,0.0,0.0,0.0,up,34.7,2026-09-15T10:16:45,0.0,33.9500007629394,215.81,2026-09-16 15:44:11,2026-09-16 11:45:06
NVDA,NVDA261023C00185000,NVDA,2026-10-23,C,185.0,32.75,31.0,33.25,87.0,0.399,12.0,0.0,0.9082,0.0061,0.1151,-0.056,0.1744,32.995,0.0,0.0,0.0,0.0,up,29.74,2026-09-15T11:41:44,0.0,29.4000005722046,215.81,2026-09-16 15:44:11,2026-09-16 11:45:06
NVDA,NVDA261023C00190000,NVDA,2026-10-23,C,190.0,28.25,69.0,28.7,224.0,0.3803,25.0,10.0,0.8768,0.0078,0.142,-0.0678,0.172,28.4687,3.6,28.65,28.65,28.65,up,28.65,2026-09-16T11:11:19,14.3713,25.0500001907349,215.81,2026-09-16 15:44:11,2026-09-16 11:45:06
NVDA,NVDA261023C00195000,NVDA,2026-10-23,C,195.0,24.0,26.0,24.35,241.0,0.3653,49.0,5.0,0.8346,0.0099,0.1727,-0.0812,0.1669,24.1452,2.875,22.29,23.8,22.29,up,23.8,2026-09-16T10:56:36,13.7395,20.9250001907349,215.81,2026-09-16 15:44:11,2026-09-16 11:45:06
NVDA,NVDA261023C00200000,NVDA,2026-10-23,C,200.0,19.95,80.0,20.3,120.0,0.3576,172.0,10.0,0.7806,0.0121,0.2049,-0.0949,0.1587,20.0872,2.65,18.15,19.75,18.15,up,19.75,2026-09-16T10:45:23,15.4971,17.1000003814697,215.81,2026-09-16 15:44:11,2026-09-16 11:45:06
NVDA,NVDA261023C00205000,NVDA,2026-10-23,C,205.0,16.05,78.0,16.5,108.0,0.3477,215.0,49.0,0.7148,0.0142,0.2349,-0.1074,0.1474,16.3572,2.325,15.2,16.05,14.75,up,16.05,2026-09-16T10:55:59,16.9399,13.7250003814697,215.81,2026-09-16 15:44:11,2026-09-16 11:45:06
NVDA,NVDA261023C00210000,NVDA,2026-10-23,C,210.0,12.85,226.0,13.1,308.0,0.3384,788.0,173.0,0.6387,0.016,0.2586,-0.1167,0.1334,13.0103,2.275,11.78,13.27,11.53,no_change,13.0,2026-09-16T11:29:06,21.2121,10.7249999046326,215.81,2026-09-16 15:44:11,2026-09-16 11:45:06
NVDA,NVDA261023C00215000,NVDA,2026-10-23,C,215.0,9.95,153.0,10.15,294.0,0.3332,1306.0,383.0,0.5551,0.0172,0.2725,-0.1214,0.1172,10.0901,1.975,8.8,10.34,8.8,no_change,10.15,2026-09-16T11:26:35,24.159,8.17500019073486,215.81,2026-09-16 15:44:11,2026-09-16 11:45:06
NVDA,NVDA261023C00220000,NVDA,2026-10-23,C,220.0,7.5,209.0,7.7,292.0,0.3291,1782.0,438.0,0.4683,0.0176,0.2743,-0.1207,0.0998,7.624,1.545,6.6,7.8,6.58,up,7.62,2026-09-16T11:24:46,25.4321,6.07500004768372,215.81,2026-09-16 15:44:11,2026-09-16 11:45:06
NVDA,NVDA261023C00225000,NVDA,2026-10-23,C,225.0,5.55,281.0,5.7,362.0,0.325,4225.0,137.0,0.3831,0.017,0.2635,-0.1146,0.0821,5.6178,1.29,5.0,5.82,4.85,down,5.69,2026-09-16T11:27:19,29.3182,4.39999985694885,215.81,2026-09-16 15:44:11,2026-09-16 11:45:06
NVDA,NVDA261023C00230000,NVDA,2026-10-23,C,230.0,4.0,476.0,4.1,419.0,0.3238,1459.0,338.0,0.3041,0.0157,0.2418,-0.1042,0.0655,4.0493,0.95,3.45,4.2,3.44,up,4.1,2026-09-16T11:26:23,30.1587,3.14999997615814,215.81,2026-09-16 15:44:11,2026-09-16 11:45:06
NVDA,NVDA261023C00235000,NVDA,2026-10-23,C,235.0,2.83,542.0,2.91,734.0,0.3226,3511.0,364.0,0.2351,0.0138,0.213,-0.0911,0.0508,2.868,0.705,2.6,3.0,2.49,no_change,2.9,2026-09-16T11:28:14,32.1184,2.19500005245209,215.81,2026-09-16 15:44:11,2026-09-16 11:45:06
NVDA,NVDA261023C00240000,NVDA,2026-10-23,C,240.0,1.96,578.0,2.04,584.0,0.3229,1758.0,265.0,0.1778,0.0117,0.181,-0.077,0.0385,2.0076,0.485,1.72,2.08,1.72,up,2.02,2026-09-16T11:26:38,31.5961,1.5349999666214,215.81,2026-09-16 15:44:11,2026-09-16 11:45:06
NVDA,NVDA261023C00245000,NVDA,2026-10-23,C,245.0,1.38,150.0,1.42,21.0,0.3246,4710.0,103.0,0.1324,0.0095,0.1495,-0.0635,0.0287,1.3991,0.31,1.16,1.45,1.16,up,1.39,2026-09-16T11:25:49,28.7037,1.0799999833107,215.81,2026-09-16 15:44:11,2026-09-16 11:45:06
NVDA,NVDA261023C00250000,NVDA,2026-10-23,C,250.0,0.94,790.0,0.99,433.0,0.328,1931.0,339.0,0.098,0.0076,0.1211,-0.0515,0.0212,0.9792,0.22,0.9,1.02,0.87,no_change,0.98,2026-09-16T11:27:33,28.9474,0.759999990463257,215.81,2026-09-16 15:44:11,2026-09-16 11:45:06
NVDA,NVDA261023C00255000,NVDA,2026-10-23,C,255.0,0.67,520.0,0.71,503.0,0.3327,849.0,29.0,0.0725,0.006,0.097,-0.0415,0.0157,0.6935,0.175,0.64,0.75,0.64,up,0.72,2026-09-16T11:09:32,32.1101,0.544999986886978,215.81,2026-09-16 15:44:11,2026-09-16 11:45:06
NVDA,NVDA261023C00260000,NVDA,2026-10-23,C,260.0,0.49,17.0,0.52,301.0,0.3402,614.0,8.0,0.0541,0.0047,0.0774,-0.0335,0.0117,0.4996,0.12,0.79,0.79,0.46,up,0.53,2026-09-16T09:52:10,29.2683,0.409999996423721,215.81,2026-09-16 15:44:11,2026-09-16 11:45:06
NVDA,NVDA261023C00265000,NVDA,2026-10-23,C,265.0,0.35,356.0,0.39,591.0,0.3474,253.0,4.0,0.0408,0.0036,0.062,-0.0271,0.0088,0.3671,0.075,0.37,0.38,0.37,up,0.38,2026-09-16T10:34:45,24.5902,0.304999992251396,215.81,2026-09-16 15:44:11,2026-09-16 11:45:06
NVDA,NVDA261023C00270000,NVDA,2026-10-23,C,270.0,0.26,362.0,0.29,498.0,0.355,351.0,0.0,0.0312,0.0028,0.0499,-0.0222,0.0067,0.2754,0.0,0.0,0.0,0.0,down,0.23,2026-09-15T15:24:44,0.0,0.229999996721745,215.81,2026-09-16 15:44:11,2026-09-16 11:45:06
NVDA,NVDA261023C00275000,NVDA,2026-10-23,C,275.0,0.2,246.0,0.23,688.0,0.3649,733.0,0.0,0.0242,0.0022,0.0404,-0.0183,0.0052,0.2108,0.0,0.0,0.0,0.0,down,0.18,2026-09-15T12:36:02,0.0,0.179999999701977,215.81,2026-09-16 15:44:11,2026-09-16 11:45:06
NVDA,NVDA261023C00280000,NVDA,2026-10-23,C,280.0,0.15,340.0,0.18,447.0,0.3731,132.0,0.0,0.0191,0.0018,0.0331,-0.0152,0.0041,0.1646,0.0,0.0,0.0,0.0,up,0.25,2026-09-15T09:30:00,0.0,0.140000000596046,215.81,2026-09-16 15:44:11,2026-09-16 11:45:06
NVDA,NVDA261023C00285000,NVDA,2026-10-23,C,285.0,0.08,447.0,0.16,726.0,0.3781,192.0,0.0,0.0152,0.0014,0.0274,-0.0128,0.0033,0.1309,0.0,0.0,0.0,0.0,no_change,0.11,2026-09-15T15:43:00,0.0,0.109999999403954,215.81,2026-09-16 15:44:11,2026-09-16 11:45:06
NVDA,NVDA261023C00290000,NVDA,2026-10-23,C,290.0,0.06,444.0,0.14,624.0,0.3894,127.0,0.0,0.0124,0.0012,0.0229,-0.0109,0.0026,0.1059,0.0,0.0,0.0,0.0,up,0.16,2026-09-15T09:33:58,0.0,0.0850000008940697,215.81,2026-09-16 15:44:11,2026-09-16 11:45:06
NVDA,NVDA261023C00295000,NVDA,2026-10-23,C,295.0,0.04,617.0,0.12,872.0,0.3981,226.0,7.0,0.0102,0.001,0.0193,-0.0094,0.0022,0.0871,0.01,0.08,0.08,0.08,up,0.08,2026-09-16T09:48:57,14.2857,0.0699999984353781,215.81,2026-09-16 15:44:11,2026-09-16 11:45:06
NVDA,NVDA261023C00300000,NVDA,2026-10-23,C,300.0,0.03,489.0,0.1,709.0,0.407,39.0,0.0,0.0085,0.0008,0.0164,-0.0082,0.0018,0.0727,0.0,0.0,0.0,0.0,down,0.05,2026-09-15T11:34:45,0.0,0.0549999997019768,215.81,2026-09-16 15:44:11,2026-09-16 11:45:06
NVDA,NVDA261023C00305000,NVDA,2026-10-23,C,305.0,0.02,138.0,0.09,408.0,0.4172,11.0,0.0,0.0071,0.0007,0.0142,-0.0072,0.0015,0.0615,0.0,0.0,0.0,0.0,down,0.08,2026-09-14T12:03:18,0.0,0.0550000015646219,215.81,2026-09-16 15:44:11,2026-09-16 11:45:06
NVDA,NVDA261023C00310000,NVDA,2026-10-23,C,310.0,0.01,189.0,0.08,415.0,0.4254,1425.0,0.0,0.0061,0.0006,0.0123,-0.0063,0.0013,0.0526,0.0,0.0,0.0,0.0,up,0.07,2026-09-14T12:03:26,0.0,0.0449999989941716,215.81,2026-09-16 15:44:11,2026-09-16 11:45:06
NVDA,NVDA261023C00315000,NVDA,2026-10-23,C,315.0,0.01,523.0,0.07,741.0,0.4368,8.0,0.0,0.0052,0.0005,0.0107,-0.0056,0.0011,0.0455,0.0,0.0,0.0,0.0,up,0.07,2026-09-14T11:43:08,0.0,0.0400000000372529,215.81,2026-09-16 15:44:11,2026-09-16 11:45:06
NVDA,NVDA261023C00320000,NVDA,2026-10-23,C,320.0,0.01,600.0,0.07,850.0,0.453,9.0,1.0,0.0045,0.0004,0.0095,-0.0051,0.001,0.0397,0.0,0.04,0.04,0.04,up,0.04,2026-09-16T09:30:01,-9.31323e-08,0.0400000000372529,215.81,2026-09-16 15:44:11,2026-09-16 11:45:06
NVDA,NVDA261023C00325000,NVDA,2026-10-23,C,325.0,0.01,122.0,0.06,444.0,0.4627,209.0,0.0,0.004,0.0004,0.0084,-0.0046,0.0008,0.035,0.0,0.0,0.0,0.0,down,0.02,2026-09-14T12:03:26,0.0,0.034999999217689,215.81,2026-09-16 15:44:11,2026-09-16 11:45:06
NVDA,NVDA261023C00330000,NVDA,2026-10-23,C,330.0,0.01,22.0,0.06,217.0,0.4781,12.0,0.0,0.0035,0.0003,0.0075,-0.0042,0.0007,0.0311,0.0,0.0,0.0,0.0,down,0.02,2026-09-14T12:03:18,0.0,0.034999999217689,215.81,2026-09-16 15:44:11,2026-09-16 11:45:06
NVDA,NVDA261023C00335000,NVDA,2026-10-23,C,335.0,0.01,20.0,0.06,199.0,0.4932,0.0,0.0,0.0031,0.0003,0.0067,-0.0038,0.0006,0.0277,0.0,0.0,0.0,0.0,no_change,0.0,,0.0,0.034999999217689,215.81,2026-09-16 15:44:11,2026-09-16 11:45:06
NVDA,NVDA261023C00340000,NVDA,2026-10-23,C,340.0,0.01,18.0,0.06,185.0,0.508,106.0,0.0,0.0028,0.0002,0.006,-0.0035,0.0006,0.0249,0.0,0.0,0.0,0.0,down,0.04,2026-09-09T10:17:38,0.0,0.034999999217689,215.81,2026-09-16 15:44:11,2026-09-16 11:45:06
NVDA,NVDA261023C00345000,NVDA,2026-10-23,C,345.0,0.01,17.0,0.06,159.0,0.5225,9.0,0.0,0.0025,0.0002,0.0055,-0.0032,0.0005,0.0225,0.0,0.0,0.0,0.0,up,0.05,2026-09-11T09:48:29,0.0,0.0299999993294477,215.81,2026-09-16 15:44:11,2026-09-16 11:45:06
NVDA,NVDA261023C00350000,NVDA,2026-10-23,C,350.0,0.0,0.0,0.06,33.0,0.5291,12.0,0.0,0.0022,0.0002,0.005,-0.003,0.0005,0.0204,0.0,0.0,0.0,0.0,no_change,0.03,2026-09-14T13:40:33,0.0,0.0299999993294477,215.81,2026-09-16 15:44:11,2026-09-16 11:45:06
NVDA,NVDA261023C00360000,NVDA,2026-10-23,C,360.0,0.0,0.0,0.06,50.0,0.5566,5.0,0.0,0.0018,0.0002,0.0042,-0.0026,0.0004,0.0171,0.0,0.0,0.0,0.0,no_change,0.03,2026-09-14T12:15:47,0.0,0.0299999993294477,215.81,2026-09-16 15:44:11,2026-09-16 11:45:06
NVDA,NVDA261023C00370000,NVDA,2026-10-23,C,370.0,0.0,0.0,0.06,41.0,0.5738,38.0,0.0,0.0015,0.0001,0.0035,-0.0022,0.0003,0.0145,0.0,0.0,0.0,0.0,down,0.02,2026-09-11T10:48:56,0.0,0.0299999993294477,215.81,2026-09-16 15:44:11,2026-09-16 11:45:06
NVDA,NVDA261023C00380000,NVDA,2026-10-23,C,380.0,0.0,0.0,0.05,34.0,0.5991,0.0,0.0,0.0013,0.0001,0.003,-0.002,0.0003,0.0124,0.0,0.0,0.0,0.0,no_change,0.0,,0.0,0.025000000372529,215.81,2026-09-16 15:44:11,2026-09-16 11:45:06
NVDA,NVDA261023C00390000,NVDA,2026-10-23,C,390.0,0.0,0.0,0.05,34.0,0.6237,0.0,0.0,0.0011,0.0001,0.0026,-0.0018,0.0002,0.0107,0.0,0.0,0.0,0.0,no_change,0.0,,0.0,0.025000000372529,215.81,2026-09-16 15:44:11,2026-09-16 11:45:06
NVDA,NVDA261023P00050000,NVDA,2026-10-23,P,50.0,0.0,0.0,0.05,128.0,1.5791,0.0,0.0,-0.0004,0.0,0.001,-0.0019,-0.0001,0.0121,0.0,0.0,0.0,0.0,no_change,0.0,,0.0,0.0299999993294477,215.81,2026-09-16 15:44:11,2026-09-16 11:45:06
NVDA,NVDA261023P00055000,NVDA,2026-10-23,P,55.0,0.0,0.0,0.05,157.0,1.4786,0.0,0.0,-0.0006,0.0,0.0013,-0.0023,-0.0001,0.0149,0.0,0.0,0.0,0.0,no_change,0.0,,0.0,0.0299999993294477,215.81,2026-09-16 15:44:11,2026-09-16 11:45:06
NVDA,NVDA261023P00060000,NVDA,2026-10-23,P,60.0,0.0,0.0,0.06,132.0,1.4103,0.0,0.0,-0.0007,0.0,0.0016,-0.0027,-0.0002,0.018,0.0,0.0,0.0,0.0,no_change,0.0,,0.0,0.0299999993294477,215.81,2026-09-16 15:44:11,2026-09-16 11:45:06
NVDA,NVDA261023P00065000,NVDA,2026-10-23,P,65.0,0.0,0.0,0.06,128.0,1.3251,0.0,0.0,-0.0008,0.0,0.002,-0.0031,-0.0002,0.0216,0.0,0.0,0.0,0.0,no_change,0.0,,0.0,0.0299999993294477,215.81,2026-09-16 15:44:11,2026-09-16 11:45:06
NVDA,NVDA261023P00070000,NVDA,2026-10-23,P,70.0,0.0,0.0,0.06,321.0,1.2464,0.0,0.0,-0.001,0.0,0.0024,-0.0036,-0.0002,0.0257,0.0,0.0,0.0,0.0,no_change,0.0,,0.0,0.0350000001490116,215.81,2026-09-16 15:44:11,2026-09-16 11:45:06
NVDA,NVDA261023P00075000,NVDA,2026-10-23,P,75.0,0.01,21.0,0.07,195.0,1.2057,4.0,4.0,-0.0013,0.0,0.0029,-0.0042,-0.0003,0.0303,-0.01,0.03,0.03,0.03,down,0.03,2026-09-16T10:45:37,-25.0,0.0400000000372529,215.81,2026-09-16 15:44:11,2026-09-16 11:45:06
NVDA,NVDA261023P00080000,NVDA,2026-10-23,P,80.0,0.01,42.0,0.07,198.0,1.1356,12.0,0.0,-0.0016,0.0001,0.0034,-0.0048,-0.0004,0.0357,0.0,0.0,0.0,0.0,no_change,0.04,2026-09-10T09:46:52,0.0,0.0449999989941716,215.81,2026-09-16 15:44:11,2026-09-16 11:45:06
NVDA,NVDA261023P00085000,NVDA,2026-10-23,P,85.0,0.02,22.0,0.08,150.0,1.0697,2.0,0.0,-0.0019,0.0001,0.0041,-0.0054,-0.0004,0.0418,0.0,0.0,0.0,0.0,no_change,0.05,2026-09-14T12:33:37,0.0,0.0449999989941716,215.81,2026-09-16 15:44:11,2026-09-16 11:45:06
NVDA,NVDA261023P00090000,NVDA,2026-10-23,P,90.0,0.02,46.0,0.08,136.0,1.0304,0.0,0.0,-0.0022,0.0001,0.0048,-0.0062,-0.0005,0.0487,0.0,0.0,0.0,0.0,no_change,0.0,,0.0,0.0500000016763806,215.81,2026-09-16 15:44:11,2026-09-16 11:45:06
NVDA,NVDA261023P00095000,NVDA,2026-10-23,P,95.0,0.02,184.0,0.09,245.0,0.9801,4.0,0.0,-0.0027,0.0001,0.0057,-0.007,-0.0006,0.0566,0.0,0.0,0.0,0.0,down,0.05,2026-09-14T12:33:30,0.0,0.0550000006332994,215.81,2026-09-16 15:44:11,2026-09-16 11:45:06
NVDA,NVDA261023P00100000,NVDA,2026-10-23,P,100.0,0.03,144.0,0.09,231.0,0.9313,52.0,0.0,-0.0032,0.0001,0.0067,-0.0079,-0.0008,0.0655,0.0,0.0,0.0,0.0,no_change,0.08,2026-09-14T12:41:38,0.0,0.0649999994784594,215.81,2026-09-16 15:44:11,2026-09-16 11:45:06
NVDA,NVDA261023P00105000,NVDA,2026-10-23,P,105.0,0.04,127.0,0.1,307.0,0.891,10.0,0.0,-0.0038,0.0002,0.0079,-0.0088,-0.0009,0.0757,0.0,0.0,0.0,0.0,down,0.08,2026-09-14T10:35:19,0.0,0.0799999982118606,215.81,2026-09-16 15:44:11,2026-09-16 11:45:06
NVDA,NVDA261023P00110000,NVDA,2026-10-23,P,110.0,0.04,318.0,0.12,342.0,0.8503,6.0,0.0,-0.0046,0.0002,0.0092,-0.0099,-0.0011,0.0874,0.0,0.0,0.0,0.0,up,0.11,2026-09-14T12:33:37,0.0,0.0849999990314245,215.81,2026-09-16 15:44:11,2026-09-16 11:45:06
NVDA,NVDA261023P00115000,NVDA,2026-10-23,P,115.0,0.06,228.0,0.13,348.0,0.8146,7.0,0.0,-0.0054,0.0003,0.0107,-0.0111,-0.0013,0.1007,0.0,0.0,0.0,0.0,no_change,0.13,2026-09-14T12:30:34,0.0,0.105000000447035,215.81,2026-09-16 15:44:11,2026-09-16 11:45:06
NVDA,NVDA261023P00120000,NVDA,2026-10-23,P,120.0,0.08,584.0,0.14,330.0,0.7778,33.0,0.0,-0.0064,0.0003,0.0125,-0.0123,-0.0015,0.1159,0.0,0.0,0.0,0.0,down,0.13,2026-09-15T10:20:45,0.0,0.104999996721745,215.81,2026-09-16 15:44:11,2026-09-16 11:45:06
NVDA,NVDA261023P00125000,NVDA,2026-10-23,P,125.0,0.08,234.0,0.16,333.0,0.7364,2.0,0.0,-0.0076,0.0004,0.0146,-0.0137,-0.0018,0.1334,0.0,0.0,0.0,0.0,down,0.14,2026-09-14T12:02:32,0.0,0.144999999552965,215.81,2026-09-16 15:44:11,2026-09-16 11:45:06
NVDA,NVDA261023P00130000,NVDA,2026-10-23,P,130.0,0.12,532.0,0.19,643.0,0.7116,91.0,0.0,-0.0091,0.0005,0.017,-0.0152,-0.0021,0.1535,0.0,0.0,0.0,0.0,down,0.16,2026-09-14T15:33:28,0.0,0.16499999538064,215.81,2026-09-16 15:44:11,2026-09-16 11:45:06
NVDA,NVDA261023P00135000,NVDA,2026-10-23,P,135.0,0.13,597.0,0.21,662.0,0.6725,47.0,0.0,-0.0108,0.0006,0.0198,-0.0169,-0.0025,0.1768,0.0,0.0,0.0,0.0,no_change,0.2,2026-09-14T13:24:13,0.0,0.195000000298023,215.81,2026-09-16 15:44:11,2026-09-16 11:45:06
NVDA,NVDA261023P00140000,NVDA,2026-10-23,P,140.0,0.16,646.0,0.24,698.0,0.6404,33.0,1.0,-0.0129,0.0008,0.0231,-0.0188,-0.003,0.2038,-0.045,0.18,0.18,0.18,down,0.18,2026-09-16T09:49:42,-20.0,0.225000008940697,215.81,2026-09-16 15:44:11,2026-09-16 11:45:06
NVDA,NVDA261023P00145000,NVDA,2026-10-23,P,145.0,0.19,597.0,0.28,629.0,0.6088,41.0,0.0,-0.0154,0.0009,0.027,-0.0208,-0.0035,0.2355,0.0,0.0,0.0,0.0,down,0.26,2026-09-15T09:48:20,0.0,0.269999995827675,215.81,2026-09-16 15:44:11,2026-09-16 11:45:06
NVDA,NVDA261023P00150000,NVDA,2026-10-23,P,150.0,0.23,625.0,0.32,664.0,0.5772,127.0,0.0,-0.0184,0.0011,0.0315,-0.0231,-0.0042,0.2733,0.0,0.0,0.0,0.0,up,0.32,2026-09-15T10:51:11,0.0,0.315000012516975,215.81,2026-09-16 15:44:11,2026-09-16 11:45:06
NVDA,NVDA261023P00155000,NVDA,2026-10-23,P,155.0,0.29,437.0,0.34,470.0,0.5439,88.0,0.0,-0.0222,0.0014,0.037,-0.0257,-0.005,0.3191,0.0,0.0,0.0,0.0,no_change,0.39,2026-09-15T14:36:01,0.0,0.375,215.81,2026-09-16 15:44:11,2026-09-16 11:45:06
NVDA,NVDA261023P00160000,NVDA,2026-10-23,P,160.0,0.36,339.0,0.4,771.0,0.5154,67.0,13.0,-0.0271,0.0018,0.0436,-0.0287,-0.0061,0.3764,-0.07,0.4,0.4,0.38,no_change,0.38,2026-09-16T11:28:21,-15.5556,0.450000002980232,215.81,2026-09-16 15:44:11,2026-09-16 11:45:06
NVDA,NVDA261023P00165000,NVDA,2026-10-23,P,165.0,0.43,495.0,0.47,650.0,0.4854,175.0,2.0,-0.0334,0.0022,0.0519,-0.0324,-0.0075,0.4505,-0.075,0.48,0.48,0.47,down,0.47,2026-09-16T10:56:08,-13.7615,0.544999986886978,215.81,2026-09-16 15:44:11,2026-09-16 11:45:06
NVDA,NVDA261023P00170000,NVDA,2026-10-23,P,170.0,0.54,149.0,0.57,566.0,0.4588,785.0,1.0,-0.0418,0.0028,0.0624,-0.0369,-0.0093,0.5509,-0.12,0.56,0.56,0.56,down,0.56,2026-09-16T11:11:48,-17.6471,0.680000007152557,215.81,2026-09-16 15:44:11,2026-09-16 11:45:06
NVDA,NVDA261023P00175000,NVDA,2026-10-23,P,175.0,0.67,447.0,0.71,523.0,0.4331,435.0,6.0,-0.0534,0.0036,0.0761,-0.0427,-0.0119,0.6931,-0.18,0.77,0.77,0.69,no_change,0.69,2026-09-16T11:28:21,-20.6897,0.870000004768372,215.81,2026-09-16 15:44:11,2026-09-16 11:45:06
NVDA,NVDA261023P00180000,NVDA,2026-10-23,P,180.0,0.88,158.0,0.92,412.0,0.411,638.0,5.0,-0.0697,0.0047,0.0934,-0.05,-0.0154,0.8993,-0.22,0.99,0.99,0.93,down,0.93,2026-09-16T11:00:31,-19.1304,1.14999997615814,215.81,2026-09-16 15:44:11,2026-09-16 11:45:06
NVDA,NVDA261023P00185000,NVDA,2026-10-23,P,185.0,1.19,110.0,1.23,452.0,0.3923,1935.0,44.0,-0.0926,0.0061,0.1156,-0.0595,-0.0204,1.2061,-0.365,1.37,1.37,1.21,no_change,1.21,2026-09-16T11:19:00,-23.1746,1.57499998807907,215.81,2026-09-16 15:44:11,2026-09-16 11:45:06
NVDA,NVDA261023P00190000,NVDA,2026-10-23,P,190.0,1.63,442.0,1.71,586.0,0.3764,2278.0,97.0,-0.1241,0.0079,0.1424,-0.071,-0.0271,1.657,-0.54,1.88,1.9,1.65,no_change,1.65,2026-09-16T11:19:00,-24.6575,2.19000005722046,215.81,2026-09-16 15:44:11,2026-09-16 11:45:06
NVDA,NVDA261023P00195000,NVDA,2026-10-23,P,195.0,2.28,445.0,2.36,808.0,0.3628,1330.0,34.0,-0.1667,0.01,0.1732,-0.0841,-0.0361,2.3143,-0.745,2.65,2.69,2.28,down,2.28,2026-09-16T11:09:39,-24.6281,3.02499997615814,215.81,2026-09-16 15:44:11,2026-09-16 11:45:06
NVDA,NVDA261023P00200000,NVDA,2026-10-23,P,200.0,3.2,8.0,3.3,995.0,0.351,1658.0,102.0,-0.2216,0.0122,0.2058,-0.0977,-0.0473,3.2459,-0.975,3.7,3.72,3.2,down,3.25,2026-09-16T11:27:08,-23.0769,4.22500014305115,215.81,2026-09-16 15:44:11,2026-09-16 11:45:06
NVDA,NVDA261023P00205000,NVDA,2026-10-23,P,205.0,4.45,6.0,4.55,558.0,0.3435,2273.0,41.0,-0.2884,0.0144,0.2356,-0.11,-0.0607,4.5052,-1.375,5.1,5.14,4.4,down,4.4,2026-09-16T11:28:24,-23.8095,5.77499985694885,215.81,2026-09-16 15:44:11,2026-09-16 11:45:06
NVDA,NVDA261023P00210000,NVDA,2026-10-23,P,210.0,6.05,492.0,6.2,75.0,0.3367,1485.0,56.0,-0.3657,0.0163,0.2595,-0.1192,-0.0753,6.1528,-1.625,6.94,7.05,6.07,no_change,6.15,2026-09-16T11:22:27,-20.9003,7.77499985694885,215.81,2026-09-16 15:44:11,2026-09-16 11:45:06
NVDA,NVDA261023P00215000,NVDA,2026-10-23,P,215.0,8.15,346.0,8.3,112.0,0.3306,1295.0,211.0,-0.4508,0.0175,0.2725,-0.1239,-0.0898,8.2361,-2.1,9.13,9.49,8.04,no_change,8.15,2026-09-16T11:27:58,-20.4878,10.25,215.81,2026-09-16 15:44:11,2026-09-16 11:45:06
NVDA,NVDA261023P00220000,NVDA,2026-10-23,P,220.0,10.7,335.0,10.9,130.0,0.3261,535.0,120.0,-0.5395,0.018,0.273,-0.1231,-0.1028,10.7819,-2.3,12.0,12.26,10.7,up,10.85,2026-09-16T11:18:28,-17.4905,13.1500000953674,215.81,2026-09-16 15:44:11,2026-09-16 11:45:06
NVDA,NVDA261023P00225000,NVDA,2026-10-23,P,225.0,13.7,245.0,13.95,100.0,0.3229,1395.0,45.0,-0.6271,0.0175,0.26,-0.1171,-0.1136,13.7984,-2.65,14.66,14.79,13.7,up,13.85,2026-09-16T11:19:00,-16.0606,16.5,215.81,2026-09-16 15:44:11,2026-09-16 11:45:06
NVDA,NVDA261023P00230000,NVDA,2026-10-23,P,230.0,17.05,281.0,17.4,50.0,0.32,586.0,84.0,-0.7088,0.0163,0.2364,-0.1069,-0.1201,17.2642,-3.03,18.6,18.6,17.21,up,17.32,2026-09-16T11:19:00,-14.8894,20.3499994277954,215.81,2026-09-16 15:44:11,2026-09-16 11:45:06
NVDA,NVDA261023P00235000,NVDA,2026-10-23,P,235.0,20.9,108.0,21.3,45.0,0.3183,209.0,0.0,-0.781,0.0145,0.203,-0.094,-0.1206,21.1311,0.0,0.0,0.0,0.0,down,24.32,2026-09-14T14:27:15,0.0,24.4499998092651,215.81,2026-09-16 15:44:11,2026-09-16 11:45:06
NVDA,NVDA261023P00240000,NVDA,2026-10-23,P,240.0,25.05,106.0,25.45,16.0,0.3168,49.0,0.0,-0.8415,0.0124,0.1654,-0.08,-0.1111,25.3326,0.0,0.0,0.0,0.0,down,28.72,2026-09-15T15:52:55,0.0,28.875,215.81,2026-09-16 15:44:11,2026-09-16 11:45:06
NVDA,NVDA261023P00245000,NVDA,2026-10-23,P,245.0,29.55,1.0,30.0,44.0,0.314,21.0,2.0,-0.89,0.0104,0.1282,-0.066,-0.0998,29.7973,-1.93,31.57,31.57,31.57,down,31.57,2026-09-16T09:30:01,-5.76119,33.5,215.81,2026-09-16 15:44:11,2026-09-16 11:45:06
NVDA,NVDA261023P00250000,NVDA,2026-10-23,P,250.0,34.2,62.0,34.8,49.0,0.3145,70.0,0.0,-0.9278,0.0086,0.0941,-0.0538,-0.0845,34.4588,0.0,0.0,0.0,0.0,down,38.07,2026-09-15T14:41:44,0.0,38.2999992370606,215.81,2026-09-16 15:44:11,2026-09-16 11:45:06
NVDA,NVDA261023P00255000,NVDA,2026-10-23,P,255.0,39.0,38.0,39.45,43.0,0.3057,115.0,0.0,-0.9571,0.0072,0.0636,-0.0481,-0.0651,39.2624,0.0,0.0,0.0,0.0,down,42.94,2026-09-15T14:41:44,0.0,43.1499996185303,215.81,2026-09-16 15:44:11,2026-09-16 11:45:06
NVDA,NVDA261023P00260000,NVDA,2026-10-23,P,260.0,43.95,1.0,44.5,1.0,0.0,76.0,0.0,-0.9779,0.0056,0.0344,-0.0352,-0.0273,44.1629,0.0,0.0,0.0,0.0,down,48.02,2026-09-15T14:38:03,0.0,48.0750007629394,215.81,2026-09-16 15:44:11,2026-09-16 11:45:06
NVDA,NVDA261023P00265000,NVDA,2026-10-23,P,265.0,48.9,3.0,49.4,2.0,0.3454,0.0,0.0,-0.9914,0.0032,0.0142,-0.0285,-0.0143,49.1266,0.0,0.0,0.0,0.0,down,52.83,2026-09-14T13:21:03,0.0,53.0750007629394,215.81,2026-09-16 15:44:11,2026-09-16 11:45:06
NVDA,NVDA261023P00270000,NVDA,2026-10-23,P,270.0,53.9,3.0,54.4,2.0,0.3712,0.0,0.0,-0.9975,0.0011,0.0,-0.023,0.0,54.12,0.0,0.0,0.0,0.0,up,58.0,2026-09-14T13:19:53,0.0,58.0750007629394,215.81,2026-09-16 15:44:11,2026-09-16 11:45:06
NVDA,NVDA261023P00275000,NVDA,2026-10-23,P,275.0,58.9,3.0,59.4,2.0,0.3962,0.0,0.0,-0.9999,0.0,0.0,-0.023,0.0,59.12,0.0,0.0,0.0,0.0,up,47.77,2026-09-08T10:36:44,0.0,63.0750007629394,215.81,2026-09-16 15:44:11,2026-09-16 11:45:06
NVDA,NVDA261023P00280000,NVDA,2026-10-23,P,280.0,63.9,4.0,64.4,2.0,0.4205,0.0,0.0,-1.0,0.0,0.0,-0.023,0.0,64.12,0.0,0.0,0.0,0.0,no_change,0.0,,0.0,68.0750007629394,215.81,2026-09-16 15:44:11,2026-09-16 11:45:06
NVDA,NVDA261023P00285000,NVDA,2026-10-23,P,285.0,68.9,3.0,69.4,2.0,0.4443,0.0,0.0,-1.0,0.0,0.0,-0.023,0.0,69.12,0.0,0.0,0.0,0.0,no_change,0.0,,0.0,73.0750007629394,215.81,2026-09-16 15:44:11,2026-09-16 11:45:06
NVDA,NVDA261023P00290000,NVDA,2026-10-23,P,290.0,73.9,1.0,74.5,1.0,0.0,0.0,0.0,-1.0,0.0,0.0,-0.023,0.0,74.12,0.0,0.0,0.0,0.0,no_change,0.0,,0.0,78.0750007629394,215.81,2026-09-16 15:44:11,2026-09-16 11:45:06
NVDA,NVDA261023P00295000,NVDA,2026-10-23,P,295.0,78.9,2.0,79.35,1.0,0.0,0.0,0.0,-1.0,0.0,0.0,-0.023,0.0,79.12,0.0,0.0,0.0,0.0,no_change,0.0,,0.0,83.0750007629394,215.81,2026-09-16 15:44:11,2026-09-16 11:45:06
NVDA,NVDA261023P00300000,NVDA,2026-10-23,P,300.0,83.9,3.0,84.4,2.0,0.5124,0.0,0.0,-1.0,0.0,0.0,-0.023,0.0,84.12,0.0,0.0,0.0,0.0,no_change,0.0,,0.0,88.0750007629394,215.81,2026-09-16 15:44:11,2026-09-16 11:45:06
NVDA,NVDA261023P00305000,NVDA,2026-10-23,P,305.0,88.9,2.0,89.35,1.0,0.0,0.0,0.0,-1.0,0.0,0.0,-0.023,0.0,89.12,0.0,0.0,0.0,0.0,no_change,0.0,,0.0,93.0750007629394,215.81,2026-09-16 15:44:11,2026-09-16 11:45:06
NVDA,NVDA261023P00310000,NVDA,2026-10-23,P,310.0,93.9,3.0,94.4,2.0,0.5554,0.0,0.0,-1.0,0.0,0.0,-0.023,0.0,94.12,0.0,0.0,0.0,0.0,no_change,0.0,,0.0,98.0750007629394,215.81,2026-09-16 15:44:11,2026-09-16 11:45:06
NVDA,NVDA261023P00315000,NVDA,2026-10-23,P,315.0,98.9,2.0,99.5,1.0,0.5762,0.0,0.0,-1.0,0.0,0.0,-0.023,0.0,99.12,0.0,0.0,0.0,0.0,no_change,0.0,,0.0,103.075000762939,215.81,2026-09-16 15:44:11,2026-09-16 11:45:06
NVDA,NVDA261023P00320000,NVDA,2026-10-23,P,320.0,103.9,2.0,104.5,1.0,0.5967,0.0,0.0,-1.0,0.0,0.0,-0.023,0.0,104.12,0.0,0.0,0.0,0.0,no_change,0.0,,0.0,108.075000762939,215.81,2026-09-16 15:44:11,2026-09-16 11:45:06
NVDA,NVDA261023P00325000,NVDA,2026-10-23,P,325.0,108.9,2.0,109.5,1.0,0.6167,0.0,0.0,-1.0,0.0,0.0,-0.023,0.0,109.12,0.0,0.0,0.0,0.0,no_change,0.0,,0.0,113.075000762939,215.81,2026-09-16 15:44:11,2026-09-16 11:45:06
NVDA,NVDA261023P00330000,NVDA,2026-10-23,P,330.0,113.9,2.0,114.5,1.0,0.6364,0.0,0.0,-1.0,0.0,0.0,-0.023,0.0,114.12,0.0,0.0,0.0,0.0,no_change,0.0,,0.0,118.075000762939,215.81,2026-09-16 15:44:11,2026-09-16 11:45:06
NVDA,NVDA261023P00335000,NVDA,2026-10-23,P,335.0,118.9,2.0,119.5,1.0,0.6557,0.0,0.0,-1.0,0.0,0.0,-0.023,0.0,119.12,0.0,0.0,0.0,0.0,no_change,0.0,,0.0,123.075000762939,215.81,2026-09-16 15:44:11,2026-09-16 11:45:06
NVDA,NVDA261023P00340000,NVDA,2026-10-23,P,340.0,123.9,1.0,124.5,1.0,0.6746,0.0,0.0,-1.0,0.0,0.0,-0.023,0.0,124.12,0.0,0.0,0.0,0.0,no_change,0.0,,0.0,128.074996948242,215.81,2026-09-16 15:44:11,2026-09-16 11:45:06
NVDA,NVDA261023P00345000,NVDA,2026-10-23,P,345.0,128.9,2.0,129.5,1.0,0.6933,0.0,0.0,-1.0,0.0,0.0,-0.023,0.0,129.12,0.0,0.0,0.0,0.0,no_change,0.0,,0.0,133.074996948242,215.81,2026-09-16 15:44:11,2026-09-16 11:45:06
NVDA,NVDA261023P00350000,NVDA,2026-10-23,P,350.0,133.9,1.0,134.5,1.0,0.7116,0.0,0.0,-1.0,0.0,0.0,-0.023,0.0,134.12,0.0,0.0,0.0,0.0,no_change,0.0,,0.0,138.074996948242,215.81,2026-09-16 15:44:11,2026-09-16 11:45:06
NVDA,NVDA261023P00360000,NVDA,2026-10-23,P,360.0,143.9,2.0,144.5,1.0,0.7475,0.0,0.0,-1.0,0.0,0.0,-0.023,0.0,144.12,0.0,0.0,0.0,0.0,no_change,0.0,,0.0,148.074996948242,215.81,2026-09-16 15:44:11,2026-09-16 11:45:06
NVDA,NVDA261023P00370000,NVDA,2026-10-23,P,370.0,153.9,1.0,154.5,1.0,0.0,0.0,0.0,-1.0,0.0,0.0,-0.023,0.0,154.12,0.0,0.0,0.0,0.0,no_change,0.0,,0.0,158.074996948242,215.81,2026-09-16 15:44:11,2026-09-16 11:45:06
NVDA,NVDA261023P00380000,NVDA,2026-10-23,P,380.0,163.9,2.0,164.5,1.0,0.8158,0.0,0.0,-1.0,0.0,0.0,-0.023,0.0,164.12,0.0,0.0,0.0,0.0,no_change,0.0,,0.0,168.074996948242,215.81,2026-09-16 15:44:11,2026-09-16 11:45:06
NVDA,NVDA261023P00390000,NVDA,2026-10-23,P,390.0,173.9,2.0,174.5,1.0,0.8485,0.0,0.0,-1.0,0.0,0.0,-0.023,0.0,174.12,0.0,0.0,0.0,0.0,no_change,0.0,,0.0,178.074996948242,215.81,2026-09-16 15:44:11,2026-09-16 11:45:06
NVDA,NVDA261030C00050000,NVDA,2026-10-30,C,50.0,165.15,26.0,167.2,1.0,1.6439,0.0,0.0,0.9997,0.0,0.0014,0.0,0.0638,166.2259,0.0,0.0,0.0,0.0,no_change,0.0,,0.0,162.375,215.81,2026-09-16 15:44:11,2026-09-16 11:45:06
NVDA,NVDA261030C00055000,NVDA,2026-10-30,C,55.0,160.2,26.0,162.25,2.0,1.4783,0.0,0.0,0.9995,0.0,0.0017,0.0,0.0702,161.2579,0.0,0.0,0.0,0.0,no_change,0.0,,0.0,157.399993896484,215.81,2026-09-16 15:44:11,2026-09-16 11:45:06
NVDA,NVDA261030C00060000,NVDA,2026-10-30,C,60.0,155.2,26.0,157.25,1.0,1.4318,0.0,0.0,0.9994,0.0,0.0021,0.0,0.0765,156.2905,0.0,0.0,0.0,0.0,no_change,0.0,,0.0,152.449996948242,215.81,2026-09-16 15:44:11,2026-09-16 11:45:06
NVDA,NVDA261030C00065000,NVDA,2026-10-30,C,65.0,150.25,26.0,152.3,1.0,1.287,0.0,0.0,0.9992,0.0,0.0026,0.0,0.0828,151.3235,0.0,0.0,0.0,0.0,no_change,0.0,,0.0,147.474998474121,215.81,2026-09-16 15:44:11,2026-09-16 11:45:06
NVDA,NVDA261030C00070000,NVDA,2026-10-30,C,70.0,145.3,29.0,147.35,1.0,1.3562,0.0,0.0,0.9989,0.0,0.0031,0.0,0.0892,146.3572,0.0,0.0,0.0,0.0,no_change,0.0,,0.0,142.599998474121,215.81,2026-09-16 15:44:11,2026-09-16 11:45:06
NVDA,NVDA261030C00075000,NVDA,2026-10-30,C,75.0,140.3,28.0,142.35,4.0,1.2986,0.0,0.0,0.9987,0.0001,0.0037,0.0,0.0955,141.3916,0.0,0.0,0.0,0.0,no_change,0.0,,0.0,137.625,215.81,2026-09-16 15:44:11,2026-09-16 11:45:06
NVDA,NVDA261030C00080000,NVDA,2026-10-30,C,80.0,135.35,27.0,138.05,1.0,1.1968,0.0,0.0,0.9984,0.0001,0.0044,0.0,0.1018,136.4268,0.0,0.0,0.0,0.0,no_change,0.0,,0.0,132.625,215.81,2026-09-16 15:44:11,2026-09-16 11:45:06
NVDA,NVDA261030C00085000,NVDA,2026-10-30,C,85.0,130.35,29.0,132.4,1.0,1.1478,0.0,0.0,0.998,0.0001,0.0052,0.0,0.1081,131.4628,0.0,0.0,0.0,0.0,no_change,0.0,,0.0,127.700004577637,215.81,2026-09-16 15:44:11,2026-09-16 11:45:06
NVDA,NVDA261030C00090000,NVDA,2026-10-30,C,90.0,125.65,28.0,127.45,4.0,1.0791,0.0,0.0,0.9975,0.0001,0.0062,0.0,0.1144,126.4999,0.0,0.0,0.0,0.0,no_change,0.0,,0.0,122.650001525879,215.81,2026-09-16 15:44:11,2026-09-16 11:45:06
NVDA,NVDA261030C00095000,NVDA,2026-10-30,C,95.0,120.7,29.0,122.5,1.0,1.0144,0.0,0.0,0.997,0.0001,0.0072,0.0,0.1206,121.5381,0.0,0.0,0.0,0.0,no_change,0.0,,0.0,117.699996948242,215.81,2026-09-16 15:44:11,2026-09-16 11:45:06
NVDA,NVDA261030C00100000,NVDA,2026-10-30,C,100.0,115.75,29.0,117.55,1.0,0.9714,70.0,0.0,0.9964,0.0002,0.0085,0.0,0.1268,116.5775,0.0,0.0,0.0,0.0,down,113.14,2026-09-14T14:56:33,0.0,112.774997711182,215.81,2026-09-16 15:44:11,2026-09-16 11:45:06
NVDA,NVDA261030C00105000,NVDA,2026-10-30,C,105.0,110.8,26.0,112.55,10.0,0.9125,0.0,0.0,0.9957,0.0002,0.0099,0.0,0.133,111.6185,0.0,0.0,0.0,0.0,no_change,0.0,,0.0,107.924999237061,215.81,2026-09-16 15:44:11,2026-09-16 11:45:06
NVDA,NVDA261030C00110000,NVDA,2026-10-30,C,110.0,105.55,28.0,107.6,4.0,0.8563,0.0,0.0,0.9949,0.0002,0.0115,0.0,0.1392,106.6611,0.0,0.0,0.0,0.0,no_change,0.0,,0.0,102.800003051758,215.81,2026-09-16 15:44:11,2026-09-16 11:45:06
NVDA,NVDA261030C00115000,NVDA,2026-10-30,C,115.0,101.05,27.0,102.65,4.0,0.8667,1.0,0.0,0.9939,0.0003,0.0134,0.0,0.1453,101.7056,0.0,0.0,0.0,0.0,up,98.87,2026-09-15T10:04:23,0.0,98.0,215.81,2026-09-16 15:44:11,2026-09-16 11:45:06
NVDA,NVDA261030C00120000,NVDA,2026-10-30,C,120.0,95.65,28.0,97.7,4.0,0.7788,0.0,0.0,0.9927,0.0004,0.0156,0.0,0.1513,96.7523,0.0,0.0,0.0,0.0,no_change,0.0,,0.0,92.9750022888184,215.81,2026-09-16 15:44:11,2026-09-16 11:45:06
NVDA,NVDA261030C00125000,NVDA,2026-10-30,C,125.0,90.65,28.0,92.75,10.0,0.74,0.0,0.0,0.9914,0.0004,0.0181,0.0,0.1573,91.8017,0.0,0.0,0.0,0.0,no_change,0.0,,0.0,87.9499969482422,215.81,2026-09-16 15:44:11,2026-09-16 11:45:06
NVDA,NVDA261030C00130000,NVDA,2026-10-30,C,130.0,85.75,28.0,87.8,10.0,0.7014,0.0,0.0,0.9898,0.0006,0.021,-0.001,0.1632,86.8541,0.0,0.0,0.0,0.0,no_change,0.0,,0.0,83.0750007629394,215.81,2026-09-16 15:44:11,2026-09-16 11:45:06
NVDA,NVDA261030C00135000,NVDA,2026-10-30,C,135.0,81.05,28.0,82.85,10.0,0.6631,0.0,0.0,0.9878,0.0007,0.0244,-0.0034,0.1691,81.9103,0.0,0.0,0.0,0.0,no_change,0.0,,0.0,78.0500030517578,215.81,2026-09-16 15:44:11,2026-09-16 11:45:06
NVDA,NVDA261030C00140000,NVDA,2026-10-30,C,140.0,76.1,28.0,77.9,10.0,0.6329,0.0,0.0,0.9855,0.0008,0.0283,-0.006,0.1748,76.9711,0.0,0.0,0.0,0.0,no_change,0.0,,0.0,73.125,215.81,2026-09-16 15:44:11,2026-09-16 11:45:06
NVDA,NVDA261030C00145000,NVDA,2026-10-30,C,145.0,71.4,26.0,73.0,10.0,0.6259,1.0,0.0,0.9827,0.001,0.0329,-0.0088,0.1804,72.0378,0.0,0.0,0.0,0.0,down,67.57,2026-09-15T13:27:34,0.0,68.1999969482422,215.81,2026-09-16 15:44:11,2026-09-16 11:45:06
NVDA,NVDA261030C00150000,NVDA,2026-10-30,C,150.0,66.45,30.0,68.05,10.0,0.5901,7.0,0.0,0.9792,0.0012,0.0385,-0.0118,0.1858,67.1125,0.0,0.0,0.0,0.0,down,60.9,2026-09-14T10:09:27,0.0,63.4249992370606,215.81,2026-09-16 15:44:11,2026-09-16 11:45:06
NVDA,NVDA261030C00155000,NVDA,2026-10-30,C,155.0,61.55,32.0,63.15,9.0,0.554,2.0,0.0,0.9748,0.0015,0.0451,-0.0152,0.1909,62.1985,0.0,0.0,0.0,0.0,down,58.62,2026-09-14T12:55:47,0.0,58.5,215.81,2026-09-16 15:44:11,2026-09-16 11:45:06
NVDA,NVDA261030C00160000,NVDA,2026-10-30,C,160.0,56.45,37.0,57.9,15.0,0.4643,31.0,0.0,0.9692,0.0019,0.0534,-0.0192,0.1956,57.3008,0.0,0.0,0.0,0.0,down,51.63,2026-09-14T09:33:30,0.0,53.6749992370606,215.81,2026-09-16 15:44:11,2026-09-16 11:45:06
NVDA,NVDA261030C00165000,NVDA,2026-10-30,C,165.0,51.8,28.0,53.4,16.0,0.495,1.0,0.0,0.9617,0.0024,0.0636,-0.0238,0.1999,52.4277,0.0,0.0,0.0,0.0,down,49.06,2026-09-14T13:31:48,0.0,48.8250007629394,215.81,2026-09-16 15:44:11,2026-09-16 11:45:06
NVDA,NVDA261030C00170000,NVDA,2026-10-30,C,170.0,47.3,25.0,48.0,34.0,0.4501,13.0,0.0,0.9517,0.003,0.0768,-0.0294,0.2033,47.5915,0.0,0.0,0.0,0.0,up,43.87,2026-09-15T15:59:15,0.0,43.875,215.81,2026-09-16 15:44:11,2026-09-16 11:45:06
NVDA,NVDA261030C00175000,NVDA,2026-10-30,C,175.0,42.6,75.0,43.3,170.0,0.4364,23.0,22.0,0.9381,0.0038,0.0932,-0.0362,0.2057,42.8111,3.05,41.0,42.3,41.0,no_change,42.3,2026-09-16T10:45:08,7.7707,39.25,215.81,2026-09-16 15:44:11,2026-09-16 11:45:06
NVDA,NVDA261030C00180000,NVDA,2026-10-30,C,180.0,37.7,63.0,38.35,72.0,0.3956,3.0,1.0,0.9194,0.0049,0.1139,-0.0446,0.2066,38.113,1.55,35.95,35.95,35.95,up,35.95,2026-09-16T09:30:01,4.50582,34.3999996185303,215.81,2026-09-16 15:44:11,2026-09-16 11:45:06
NVDA,NVDA261030C00185000,NVDA,2026-10-30,C,185.0,33.2,81.0,34.0,373.0,0.3932,2.0,1.0,0.8941,0.0062,0.1391,-0.0545,0.2055,33.5321,2.36,32.41,32.41,32.41,up,32.41,2026-09-16T09:59:11,7.85358,30.0500001907349,215.81,2026-09-16 15:44:11,2026-09-16 11:45:06
NVDA,NVDA261030C00190000,NVDA,2026-10-30,C,190.0,28.8,43.0,29.4,77.0,0.3747,15.0,1.0,0.8607,0.0078,0.1682,-0.0657,0.2019,29.1121,2.725,28.55,28.55,28.55,up,28.55,2026-09-16T10:54:20,10.5518,25.8249998092651,215.81,2026-09-16 15:44:11,2026-09-16 11:45:06
NVDA,NVDA261030C00195000,NVDA,2026-10-30,C,195.0,24.6,50.0,25.2,149.0,0.3646,61.0,1.0,0.818,0.0096,0.2,-0.0777,0.1954,24.9029,3.1,24.9,24.9,24.9,up,24.9,2026-09-16T11:06:41,14.2202,21.7999992370605,215.81,2026-09-16 15:44:11,2026-09-16 11:45:06
NVDA,NVDA261030C00200000,NVDA,2026-10-30,C,200.0,20.7,67.0,21.15,240.0,0.3545,687.0,8.0,0.7654,0.0114,0.2318,-0.0895,0.1859,20.9569,2.5,19.17,20.55,19.17,up,20.55,2026-09-16T10:52:53,13.8504,18.0500001907349,215.81,2026-09-16 15:44:11,2026-09-16 11:45:06
NVDA,NVDA261030C00205000,NVDA,2026-10-30,C,205.0,17.15,80.0,17.4,236.0,0.3495,562.0,10.0,0.7034,0.0132,0.2606,-0.0998,0.1733,17.3246,2.55,16.15,17.25,16.15,up,17.25,2026-09-16T11:00:54,17.3469,14.7000002861023,215.81,2026-09-16 15:44:11,2026-09-16 11:45:06
NVDA,NVDA261030C00210000,NVDA,2026-10-30,C,210.0,13.9,95.0,14.15,217.0,0.3441,765.0,286.0,0.6333,0.0146,0.2832,-0.1075,0.1579,14.0502,2.15,12.95,14.26,12.5,down,13.95,2026-09-16T11:22:11,18.2203,11.8000001907349,215.81,2026-09-16 15:44:11,2026-09-16 11:45:06
NVDA,NVDA261030C00215000,NVDA,2026-10-30,C,215.0,11.1,55.0,11.25,256.0,0.3373,618.0,209.0,0.5576,0.0155,0.2968,-0.1116,0.1405,11.1674,2.0,10.0,11.4,9.9,down,11.2,2026-09-16T11:29:00,21.7391,9.2000002861023,215.81,2026-09-16 15:44:11,2026-09-16 11:45:06
NVDA,NVDA261030C00220000,NVDA,2026-10-30,C,220.0,8.65,36.0,8.8,259.0,0.3346,663.0,350.0,0.4793,0.0159,0.2995,-0.1116,0.1219,8.6955,1.705,7.6,8.93,7.6,down,8.78,2026-09-16T11:28:52,24.0989,7.07500004768372,215.81,2026-09-16 15:44:11,2026-09-16 11:45:06
NVDA,NVDA261030C00225000,NVDA,2026-10-30,C,225.0,6.6,197.0,6.75,658.0,0.3317,404.0,376.0,0.4019,0.0156,0.291,-0.1075,0.1029,6.6366,1.25,5.85,6.7,5.75,down,6.6,2026-09-16T11:18:29,23.3645,5.35000014305115,215.81,2026-09-16 15:44:11,2026-09-16 11:45:06
NVDA,NVDA261030C00230000,NVDA,2026-10-30,C,230.0,4.9,288.0,5.05,74.0,0.3292,2449.0,313.0,0.3291,0.0146,0.2725,-0.0999,0.0848,4.9731,1.06,4.5,5.1,4.31,down,5.01,2026-09-16T11:26:18,26.8354,3.95000004768372,215.81,2026-09-16 15:44:11,2026-09-16 11:45:06
NVDA,NVDA261030C00235000,NVDA,2026-10-30,C,235.0,3.65,403.0,3.8,837.0,0.3284,963.0,206.0,0.2634,0.0133,0.2465,-0.0898,0.0681,3.6694,0.82,3.3,3.81,3.24,up,3.73,2026-09-16T11:28:52,28.1787,2.9099999666214,215.81,2026-09-16 15:44:11,2026-09-16 11:45:06
NVDA,NVDA261030C00240000,NVDA,2026-10-30,C,240.0,2.7,1.0,2.78,864.0,0.3291,1770.0,327.0,0.2069,0.0116,0.2162,-0.0784,0.0537,2.6766,0.585,2.41,2.84,2.41,down,2.69,2026-09-16T11:22:29,27.791,2.10500001907349,215.81,2026-09-16 15:44:11,2026-09-16 11:45:06
NVDA,NVDA261030C00245000,NVDA,2026-10-30,C,245.0,1.93,305.0,2.02,508.0,0.3288,1273.0,163.0,0.1606,0.0099,0.1852,-0.0671,0.0417,1.9479,0.445,1.65,2.01,1.64,up,2.0,2026-09-16T11:26:36,28.6174,1.55500000715256,215.81,2026-09-16 15:44:11,2026-09-16 11:45:06
NVDA,NVDA261030C00250000,NVDA,2026-10-30,C,250.0,1.36,216.0,1.47,175.0,0.3303,1170.0,160.0,0.1228,0.0082,0.1548,-0.0561,0.0319,1.4061,0.305,1.17,1.5,1.17,no_change,1.43,2026-09-16T11:26:08,27.1111,1.125,215.81,2026-09-16 15:44:11,2026-09-16 11:45:06
NVDA,NVDA261030C00255000,NVDA,2026-10-30,C,255.0,1.02,80.0,1.07,454.0,0.3346,439.0,49.0,0.0941,0.0067,0.1283,-0.0467,0.0245,1.0289,0.22,1.0,1.1,1.0,up,1.05,2026-09-16T11:28:49,26.506,0.830000013113022,215.81,2026-09-16 15:44:11,2026-09-16 11:45:06
NVDA,NVDA261030C00260000,NVDA,2026-10-30,C,260.0,0.75,70.0,0.79,431.0,0.3391,244.0,9.0,0.0721,0.0054,0.1052,-0.0386,0.0187,0.7581,0.13,0.74,0.8,0.74,down,0.75,2026-09-16T11:24:51,20.9677,0.619999974966049,215.81,2026-09-16 15:44:11,2026-09-16 11:45:06
NVDA,NVDA261030C00265000,NVDA,2026-10-30,C,265.0,0.51,448.0,0.6,399.0,0.3426,173.0,33.0,0.0554,0.0043,0.086,-0.0319,0.0144,0.5646,0.125,0.51,0.6,0.51,up,0.6,2026-09-16T11:09:43,26.3158,0.475000008940697,215.81,2026-09-16 15:44:11,2026-09-16 11:45:06
NVDA,NVDA261030C00270000,NVDA,2026-10-30,C,270.0,0.41,136.0,0.47,243.0,0.3519,63.0,13.0,0.0432,0.0035,0.0706,-0.0265,0.0112,0.4294,0.095,0.39,0.46,0.39,up,0.46,2026-09-16T11:09:42,26.0274,0.364999994635582,215.81,2026-09-16 15:44:11,2026-09-16 11:45:06
NVDA,NVDA261030C00275000,NVDA,2026-10-30,C,275.0,0.31,279.0,0.38,365.0,0.3599,29.0,200.0,0.034,0.0028,0.0582,-0.0222,0.0088,0.3324,0.13,0.4,0.4,0.39,no_change,0.4,2026-09-16T09:43:52,48.1481,0.270000003278255,215.81,2026-09-16 15:44:11,2026-09-16 11:45:06
NVDA,NVDA261030C00280000,NVDA,2026-10-30,C,280.0,0.25,349.0,0.28,321.0,0.3661,1476.0,42.0,0.0271,0.0023,0.0484,-0.0188,0.007,0.2619,0.055,0.25,0.28,0.25,no_change,0.28,2026-09-16T10:30:27,24.4444,0.224999994039536,215.81,2026-09-16 15:44:11,2026-09-16 11:45:06
NVDA,NVDA261030C00285000,NVDA,2026-10-30,C,285.0,0.14,350.0,0.27,325.0,0.3724,214.0,0.0,0.0219,0.0018,0.0406,-0.016,0.0057,0.2099,0.0,0.0,0.0,0.0,down,0.18,2026-09-15T14:00:31,0.0,0.170000001788139,215.81,2026-09-16 15:44:11,2026-09-16 11:45:06
NVDA,NVDA261030C00290000,NVDA,2026-10-30,C,290.0,0.13,206.0,0.21,334.0,0.382,70.0,1.0,0.018,0.0015,0.0343,-0.0138,0.0046,0.1709,0.02,0.16,0.16,0.16,up,0.16,2026-09-16T11:02:59,14.2857,0.139999996870756,215.81,2026-09-16 15:44:11,2026-09-16 11:45:06
NVDA,NVDA261030C00295000,NVDA,2026-10-30,C,295.0,0.03,494.0,0.26,495.0,0.3924,91.0,0.0,0.0149,0.0013,0.0292,-0.012,0.0038,0.1413,0.0,0.0,0.0,0.0,down,0.19,2026-09-11T15:47:13,0.0,0.115000002086163,215.81,2026-09-16 15:44:11,2026-09-16 11:45:06
NVDA,NVDA261030C00300000,NVDA,2026-10-30,C,300.0,0.09,408.0,0.15,568.0,0.4007,14.0,9.0,0.0125,0.0011,0.0251,-0.0105,0.0032,0.1183,0.07,0.11,0.16,0.09,up,0.16,2026-09-16T11:20:56,77.7778,0.0899999998509884,215.81,2026-09-16 15:44:11,2026-09-16 11:45:06
NVDA,NVDA261030C00305000,NVDA,2026-10-30,C,305.0,0.01,472.0,0.21,503.0,0.4137,0.0,0.0,0.0106,0.0009,0.0217,-0.0092,0.0027,0.1003,0.0,0.0,0.0,0.0,no_change,0.0,,0.0,0.105000001378357,215.81,2026-09-16 15:44:11,2026-09-16 11:45:06
NVDA,NVDA261030C00310000,NVDA,2026-10-30,C,310.0,0.01,496.0,0.19,595.0,0.4257,4.0,0.0,0.009,0.0008,0.0189,-0.0082,0.0023,0.086,0.0,0.0,0.0,0.0,down,0.11,2026-09-15T09:30:02,0.0,0.0750000001862645,215.81,2026-09-16 15:44:11,2026-09-16 11:45:06
NVDA,NVDA261030C00315000,NVDA,2026-10-30,C,315.0,0.01,192.0,0.18,338.0,0.4394,0.0,0.0,0.0078,0.0007,0.0167,-0.0074,0.002,0.0744,0.0,0.0,0.0,0.0,no_change,0.0,,0.0,0.09500000346452,215.81,2026-09-16 15:44:11,2026-09-16 11:45:06
NVDA,NVDA261030C00320000,NVDA,2026-10-30,C,320.0,0.01,170.0,0.17,334.0,0.452,0.0,0.0,0.0068,0.0006,0.0148,-0.0066,0.0017,0.0652,0.0,0.0,0.0,0.0,no_change,0.0,,0.0,0.090000000782311,215.81,2026-09-16 15:44:11,2026-09-16 11:45:06
NVDA,NVDA261030C00325000,NVDA,2026-10-30,C,325.0,0.01,147.0,0.17,306.0,0.4676,0.0,0.0,0.006,0.0005,0.0131,-0.006,0.0015,0.0574,0.0,0.0,0.0,0.0,no_change,0.0,,0.0,0.084999998100102,215.81,2026-09-16 15:44:11,2026-09-16 11:45:06
NVDA,NVDA261030C00330000,NVDA,2026-10-30,C,330.0,0.01,386.0,0.1,587.0,0.4576,10.0,0.0,0.0052,0.0004,0.0117,-0.0055,0.0013,0.0508,0.0,0.0,0.0,0.0,down,0.05,2026-09-15T09:40:48,0.0,0.0550000006332994,215.81,2026-09-16 15:44:11,2026-09-16 11:45:06
NVDA,NVDA261030C00335000,NVDA,2026-10-30,C,335.0,0.01,333.0,0.16,517.0,0.4947,5.0,0.0,0.0046,0.0004,0.0105,-0.005,0.0012,0.0453,0.0,0.0,0.0,0.0,down,0.06,2026-09-15T13:27:53,0.0,0.084999998100102,215.81,2026-09-16 15:44:11,2026-09-16 11:45:06
NVDA,NVDA261030C00340000,NVDA,2026-10-30,C,340.0,0.01,98.0,0.16,328.0,0.5093,0.0,0.0,0.0041,0.0003,0.0095,-0.0046,0.001,0.0406,0.0,0.0,0.0,0.0,no_change,0.0,,0.0,0.0800000028684735,215.81,2026-09-16 15:44:11,2026-09-16 11:45:06
NVDA,NVDA261030C00345000,NVDA,2026-10-30,C,345.0,0.01,51.0,0.15,355.0,0.5201,9.0,0.0,0.0037,0.0003,0.0086,-0.0042,0.0009,0.0366,0.0,0.0,0.0,0.0,down,0.05,2026-09-15T13:30:51,0.0,0.0449999989941716,215.81,2026-09-16 15:44:11,2026-09-16 11:45:06
NVDA,NVDA261030C00350000,NVDA,2026-10-30,C,350.0,0.01,19.0,0.15,357.0,0.5341,6.0,0.0,0.0033,0.0003,0.0078,-0.0039,0.0008,0.0331,0.0,0.0,0.0,0.0,down,0.08,2026-09-15T13:30:25,0.0,0.0449999989941716,215.81,2026-09-16 15:44:11,2026-09-16 11:45:06
NVDA,NVDA261030C00360000,NVDA,2026-10-30,C,360.0,0.0,0.0,0.18,79.0,0.5686,2.0,0.0,0.0027,0.0002,0.0065,-0.0034,0.0007,0.0274,0.0,0.0,0.0,0.0,up,0.07,2026-09-11T12:52:48,0.0,0.0900000035762787,215.81,2026-09-16 15:44:11,2026-09-16 11:45:06
NVDA,NVDA261030C00370000,NVDA,2026-10-30,C,370.0,0.0,0.0,0.19,67.0,0.5951,0.0,0.0,0.0023,0.0002,0.0055,-0.0029,0.0006,0.023,0.0,0.0,0.0,0.0,no_change,0.0,,0.0,0.0900000035762787,215.81,2026-09-16 15:44:11,2026-09-16 11:45:06
NVDA,NVDA261030C00380000,NVDA,2026-10-30,C,380.0,0.0,0.0,0.18,55.0,0.6208,0.0,0.0,0.0019,0.0001,0.0047,-0.0026,0.0005,0.0196,0.0,0.0,0.0,0.0,no_change,0.0,,0.0,0.0900000035762787,215.81,2026-09-16 15:44:11,2026-09-16 11:45:06
NVDA,NVDA261030C00390000,NVDA,2026-10-30,C,390.0,0.0,0.0,0.18,48.0,0.6418,3.0,0.0,0.0016,0.0001,0.004,-0.0023,0.0004,0.0169,0.0,0.0,0.0,0.0,up,0.07,2026-09-11T14:24:08,0.0,0.0900000035762787,215.81,2026-09-16 15:44:11,2026-09-16 11:45:06
NVDA,NVDA261030P00050000,NVDA,2026-10-30,P,50.0,0.0,0.0,0.18,146.0,1.6447,6.0,0.0,-0.0005,0.0,0.0014,-0.0021,-0.0001,0.0156,0.0,0.0,0.0,0.0,down,0.03,2026-09-14T10:56:12,0.0,0.0900000035762787,215.81,2026-09-16 15:44:11,2026-09-16 11:45:06
NVDA,NVDA261030P00055000,NVDA,2026-10-30,P,55.0,0.0,0.0,0.18,146.0,1.5405,0.0,0.0,-0.0007,0.0,0.0017,-0.0024,-0.0002,0.019,0.0,0.0,0.0,0.0,no_change,0.0,,0.0,0.0949999988079071,215.81,2026-09-16 15:44:11,2026-09-16 11:45:06
NVDA,NVDA261030P00060000,NVDA,2026-10-30,P,60.0,0.0,0.0,0.18,146.0,1.4458,0.0,0.0,-0.0008,0.0,0.0021,-0.0029,-0.0002,0.0228,0.0,0.0,0.0,0.0,no_change,0.0,,0.0,0.0949999988079071,215.81,2026-09-16 15:44:11,2026-09-16 11:45:06
NVDA,NVDA261030P00065000,NVDA,2026-10-30,P,65.0,0.0,0.0,0.18,146.0,1.359,0.0,0.0,-0.001,0.0,0.0026,-0.0033,-0.0003,0.0273,0.0,0.0,0.0,0.0,no_change,0.0,,0.0,0.0949999988079071,215.81,2026-09-16 15:44:11,2026-09-16 11:45:06
NVDA,NVDA261030P00070000,NVDA,2026-10-30,P,70.0,0.0,0.0,0.19,146.0,1.2865,4.0,0.0,-0.0013,0.0,0.0031,-0.0038,-0.0004,0.0323,0.0,0.0,0.0,0.0,down,0.03,2026-09-14T12:51:38,0.0,0.0949999988079071,215.81,2026-09-16 15:44:11,2026-09-16 11:45:06
NVDA,NVDA261030P00075000,NVDA,2026-10-30,P,75.0,0.0,0.0,0.19,146.0,1.2116,0.0,0.0,-0.0015,0.0001,0.0037,-0.0044,-0.0004,0.038,0.0,0.0,0.0,0.0,no_change,0.0,,0.0,0.100000001490116,215.81,2026-09-16 15:44:11,2026-09-16 11:45:06
NVDA,NVDA261030P00080000,NVDA,2026-10-30,P,80.0,0.0,0.0,0.2,146.0,1.1482,1.0,0.0,-0.0018,0.0001,0.0044,-0.005,-0.0005,0.0446,0.0,0.0,0.0,0.0,down,0.06,2026-09-14T09:43:24,0.0,0.100000001490116,215.81,2026-09-16 15:44:11,2026-09-16 11:45:06
NVDA,NVDA261030P00085000,NVDA,2026-10-30,P,85.0,0.0,0.0,0.2,146.0,1.0822,13.0,0.0,-0.0022,0.0001,0.0052,-0.0057,-0.0006,0.052,0.0,0.0,0.0,0.0,up,0.07,2026-09-14T13:56:47,0.0,0.090000000782311,215.81,2026-09-16 15:44:11,2026-09-16 11:45:06
NVDA,NVDA261030P00090000,NVDA,2026-10-30,P,90.0,0.01,29.0,0.18,339.0,1.0141,0.0,0.0,-0.0027,0.0001,0.0062,-0.0064,-0.0008,0.0604,0.0,0.0,0.0,0.0,no_change,0.0,,0.0,0.09500000346452,215.81,2026-09-16 15:44:11,2026-09-16 11:45:06
NVDA,NVDA261030P00095000,NVDA,2026-10-30,P,95.0,0.01,38.0,0.18,325.0,0.9557,0.0,0.0,-0.0032,0.0001,0.0073,-0.0072,-0.0009,0.0699,0.0,0.0,0.0,0.0,no_change,0.0,,0.0,0.0999999986961484,215.81,2026-09-16 15:44:11,2026-09-16 11:45:06
NVDA,NVDA261030P00100000,NVDA,2026-10-30,P,100.0,0.01,41.0,0.19,326.0,0.9055,0.0,0.0,-0.0038,0.0002,0.0085,-0.0081,-0.001,0.0808,0.0,0.0,0.0,0.0,no_change,0.0,,0.0,0.105000001378357,215.81,2026-09-16 15:44:11,2026-09-16 11:45:06
NVDA,NVDA261030P00105000,NVDA,2026-10-30,P,105.0,0.01,44.0,0.2,319.0,0.8573,0.0,0.0,-0.0045,0.0002,0.0099,-0.009,-0.0013,0.0931,0.0,0.0,0.0,0.0,no_change,0.0,,0.0,0.0999999986961484,215.81,2026-09-16 15:44:11,2026-09-16 11:45:06
NVDA,NVDA261030P00110000,NVDA,2026-10-30,P,110.0,0.01,423.0,0.21,423.0,0.8109,12.0,0.0,-0.0053,0.0002,0.0116,-0.0101,-0.0015,0.1071,0.0,0.0,0.0,0.0,up,0.13,2026-09-15T13:39:45,0.0,0.0999999977648258,215.81,2026-09-16 15:44:11,2026-09-16 11:45:06
NVDA,NVDA261030P00115000,NVDA,2026-10-30,P,115.0,0.03,273.0,0.22,326.0,0.7739,0.0,0.0,-0.0063,0.0003,0.0135,-0.0112,-0.0017,0.123,0.0,0.0,0.0,0.0,no_change,0.0,,0.0,0.120000001043081,215.81,2026-09-16 15:44:11,2026-09-16 11:45:06
NVDA,NVDA261030P00120000,NVDA,2026-10-30,P,120.0,0.02,574.0,0.24,588.0,0.7298,3.0,0.0,-0.0075,0.0004,0.0156,-0.0124,-0.0021,0.1412,0.0,0.0,0.0,0.0,up,0.23,2026-09-15T11:04:48,0.0,0.129999998956919,215.81,2026-09-16 15:44:11,2026-09-16 11:45:06
NVDA,NVDA261030P00125000,NVDA,2026-10-30,P,125.0,0.04,301.0,0.26,301.0,0.6965,0.0,0.0,-0.0088,0.0004,0.0181,-0.0138,-0.0024,0.162,0.0,0.0,0.0,0.0,no_change,0.0,,0.0,0.159999994561076,215.81,2026-09-16 15:44:11,2026-09-16 11:45:06
NVDA,NVDA261030P00130000,NVDA,2026-10-30,P,130.0,0.06,302.0,0.18,31.0,0.6332,18.0,0.0,-0.0105,0.0006,0.0211,-0.0152,-0.0029,0.1859,0.0,0.0,0.0,0.0,no_change,0.21,2026-09-14T15:59:26,0.0,0.185000002384186,215.81,2026-09-16 15:44:11,2026-09-16 11:45:06
NVDA,NVDA261030P00135000,NVDA,2026-10-30,P,135.0,0.08,299.0,0.3,301.0,0.6275,16.0,0.0,-0.0124,0.0007,0.0244,-0.0168,-0.0034,0.2138,0.0,0.0,0.0,0.0,up,0.25,2026-09-14T15:55:23,0.0,0.239999994635582,215.81,2026-09-16 15:44:11,2026-09-16 11:45:06
NVDA,NVDA261030P00140000,NVDA,2026-10-30,P,140.0,0.12,289.0,0.33,295.0,0.5986,34.0,0.0,-0.0148,0.0008,0.0284,-0.0186,-0.004,0.2461,0.0,0.0,0.0,0.0,no_change,0.28,2026-09-14T13:02:18,0.0,0.25,215.81,2026-09-16 15:44:11,2026-09-16 11:45:06
NVDA,NVDA261030P00145000,NVDA,2026-10-30,P,145.0,0.16,516.0,0.37,578.0,0.5703,9.0,0.0,-0.0176,0.001,0.0331,-0.0206,-0.0048,0.2841,0.0,0.0,0.0,0.0,down,0.33,2026-09-15T14:00:21,0.0,0.339999988675118,215.81,2026-09-16 15:44:11,2026-09-16 11:45:06
NVDA,NVDA261030P00150000,NVDA,2026-10-30,P,150.0,0.21,524.0,0.42,589.0,0.5426,9.0,0.0,-0.0211,0.0012,0.0385,-0.0229,-0.0057,0.3304,0.0,0.0,0.0,0.0,no_change,0.37,2026-09-15T14:00:21,0.0,0.394999995827675,215.81,2026-09-16 15:44:11,2026-09-16 11:45:06
NVDA,NVDA261030P00155000,NVDA,2026-10-30,P,155.0,0.33,532.0,0.43,644.0,0.5165,81.0,1.0,-0.0255,0.0015,0.0455,-0.0255,-0.0069,0.3878,-0.02,0.43,0.43,0.43,down,0.43,2026-09-16T09:30:00,-4.44444,0.449999988079071,215.81,2026-09-16 15:44:11,2026-09-16 11:45:06
NVDA,NVDA261030P00160000,NVDA,2026-10-30,P,160.0,0.45,96.0,0.48,286.0,0.4913,96.0,15.0,-0.0312,0.0019,0.0535,-0.0286,-0.0084,0.463,-0.11,0.47,0.48,0.46,down,0.46,2026-09-16T11:25:45,-19.2982,0.569999992847443,215.81,2026-09-16 15:44:11,2026-09-16 11:45:06
NVDA,NVDA261030P00165000,NVDA,2026-10-30,P,165.0,0.54,511.0,0.59,633.0,0.4662,135.0,31.0,-0.0387,0.0024,0.0644,-0.0325,-0.0104,0.5618,-0.055,0.57,0.61,0.57,up,0.59,2026-09-16T10:57:05,-8.52713,0.645000010728836,215.81,2026-09-16 15:44:11,2026-09-16 11:45:06
NVDA,NVDA261030P00170000,NVDA,2026-10-30,P,170.0,0.62,575.0,0.74,590.0,0.44,763.0,47.0,-0.0488,0.003,0.077,-0.0374,-0.013,0.6985,-0.14,0.76,0.76,0.71,no_change,0.72,2026-09-16T10:53:47,-16.2791,0.859999984502792,215.81,2026-09-16 15:44:11,2026-09-16 11:45:06
NVDA,NVDA261030P00175000,NVDA,2026-10-30,P,175.0,0.84,532.0,0.91,492.0,0.4199,219.0,34.0,-0.0626,0.0039,0.0937,-0.0435,-0.0165,0.8915,-0.24,0.98,0.98,0.86,down,0.86,2026-09-16T11:25:45,-21.8182,1.10000002384186,215.81,2026-09-16 15:44:11,2026-09-16 11:45:06
NVDA,NVDA261030P00180000,NVDA,2026-10-30,P,180.0,1.14,392.0,1.19,415.0,0.4038,403.0,66.0,-0.0813,0.005,0.1151,-0.051,-0.0214,1.1643,-0.315,1.3,1.3,1.14,down,1.14,2026-09-16T11:25:54,-21.6495,1.4549999833107,215.81,2026-09-16 15:44:11,2026-09-16 11:45:06
NVDA,NVDA261030P00185000,NVDA,2026-10-30,P,185.0,1.47,452.0,1.63,495.0,0.3875,469.0,38.0,-0.107,0.0063,0.14,-0.0603,-0.028,1.5612,-0.425,1.72,1.72,1.53,up,1.54,2026-09-16T11:26:39,-21.6285,1.96499997377396,215.81,2026-09-16 15:44:11,2026-09-16 11:45:06
NVDA,NVDA261030P00190000,NVDA,2026-10-30,P,190.0,2.07,501.0,2.17,620.0,0.3758,1302.0,57.0,-0.1406,0.0079,0.1689,-0.0708,-0.0367,2.1149,-0.625,2.37,2.38,2.09,down,2.09,2026-09-16T11:26:38,-23.0203,2.7150000333786,215.81,2026-09-16 15:44:11,2026-09-16 11:45:06
NVDA,NVDA261030P00195000,NVDA,2026-10-30,P,195.0,2.84,655.0,2.97,733.0,0.366,2000.0,132.0,-0.1837,0.0097,0.2006,-0.0822,-0.0474,2.8819,-0.83,3.22,3.33,2.86,up,2.87,2026-09-16T11:27:22,-22.4324,3.70000004768372,215.81,2026-09-16 15:44:11,2026-09-16 11:45:06
NVDA,NVDA261030P00200000,NVDA,2026-10-30,P,200.0,3.85,625.0,4.0,558.0,0.3562,2405.0,100.0,-0.2371,0.0116,0.2326,-0.0935,-0.0604,3.9197,-1.075,4.35,4.52,3.9,no_change,3.9,2026-09-16T11:27:24,-21.608,4.97499990463257,215.81,2026-09-16 15:44:11,2026-09-16 11:45:06
NVDA,NVDA261030P00205000,NVDA,2026-10-30,P,205.0,5.2,163.0,5.35,91.0,0.3482,450.0,81.0,-0.3005,0.0134,0.2616,-0.1034,-0.0752,5.2827,-1.345,6.0,6.05,5.28,no_change,5.28,2026-09-16T11:24:57,-20.3019,6.625,215.81,2026-09-16 15:44:11,2026-09-16 11:45:06
NVDA,NVDA261030P00210000,NVDA,2026-10-30,P,210.0,6.95,167.0,7.1,95.0,0.3422,535.0,82.0,-0.3718,0.0148,0.2838,-0.1106,-0.0909,7.0027,-1.675,7.84,7.97,6.97,down,7.0,2026-09-16T11:25:36,-19.3084,8.67500019073486,215.81,2026-09-16 15:44:11,2026-09-16 11:45:06
NVDA,NVDA261030P00215000,NVDA,2026-10-30,P,215.0,9.05,413.0,9.3,153.0,0.3363,302.0,50.0,-0.4492,0.0159,0.2968,-0.1144,-0.1063,9.1231,-2.04,10.2,10.2,9.06,down,9.06,2026-09-16T11:28:03,-18.3784,11.0999999046326,215.81,2026-09-16 15:44:11,2026-09-16 11:45:06
NVDA,NVDA261030P00220000,NVDA,2026-10-30,P,220.0,11.6,189.0,11.85,120.0,0.3324,200.0,31.0,-0.5294,0.0163,0.2979,-0.114,-0.1209,11.6641,-2.3,12.8,12.85,11.7,down,11.7,2026-09-16T11:04:27,-16.4286,14.0,215.81,2026-09-16 15:44:11,2026-09-16 11:45:06
NVDA,NVDA261030P00225000,NVDA,2026-10-30,P,225.0,14.45,235.0,15.0,159.0,0.3277,64.0,4.0,-0.609,0.016,0.2874,-0.1096,-0.1322,14.6281,-2.095,15.6,15.6,15.18,down,15.18,2026-09-16T10:16:45,-12.1273,17.2749996185303,215.81,2026-09-16 15:44:11,2026-09-16 11:45:06
NVDA,NVDA261030P00230000,NVDA,2026-10-30,P,230.0,17.8,84.0,18.1,4.0,0.3254,77.0,13.0,-0.6846,0.0152,0.2659,-0.1017,-0.1389,17.9996,-2.025,18.65,18.65,18.65,no_change,18.65,2026-09-16T10:39:03,-9.79444,20.6750001907349,215.81,2026-09-16 15:44:11,2026-09-16 11:45:06
NVDA,NVDA261030P00235000,NVDA,2026-10-30,P,235.0,21.45,274.0,21.95,96.0,0.3221,3.0,10.0,-0.7532,0.0139,0.2357,-0.0914,-0.1413,21.7439,-2.335,22.39,22.39,22.39,down,22.39,2026-09-16T10:16:47,-9.44388,24.7249994277954,215.81,2026-09-16 15:44:11,2026-09-16 11:45:06
NVDA,NVDA261030P00240000,NVDA,2026-10-30,P,240.0,25.3,317.0,26.0,103.0,0.3166,6.0,0.0,-0.813,0.0124,0.2004,-0.0798,-0.1376,25.8124,0.0,0.0,0.0,0.0,up,22.15,2026-09-11T14:01:12,0.0,29.0250005722046,215.81,2026-09-16 15:44:11,2026-09-16 11:45:06
NVDA,NVDA261030P00245000,NVDA,2026-10-30,P,245.0,29.8,85.0,30.35,43.0,0.3226,37.0,0.0,-0.863,0.0106,0.1631,-0.0678,-0.1276,30.1499,0.0,0.0,0.0,0.0,up,27.55,2026-09-11T15:38:30,0.0,33.5500011444092,215.81,2026-09-16 15:44:11,2026-09-16 11:45:06
NVDA,NVDA261030P00250000,NVDA,2026-10-30,P,250.0,34.1,86.0,35.1,55.0,0.3214,0.0,0.0,-0.9036,0.009,0.1261,-0.056,-0.1124,34.6998,0.0,0.0,0.0,0.0,no_change,0.0,,0.0,38.4499988555908,215.81,2026-09-16 15:44:11,2026-09-16 11:45:06
NVDA,NVDA261030P00255000,NVDA,2026-10-30,P,255.0,39.05,83.0,39.9,61.0,0.3404,1.0,0.0,-0.9361,0.0077,0.0916,-0.0483,-0.0901,39.4108,0.0,0.0,0.0,0.0,up,43.51,2026-09-15T13:37:43,0.0,43.25,215.81,2026-09-16 15:44:11,2026-09-16 11:45:06
NVDA,NVDA261030P00260000,NVDA,2026-10-30,P,260.0,43.85,79.0,44.65,32.0,0.3398,0.0,0.0,-0.962,0.0067,0.059,-0.0397,-0.063,44.2402,0.0,0.0,0.0,0.0,no_change,0.0,,0.0,48.0249996185303,215.81,2026-09-16 15:44:11,2026-09-16 11:45:06
NVDA,NVDA261030P00265000,NVDA,2026-10-30,P,265.0,48.4,41.0,49.65,10.0,0.0,0.0,0.0,-0.9808,0.0049,0.0311,-0.0397,-0.0245,49.1551,0.0,0.0,0.0,0.0,no_change,0.0,,0.0,53.1749992370606,215.81,2026-09-16 15:44:11,2026-09-16 11:45:06
NVDA,NVDA261030P00270000,NVDA,2026-10-30,P,270.0,53.25,29.0,55.15,10.0,0.366,1.0,0.0,-0.9924,0.0029,0.0159,-0.0319,-0.0211,54.1238,0.0,0.0,0.0,0.0,down,57.0,2026-09-15T09:30:05,0.0,58.125,215.81,2026-09-16 15:44:11,2026-09-16 11:45:06
NVDA,NVDA261030P00275000,NVDA,2026-10-30,P,275.0,58.35,29.0,60.15,10.0,0.4075,0.0,0.0,-0.9974,0.001,0.0,-0.0386,0.0,59.12,0.0,0.0,0.0,0.0,no_change,0.0,,0.0,63.1749992370606,215.81,2026-09-16 15:44:11,2026-09-16 11:45:06
NVDA,NVDA261030P00280000,NVDA,2026-10-30,P,280.0,63.25,30.0,65.15,10.0,0.3976,0.0,0.0,-1.0,0.0,0.0,-0.0386,0.0,64.12,0.0,0.0,0.0,0.0,no_change,0.0,,0.0,68.1749992370606,215.81,2026-09-16 15:44:11,2026-09-16 11:45:06
NVDA,NVDA261030P00285000,NVDA,2026-10-30,P,285.0,68.3,30.0,70.2,10.0,0.4614,0.0,0.0,-1.0,0.0,0.0,-0.0386,0.0,69.12,0.0,0.0,0.0,0.0,no_change,0.0,,0.0,73.1749992370606,215.81,2026-09-16 15:44:11,2026-09-16 11:45:06
NVDA,NVDA261030P00290000,NVDA,2026-10-30,P,290.0,73.3,37.0,75.2,10.0,0.4785,0.0,0.0,-1.0,0.0,0.0,-0.0386,0.0,74.12,0.0,0.0,0.0,0.0,no_change,0.0,,0.0,78.1749992370606,215.81,2026-09-16 15:44:11,2026-09-16 11:45:06
NVDA,NVDA261030P00295000,NVDA,2026-10-30,P,295.0,78.3,32.0,80.2,10.0,0.5011,0.0,0.0,-1.0,0.0,0.0,-0.0386,0.0,79.12,0.0,0.0,0.0,0.0,no_change,0.0,,0.0,83.1749992370606,215.81,2026-09-16 15:44:11,2026-09-16 11:45:06
NVDA,NVDA261030P00300000,NVDA,2026-10-30,P,300.0,83.3,32.0,85.2,10.0,0.5231,0.0,0.0,-1.0,0.0,0.0,-0.0386,0.0,84.12,0.0,0.0,0.0,0.0,no_change,0.0,,0.0,88.1749992370606,215.81,2026-09-16 15:44:11,2026-09-16 11:45:06
NVDA,NVDA261030P00305000,NVDA,2026-10-30,P,305.0,88.3,30.0,90.2,10.0,0.5446,0.0,0.0,-1.0,0.0,0.0,-0.0386,0.0,89.12,0.0,0.0,0.0,0.0,no_change,0.0,,0.0,93.1749992370606,215.81,2026-09-16 15:44:11,2026-09-16 11:45:06
NVDA,NVDA261030P00310000,NVDA,2026-10-30,P,310.0,93.2,29.0,95.2,3.0,0.5428,0.0,0.0,-1.0,0.0,0.0,-0.0386,0.0,94.12,0.0,0.0,0.0,0.0,no_change,0.0,,0.0,98.1749992370606,215.81,2026-09-16 15:44:11,2026-09-16 11:45:06
NVDA,NVDA261030P00315000,NVDA,2026-10-30,P,315.0,98.2,26.0,100.2,10.0,0.0,0.0,0.0,-1.0,0.0,0.0,-0.0386,0.0,99.12,0.0,0.0,0.0,0.0,no_change,0.0,,0.0,103.174999237061,215.81,2026-09-16 15:44:11,2026-09-16 11:45:06
NVDA,NVDA261030P00320000,NVDA,2026-10-30,P,320.0,103.2,29.0,105.2,10.0,0.5821,0.0,0.0,-1.0,0.0,0.0,-0.0386,0.0,104.12,0.0,0.0,0.0,0.0,no_change,0.0,,0.0,108.174999237061,215.81,2026-09-16 15:44:11,2026-09-16 11:45:06
NVDA,NVDA261030P00325000,NVDA,2026-10-30,P,325.0,108.2,29.0,110.2,3.0,0.6012,0.0,0.0,-1.0,0.0,0.0,-0.0386,0.0,109.12,0.0,0.0,0.0,0.0,no_change,0.0,,0.0,113.174999237061,215.81,2026-09-16 15:44:11,2026-09-16 11:45:06
NVDA,NVDA261030P00330000,NVDA,2026-10-30,P,330.0,113.2,29.0,115.2,3.0,0.6199,0.0,0.0,-1.0,0.0,0.0,-0.0386,0.0,114.12,0.0,0.0,0.0,0.0,no_change,0.0,,0.0,118.174999237061,215.81,2026-09-16 15:44:11,2026-09-16 11:45:06
NVDA,NVDA261030P00335000,NVDA,2026-10-30,P,335.0,118.2,29.0,120.2,10.0,0.0,0.0,0.0,-1.0,0.0,0.0,-0.0386,0.0,119.12,0.0,0.0,0.0,0.0,no_change,0.0,,0.0,123.174999237061,215.81,2026-09-16 15:44:11,2026-09-16 11:45:06
NVDA,NVDA261030P00340000,NVDA,2026-10-30,P,340.0,123.2,29.0,125.2,10.0,0.6564,0.0,0.0,-1.0,0.0,0.0,-0.0386,0.0,124.12,0.0,0.0,0.0,0.0,no_change,0.0,,0.0,128.175003051758,215.81,2026-09-16 15:44:11,2026-09-16 11:45:06
NVDA,NVDA261030P00345000,NVDA,2026-10-30,P,345.0,128.2,29.0,130.2,10.0,0.6742,0.0,0.0,-1.0,0.0,0.0,-0.0386,0.0,129.12,0.0,0.0,0.0,0.0,no_change,0.0,,0.0,133.150001525879,215.81,2026-09-16 15:44:11,2026-09-16 11:45:06
NVDA,NVDA261030P00350000,NVDA,2026-10-30,P,350.0,133.2,29.0,135.2,3.0,0.0,0.0,0.0,-1.0,0.0,0.0,-0.0386,0.0,134.12,0.0,0.0,0.0,0.0,no_change,0.0,,0.0,138.175003051758,215.81,2026-09-16 15:44:11,2026-09-16 11:45:06
NVDA,NVDA261030P00360000,NVDA,2026-10-30,P,360.0,143.2,29.0,145.1,10.0,0.7257,0.0,0.0,-1.0,0.0,0.0,-0.0386,0.0,144.12,0.0,0.0,0.0,0.0,no_change,0.0,,0.0,148.175003051758,215.81,2026-09-16 15:44:11,2026-09-16 11:45:06
NVDA,NVDA261030P00370000,NVDA,2026-10-30,P,370.0,153.2,29.0,155.2,10.0,0.7586,0.0,0.0,-1.0,0.0,0.0,-0.0386,0.0,154.12,0.0,0.0,0.0,0.0,no_change,0.0,,0.0,158.175003051758,215.81,2026-09-16 15:44:11,2026-09-16 11:45:06
NVDA,NVDA261030P00380000,NVDA,2026-10-30,P,380.0,163.2,29.0,165.2,10.0,0.7906,0.0,0.0,-1.0,0.0,0.0,-0.0386,0.0,164.12,0.0,0.0,0.0,0.0,no_change,0.0,,0.0,168.100006103516,215.81,2026-09-16 15:44:11,2026-09-16 11:45:06
NVDA,NVDA261030P00390000,NVDA,2026-10-30,P,390.0,173.2,29.0,175.2,3.0,0.8216,0.0,0.0,-1.0,0.0,0.0,-0.0386,0.0,174.12,0.0,0.0,0.0,0.0,no_change,0.0,,0.0,178.125,215.81,2026-09-16 15:44:11,2026-09-16 11:45:06
NVDA,NVDA261120C00005000,NVDA,2026-11-20,C,5.0,210.75,1.0,211.15,1.0,3.0473,10.0,0.0,1.0,0.0,0.0,0.0,0.0092,211.0339,0.0,0.0,0.0,0.0,down,206.7,2026-09-15T13:11:06,0.0,207.100006103516,215.81,2026-09-16 15:44:11,2026-09-16 11:45:06
NVDA,NVDA261120C00010000,NVDA,2026-11-20,C,10.0,204.4,26.0,207.6,26.0,2.5356,0.0,0.0,1.0,0.0,0.0,0.0,0.0185,206.0759,0.0,0.0,0.0,0.0,no_change,0.0,,0.0,202.149993896484,215.81,2026-09-16 15:44:11,2026-09-16 11:45:06
NVDA,NVDA261120C00015000,NVDA,2026-11-20,C,15.0,200.8,1.0,201.25,1.0,1.9849,0.0,0.0,1.0,0.0,0.0001,0.0,0.0277,201.1181,0.0,0.0,0.0,0.0,no_change,0.0,,0.0,197.149993896484,215.81,2026-09-16 15:44:11,2026-09-16 11:45:06
NVDA,NVDA261120C00020000,NVDA,2026-11-20,C,20.0,195.85,1.0,196.3,1.0,1.8707,0.0,0.0,1.0,0.0,0.0002,0.0,0.0369,196.1604,0.0,0.0,0.0,0.0,no_change,0.0,,0.0,192.199996948242,215.81,2026-09-16 15:44:11,2026-09-16 11:45:06
NVDA,NVDA261120C00025000,NVDA,2026-11-20,C,25.0,189.55,1.0,192.75,26.0,1.7542,0.0,0.0,1.0,0.0,0.0002,0.0,0.0461,191.2029,0.0,0.0,0.0,0.0,no_change,0.0,,0.0,187.25,215.81,2026-09-16 15:44:11,2026-09-16 11:45:06
NVDA,NVDA261120C00030000,NVDA,2026-11-20,C,30.0,185.95,1.0,186.35,1.0,1.4603,0.0,0.0,1.0,0.0,0.0004,0.0,0.0553,186.2457,0.0,0.0,0.0,0.0,no_change,0.0,,0.0,182.300003051758,215.81,2026-09-16 15:44:11,2026-09-16 11:45:06
NVDA,NVDA261120C00035000,NVDA,2026-11-20,C,35.0,181.0,1.0,181.4,1.0,1.4268,0.0,0.0,1.0,0.0,0.0006,0.0,0.0645,181.2889,0.0,0.0,0.0,0.0,no_change,0.0,,0.0,177.350006103516,215.81,2026-09-16 15:44:11,2026-09-16 11:45:06
NVDA,NVDA261120C00040000,NVDA,2026-11-20,C,40.0,174.65,26.0,177.9,26.0,1.3712,0.0,0.0,1.0,0.0,0.0008,0.0,0.0737,176.3324,0.0,0.0,0.0,0.0,no_change,0.0,,0.0,172.399993896484,215.81,2026-09-16 15:44:11,2026-09-16 11:45:06
NVDA,NVDA261120C00045000,NVDA,2026-11-20,C,45.0,171.05,1.0,171.5,1.0,1.1615,0.0,0.0,1.0,0.0,0.001,0.0,0.0829,171.3764,0.0,0.0,0.0,0.0,no_change,0.0,,0.0,167.449996948242,215.81,2026-09-16 15:44:11,2026-09-16 11:45:06
NVDA,NVDA261120C00050000,NVDA,2026-11-20,C,50.0,166.1,1.0,166.55,1.0,1.1503,31.0,0.0,1.0,0.0,0.0014,0.0,0.0921,166.421,0.0,0.0,0.0,0.0,down,175.65,2026-09-02T13:54:31,0.0,162.474998474121,215.81,2026-09-16 15:44:11,2026-09-16 11:45:06
NVDA,NVDA261120C00055000,NVDA,2026-11-20,C,55.0,159.8,1.0,163.0,26.0,1.1168,10.0,0.0,0.9999,0.0,0.0018,0.0,0.1013,161.4663,0.0,0.0,0.0,0.0,up,155.19,2026-06-18T12:19:54,0.0,157.5,215.81,2026-09-16 15:44:11,2026-09-16 11:45:06
NVDA,NVDA261120C00060000,NVDA,2026-11-20,C,60.0,154.85,26.0,158.05,26.0,1.0764,48.0,0.0,0.9997,0.0,0.0023,0.0,0.1104,156.5124,0.0,0.0,0.0,0.0,down,143.45,2026-07-17T15:18:07,0.0,152.550003051758,215.81,2026-09-16 15:44:11,2026-09-16 11:45:06
NVDA,NVDA261120C00065000,NVDA,2026-11-20,C,65.0,151.25,1.0,151.7,2.0,1.0336,40.0,0.0,0.9995,0.0,0.003,0.0,0.1196,151.5594,0.0,0.0,0.0,0.0,down,147.49,2026-09-15T14:21:59,0.0,147.600006103516,215.81,2026-09-16 15:44:11,2026-09-16 11:45:06
NVDA,NVDA261120C00070000,NVDA,2026-11-20,C,70.0,144.95,26.0,148.15,26.0,0.9261,32.0,0.0,0.9992,0.0,0.0037,0.0,0.1287,146.6075,0.0,0.0,0.0,0.0,down,153.3,2026-09-09T15:47:21,0.0,142.649993896484,215.81,2026-09-16 15:44:11,2026-09-16 11:45:06
NVDA,NVDA261120C00075000,NVDA,2026-11-20,C,75.0,141.35,1.0,141.75,1.0,0.8958,16.0,0.0,0.9989,0.0001,0.0047,0.0,0.1378,141.6569,0.0,0.0,0.0,0.0,down,145.13,2026-09-10T09:52:55,0.0,137.699996948242,215.81,2026-09-16 15:44:11,2026-09-16 11:45:06
NVDA,NVDA261120C00080000,NVDA,2026-11-20,C,80.0,136.35,1.0,136.85,1.0,0.8625,43.0,0.0,0.9985,0.0001,0.0058,0.0,0.1468,136.7079,0.0,0.0,0.0,0.0,up,140.33,2026-09-11T15:21:08,0.0,132.75,215.81,2026-09-16 15:44:11,2026-09-16 11:45:06
NVDA,NVDA261120C00085000,NVDA,2026-11-20,C,85.0,131.4,1.0,131.9,1.0,0.8278,45.0,0.0,0.998,0.0001,0.0071,0.0,0.1558,131.7607,0.0,0.0,0.0,0.0,up,141.17,2026-08-14T15:21:31,0.0,127.800003051758,215.81,2026-09-16 15:44:11,2026-09-16 11:45:06
NVDA,NVDA261120C00090000,NVDA,2026-11-20,C,90.0,126.45,1.0,126.95,1.0,0.7927,71.0,0.0,0.9974,0.0001,0.0086,0.0,0.1648,126.8155,0.0,0.0,0.0,0.0,down,141.06,2026-09-08T09:49:18,0.0,122.849998474121,215.81,2026-09-16 15:44:11,2026-09-16 11:45:06
NVDA,NVDA261120C00095000,NVDA,2026-11-20,C,95.0,121.5,1.0,122.0,1.0,0.7577,38.0,0.0,0.9966,0.0002,0.0105,0.0,0.1737,121.8728,0.0,0.0,0.0,0.0,up,116.33,2026-08-26T15:36:20,0.0,117.924999237061,215.81,2026-09-16 15:44:11,2026-09-16 11:45:06
NVDA,NVDA261120C00100000,NVDA,2026-11-20,C,100.0,116.6,1.0,117.05,1.0,0.747,273.0,0.0,0.9958,0.0002,0.0126,0.0,0.1826,116.9329,0.0,0.0,0.0,0.0,up,112.8,2026-09-15T14:18:19,0.0,113.0,215.81,2026-09-16 15:44:11,2026-09-16 11:45:06
NVDA,NVDA261120C00105000,NVDA,2026-11-20,C,105.0,111.65,1.0,112.1,2.0,0.71,241.0,0.0,0.9947,0.0002,0.0151,0.0,0.1914,111.9962,0.0,0.0,0.0,0.0,down,108.15,2026-09-15T12:29:07,0.0,108.050003051758,215.81,2026-09-16 15:44:11,2026-09-16 11:45:06
NVDA,NVDA261120C00110000,NVDA,2026-11-20,C,110.0,106.8,10.0,107.15,1.0,0.674,216.0,0.0,0.9934,0.0003,0.0181,0.0,0.2,107.0634,0.0,0.0,0.0,0.0,down,103.58,2026-09-14T13:43:48,0.0,103.099998474121,215.81,2026-09-16 15:44:11,2026-09-16 11:45:06
NVDA,NVDA261120C00115000,NVDA,2026-11-20,C,115.0,101.9,3.0,102.25,3.0,0.6537,340.0,0.0,0.9919,0.0004,0.0215,0.0,0.2086,102.135,0.0,0.0,0.0,0.0,up,98.34,2026-09-15T15:29:10,0.0,98.2249984741211,215.81,2026-09-16 15:44:11,2026-09-16 11:45:06
NVDA,NVDA261120C00120000,NVDA,2026-11-20,C,120.0,96.85,1.0,97.3,10.0,0.6412,331.0,0.0,0.9901,0.0005,0.0254,-0.0013,0.217,97.2116,0.0,0.0,0.0,0.0,up,93.3,2026-09-15T15:50:12,0.0,93.3250007629394,215.81,2026-09-16 15:44:11,2026-09-16 11:45:06
NVDA,NVDA261120C00125000,NVDA,2026-11-20,C,125.0,91.95,45.0,92.4,46.0,0.6141,311.0,1.0,0.9879,0.0006,0.03,-0.0035,0.2253,92.2944,1.775,90.15,90.15,90.15,down,90.15,2026-09-16T09:45:51,2.00849,88.375,215.81,2026-09-16 15:44:11,2026-09-16 11:45:06
NVDA,NVDA261120C00130000,NVDA,2026-11-20,C,130.0,87.15,4.0,87.5,3.0,0.586,387.0,0.0,0.9853,0.0007,0.0353,-0.0058,0.2335,87.3843,0.0,0.0,0.0,0.0,down,83.45,2026-09-15T15:42:34,0.0,83.5,215.81,2026-09-16 15:44:11,2026-09-16 11:45:06
NVDA,NVDA261120C00135000,NVDA,2026-11-20,C,135.0,82.15,3.0,82.6,3.0,0.5767,426.0,0.0,0.9822,0.0009,0.0416,-0.0084,0.2413,82.4832,0.0,0.0,0.0,0.0,no_change,78.92,2026-09-14T15:29:39,0.0,78.5750007629394,215.81,2026-09-16 15:44:11,2026-09-16 11:45:06
NVDA,NVDA261120C00140000,NVDA,2026-11-20,C,140.0,77.25,61.0,77.7,114.0,0.5508,1481.0,1.0,0.9783,0.001,0.0488,-0.0112,0.2489,77.5938,1.7,75.4,75.4,75.4,up,75.4,2026-09-16T09:36:07,2.30665,73.7000007629394,215.81,2026-09-16 15:44:11,2026-09-16 11:45:06
NVDA,NVDA261120C00145000,NVDA,2026-11-20,C,145.0,72.35,14.0,72.85,16.0,0.5326,480.0,0.0,0.9736,0.0013,0.0574,-0.0143,0.2561,72.7201,0.0,0.0,0.0,0.0,down,69.8,2026-09-15T10:03:39,0.0,68.8250007629394,215.81,2026-09-16 15:44:11,2026-09-16 11:45:06
NVDA,NVDA261120C00150000,NVDA,2026-11-20,C,150.0,67.5,15.0,67.95,1.0,0.5112,1004.0,1.0,0.9677,0.0016,0.0678,-0.0179,0.2628,67.8688,2.125,66.1,66.1,66.1,up,66.1,2026-09-16T09:30:00,3.32161,63.9750003814697,215.81,2026-09-16 15:44:11,2026-09-16 11:45:06
NVDA,NVDA261120C00155000,NVDA,2026-11-20,C,155.0,62.7,16.0,63.15,34.0,0.4875,1897.0,0.0,0.9601,0.0019,0.0802,-0.022,0.2688,63.0486,0.0,0.0,0.0,0.0,no_change,58.99,2026-09-15T14:18:03,0.0,59.2000007629394,215.81,2026-09-16 15:44:11,2026-09-16 11:45:06
NVDA,NVDA261120C00160000,NVDA,2026-11-20,C,160.0,57.9,104.0,58.4,185.0,0.4701,1300.0,26.0,0.9505,0.0024,0.0954,-0.0269,0.2738,58.2723,3.69,58.3,58.3,58.14,down,58.14,2026-09-16T11:22:21,6.77686,54.4499988555908,215.81,2026-09-16 15:44:11,2026-09-16 11:45:06
NVDA,NVDA261120C00165000,NVDA,2026-11-20,C,165.0,53.2,115.0,53.65,180.0,0.4538,1487.0,41.0,0.938,0.003,0.1135,-0.0326,0.2776,53.5555,3.205,51.85,53.1,51.85,down,53.03,2026-09-16T10:57:14,6.43251,49.8250007629394,215.81,2026-09-16 15:44:11,2026-09-16 11:45:06
NVDA,NVDA261120C00170000,NVDA,2026-11-20,C,170.0,48.7,50.0,48.9,172.0,0.4374,1768.0,42.0,0.9222,0.0036,0.1349,-0.0392,0.2799,48.9182,3.3,47.17,48.55,46.98,up,48.55,2026-09-16T11:02:19,7.29282,45.25,215.81,2026-09-16 15:44:11,2026-09-16 11:45:06
NVDA,NVDA261120C00175000,NVDA,2026-11-20,C,175.0,44.15,46.0,44.35,177.0,0.4251,2317.0,20.0,0.9022,0.0044,0.1597,-0.0466,0.2803,44.3828,2.65,42.4,43.45,42.3,no_change,43.45,2026-09-16T10:34:34,6.4951,40.8000011444092,215.81,2026-09-16 15:44:11,2026-09-16 11:45:06
NVDA,NVDA261120C00180000,NVDA,2026-11-20,C,180.0,39.75,65.0,39.95,195.0,0.4158,7140.0,55.0,0.8775,0.0053,0.1873,-0.0548,0.2786,39.9752,3.27,38.0,39.82,37.96,no_change,39.82,2026-09-16T11:19:06,8.94664,36.5500011444092,215.81,2026-09-16 15:44:11,2026-09-16 11:45:06
NVDA,NVDA261120C00185000,NVDA,2026-11-20,C,185.0,35.5,52.0,35.7,89.0,0.4077,3589.0,8.0,0.8476,0.0063,0.2169,-0.0635,0.2746,35.7143,3.375,33.85,35.8,33.85,up,35.8,2026-09-16T11:07:51,10.4086,32.4249992370606,215.81,2026-09-16 15:44:11,2026-09-16 11:45:06
NVDA,NVDA261120C00190000,NVDA,2026-11-20,C,190.0,31.45,35.0,31.65,96.0,0.4005,3699.0,4.0,0.8123,0.0073,0.2474,-0.0722,0.2679,31.6571,2.975,30.85,31.5,30.85,up,31.5,2026-09-16T11:19:43,10.4294,28.5250005722046,215.81,2026-09-16 15:44:11,2026-09-16 11:45:06
NVDA,NVDA261120C00195000,NVDA,2026-11-20,C,195.0,27.6,94.0,27.8,211.0,0.3939,3863.0,103.0,0.7716,0.0084,0.2776,-0.0806,0.2586,27.8045,3.12,27.12,27.97,27.12,up,27.97,2026-09-16T11:12:11,12.5553,24.8500003814697,215.81,2026-09-16 15:44:11,2026-09-16 11:45:06
NVDA,NVDA261120C00200000,NVDA,2026-11-20,C,200.0,24.0,139.0,24.2,290.0,0.3885,25147.0,157.0,0.7256,0.0094,0.3054,-0.0883,0.2468,24.1936,2.725,22.4,24.5,22.35,down,24.15,2026-09-16T11:25:37,12.7188,21.4250001907349,215.81,2026-09-16 15:44:11,2026-09-16 11:45:06
NVDA,NVDA261120C00205000,NVDA,2026-11-20,C,205.0,20.7,104.0,20.85,220.0,0.3833,5722.0,60.0,0.6751,0.0102,0.3293,-0.0947,0.2327,20.8491,2.49,19.13,20.79,19.13,up,20.79,2026-09-16T11:24:49,13.6066,18.3000001907349,215.81,2026-09-16 15:44:11,2026-09-16 11:45:06
NVDA,NVDA261120C00210000,NVDA,2026-11-20,C,210.0,17.65,85.0,17.8,296.0,0.3798,74634.0,1225.0,0.621,0.0109,0.3478,-0.0994,0.2166,17.7904,2.3,16.45,18.0,16.1,down,17.8,2026-09-16T11:28:52,14.8387,15.5,215.81,2026-09-16 15:44:11,2026-09-16 11:45:06
NVDA,NVDA261120C00215000,NVDA,2026-11-20,C,215.0,14.95,51.0,15.05,286.0,0.3765,11121.0,1034.0,0.5644,0.0114,0.3598,-0.1022,0.1988,15.0243,2.1,13.78,15.25,13.56,up,15.1,2026-09-16T11:26:24,16.1538,13.0,215.81,2026-09-16 15:44:11,2026-09-16 11:45:06
NVDA,NVDA261120C00220000,NVDA,2026-11-20,C,220.0,12.5,108.0,12.6,215.0,0.3728,17715.0,876.0,0.5069,0.0117,0.3644,-0.1029,0.1801,12.5694,1.795,11.32,12.8,11.3,down,12.57,2026-09-16T11:29:09,16.6589,10.7750000953674,215.81,2026-09-16 15:44:11,2026-09-16 11:45:06
NVDA,NVDA261120C00225000,NVDA,2026-11-20,C,225.0,10.35,288.0,10.45,127.0,0.3705,12453.0,465.0,0.4501,0.0117,0.3616,-0.1016,0.1612,10.4331,1.525,9.5,10.58,9.35,up,10.4,2026-09-16T11:23:28,17.1831,8.875,215.81,2026-09-16 15:44:11,2026-09-16 11:45:06
NVDA,NVDA261120C00230000,NVDA,2026-11-20,C,230.0,8.45,521.0,8.6,129.0,0.3689,101104.0,1466.0,0.3946,0.0114,0.3519,-0.0984,0.1423,8.5711,1.4,7.65,8.75,7.65,up,8.65,2026-09-16T11:28:29,19.3103,7.25,215.81,2026-09-16 15:44:11,2026-09-16 11:45:06
NVDA,NVDA261120C00235000,NVDA,2026-11-20,C,235.0,6.95,72.0,7.05,456.0,0.3674,14587.0,505.0,0.3417,0.0109,0.3358,-0.0935,0.1239,6.9734,1.115,6.3,7.11,6.2,down,6.99,2026-09-16T11:27:39,18.9787,5.875,215.81,2026-09-16 15:44:11,2026-09-16 11:45:06
NVDA,NVDA261120C00240000,NVDA,2026-11-20,C,240.0,5.6,551.0,5.7,934.0,0.366,20014.0,2929.0,0.293,0.0102,0.3149,-0.0873,0.1067,5.6443,0.95,5.25,5.8,5.0,no_change,5.7,2026-09-16T11:28:53,20.0,4.75,215.81,2026-09-16 15:44:11,2026-09-16 11:45:06
NVDA,NVDA261120C00245000,NVDA,2026-11-20,C,245.0,4.55,4.0,4.6,1057.0,0.367,11187.0,382.0,0.2495,0.0095,0.291,-0.0805,0.0912,4.556,0.8,4.21,4.65,4.05,down,4.6,2026-09-16T11:28:24,21.0526,3.79999995231628,215.81,2026-09-16 15:44:11,2026-09-16 11:45:06
NVDA,NVDA261120C00250000,NVDA,2026-11-20,C,250.0,3.6,1040.0,3.7,704.0,0.3661,34700.0,5630.0,0.2099,0.0086,0.2646,-0.073,0.077,3.6443,0.61,3.35,3.77,3.15,down,3.66,2026-09-16T11:28:26,20.0,3.04999995231628,215.81,2026-09-16 15:44:11,2026-09-16 11:45:06
NVDA,NVDA261120C00255000,NVDA,2026-11-20,C,255.0,2.89,415.0,2.95,381.0,0.3675,7046.0,1318.0,0.1763,0.0077,0.2382,-0.0657,0.0648,2.9267,0.49,2.59,2.98,2.59,up,2.92,2026-09-16T11:25:46,20.1646,2.4300000667572,215.81,2026-09-16 15:44:11,2026-09-16 11:45:06
NVDA,NVDA261120C00260000,NVDA,2026-11-20,C,260.0,2.32,222.0,2.36,311.0,0.3688,17492.0,284.0,0.1472,0.0068,0.212,-0.0586,0.0541,2.3448,0.365,2.04,2.42,2.04,down,2.33,2026-09-16T11:20:08,18.5751,1.9650000333786,215.81,2026-09-16 15:44:11,2026-09-16 11:45:06
NVDA,NVDA261120C00265000,NVDA,2026-11-20,C,265.0,1.86,316.0,1.9,340.0,0.3712,10186.0,709.0,0.1226,0.006,0.1875,-0.0519,0.0452,1.8836,0.295,1.66,1.93,1.64,no_change,1.88,2026-09-16T11:25:50,18.612,1.58500003814697,215.81,2026-09-16 15:44:11,2026-09-16 11:45:06
NVDA,NVDA261120C00270000,NVDA,2026-11-20,C,270.0,1.5,178.0,1.54,503.0,0.3738,12167.0,178.0,0.1021,0.0052,0.1648,-0.0458,0.0377,1.5204,0.23,1.38,1.57,1.38,down,1.52,2026-09-16T11:25:50,17.8295,1.28999996185303,215.81,2026-09-16 15:44:11,2026-09-16 11:45:06
NVDA,NVDA261120C00275000,NVDA,2026-11-20,C,275.0,1.22,209.0,1.25,544.0,0.3775,80220.0,312.0,0.0853,0.0045,0.1445,-0.0404,0.0314,1.2348,0.165,1.13,1.29,1.09,down,1.22,2026-09-16T11:25:46,15.6398,1.05499994754791,215.81,2026-09-16 15:44:11,2026-09-16 11:45:06
NVDA,NVDA261120C00280000,NVDA,2026-11-20,C,280.0,0.99,515.0,1.03,534.0,0.3816,15580.0,213.0,0.0714,0.0039,0.1265,-0.0356,0.0264,1.0106,0.16,0.91,1.04,0.91,up,1.03,2026-09-16T11:28:55,18.3908,0.870000004768372,215.81,2026-09-16 15:44:11,2026-09-16 11:45:06
NVDA,NVDA261120C00285000,NVDA,2026-11-20,C,285.0,0.81,490.0,0.85,535.0,0.3869,5302.0,4.0,0.0601,0.0034,0.1108,-0.0314,0.0221,0.833,0.095,0.78,0.84,0.78,down,0.82,2026-09-16T11:28:55,13.1034,0.724999994039536,215.81,2026-09-16 15:44:11,2026-09-16 11:45:06
NVDA,NVDA261120C00290000,NVDA,2026-11-20,C,290.0,0.68,233.0,0.71,544.0,0.3916,4940.0,9.0,0.0507,0.0029,0.097,-0.0278,0.0187,0.6914,0.09,0.69,0.71,0.68,up,0.7,2026-09-16T10:48:21,14.7541,0.610000014305115,215.81,2026-09-16 15:44:11,2026-09-16 11:45:06
NVDA,NVDA261120C00295000,NVDA,2026-11-20,C,295.0,0.56,259.0,0.6,427.0,0.3966,1397.0,18.0,0.0431,0.0025,0.0853,-0.0246,0.0158,0.5792,0.055,0.54,0.61,0.54,no_change,0.58,2026-09-16T10:06:44,10.4762,0.524999976158142,215.81,2026-09-16 15:44:11,2026-09-16 11:45:06
NVDA,NVDA261120C00300000,NVDA,2026-11-20,C,300.0,0.48,520.0,0.5,696.0,0.4019,12220.0,172.0,0.0368,0.0022,0.0751,-0.022,0.0135,0.4893,0.05,0.47,0.52,0.47,up,0.49,2026-09-16T11:27:25,11.3636,0.439999997615814,215.81,2026-09-16 15:44:11,2026-09-16 11:45:06
NVDA,NVDA261120C00310000,NVDA,2026-11-20,C,310.0,0.34,388.0,0.37,605.0,0.4118,3707.0,135.0,0.0271,0.0016,0.0585,-0.0174,0.01,0.3531,0.05,0.31,0.37,0.31,up,0.37,2026-09-16T11:08:07,15.625,0.320000007748604,215.81,2026-09-16 15:44:11,2026-09-16 11:45:06
NVDA,NVDA261120C00320000,NVDA,2026-11-20,C,320.0,0.24,529.0,0.28,1088.0,0.4233,2683.0,1.0,0.0202,0.0012,0.0458,-0.0139,0.0074,0.2592,0.045,0.29,0.29,0.29,up,0.29,2026-09-16T10:36:47,18.3673,0.245000004768372,215.81,2026-09-16 15:44:11,2026-09-16 11:45:06
NVDA,NVDA261120C00330000,NVDA,2026-11-20,C,330.0,0.18,389.0,0.2,565.0,0.4327,1990.0,8.0,0.0152,0.001,0.036,-0.0111,0.0056,0.1922,0.03,0.16,0.2,0.16,up,0.2,2026-09-16T10:49:04,17.6471,0.170000001788139,215.81,2026-09-16 15:44:11,2026-09-16 11:45:06
NVDA,NVDA261120C00340000,NVDA,2026-11-20,C,340.0,0.13,575.0,0.15,653.0,0.4417,1679.0,31.0,0.0115,0.0007,0.0283,-0.0089,0.0042,0.1435,0.0,0.12,0.17,0.12,down,0.13,2026-09-16T11:20:57,-2.06324e-06,0.130000002682209,215.81,2026-09-16 15:44:11,2026-09-16 11:45:06
NVDA,NVDA261120C00350000,NVDA,2026-11-20,C,350.0,0.08,336.0,0.13,900.0,0.4507,1174.0,5.0,0.0088,0.0006,0.0223,-0.0071,0.0032,0.1076,-0.015,0.11,0.11,0.08,no_change,0.08,2026-09-16T10:35:35,-15.7895,0.0949999988079071,215.81,2026-09-16 15:44:11,2026-09-16 11:45:06
NVDA,NVDA261120C00360000,NVDA,2026-11-20,C,360.0,0.06,325.0,0.1,819.0,0.4598,2614.0,0.0,0.0067,0.0004,0.0176,-0.0057,0.0024,0.081,0.0,0.0,0.0,0.0,up,0.08,2026-09-15T12:01:19,0.0,0.0750000011175871,215.81,2026-09-16 15:44:11,2026-09-16 11:45:06
NVDA,NVDA261120C00370000,NVDA,2026-11-20,C,370.0,0.05,352.0,0.07,558.0,0.4673,1936.0,2.0,0.0051,0.0003,0.0139,-0.0045,0.0018,0.0612,0.015,0.07,0.07,0.07,no_change,0.07,2026-09-16T10:16:21,27.2727,0.0549999987706542,215.81,2026-09-16 15:44:11,2026-09-16 11:45:06
NVDA,NVDA261120C00380000,NVDA,2026-11-20,C,380.0,0.03,450.0,0.07,578.0,0.479,1674.0,1.0,0.0039,0.0003,0.011,-0.0036,0.0014,0.0463,0.005,0.05,0.05,0.05,down,0.05,2026-09-16T10:14:09,11.1111,0.0449999999254942,215.81,2026-09-16 15:44:11,2026-09-16 11:45:06
NVDA,NVDA261120C00390000,NVDA,2026-11-20,C,390.0,0.01,54.0,0.06,77.0,0.4822,517.0,0.0,0.003,0.0002,0.0087,-0.0029,0.0011,0.0351,0.0,0.0,0.0,0.0,no_change,0.04,2026-09-15T14:29:22,0.0,0.0449999989941716,215.81,2026-09-16 15:44:11,2026-09-16 11:45:06
NVDA,NVDA261120C00400000,NVDA,2026-11-20,C,400.0,0.02,310.0,0.04,418.0,0.4937,11899.0,37.0,0.0023,0.0002,0.0068,-0.0023,0.0008,0.0267,0.005,0.03,0.05,0.02,no_change,0.03,2026-09-16T11:05:18,20.0,0.0249999994412065,215.81,2026-09-16 15:44:11,2026-09-16 11:45:06
NVDA,NVDA261120C00410000,NVDA,2026-11-20,C,410.0,0.01,258.0,0.05,484.0,0.5115,1272.0,13.0,0.0018,0.0001,0.0054,-0.0018,0.0006,0.0204,0.0,0.03,0.03,0.03,no_change,0.03,2026-09-16T09:37:04,-8.69234e-07,0.0300000002607703,215.81,2026-09-16 15:44:11,2026-09-16 11:45:06
NVDA,NVDA261120C00420000,NVDA,2026-11-20,C,420.0,0.01,43.0,0.03,10.0,0.5108,603.0,0.0,0.0014,0.0001,0.0043,-0.0015,0.0005,0.0156,0.0,0.0,0.0,0.0,no_change,0.02,2026-09-15T09:40:55,0.0,0.0249999994412065,215.81,2026-09-16 15:44:11,2026-09-16 11:45:06
NVDA,NVDA261120C00430000,NVDA,2026-11-20,C,430.0,0.0,0.0,0.16,26.0,0.5274,263.0,0.0,0.0011,0.0001,0.0034,-0.0012,0.0004,0.012,0.0,0.0,0.0,0.0,no_change,0.01,2026-09-15T12:33:18,0.0,0.0199999995529652,215.81,2026-09-16 15:44:11,2026-09-16 11:45:06
NVDA,NVDA261120C00440000,NVDA,2026-11-20,C,440.0,0.0,0.0,0.16,26.0,0.5432,801.0,0.0,0.0008,0.0001,0.0027,-0.0009,0.0003,0.0092,0.0,0.0,0.0,0.0,no_change,0.01,2026-09-14T09:59:18,0.0,0.0199999995529652,215.81,2026-09-16 15:44:11,2026-09-16 11:45:06
NVDA,NVDA261120C00450000,NVDA,2026-11-20,C,450.0,0.0,0.0,0.15,26.0,0.5457,141.0,0.0,0.0006,0.0,0.0022,-0.0007,0.0002,0.0071,0.0,0.0,0.0,0.0,no_change,0.01,2026-09-11T14:18:37,0.0,0.0199999995529652,215.81,2026-09-16 15:44:11,2026-09-16 11:45:06
NVDA,NVDA261120C00455000,NVDA,2026-11-20,C,455.0,0.0,0.0,0.01,10.0,0.5106,3017.0,0.0,0.0006,0.0,0.0019,-0.0007,0.0002,0.0062,0.0,0.0,0.0,0.0,no_change,0.01,2026-09-11T10:12:28,0.0,0.00499999988824129,215.81,2026-09-16 15:44:11,2026-09-16 11:45:06
NVDA,NVDA261120C00460000,NVDA,2026-11-20,C,460.0,0.0,0.0,0.02,55.0,0.5435,5578.0,0.0,0.0005,0.0,0.0017,-0.0006,0.0002,0.0055,0.0,0.0,0.0,0.0,no_change,0.01,2026-09-11T13:19:22,0.0,0.00499999988824129,215.81,2026-09-16 15:44:11,2026-09-16 11:45:06
NVDA,NVDA261120P00005000,NVDA,2026-11-20,P,5.0,0.0,0.0,0.14,26.0,2.9216,0.0,0.0,0.0,0.0,0.0,0.0,0.0,0.0002,0.0,0.0,0.0,0.0,no_change,0.0,,0.0,0.0149999996647239,215.81,2026-09-16 15:44:11,2026-09-16 11:45:06
NVDA,NVDA261120P00010000,NVDA,2026-11-20,P,10.0,0.0,0.0,0.14,26.0,2.3464,0.0,0.0,0.0,0.0,0.0,-0.0001,0.0,0.0005,0.0,0.0,0.0,0.0,no_change,0.0,,0.0,0.0149999996647239,215.81,2026-09-16 15:44:11,2026-09-16 11:45:06
NVDA,NVDA261120P00015000,NVDA,2026-11-20,P,15.0,0.0,0.0,0.14,26.0,2.0232,0.0,0.0,0.0,0.0,0.0001,-0.0001,0.0,0.0009,0.0,0.0,0.0,0.0,no_change,0.0,,0.0,0.0149999996647239,215.81,2026-09-16 15:44:11,2026-09-16 11:45:06
NVDA,NVDA261120P00020000,NVDA,2026-11-20,P,20.0,0.0,0.0,0.01,10.0,1.7073,0.0,0.0,0.0,0.0,0.0002,-0.0002,0.0,0.0015,0.0,0.0,0.0,0.0,no_change,0.0,,0.0,0.0149999996647239,215.81,2026-09-16 15:44:11,2026-09-16 11:45:06
NVDA,NVDA261120P00025000,NVDA,2026-11-20,P,25.0,0.0,0.0,0.01,10.0,1.5451,0.0,0.0,-0.0001,0.0,0.0002,-0.0003,0.0,0.0024,0.0,0.0,0.0,0.0,no_change,0.0,,0.0,0.0199999995529652,215.81,2026-09-16 15:44:11,2026-09-16 11:45:06
NVDA,NVDA261120P00030000,NVDA,2026-11-20,P,30.0,0.0,0.0,0.01,8.0,1.4139,0.0,0.0,-0.0001,0.0,0.0004,-0.0004,0.0,0.0035,0.0,0.0,0.0,0.0,no_change,0.0,,0.0,0.0199999995529652,215.81,2026-09-16 15:44:11,2026-09-16 11:45:06
NVDA,NVDA261120P00035000,NVDA,2026-11-20,P,35.0,0.0,0.0,0.02,7.0,1.3732,0.0,0.0,-0.0002,0.0,0.0006,-0.0005,-0.0001,0.0049,0.0,0.0,0.0,0.0,no_change,0.0,,0.0,0.0199999995529652,215.81,2026-09-16 15:44:11,2026-09-16 11:45:06
NVDA,NVDA261120P00040000,NVDA,2026-11-20,P,40.0,0.0,0.0,0.03,6.0,1.3155,0.0,0.0,-0.0002,0.0,0.0008,-0.0007,-0.0001,0.0068,0.0,0.0,0.0,0.0,no_change,0.0,,0.0,0.025000000372529,215.81,2026-09-16 15:44:11,2026-09-16 11:45:06
NVDA,NVDA261120P00045000,NVDA,2026-11-20,P,45.0,0.0,0.0,0.16,26.0,1.255,0.0,0.0,-0.0003,0.0,0.001,-0.0009,-0.0001,0.0091,0.0,0.0,0.0,0.0,no_change,0.0,,0.0,0.025000000372529,215.81,2026-09-16 15:44:11,2026-09-16 11:45:06
NVDA,NVDA261120P00050000,NVDA,2026-11-20,P,50.0,0.0,0.0,0.05,40.0,1.1724,1145.0,0.0,-0.0004,0.0,0.0014,-0.0011,-0.0002,0.012,0.0,0.0,0.0,0.0,no_change,0.02,2026-09-14T14:52:18,0.0,0.025000000372529,215.81,2026-09-16 15:44:11,2026-09-16 11:45:06
NVDA,NVDA261120P00055000,NVDA,2026-11-20,P,55.0,0.0,0.0,0.05,1.0,1.1198,368.0,0.0,-0.0006,0.0,0.0018,-0.0014,-0.0002,0.0156,0.0,0.0,0.0,0.0,up,0.05,2026-09-02T11:29:35,0.0,0.0199999995529652,215.81,2026-09-16 15:44:11,2026-09-16 11:45:06
NVDA,NVDA261120P00060000,NVDA,2026-11-20,P,60.0,0.01,1.0,0.05,1.0,1.0682,300.0,0.0,-0.0008,0.0,0.0023,-0.0017,-0.0003,0.0199,0.0,0.0,0.0,0.0,no_change,0.04,2026-09-04T15:09:38,0.0,0.0299999993294477,215.81,2026-09-16 15:44:11,2026-09-16 11:45:06
NVDA,NVDA261120P00065000,NVDA,2026-11-20,P,65.0,0.01,1.0,0.06,1.0,1.0184,134.0,0.0,-0.001,0.0,0.003,-0.0021,-0.0004,0.0253,0.0,0.0,0.0,0.0,no_change,0.03,2026-09-14T15:35:36,0.0,0.034999999217689,215.81,2026-09-16 15:44:11,2026-09-16 11:45:06
NVDA,NVDA261120P00070000,NVDA,2026-11-20,P,70.0,0.02,1.0,0.09,1.0,0.9704,369.0,0.0,-0.0012,0.0,0.0037,-0.0026,-0.0005,0.0317,0.0,0.0,0.0,0.0,up,0.05,2026-09-11T11:02:30,0.0,0.0449999999254942,215.81,2026-09-16 15:44:11,2026-09-16 11:45:06
NVDA,NVDA261120P00075000,NVDA,2026-11-20,P,75.0,0.03,1.0,0.07,1.0,0.9341,335.0,0.0,-0.0016,0.0001,0.0047,-0.0031,-0.0007,0.0395,0.0,0.0,0.0,0.0,down,0.05,2026-09-15T10:03:42,0.0,0.0549999987706542,215.81,2026-09-16 15:44:11,2026-09-16 11:45:06
NVDA,NVDA261120P00080000,NVDA,2026-11-20,P,80.0,0.03,317.0,0.08,331.0,0.8885,1295.0,12.0,-0.002,0.0001,0.0058,-0.0037,-0.0008,0.0488,0.0,0.05,0.07,0.05,down,0.05,2026-09-16T10:41:08,3.72529e-07,0.0499999998137355,215.81,2026-09-16 15:44:11,2026-09-16 11:45:06
NVDA,NVDA261120P00085000,NVDA,2026-11-20,P,85.0,0.04,371.0,0.09,22.0,0.852,710.0,0.0,-0.0025,0.0001,0.0071,-0.0043,-0.001,0.0599,0.0,0.0,0.0,0.0,down,0.07,2026-09-14T15:38:20,0.0,0.0700000002980232,215.81,2026-09-16 15:44:11,2026-09-16 11:45:06
NVDA,NVDA261120P00090000,NVDA,2026-11-20,P,90.0,0.05,309.0,0.1,22.0,0.8155,420.0,0.0,-0.0031,0.0001,0.0086,-0.0051,-0.0013,0.073,0.0,0.0,0.0,0.0,up,0.09,2026-09-14T10:24:07,0.0,0.0849999990314245,215.81,2026-09-16 15:44:11,2026-09-16 11:45:06
NVDA,NVDA261120P00095000,NVDA,2026-11-20,P,95.0,0.07,680.0,0.11,155.0,0.7842,782.0,1.0,-0.0038,0.0002,0.0105,-0.006,-0.0016,0.0887,0.005,0.1,0.1,0.1,no_change,0.1,2026-09-16T09:47:24,5.26316,0.0949999988079071,215.81,2026-09-16 15:44:11,2026-09-16 11:45:06
NVDA,NVDA261120P00100000,NVDA,2026-11-20,P,100.0,0.1,161.0,0.11,56.0,0.752,7373.0,1.0,-0.0047,0.0002,0.0126,-0.0069,-0.002,0.1071,-0.005,0.11,0.11,0.11,no_change,0.11,2026-09-16T09:47:24,-4.34782,0.114999998360872,215.81,2026-09-16 15:44:11,2026-09-16 11:45:06
NVDA,NVDA261120P00105000,NVDA,2026-11-20,P,105.0,0.11,587.0,0.15,817.0,0.7264,436.0,2.0,-0.0058,0.0002,0.0152,-0.008,-0.0024,0.1288,0.005,0.15,0.15,0.15,down,0.15,2026-09-16T10:21:43,3.44828,0.144999999552965,215.81,2026-09-16 15:44:11,2026-09-16 11:45:06
NVDA,NVDA261120P00110000,NVDA,2026-11-20,P,110.0,0.14,483.0,0.18,947.0,0.7016,2621.0,1.0,-0.0071,0.0003,0.0181,-0.0092,-0.0029,0.1544,-0.015,0.16,0.16,0.16,down,0.16,2026-09-16T09:30:00,-8.57143,0.175000004470348,215.81,2026-09-16 15:44:11,2026-09-16 11:45:06
NVDA,NVDA261120P00115000,NVDA,2026-11-20,P,115.0,0.17,221.0,0.2,706.0,0.6722,6680.0,0.0,-0.0086,0.0004,0.0215,-0.0106,-0.0035,0.1844,0.0,0.0,0.0,0.0,up,0.23,2026-09-14T15:40:25,0.0,0.204999998211861,215.81,2026-09-16 15:44:11,2026-09-16 11:45:06
NVDA,NVDA261120P00120000,NVDA,2026-11-20,P,120.0,0.21,181.0,0.23,776.0,0.6464,4853.0,0.0,-0.0104,0.0005,0.0256,-0.012,-0.0043,0.2195,0.0,0.0,0.0,0.0,down,0.23,2026-09-15T09:30:01,0.0,0.249999992549419,215.81,2026-09-16 15:44:11,2026-09-16 11:45:06
NVDA,NVDA261120P00125000,NVDA,2026-11-20,P,125.0,0.25,168.0,0.27,699.0,0.6208,5313.0,0.0,-0.0126,0.0006,0.0301,-0.0137,-0.0052,0.2608,0.0,0.0,0.0,0.0,down,0.3,2026-09-15T09:35:35,0.0,0.295000001788139,215.81,2026-09-16 15:44:11,2026-09-16 11:45:06
NVDA,NVDA261120P00130000,NVDA,2026-11-20,P,130.0,0.3,381.0,0.32,558.0,0.5968,5782.0,1.0,-0.0152,0.0007,0.0355,-0.0155,-0.0062,0.3092,-0.025,0.32,0.32,0.32,down,0.32,2026-09-16T10:42:05,-7.24638,0.345000013709068,215.81,2026-09-16 15:44:11,2026-09-16 11:45:06
NVDA,NVDA261120P00135000,NVDA,2026-11-20,P,135.0,0.35,250.0,0.38,241.0,0.5722,7960.0,0.0,-0.0184,0.0009,0.0417,-0.0175,-0.0075,0.3667,0.0,0.0,0.0,0.0,down,0.41,2026-09-15T09:39:45,0.0,0.415000006556511,215.81,2026-09-16 15:44:11,2026-09-16 11:45:06
NVDA,NVDA261120P00140000,NVDA,2026-11-20,P,140.0,0.42,553.0,0.45,617.0,0.5494,8986.0,101.0,-0.0222,0.001,0.0489,-0.0198,-0.0091,0.4359,-0.065,0.44,0.44,0.43,down,0.43,2026-09-16T11:17:28,-13.1313,0.49499998986721,215.81,2026-09-16 15:44:11,2026-09-16 11:45:06
NVDA,NVDA261120P00145000,NVDA,2026-11-20,P,145.0,0.51,472.0,0.53,140.0,0.5273,8127.0,11.0,-0.027,0.0013,0.0577,-0.0224,-0.011,0.5211,-0.075,0.55,0.55,0.52,no_change,0.52,2026-09-16T11:07:26,-12.605,0.594999998807907,215.81,2026-09-16 15:44:11,2026-09-16 11:45:06
NVDA,NVDA261120P00150000,NVDA,2026-11-20,P,150.0,0.62,433.0,0.64,120.0,0.5069,21387.0,10.0,-0.033,0.0016,0.068,-0.0255,-0.0133,0.6286,-0.065,0.68,0.68,0.66,no_change,0.66,2026-09-16T10:13:20,-8.96552,0.724999994039536,215.81,2026-09-16 15:44:11,2026-09-16 11:45:06
NVDA,NVDA261120P00155000,NVDA,2026-11-20,P,155.0,0.76,287.0,0.78,313.0,0.4875,8723.0,6.0,-0.0406,0.002,0.0807,-0.0292,-0.0164,0.7686,-0.13,0.83,0.84,0.77,down,0.77,2026-09-16T11:18:00,-14.4444,0.900000005960464,215.81,2026-09-16 15:44:11,2026-09-16 11:45:06
NVDA,NVDA261120P00160000,NVDA,2026-11-20,P,160.0,0.94,417.0,0.97,120.0,0.4701,22299.0,38.0,-0.0503,0.0024,0.0957,-0.0335,-0.0202,0.9518,-0.18,1.06,1.06,0.94,down,0.94,2026-09-16T11:28:43,-16.0714,1.12000000476837,215.81,2026-09-16 15:44:11,2026-09-16 11:45:06
NVDA,NVDA261120P00165000,NVDA,2026-11-20,P,165.0,1.18,431.0,1.21,90.0,0.4547,11187.0,18.0,-0.0628,0.003,0.114,-0.0387,-0.0251,1.1947,-0.215,1.31,1.32,1.2,up,1.21,2026-09-16T11:28:43,-15.0877,1.42500001192093,215.81,2026-09-16 15:44:11,2026-09-16 11:45:06
NVDA,NVDA261120P00170000,NVDA,2026-11-20,P,170.0,1.5,866.0,1.54,154.0,0.4407,21370.0,82.0,-0.0789,0.0037,0.1359,-0.0448,-0.0315,1.5193,-0.32,1.64,1.67,1.5,down,1.5,2026-09-16T11:28:52,-17.5824,1.81999999284744,215.81,2026-09-16 15:44:11,2026-09-16 11:45:06
NVDA,NVDA261120P00175000,NVDA,2026-11-20,P,175.0,1.93,430.0,1.98,169.0,0.4289,20781.0,64.0,-0.099,0.0044,0.1603,-0.0518,-0.0393,1.9441,-0.39,2.16,2.16,1.94,up,1.96,2026-09-16T11:27:04,-16.5957,2.34999990463257,215.81,2026-09-16 15:44:11,2026-09-16 11:45:06
NVDA,NVDA261120P00180000,NVDA,2026-11-20,P,180.0,2.48,352.0,2.54,96.0,0.4181,29734.0,7025.0,-0.1239,0.0054,0.1881,-0.0596,-0.0489,2.4984,-0.515,2.81,2.81,2.5,up,2.51,2026-09-16T11:29:09,-17.0248,3.02499997615814,215.81,2026-09-16 15:44:11,2026-09-16 11:45:06
NVDA,NVDA261120P00185000,NVDA,2026-11-20,P,185.0,3.2,316.0,3.3,668.0,0.4087,12743.0,117.0,-0.1544,0.0064,0.2184,-0.0679,-0.0605,3.2172,-0.625,3.53,3.57,3.2,up,3.25,2026-09-16T11:24:10,-16.129,3.875,215.81,2026-09-16 15:44:11,2026-09-16 11:45:06
NVDA,NVDA261120P00190000,NVDA,2026-11-20,P,190.0,4.1,412.0,4.2,556.0,0.4014,18408.0,442.0,-0.1899,0.0074,0.2485,-0.0762,-0.074,4.1108,-0.8,4.6,4.6,4.15,no_change,4.15,2026-09-16T11:24:10,-16.1616,4.95000004768372,215.81,2026-09-16 15:44:11,2026-09-16 11:45:06
NVDA,NVDA261120P00195000,NVDA,2026-11-20,P,195.0,5.2,482.0,5.3,178.0,0.3958,17970.0,358.0,-0.2313,0.0085,0.2785,-0.0844,-0.089,5.2282,-1.05,5.75,5.75,5.2,down,5.2,2026-09-16T11:26:32,-16.8,6.25,215.81,2026-09-16 15:44:11,2026-09-16 11:45:06
NVDA,NVDA261120P00200000,NVDA,2026-11-20,P,200.0,6.55,419.0,6.7,465.0,0.3894,49842.0,271.0,-0.278,0.0095,0.3066,-0.0917,-0.1057,6.5913,-1.2,7.14,7.35,6.6,down,6.6,2026-09-16T11:23:06,-15.3846,7.79999995231628,215.81,2026-09-16 15:44:11,2026-09-16 11:45:06
NVDA,NVDA261120P00205000,NVDA,2026-11-20,P,205.0,8.15,508.0,8.35,528.0,0.3835,10102.0,143.0,-0.3299,0.0104,0.3303,-0.098,-0.1238,8.2403,-1.35,8.58,9.0,8.2,up,8.3,2026-09-16T11:14:13,-13.9896,9.65000009536743,215.81,2026-09-16 15:44:11,2026-09-16 11:45:06
NVDA,NVDA261120P00210000,NVDA,2026-11-20,P,210.0,10.1,620.0,10.25,152.0,0.379,18883.0,731.0,-0.3852,0.0112,0.3486,-0.1025,-0.1422,10.1685,-1.695,10.9,11.17,10.08,down,10.13,2026-09-16T11:27:50,-14.334,11.8249998092651,215.81,2026-09-16 15:44:11,2026-09-16 11:45:06
NVDA,NVDA261120P00215000,NVDA,2026-11-20,P,215.0,12.3,735.0,12.5,256.0,0.3743,11713.0,598.0,-0.4432,0.0117,0.3596,-0.1052,-0.1599,12.402,-1.985,13.25,13.5,12.25,down,12.29,2026-09-16T11:27:50,-13.9054,14.2750000953674,215.81,2026-09-16 15:44:11,2026-09-16 11:45:06
NVDA,NVDA261120P00220000,NVDA,2026-11-20,P,220.0,14.85,752.0,15.1,328.0,0.3713,10151.0,34.0,-0.5024,0.012,0.363,-0.1058,-0.1763,14.9493,-2.1,15.85,16.0,14.7,up,15.0,2026-09-16T11:20:33,-12.2807,17.1000003814697,215.81,2026-09-16 15:44:11,2026-09-16 11:45:06
NVDA,NVDA261120P00225000,NVDA,2026-11-20,P,225.0,17.7,495.0,17.95,230.0,0.3684,6834.0,27.0,-0.5616,0.0121,0.3582,-0.1044,-0.189,17.8083,-2.175,19.05,19.05,18.0,down,18.0,2026-09-16T11:02:08,-10.7807,20.1749992370605,215.81,2026-09-16 15:44:11,2026-09-16 11:45:06
NVDA,NVDA261120P00230000,NVDA,2026-11-20,P,230.0,20.85,526.0,21.15,204.0,0.366,7252.0,117.0,-0.6192,0.0119,0.3463,-0.101,-0.2025,20.9696,-2.65,22.15,22.17,20.9,no_change,20.9,2026-09-16T11:24:40,-11.2527,23.5500001907349,215.81,2026-09-16 15:44:11,2026-09-16 11:45:06
NVDA,NVDA261120P00235000,NVDA,2026-11-20,P,235.0,24.25,460.0,24.6,186.0,0.3637,1592.0,15.0,-0.6742,0.0114,0.3263,-0.0961,-0.2087,24.4185,-2.775,24.85,24.85,24.45,down,24.45,2026-09-16T11:01:01,-10.1928,27.2250003814697,215.81,2026-09-16 15:44:11,2026-09-16 11:45:06
NVDA,NVDA261120P00240000,NVDA,2026-11-20,P,240.0,27.95,263.0,28.3,91.0,0.3622,1498.0,3.0,-0.7254,0.0108,0.3026,-0.0899,-0.2123,28.1319,-3.04,28.75,28.75,28.06,down,28.06,2026-09-16T11:24:57,-9.77492,31.1000003814697,215.81,2026-09-16 15:44:11,2026-09-16 11:45:06
NVDA,NVDA261120P00245000,NVDA,2026-11-20,P,245.0,31.85,83.0,32.25,61.0,0.3595,1392.0,0.0,-0.7723,0.0101,0.2728,-0.083,-0.2117,32.088,0.0,0.0,0.0,0.0,down,33.82,2026-09-15T09:45:30,0.0,35.2249984741211,215.81,2026-09-16 15:44:11,2026-09-16 11:45:06
NVDA,NVDA261120P00250000,NVDA,2026-11-20,P,250.0,36.0,76.0,36.4,71.0,0.3597,2092.0,50.0,-0.8142,0.0093,0.2416,-0.0756,-0.203,36.247,-3.5,36.05,36.05,36.05,down,36.05,2026-09-16T11:15:17,-8.84956,39.5500011444092,215.81,2026-09-16 15:44:11,2026-09-16 11:45:06
NVDA,NVDA261120P00255000,NVDA,2026-11-20,P,255.0,40.2,136.0,40.7,33.0,0.3595,262.0,0.0,-0.8512,0.0084,0.2078,-0.0682,-0.1889,40.5974,0.0,0.0,0.0,0.0,up,37.91,2026-09-11T13:42:58,0.0,43.9750003814697,215.81,2026-09-16 15:44:11,2026-09-16 11:45:06
NVDA,NVDA261120P00260000,NVDA,2026-11-20,P,260.0,44.7,403.0,45.2,26.0,0.3593,986.0,0.0,-0.8834,0.0076,0.1762,-0.061,-0.1814,45.1053,0.0,0.0,0.0,0.0,up,51.45,2026-09-14T09:38:03,0.0,48.625,215.81,2026-09-16 15:44:11,2026-09-16 11:45:06
NVDA,NVDA261120P00265000,NVDA,2026-11-20,P,265.0,49.35,346.0,49.9,52.0,0.3621,690.0,0.0,-0.9103,0.0067,0.1434,-0.0533,-0.1526,49.7408,0.0,0.0,0.0,0.0,up,47.32,2026-09-11T15:34:27,0.0,53.4249992370606,215.81,2026-09-16 15:44:11,2026-09-16 11:45:06
NVDA,NVDA261120P00270000,NVDA,2026-11-20,P,270.0,54.1,273.0,54.6,40.0,0.3612,558.0,0.0,-0.9341,0.0061,0.117,-0.046,-0.1326,54.4779,0.0,0.0,0.0,0.0,down,57.75,2026-09-14T13:25:26,0.0,58.25,215.81,2026-09-16 15:44:11,2026-09-16 11:45:06
NVDA,NVDA261120P00275000,NVDA,2026-11-20,P,275.0,58.95,16.0,59.7,34.0,0.3568,38.0,0.0,-0.9545,0.0058,0.0834,-0.0408,-0.0926,59.301,0.0,0.0,0.0,0.0,up,62.88,2026-09-14T13:14:50,0.0,63.1750011444092,215.81,2026-09-16 15:44:11,2026-09-16 11:45:06
NVDA,NVDA261120P00280000,NVDA,2026-11-20,P,280.0,63.9,6.0,64.55,4.0,0.0,61.0,0.0,-0.971,0.005,0.0591,-0.0463,-0.0569,64.1911,0.0,0.0,0.0,0.0,up,67.84,2026-09-14T13:14:50,0.0,68.0500030517578,215.81,2026-09-16 15:44:11,2026-09-16 11:45:06
NVDA,NVDA261120P00285000,NVDA,2026-11-20,P,285.0,68.95,7.0,69.45,6.0,0.0,125.0,0.0,-0.9838,0.0036,0.0305,-0.0543,-0.029,69.138,0.0,0.0,0.0,0.0,up,72.99,2026-09-15T15:25:20,0.0,73.0250015258789,215.81,2026-09-16 15:44:11,2026-09-16 11:45:06
NVDA,NVDA261120P00290000,NVDA,2026-11-20,P,290.0,74.0,1.0,74.45,1.0,0.3989,2.0,0.0,-0.9922,0.0023,0.0183,-0.0287,-0.0188,74.1113,0.0,0.0,0.0,0.0,down,77.75,2026-09-14T13:23:53,0.0,78.0750007629394,215.81,2026-09-16 15:44:11,2026-09-16 11:45:06
NVDA,NVDA261120P00295000,NVDA,2026-11-20,P,295.0,79.0,1.0,79.45,1.0,0.4176,0.0,0.0,-0.9967,0.001,0.0,-0.0269,0.0,79.1094,0.0,0.0,0.0,0.0,down,75.78,2026-09-11T12:47:27,0.0,83.0750007629394,215.81,2026-09-16 15:44:11,2026-09-16 11:45:06
NVDA,NVDA261120P00300000,NVDA,2026-11-20,P,300.0,84.0,1.0,84.45,1.0,0.0,0.0,0.0,-0.9989,0.0003,0.0,-0.0269,0.0,84.1094,0.0,0.0,0.0,0.0,up,76.09,2026-09-09T14:16:23,0.0,88.0750007629394,215.81,2026-09-16 15:44:11,2026-09-16 11:45:06
NVDA,NVDA261120P00310000,NVDA,2026-11-20,P,310.0,94.0,1.0,94.45,1.0,0.0,0.0,0.0,-1.0,0.0,0.0,-0.0269,0.0,94.1094,0.0,0.0,0.0,0.0,up,83.11,2026-09-03T10:31:35,0.0,98.0750007629394,215.81,2026-09-16 15:44:11,2026-09-16 11:45:06
NVDA,NVDA261120P00320000,NVDA,2026-11-20,P,320.0,104.0,1.0,104.45,1.0,0.0,0.0,0.0,-1.0,0.0,0.0,-0.0269,0.0,104.1094,0.0,0.0,0.0,0.0,up,117.81,2026-06-23T12:49:27,0.0,108.075000762939,215.81,2026-09-16 15:44:11,2026-09-16 11:45:06
NVDA,NVDA261120P00330000,NVDA,2026-11-20,P,330.0,114.0,1.0,114.45,1.0,0.0,0.0,0.0,-1.0,0.0,0.0,-0.0269,0.0,114.1094,0.0,0.0,0.0,0.0,down,110.92,2026-09-02T09:30:12,0.0,118.075000762939,215.81,2026-09-16 15:44:11,2026-09-16 11:45:06
NVDA,NVDA261120P00340000,NVDA,2026-11-20,P,340.0,124.0,1.0,124.45,1.0,0.0,1.0,0.0,-1.0,0.0,0.0,-0.0269,0.0,124.1094,0.0,0.0,0.0,0.0,down,106.9,2026-09-08T09:30:00,0.0,128.075000762939,215.81,2026-09-16 15:44:11,2026-09-16 11:45:06
NVDA,NVDA261120P00350000,NVDA,2026-11-20,P,350.0,134.0,1.0,134.45,1.0,0.0,0.0,0.0,-1.0,0.0,0.0,-0.0269,0.0,134.1094,0.0,0.0,0.0,0.0,up,144.05,2026-06-09T15:44:57,0.0,138.075004577637,215.81,2026-09-16 15:44:11,2026-09-16 11:45:06
NVDA,NVDA261120P00360000,NVDA,2026-11-20,P,360.0,144.0,1.0,144.45,1.0,0.0,0.0,0.0,-1.0,0.0,0.0,-0.0269,0.0,144.1094,0.0,0.0,0.0,0.0,down,133.95,2026-08-17T13:20:47,0.0,148.075004577637,215.81,2026-09-16 15:44:11,2026-09-16 11:45:06
NVDA,NVDA261120P00370000,NVDA,2026-11-20,P,370.0,154.0,1.0,154.45,1.0,0.0,0.0,0.0,-1.0,0.0,0.0,-0.0269,0.0,154.1094,0.0,0.0,0.0,0.0,no_change,0.0,,0.0,158.075004577637,215.81,2026-09-16 15:44:11,2026-09-16 11:45:06
NVDA,NVDA261120P00380000,NVDA,2026-11-20,P,380.0,164.0,1.0,164.45,1.0,0.0,0.0,0.0,-1.0,0.0,0.0,-0.0269,0.0,164.1094,0.0,0.0,0.0,0.0,no_change,0.0,,0.0,168.075004577637,215.81,2026-09-16 15:44:11,2026-09-16 11:45:06
NVDA,NVDA261120P00390000,NVDA,2026-11-20,P,390.0,174.0,1.0,174.45,1.0,0.7118,0.0,0.0,-1.0,0.0,0.0,-0.0269,0.0,174.1094,0.0,0.0,0.0,0.0,up,196.0,2026-06-29T09:40:10,0.0,178.075004577637,215.81,2026-09-16 15:44:11,2026-09-16 11:45:06
NVDA,NVDA261120P00400000,NVDA,2026-11-20,P,400.0,184.0,1.0,184.45,1.0,0.7378,0.0,0.0,-1.0,0.0,0.0,-0.0269,0.0,184.1094,0.0,0.0,0.0,0.0,no_change,0.0,,0.0,188.075004577637,215.81,2026-09-16 15:44:11,2026-09-16 11:45:06
NVDA,NVDA261120P00410000,NVDA,2026-11-20,P,410.0,194.0,1.0,194.45,1.0,0.7631,0.0,0.0,-1.0,0.0,0.0,-0.0269,0.0,194.1094,0.0,0.0,0.0,0.0,no_change,0.0,,0.0,198.075004577637,215.81,2026-09-16 15:44:11,2026-09-16 11:45:06
NVDA,NVDA261120P00420000,NVDA,2026-11-20,P,420.0,204.0,1.0,204.45,1.0,0.7877,0.0,0.0,-1.0,0.0,0.0,-0.0269,0.0,204.1094,0.0,0.0,0.0,0.0,no_change,0.0,,0.0,208.075004577637,215.81,2026-09-16 15:44:11,2026-09-16 11:45:06
NVDA,NVDA261120P00430000,NVDA,2026-11-20,P,430.0,214.0,1.0,214.45,1.0,0.8117,0.0,0.0,-1.0,0.0,0.0,-0.0269,0.0,214.1094,0.0,0.0,0.0,0.0,no_change,0.0,,0.0,218.075004577637,215.81,2026-09-16 15:44:11,2026-09-16 11:45:06
NVDA,NVDA261120P00440000,NVDA,2026-11-20,P,440.0,224.0,1.0,224.45,1.0,0.8351,0.0,0.0,-1.0,0.0,0.0,-0.0269,0.0,224.1094,0.0,0.0,0.0,0.0,no_change,0.0,,0.0,228.075004577637,215.81,2026-09-16 15:44:11,2026-09-16 11:45:06
NVDA,NVDA261120P00450000,NVDA,2026-11-20,P,450.0,234.0,1.0,234.45,1.0,0.8579,0.0,0.0,-1.0,0.0,0.0,-0.0269,0.0,234.1094,0.0,0.0,0.0,0.0,no_change,0.0,,0.0,238.075004577637,215.81,2026-09-16 15:44:11,2026-09-16 11:45:06
NVDA,NVDA261120P00455000,NVDA,2026-11-20,P,455.0,239.0,1.0,239.45,1.0,0.8691,0.0,0.0,-1.0,0.0,0.0,-0.0269,0.0,239.1094,0.0,0.0,0.0,0.0,no_change,0.0,,0.0,243.075004577637,215.81,2026-09-16 15:44:11,2026-09-16 11:45:06
NVDA,NVDA261120P00460000,NVDA,2026-11-20,P,460.0,244.0,3.0,244.45,1.0,0.8802,0.0,1.0,-1.0,0.0,0.0,-0.0269,0.0,244.1094,-1.825,246.25,246.25,246.25,down,246.25,2026-09-16T09:45:51,-0.735666,248.075004577637,215.81,2026-09-16 15:44:11,2026-09-16 11:45:06
NVDA,NVDA261218C00000500,NVDA,2026-12-18,C,0.5,214.9,26.0,215.45,25.0,0.0,390.0,0.0,1.0,0.0,0.0,0.0,0.0011,215.4796,0.0,0.0,0.0,0.0,up,220.43,2026-09-11T09:30:02,0.0,211.549995422363,215.81,2026-09-16 15:44:11,2026-09-16 11:45:06
NVDA,NVDA261218C00001000,NVDA,2026-12-18,C,1.0,214.4,25.0,215.5,25.0,4.8582,31.0,0.0,1.0,0.0,0.0,0.0,0.0021,214.9845,0.0,0.0,0.0,0.0,down,222.55,2026-09-09T11:05:19,0.0,211.049995422363,215.81,2026-09-16 15:44:11,2026-09-16 11:45:06
NVDA,NVDA261218C00001500,NVDA,2026-12-18,C,1.5,213.9,25.0,215.0,25.0,4.1997,0.0,0.0,1.0,0.0,0.0,0.0,0.0032,214.4894,0.0,0.0,0.0,0.0,up,224.23,2026-08-17T10:07:14,0.0,210.549995422363,215.81,2026-09-16 15:44:11,2026-09-16 11:45:06
NVDA,NVDA261218C00002000,NVDA,2026-12-18,C,2.0,213.4,25.0,214.5,25.0,3.7761,0.0,0.0,1.0,0.0,0.0,0.0,0.0042,213.9944,0.0,0.0,0.0,0.0,no_change,210.15,2026-06-05T10:39:58,0.0,210.049995422363,215.81,2026-09-16 15:44:11,2026-09-16 11:45:06
NVDA,NVDA261218C00002500,NVDA,2026-12-18,C,2.5,212.95,25.0,214.0,25.0,3.4666,0.0,0.0,1.0,0.0,0.0,0.0,0.0053,213.4993,0.0,0.0,0.0,0.0,down,194.38,2026-07-08T11:31:40,0.0,209.574996948242,215.81,2026-09-16 15:44:11,2026-09-16 11:45:06
NVDA,NVDA261218C00003000,NVDA,2026-12-18,C,3.0,212.45,25.0,213.5,25.0,3.2197,0.0,0.0,1.0,0.0,0.0001,0.0,0.0063,213.0043,0.0,0.0,0.0,0.0,down,214.55,2026-06-03T15:18:26,0.0,209.099998474121,215.81,2026-09-16 15:44:11,2026-09-16 11:45:06
NVDA,NVDA261218C00003500,NVDA,2026-12-18,C,3.5,212.0,25.0,213.0,25.0,3.2791,0.0,0.0,1.0,0.0,0.0001,0.0,0.0074,212.5093,0.0,0.0,0.0,0.0,down,202.59,2026-06-05T15:55:50,0.0,208.599998474121,215.81,2026-09-16 15:44:11,2026-09-16 11:45:06
NVDA,NVDA261218C00004000,NVDA,2026-12-18,C,4.0,211.5,25.0,212.5,25.0,3.1036,4.0,0.0,1.0,0.0,0.0001,0.0,0.0084,212.0142,0.0,0.0,0.0,0.0,up,220.68,2026-08-13T11:05:49,0.0,208.099998474121,215.81,2026-09-16 15:44:11,2026-09-16 11:45:06
NVDA,NVDA261218C00004500,NVDA,2026-12-18,C,4.5,210.95,25.0,212.0,25.0,2.9463,0.0,0.0,1.0,0.0,0.0001,0.0,0.0095,211.5192,0.0,0.0,0.0,0.0,up,220.5,2026-06-02T12:46:26,0.0,207.599998474121,215.81,2026-09-16 15:44:11,2026-09-16 11:45:06
NVDA,NVDA261218C00005000,NVDA,2026-12-18,C,5.0,210.45,26.0,211.5,26.0,2.9938,1.0,0.0,1.0,0.0,0.0001,0.0,0.0106,211.0242,0.0,0.0,0.0,0.0,up,209.78,2026-07-22T13:39:34,0.0,207.099998474121,215.81,2026-09-16 15:44:11,2026-09-16 11:45:06
NVDA,NVDA261218C00006000,NVDA,2026-12-18,C,6.0,209.45,25.0,210.5,25.0,2.7621,0.0,0.0,1.0,0.0,0.0001,0.0,0.0127,210.0341,0.0,0.0,0.0,0.0,down,194.54,2026-06-11T13:16:10,0.0,206.099998474121,215.81,2026-09-16 15:44:11,2026-09-16 11:45:06
NVDA,NVDA261218C00007000,NVDA,2026-12-18,C,7.0,208.45,25.0,209.55,25.0,2.5558,0.0,0.0,1.0,0.0,0.0001,0.0,0.0148,209.044,0.0,0.0,0.0,0.0,down,203.1,2026-06-09T09:59:18,0.0,205.099998474121,215.81,2026-09-16 15:44:11,2026-09-16 11:45:06
NVDA,NVDA261218C00008000,NVDA,2026-12-18,C,8.0,207.45,25.0,208.55,25.0,2.3659,0.0,0.0,1.0,0.0,0.0002,0.0,0.0169,208.0539,0.0,0.0,0.0,0.0,up,205.92,2026-06-04T09:30:01,0.0,204.125,215.81,2026-09-16 15:44:11,2026-09-16 11:45:06
NVDA,NVDA261218C00009000,NVDA,2026-12-18,C,9.0,206.5,26.0,207.55,26.0,2.3799,0.0,0.0,1.0,0.0,0.0002,0.0,0.019,207.0639,0.0,0.0,0.0,0.0,up,205.3,2026-05-28T15:38:26,0.0,203.150001525879,215.81,2026-09-16 15:44:11,2026-09-16 11:45:06
NVDA,NVDA261218C00010000,NVDA,2026-12-18,C,10.0,205.5,25.0,206.55,25.0,1.9144,35.0,0.0,1.0,0.0,0.0003,0.0,0.0211,206.0739,0.0,0.0,0.0,0.0,up,209.1,2026-09-10T13:02:22,0.0,202.150001525879,215.81,2026-09-16 15:44:11,2026-09-16 11:45:06
NVDA,NVDA261218C00011000,NVDA,2026-12-18,C,11.0,204.5,25.0,205.55,25.0,2.2405,0.0,0.0,1.0,0.0,0.0003,0.0,0.0232,205.0838,0.0,0.0,0.0,0.0,down,203.35,2026-06-04T10:38:32,0.0,201.150001525879,215.81,2026-09-16 15:44:11,2026-09-16 11:45:06
NVDA,NVDA261218C00012000,NVDA,2026-12-18,C,12.0,203.5,26.0,204.55,2.0,2.1183,143.0,0.0,1.0,0.0,0.0003,0.0,0.0254,204.0938,0.0,0.0,0.0,0.0,down,199.9,2026-09-14T15:50:20,0.0,200.150001525879,215.81,2026-09-16 15:44:11,2026-09-16 11:45:06
NVDA,NVDA261218C00013000,NVDA,2026-12-18,C,13.0,202.5,25.0,203.6,25.0,1.9944,2.0,0.0,1.0,0.0,0.0004,0.0,0.0275,203.1038,0.0,0.0,0.0,0.0,up,187.1,2026-04-20T10:20:36,0.0,199.175003051758,215.81,2026-09-16 15:44:11,2026-09-16 11:45:06
NVDA,NVDA261218C00014000,NVDA,2026-12-18,C,14.0,201.6,26.0,202.6,26.0,2.0245,1.0,0.0,1.0,0.0,0.0004,0.0,0.0296,202.1137,0.0,0.0,0.0,0.0,up,206.91,2026-08-05T12:29:36,0.0,198.175003051758,215.81,2026-09-16 15:44:11,2026-09-16 11:45:06
NVDA,NVDA261218C00015000,NVDA,2026-12-18,C,15.0,200.55,25.0,201.6,25.0,1.9196,362.0,0.0,1.0,0.0,0.0005,0.0,0.0317,201.1237,0.0,0.0,0.0,0.0,up,214.42,2026-09-03T14:46:35,0.0,197.200004577637,215.81,2026-09-16 15:44:11,2026-09-16 11:45:06
NVDA,NVDA261218C00016000,NVDA,2026-12-18,C,16.0,199.55,26.0,200.6,26.0,1.9414,136.0,0.0,1.0,0.0,0.0005,0.0,0.0338,200.1338,0.0,0.0,0.0,0.0,up,196.25,2026-09-14T15:31:57,0.0,196.200004577637,215.81,2026-09-16 15:44:11,2026-09-16 11:45:06
NVDA,NVDA261218C00017000,NVDA,2026-12-18,C,17.0,198.55,26.0,199.6,1.0,1.8532,216.0,0.0,1.0,0.0,0.0006,0.0,0.0359,199.1438,0.0,0.0,0.0,0.0,down,200.75,2026-09-10T09:58:42,0.0,195.200004577637,215.81,2026-09-16 15:44:11,2026-09-16 11:45:06
NVDA,NVDA261218C00018000,NVDA,2026-12-18,C,18.0,197.55,25.0,198.65,25.0,1.7588,141.0,0.0,1.0,0.0,0.0006,0.0,0.038,198.1539,0.0,0.0,0.0,0.0,down,176.55,2026-06-26T15:44:30,0.0,194.225006103516,215.81,2026-09-16 15:44:11,2026-09-16 11:45:06
NVDA,NVDA261218C00019000,NVDA,2026-12-18,C,19.0,196.65,25.0,197.65,25.0,1.7904,172.0,0.0,1.0,0.0,0.0006,0.0,0.0402,197.1639,0.0,0.0,0.0,0.0,up,199.0,2026-09-10T12:28:45,0.0,193.225006103516,215.81,2026-09-16 15:44:11,2026-09-16 11:45:06
NVDA,NVDA261218C00020000,NVDA,2026-12-18,C,20.0,195.6,25.0,196.65,25.0,1.7099,12978.0,0.0,1.0,0.0,0.0007,0.0,0.0423,196.174,0.0,0.0,0.0,0.0,down,192.52,2026-09-14T13:22:19,0.0,192.25,215.81,2026-09-16 15:44:11,2026-09-16 11:45:06
NVDA,NVDA261218C00021000,NVDA,2026-12-18,C,21.0,194.6,25.0,195.65,25.0,1.6229,3789.0,0.0,1.0,0.0,0.0007,0.0,0.0444,195.1841,0.0,0.0,0.0,0.0,up,212.3,2026-09-08T09:30:00,0.0,191.25,215.81,2026-09-16 15:44:11,2026-09-16 11:45:06
NVDA,NVDA261218C00022000,NVDA,2026-12-18,C,22.0,193.6,26.0,194.65,2.0,1.6626,3591.0,0.0,1.0,0.0,0.0008,0.0,0.0465,194.1941,0.0,0.0,0.0,0.0,no_change,170.89,2026-06-29T10:30:39,0.0,190.25,215.81,2026-09-16 15:44:11,2026-09-16 11:45:06
NVDA,NVDA261218C00023000,NVDA,2026-12-18,C,23.0,192.6,25.0,193.7,25.0,1.587,327.0,0.0,1.0,0.0,0.0009,0.0,0.0486,193.2042,0.0,0.0,0.0,0.0,down,189.75,2026-09-14T14:47:14,0.0,189.274993896484,215.81,2026-09-16 15:44:11,2026-09-16 11:45:06
NVDA,NVDA261218C00024000,NVDA,2026-12-18,C,24.0,191.7,25.0,192.7,25.0,1.6168,653.0,0.0,1.0,0.0,0.001,0.0,0.0507,192.2143,0.0,0.0,0.0,0.0,up,195.99,2026-08-28T15:50:46,0.0,188.274993896484,215.81,2026-09-16 15:44:11,2026-09-16 11:45:06
NVDA,NVDA261218C00025000,NVDA,2026-12-18,C,25.0,190.65,25.0,191.7,25.0,1.5514,1251.0,0.0,1.0,0.0,0.001,0.0,0.0528,191.2245,0.0,0.0,0.0,0.0,down,187.95,2026-09-15T15:34:52,0.0,187.325004577637,215.81,2026-09-16 15:44:11,2026-09-16 11:45:06
NVDA,NVDA261218C00026000,NVDA,2026-12-18,C,26.0,189.65,25.0,190.7,25.0,1.4788,662.0,0.0,1.0,0.0,0.0011,0.0,0.055,190.2347,0.0,0.0,0.0,0.0,up,192.67,2026-09-10T10:36:52,0.0,186.299995422363,215.81,2026-09-16 15:44:11,2026-09-16 11:45:06
NVDA,NVDA261218C00027000,NVDA,2026-12-18,C,27.0,188.65,26.0,189.75,26.0,1.5146,1037.0,0.0,1.0,0.0,0.0011,0.0,0.0571,189.2449,0.0,0.0,0.0,0.0,up,186.0,2026-08-26T14:50:04,0.0,185.299995422363,215.81,2026-09-16 15:44:11,2026-09-16 11:45:06
NVDA,NVDA261218C00028000,NVDA,2026-12-18,C,28.0,187.65,25.0,188.75,25.0,1.452,532.0,0.0,1.0,0.0,0.0012,0.0,0.0592,188.2551,0.0,0.0,0.0,0.0,no_change,200.0,2026-08-27T14:02:52,0.0,184.324996948242,215.81,2026-09-16 15:44:11,2026-09-16 11:45:06
NVDA,NVDA261218C00029000,NVDA,2026-12-18,C,29.0,186.75,26.0,187.75,26.0,1.4793,600.0,0.0,1.0,0.0,0.0012,0.0,0.0613,187.2654,0.0,0.0,0.0,0.0,down,180.5,2026-08-24T15:45:12,0.0,183.324996948242,215.81,2026-09-16 15:44:11,2026-09-16 11:45:06
NVDA,NVDA261218C00030000,NVDA,2026-12-18,C,30.0,185.7,26.0,186.75,27.0,1.4955,1873.0,2.0,1.0,0.0,0.0013,0.0,0.0634,186.2756,2.75,185.16,185.16,185.1,down,185.1,2026-09-16T10:53:19,1.50809,182.349998474121,215.81,2026-09-16 15:44:11,2026-09-16 11:45:06
NVDA,NVDA261218C00031000,NVDA,2026-12-18,C,31.0,184.7,25.0,185.75,25.0,1.3621,979.0,0.0,1.0,0.0,0.0014,0.0,0.0655,185.2858,0.0,0.0,0.0,0.0,down,169.69,2026-07-17T09:33:57,0.0,181.349998474121,215.81,2026-09-16 15:44:11,2026-09-16 11:45:06
NVDA,NVDA261218C00032000,NVDA,2026-12-18,C,32.0,183.7,26.0,184.8,26.0,1.394,2460.0,0.0,1.0,0.0,0.0014,0.0,0.0676,184.2961,0.0,0.0,0.0,0.0,down,186.66,2026-09-10T10:03:30,0.0,180.349998474121,215.81,2026-09-16 15:44:11,2026-09-16 11:45:06
NVDA,NVDA261218C00033000,NVDA,2026-12-18,C,33.0,182.7,25.0,183.8,25.0,1.3404,342.0,0.0,1.0,0.0,0.0015,0.0,0.0697,183.3064,0.0,0.0,0.0,0.0,up,175.07,2026-07-14T11:12:13,0.0,179.375,215.81,2026-09-16 15:44:11,2026-09-16 11:45:06
NVDA,NVDA261218C00034000,NVDA,2026-12-18,C,34.0,181.8,25.0,182.8,25.0,1.3654,361.0,0.0,1.0,0.0,0.0017,0.0,0.0718,182.3167,0.0,0.0,0.0,0.0,up,186.0,2026-08-05T09:37:28,0.0,178.375,215.81,2026-09-16 15:44:11,2026-09-16 11:45:06
NVDA,NVDA261218C00035000,NVDA,2026-12-18,C,35.0,180.7,25.0,181.8,25.0,1.3164,2219.0,0.0,0.9999,0.0,0.0018,0.0,0.074,181.327,0.0,0.0,0.0,0.0,up,177.5,2026-09-15T10:23:29,0.0,177.424995422363,215.81,2026-09-16 15:44:11,2026-09-16 11:45:06
NVDA,NVDA261218C00036000,NVDA,2026-12-18,C,36.0,179.75,25.0,180.8,25.0,1.2639,267.0,0.0,0.9999,0.0,0.0019,0.0,0.0761,180.3374,0.0,0.0,0.0,0.0,down,175.8,2026-09-15T13:06:02,0.0,176.400001525879,215.81,2026-09-16 15:44:11,2026-09-16 11:45:06
NVDA,NVDA261218C00037000,NVDA,2026-12-18,C,37.0,178.75,25.0,179.85,25.0,1.203,336.0,0.0,0.9999,0.0,0.002,0.0,0.0782,179.3479,0.0,0.0,0.0,0.0,up,165.33,2026-04-30T14:17:16,0.0,175.425003051758,215.81,2026-09-16 15:44:11,2026-09-16 11:45:06
NVDA,NVDA261218C00038000,NVDA,2026-12-18,C,38.0,177.75,25.0,178.85,25.0,1.2449,948.0,0.0,0.9999,0.0,0.002,0.0,0.0803,178.3583,0.0,0.0,0.0,0.0,up,191.02,2026-09-03T09:53:17,0.0,174.425003051758,215.81,2026-09-16 15:44:11,2026-09-16 11:45:06
NVDA,NVDA261218C00039000,NVDA,2026-12-18,C,39.0,176.75,25.0,177.85,25.0,1.2684,1272.0,0.0,0.9998,0.0,0.0021,0.0,0.0824,177.3688,0.0,0.0,0.0,0.0,no_change,181.1,2026-09-11T13:02:56,0.0,173.425003051758,215.81,2026-09-16 15:44:11,2026-09-16 11:45:06
NVDA,NVDA261218C00040000,NVDA,2026-12-18,C,40.0,175.75,25.0,176.85,25.0,1.2247,1768.0,1.0,0.9998,0.0,0.0022,0.0,0.0846,176.3793,2.075,174.5,174.5,174.5,down,174.5,2026-09-16T09:41:34,1.20342,172.425003051758,215.81,2026-09-16 15:44:11,2026-09-16 11:45:06
NVDA,NVDA261218C00041000,NVDA,2026-12-18,C,41.0,174.8,25.0,175.85,25.0,1.1784,877.0,0.0,0.9998,0.0,0.0023,0.0,0.0867,175.3898,0.0,0.0,0.0,0.0,up,170.55,2026-08-26T10:57:15,0.0,171.450004577637,215.81,2026-09-16 15:44:11,2026-09-16 11:45:06
NVDA,NVDA261218C00042000,NVDA,2026-12-18,C,42.0,173.8,25.0,174.9,25.0,1.1252,1155.0,0.0,0.9997,0.0,0.0024,0.0,0.0888,174.4003,0.0,0.0,0.0,0.0,down,150.19,2026-07-29T10:26:27,0.0,170.475006103516,215.81,2026-09-16 15:44:11,2026-09-16 11:45:06
NVDA,NVDA261218C00043000,NVDA,2026-12-18,C,43.0,172.8,25.0,173.9,25.0,1.1619,796.0,0.0,0.9997,0.0,0.0025,0.0,0.0909,173.4108,0.0,0.0,0.0,0.0,up,168.18,2026-09-14T09:51:34,0.0,169.475006103516,215.81,2026-09-16 15:44:11,2026-09-16 11:45:06
NVDA,NVDA261218C00044000,NVDA,2026-12-18,C,44.0,171.8,25.0,172.9,25.0,1.1838,653.0,0.0,0.9997,0.0,0.0026,0.0,0.093,172.4214,0.0,0.0,0.0,0.0,up,182.5,2026-08-27T14:29:12,0.0,168.475006103516,215.81,2026-09-16 15:44:11,2026-09-16 11:45:06
NVDA,NVDA261218C00045000,NVDA,2026-12-18,C,45.0,170.8,25.0,171.9,25.0,1.1446,595.0,0.0,0.9996,0.0,0.0027,0.0,0.0951,171.432,0.0,0.0,0.0,0.0,down,165.95,2026-09-14T09:46:38,0.0,167.475006103516,215.81,2026-09-16 15:44:11,2026-09-16 11:45:06
NVDA,NVDA261218C00046000,NVDA,2026-12-18,C,46.0,169.85,25.0,170.9,25.0,1.1029,909.0,0.0,0.9996,0.0,0.003,0.0,0.0972,170.4426,0.0,0.0,0.0,0.0,up,174.35,2026-09-11T09:38:00,0.0,166.5,215.81,2026-09-16 15:44:11,2026-09-16 11:45:06
NVDA,NVDA261218C00047000,NVDA,2026-12-18,C,47.0,168.85,25.0,169.95,25.0,1.0563,301.0,0.0,0.9996,0.0,0.0032,0.0,0.0995,169.4533,0.0,0.0,0.0,0.0,down,164.0,2026-09-14T10:21:30,0.0,165.524993896484,215.81,2026-09-16 15:44:11,2026-09-16 11:45:06
NVDA,NVDA261218C00048000,NVDA,2026-12-18,C,48.0,167.85,26.0,168.95,26.0,1.1413,542.0,0.0,0.9995,0.0,0.0033,0.0,0.1016,168.464,0.0,0.0,0.0,0.0,up,164.3,2026-09-14T12:41:23,0.0,164.524993896484,215.81,2026-09-16 15:44:11,2026-09-16 11:45:06
NVDA,NVDA261218C00049000,NVDA,2026-12-18,C,49.0,166.95,26.0,167.95,25.0,1.0472,2621.0,1.0,0.9995,0.0,0.0034,0.0,0.1037,167.4749,3.045,166.57,166.57,166.57,up,166.57,2026-09-16T09:52:51,1.8621,163.524993896484,215.81,2026-09-16 15:44:11,2026-09-16 11:45:06
NVDA,NVDA261218C00050000,NVDA,2026-12-18,C,50.0,165.85,25.0,166.95,26.0,0.9992,6065.0,47.0,0.9994,0.0,0.0036,0.0,0.1058,166.4857,3.48,165.0,165.93,165.0,up,165.93,2026-09-16T10:57:22,2.1422,162.449996948242,215.81,2026-09-16 15:44:11,2026-09-16 11:45:06
NVDA,NVDA261218C00051000,NVDA,2026-12-18,C,51.0,164.9,25.0,166.0,25.0,1.0354,1792.0,0.0,0.9994,0.0,0.0037,0.0,0.1079,165.4966,0.0,0.0,0.0,0.0,up,174.43,2026-08-27T09:41:56,0.0,161.574996948242,215.81,2026-09-16 15:44:11,2026-09-16 11:45:06
NVDA,NVDA261218C00052000,NVDA,2026-12-18,C,52.0,163.9,25.0,165.0,25.0,0.9941,1048.0,0.0,0.9993,0.0,0.0038,0.0,0.11,164.5074,0.0,0.0,0.0,0.0,up,178.25,2026-08-27T13:52:27,0.0,160.574996948242,215.81,2026-09-16 15:44:11,2026-09-16 11:45:06
NVDA,NVDA261218C00053000,NVDA,2026-12-18,C,53.0,162.9,26.0,164.0,26.0,1.0704,1038.0,0.0,0.9993,0.0,0.004,0.0,0.1121,163.5184,0.0,0.0,0.0,0.0,down,174.0,2026-09-08T11:11:42,0.0,159.574996948242,215.81,2026-09-16 15:44:11,2026-09-16 11:45:06
NVDA,NVDA261218C00054000,NVDA,2026-12-18,C,54.0,161.9,25.0,163.0,25.0,1.0402,554.0,0.0,0.9992,0.0,0.0041,0.0,0.1142,162.5293,0.0,0.0,0.0,0.0,down,165.7,2026-08-31T12:07:04,0.0,158.574996948242,215.81,2026-09-16 15:44:11,2026-09-16 11:45:06
NVDA,NVDA261218C00055000,NVDA,2026-12-18,C,55.0,160.9,25.0,162.0,25.0,1.0089,2495.0,0.0,0.9992,0.0,0.0042,0.0,0.1163,161.5403,0.0,0.0,0.0,0.0,up,166.0,2026-09-11T09:52:15,0.0,157.574996948242,215.81,2026-09-16 15:44:11,2026-09-16 11:45:06
NVDA,NVDA261218C00056000,NVDA,2026-12-18,C,56.0,159.95,25.0,161.05,25.0,0.9744,933.0,0.0,0.9991,0.0,0.0044,0.0,0.1184,160.5513,0.0,0.0,0.0,0.0,down,161.88,2026-09-01T15:30:07,0.0,156.599998474121,215.81,2026-09-16 15:44:11,2026-09-16 11:45:06
NVDA,NVDA261218C00057000,NVDA,2026-12-18,C,57.0,158.95,26.0,160.05,29.0,0.9369,733.0,0.0,0.9991,0.0,0.0045,0.0,0.1204,159.5624,0.0,0.0,0.0,0.0,up,163.1,2026-08-10T11:25:58,0.0,155.599998474121,215.81,2026-09-16 15:44:11,2026-09-16 11:45:06
NVDA,NVDA261218C00058000,NVDA,2026-12-18,C,58.0,157.95,25.0,159.05,27.0,0.9627,701.0,0.0,0.999,0.0,0.0048,0.0,0.1225,158.5735,0.0,0.0,0.0,0.0,up,161.85,2026-08-31T12:07:04,0.0,154.599998474121,215.81,2026-09-16 15:44:11,2026-09-16 11:45:06
NVDA,NVDA261218C00059000,NVDA,2026-12-18,C,59.0,156.95,26.0,158.05,29.0,0.9284,7251.0,0.0,0.999,0.0,0.0051,0.0,0.1246,157.5846,0.0,0.0,0.0,0.0,up,161.5,2026-09-11T13:38:47,0.0,153.625,215.81,2026-09-16 15:44:11,2026-09-16 11:45:06
NVDA,NVDA261218C00060000,NVDA,2026-12-18,C,60.0,155.95,26.0,157.05,34.0,1.0462,3572.0,5.0,0.9989,0.0,0.0054,0.0,0.1271,156.5958,3.225,155.49,155.9,155.49,up,155.9,2026-09-16T10:51:52,2.11233,152.675003051758,215.81,2026-09-16 15:44:11,2026-09-16 11:45:06
NVDA,NVDA261218C00061000,NVDA,2026-12-18,C,61.0,155.0,25.0,156.1,27.0,0.9187,568.0,0.0,0.9988,0.0,0.0056,0.0,0.1292,155.6072,0.0,0.0,0.0,0.0,no_change,167.96,2026-08-27T13:07:28,0.0,151.650001525879,215.81,2026-09-16 15:44:11,2026-09-16 11:45:06
NVDA,NVDA261218C00062000,NVDA,2026-12-18,C,62.0,154.0,26.0,155.1,29.0,0.8843,972.0,0.0,0.9988,0.0,0.0058,0.0,0.1313,154.6186,0.0,0.0,0.0,0.0,down,150.95,2026-09-14T15:18:50,0.0,150.650001525879,215.81,2026-09-16 15:44:11,2026-09-16 11:45:06
NVDA,NVDA261218C00063000,NVDA,2026-12-18,C,63.0,153.0,26.0,154.1,29.0,0.9075,2169.0,0.0,0.9987,0.0,0.006,0.0,0.1334,153.63,0.0,0.0,0.0,0.0,up,163.17,2026-09-02T11:31:51,0.0,149.675003051758,215.81,2026-09-16 15:44:11,2026-09-16 11:45:06
NVDA,NVDA261218C00064000,NVDA,2026-12-18,C,64.0,152.0,1.0,153.1,33.0,0.8764,1054.0,0.0,0.9986,0.0001,0.0062,0.0,0.1354,152.6415,0.0,0.0,0.0,0.0,up,156.0,2026-09-11T12:19:12,0.0,148.724998474121,215.81,2026-09-16 15:44:11,2026-09-16 11:45:06
NVDA,NVDA261218C00065000,NVDA,2026-12-18,C,65.0,151.0,33.0,152.1,26.0,0.9849,2145.0,1.0,0.9986,0.0001,0.0064,0.0,0.1375,151.653,2.025,149.75,149.75,149.75,down,149.75,2026-09-16T09:41:34,1.37079,147.724998474121,215.81,2026-09-16 15:44:11,2026-09-16 11:45:06
NVDA,NVDA261218C00066000,NVDA,2026-12-18,C,66.0,150.05,26.0,151.15,27.0,0.964,854.0,0.0,0.9985,0.0001,0.0066,0.0,0.1396,150.6646,0.0,0.0,0.0,0.0,up,147.4,2026-09-14T13:51:21,0.0,146.75,215.81,2026-09-16 15:44:11,2026-09-16 11:45:06
NVDA,NVDA261218C00067000,NVDA,2026-12-18,C,67.0,149.05,33.0,150.15,33.0,0.9431,756.0,0.0,0.9984,0.0001,0.0068,0.0,0.1417,149.6762,0.0,0.0,0.0,0.0,up,154.0,2026-08-18T13:27:15,0.0,145.775001525879,215.81,2026-09-16 15:44:11,2026-09-16 11:45:06
NVDA,NVDA261218C00068000,NVDA,2026-12-18,C,68.0,148.15,25.0,149.15,27.0,0.8563,1109.0,0.0,0.9983,0.0001,0.007,0.0,0.1438,148.6879,0.0,0.0,0.0,0.0,down,151.82,2026-09-10T09:50:29,0.0,144.775001525879,215.81,2026-09-16 15:44:11,2026-09-16 11:45:06
NVDA,NVDA261218C00069000,NVDA,2026-12-18,C,69.0,147.05,28.0,148.15,26.0,0.9475,4983.0,0.0,0.9982,0.0001,0.0073,0.0,0.1459,147.6996,0.0,0.0,0.0,0.0,no_change,150.1,2026-09-10T10:19:51,0.0,143.775001525879,215.81,2026-09-16 15:44:11,2026-09-16 11:45:06
NVDA,NVDA261218C00070000,NVDA,2026-12-18,C,70.0,146.1,25.0,147.2,27.0,0.9283,4019.0,0.0,0.9982,0.0001,0.0076,0.0,0.148,146.7114,0.0,0.0,0.0,0.0,down,149.26,2026-09-10T13:19:08,0.0,142.800003051758,215.81,2026-09-16 15:44:11,2026-09-16 11:45:06
NVDA,NVDA261218C00071000,NVDA,2026-12-18,C,71.0,145.1,28.0,146.2,29.0,0.8567,1511.0,0.0,0.9981,0.0001,0.008,0.0,0.15,145.7233,0.0,0.0,0.0,0.0,up,157.34,2026-08-27T15:57:27,0.0,141.824996948242,215.81,2026-09-16 15:44:11,2026-09-16 11:45:06
NVDA,NVDA261218C00072000,NVDA,2026-12-18,C,72.0,144.2,26.0,145.2,27.0,0.8333,678.0,0.0,0.998,0.0001,0.0084,0.0,0.1527,144.7352,0.0,0.0,0.0,0.0,up,146.25,2026-08-21T09:57:05,0.0,140.824996948242,215.81,2026-09-16 15:44:11,2026-09-16 11:45:06
NVDA,NVDA261218C00073000,NVDA,2026-12-18,C,73.0,143.1,26.0,144.2,27.0,0.9112,781.0,0.0,0.9979,0.0001,0.0087,0.0,0.1548,143.7473,0.0,0.0,0.0,0.0,up,148.15,2026-09-11T12:06:27,0.0,139.824996948242,215.81,2026-09-16 15:44:11,2026-09-16 11:45:06
NVDA,NVDA261218C00074000,NVDA,2026-12-18,C,74.0,142.1,26.0,143.25,27.0,0.8933,4184.0,0.0,0.9978,0.0001,0.009,0.0,0.1569,142.7595,0.0,0.0,0.0,0.0,down,137.72,2026-08-26T12:29:01,0.0,138.824996948242,215.81,2026-09-16 15:44:11,2026-09-16 11:45:06
NVDA,NVDA261218C00075000,NVDA,2026-12-18,C,75.0,141.3,28.0,142.25,30.0,0.8544,7191.0,12.0,0.9977,0.0001,0.0092,0.0,0.159,141.7718,3.975,141.51,141.85,141.51,up,141.85,2026-09-16T11:28:35,2.88305,137.875,215.81,2026-09-16 15:44:11,2026-09-16 11:45:06
NVDA,NVDA261218C00076000,NVDA,2026-12-18,C,76.0,140.2,35.0,141.25,34.0,0.774,346.0,0.0,0.9976,0.0001,0.0096,0.0,0.161,140.7841,0.0,0.0,0.0,0.0,up,143.43,2026-09-10T11:41:33,0.0,136.875,215.81,2026-09-16 15:44:11,2026-09-16 11:45:06
NVDA,NVDA261218C00077000,NVDA,2026-12-18,C,77.0,139.15,26.0,140.25,27.0,0.8764,1650.0,0.0,0.9974,0.0001,0.0099,0.0,0.1631,139.7965,0.0,0.0,0.0,0.0,up,157.0,2026-09-04T09:38:56,0.0,135.875,215.81,2026-09-16 15:44:11,2026-09-16 11:45:06
NVDA,NVDA261218C00078000,NVDA,2026-12-18,C,78.0,138.15,28.0,139.25,1.0,0.8596,508.0,0.0,0.9973,0.0001,0.0102,0.0,0.1652,138.809,0.0,0.0,0.0,0.0,no_change,141.03,2026-09-10T10:58:38,0.0,134.900001525879,215.81,2026-09-16 15:44:11,2026-09-16 11:45:06
NVDA,NVDA261218C00079000,NVDA,2026-12-18,C,79.0,137.2,28.0,138.3,29.0,0.8021,1537.0,0.0,0.9972,0.0001,0.0105,0.0,0.1672,137.8216,0.0,0.0,0.0,0.0,down,142.45,2026-09-11T14:10:49,0.0,133.925003051758,215.81,2026-09-16 15:44:11,2026-09-16 11:45:06
NVDA,NVDA261218C00080000,NVDA,2026-12-18,C,80.0,136.25,50.0,137.3,29.0,0.7544,14213.0,0.0,0.9971,0.0001,0.0109,0.0,0.1693,136.8342,0.0,0.0,0.0,0.0,up,134.42,2026-09-15T09:53:11,0.0,132.925003051758,215.81,2026-09-16 15:44:11,2026-09-16 11:45:06
NVDA,NVDA261218C00081000,NVDA,2026-12-18,C,81.0,135.2,28.0,136.3,29.0,0.8429,1942.0,0.0,0.9969,0.0001,0.0112,0.0,0.1714,135.8469,0.0,0.0,0.0,0.0,up,141.75,2026-08-27T09:44:08,0.0,131.925003051758,215.81,2026-09-16 15:44:11,2026-09-16 11:45:06
NVDA,NVDA261218C00082000,NVDA,2026-12-18,C,82.0,134.2,30.0,135.3,1.0,0.8271,1858.0,0.0,0.9968,0.0001,0.0118,0.0,0.1734,134.8598,0.0,0.0,0.0,0.0,down,132.48,2026-09-15T09:53:12,0.0,130.974998474121,215.81,2026-09-16 15:44:11,2026-09-16 11:45:06
NVDA,NVDA261218C00083000,NVDA,2026-12-18,C,83.0,133.3,28.0,134.35,29.0,0.7517,2723.0,0.0,0.9967,0.0001,0.0123,0.0,0.1761,133.8727,0.0,0.0,0.0,0.0,up,150.0,2026-09-04T09:33:26,0.0,129.974998474121,215.81,2026-09-16 15:44:11,2026-09-16 11:45:06
NVDA,NVDA261218C00084000,NVDA,2026-12-18,C,84.0,132.25,29.0,133.35,27.0,0.8112,1800.0,0.0,0.9965,0.0001,0.0127,0.0,0.1785,132.8858,0.0,0.0,0.0,0.0,down,135.41,2026-09-10T13:19:08,0.0,128.974998474121,215.81,2026-09-16 15:44:11,2026-09-16 11:45:06
NVDA,NVDA261218C00085000,NVDA,2026-12-18,C,85.0,131.25,27.0,132.35,4.0,0.8104,7301.0,0.0,0.9964,0.0001,0.0132,0.0,0.1806,131.8991,0.0,0.0,0.0,0.0,down,135.27,2026-09-11T13:22:44,0.0,128.000003814697,215.81,2026-09-16 15:44:11,2026-09-16 11:45:06
NVDA,NVDA261218C00086000,NVDA,2026-12-18,C,86.0,130.25,26.0,131.4,27.0,0.7956,1852.0,0.0,0.9962,0.0001,0.0136,0.0,0.1826,130.9125,0.0,0.0,0.0,0.0,no_change,127.0,2026-09-15T13:53:43,0.0,127.024997711182,215.81,2026-09-16 15:44:11,2026-09-16 11:45:06
NVDA,NVDA261218C00087000,NVDA,2026-12-18,C,87.0,129.45,26.0,130.4,27.0,0.7652,1881.0,0.0,0.996,0.0002,0.014,0.0,0.1847,129.926,0.0,0.0,0.0,0.0,up,139.83,2026-08-27T11:28:46,0.0,126.024997711182,215.81,2026-09-16 15:44:11,2026-09-16 11:45:06
NVDA,NVDA261218C00088000,NVDA,2026-12-18,C,88.0,128.3,30.0,129.4,28.0,0.793,4008.0,0.0,0.9959,0.0002,0.0145,0.0,0.1867,128.9396,0.0,0.0,0.0,0.0,up,122.92,2026-09-14T09:47:38,0.0,125.024997711182,215.81,2026-09-16 15:44:11,2026-09-16 11:45:06
NVDA,NVDA261218C00089000,NVDA,2026-12-18,C,89.0,127.3,33.0,128.45,29.0,0.7789,1260.0,2.0,0.9957,0.0002,0.0149,0.0,0.1888,127.9533,3.78,127.83,127.83,127.83,down,127.83,2026-09-16T11:14:35,3.04716,124.049999237061,215.81,2026-09-16 15:44:11,2026-09-16 11:45:06
NVDA,NVDA261218C00090000,NVDA,2026-12-18,C,90.0,126.3,43.0,127.45,33.0,0.7648,13723.0,1.0,0.9955,0.0002,0.0154,0.0,0.1908,126.9671,1.975,125.05,125.05,125.05,up,125.05,2026-09-16T09:41:34,1.60471,123.075000762939,215.81,2026-09-16 15:44:11,2026-09-16 11:45:06
NVDA,NVDA261218C00091000,NVDA,2026-12-18,C,91.0,125.55,31.0,126.45,28.0,0.7508,2472.0,0.0,0.9953,0.0002,0.0159,0.0,0.1928,125.9811,0.0,0.0,0.0,0.0,up,133.76,2026-08-28T10:19:11,0.0,122.075000762939,215.81,2026-09-16 15:44:11,2026-09-16 11:45:06
NVDA,NVDA261218C00092000,NVDA,2026-12-18,C,92.0,124.35,28.0,125.45,1.0,0.7618,1463.0,0.0,0.9952,0.0002,0.0165,0.0,0.1949,124.9952,0.0,0.0,0.0,0.0,down,120.5,2026-09-14T15:55:00,0.0,121.099998474121,215.81,2026-09-16 15:44:11,2026-09-16 11:45:06
NVDA,NVDA261218C00093000,NVDA,2026-12-18,C,93.0,123.55,26.0,124.5,27.0,0.7361,3545.0,0.0,0.995,0.0002,0.0173,0.0,0.1983,124.0094,0.0,0.0,0.0,0.0,up,136.9,2026-08-28T09:41:26,0.0,120.099998474121,215.81,2026-09-16 15:44:11,2026-09-16 11:45:06
NVDA,NVDA261218C00094000,NVDA,2026-12-18,C,94.0,122.6,26.0,123.5,27.0,0.735,1345.0,0.0,0.9947,0.0002,0.0178,0.0,0.2004,123.0239,0.0,0.0,0.0,0.0,up,131.0,2026-09-02T10:59:55,0.0,119.125,215.81,2026-09-16 15:44:11,2026-09-16 11:45:06
NVDA,NVDA261218C00095000,NVDA,2026-12-18,C,95.0,121.35,28.0,122.55,26.0,0.6947,1902.0,0.0,0.9945,0.0002,0.0184,0.0,0.2024,122.0386,0.0,0.0,0.0,0.0,up,118.47,2026-09-14T12:51:36,0.0,118.150001525879,215.81,2026-09-16 15:44:11,2026-09-16 11:45:06
NVDA,NVDA261218C00096000,NVDA,2026-12-18,C,96.0,120.35,28.0,121.55,1.0,0.7418,703.0,0.0,0.9943,0.0002,0.019,0.0,0.2044,121.0535,0.0,0.0,0.0,0.0,up,126.15,2026-08-19T09:47:34,0.0,117.150001525879,215.81,2026-09-16 15:44:11,2026-09-16 11:45:06
NVDA,NVDA261218C00097000,NVDA,2026-12-18,C,97.0,119.6,26.0,120.6,27.0,0.7188,4108.0,0.0,0.9941,0.0002,0.0196,0.0,0.2064,120.0685,0.0,0.0,0.0,0.0,down,115.5,2026-09-14T15:58:52,0.0,116.174999237061,215.81,2026-09-16 15:44:11,2026-09-16 11:45:06
NVDA,NVDA261218C00098000,NVDA,2026-12-18,C,98.0,118.4,28.0,119.6,28.0,0.7167,697.0,0.0,0.9938,0.0002,0.0202,0.0,0.2085,119.0836,0.0,0.0,0.0,0.0,up,127.92,2026-09-09T14:11:00,0.0,115.200000762939,215.81,2026-09-16 15:44:11,2026-09-16 11:45:06
NVDA,NVDA261218C00099000,NVDA,2026-12-18,C,99.0,117.4,27.0,118.6,1.0,0.7237,1449.0,0.0,0.9936,0.0003,0.0209,0.0,0.2105,118.099,0.0,0.0,0.0,0.0,no_change,129.2,2026-08-17T11:21:39,0.0,114.200000762939,215.81,2026-09-16 15:44:11,2026-09-16 11:45:06
NVDA,NVDA261218C00100000,NVDA,2026-12-18,C,100.0,116.9,30.0,117.65,46.0,0.6918,14110.0,13.0,0.9933,0.0003,0.0216,0.0,0.2134,117.1145,3.925,114.86,117.15,114.86,up,117.15,2026-09-16T11:04:25,3.46655,113.225002288818,215.81,2026-09-16 15:44:11,2026-09-16 11:45:06
NVDA,NVDA261218C00101000,NVDA,2026-12-18,C,101.0,115.7,34.0,116.65,32.0,0.6996,12474.0,0.0,0.993,0.0003,0.0225,0.0,0.2165,116.1303,0.0,0.0,0.0,0.0,down,120.2,2026-09-02T09:41:31,0.0,112.25,215.81,2026-09-16 15:44:11,2026-09-16 11:45:06
NVDA,NVDA261218C00102000,NVDA,2026-12-18,C,102.0,114.45,34.0,115.7,33.0,0.7056,1359.0,0.0,0.9928,0.0003,0.0232,0.0,0.2185,115.1463,0.0,0.0,0.0,0.0,down,109.7,2026-09-14T10:20:29,0.0,111.25,215.81,2026-09-16 15:44:11,2026-09-16 11:45:06
NVDA,NVDA261218C00103000,NVDA,2026-12-18,C,103.0,113.75,30.0,114.7,30.0,0.6939,12160.0,1.0,0.9925,0.0003,0.0239,0.0,0.2205,114.1626,1.98,112.28,112.28,112.28,down,112.28,2026-09-16T09:42:31,1.7951,110.299999237061,215.81,2026-09-16 15:44:11,2026-09-16 11:45:06
NVDA,NVDA261218C00104000,NVDA,2026-12-18,C,104.0,112.5,28.0,113.7,1.0,0.6986,465.0,1.0,0.9922,0.0003,0.0247,0.0,0.2233,113.179,1.99,111.29,111.29,111.29,down,111.29,2026-09-16T09:42:31,1.82068,109.299999237061,215.81,2026-09-16 15:44:11,2026-09-16 11:45:06
NVDA,NVDA261218C00105000,NVDA,2026-12-18,C,105.0,111.5,32.0,112.75,30.0,0.6873,12156.0,0.0,0.9919,0.0003,0.0255,0.0,0.2303,112.1957,0.0,0.0,0.0,0.0,down,108.32,2026-09-15T15:35:08,0.0,108.325000762939,215.81,2026-09-16 15:44:11,2026-09-16 11:45:06
NVDA,NVDA261218C00106000,NVDA,2026-12-18,C,106.0,110.55,34.0,111.75,32.0,0.676,883.0,0.0,0.9916,0.0003,0.0264,-0.0001,0.2496,111.2127,0.0,0.0,0.0,0.0,down,115.65,2026-09-11T09:56:23,0.0,107.325000762939,215.81,2026-09-16 15:44:11,2026-09-16 11:45:06
NVDA,NVDA261218C00107000,NVDA,2026-12-18,C,107.0,109.85,38.0,110.8,30.0,0.68,967.0,2.0,0.9912,0.0004,0.0272,-0.0004,0.2684,110.2302,3.65,110.0,110.0,110.0,down,110.0,2026-09-16T11:00:32,3.43207,106.349998474121,215.81,2026-09-16 15:44:11,2026-09-16 11:45:06
NVDA,NVDA261218C00108000,NVDA,2026-12-18,C,108.0,108.85,30.0,109.8,34.0,0.6686,1238.0,0.0,0.9909,0.0004,0.0282,-0.0007,0.2751,109.2491,0.0,0.0,0.0,0.0,down,104.3,2026-09-14T10:20:37,0.0,105.375,215.81,2026-09-16 15:44:11,2026-09-16 11:45:06
NVDA,NVDA261218C00109000,NVDA,2026-12-18,C,109.0,107.85,25.0,108.8,67.0,0.6644,421.0,0.0,0.9905,0.0004,0.0291,-0.001,0.2775,108.2688,0.0,0.0,0.0,0.0,no_change,112.95,2026-08-19T12:23:45,0.0,104.400001525879,215.81,2026-09-16 15:44:11,2026-09-16 11:45:06
NVDA,NVDA261218C00110000,NVDA,2026-12-18,C,110.0,106.9,49.0,107.85,56.0,0.6601,14789.0,37.0,0.9902,0.0004,0.03,-0.0013,0.2799,107.2887,3.12,104.55,106.57,104.55,up,106.57,2026-09-16T10:17:20,3.01595,103.450000762939,215.81,2026-09-16 15:44:11,2026-09-16 11:45:06
NVDA,NVDA261218C00111000,NVDA,2026-12-18,C,111.0,105.9,30.0,106.85,35.0,0.649,613.0,0.0,0.9898,0.0004,0.031,-0.0016,0.2822,106.3088,0.0,0.0,0.0,0.0,no_change,110.67,2026-08-18T14:18:51,0.0,102.424999237061,215.81,2026-09-16 15:44:11,2026-09-16 11:45:06
NVDA,NVDA261218C00112000,NVDA,2026-12-18,C,112.0,104.85,27.0,105.9,27.0,0.6379,1365.0,0.0,0.9894,0.0004,0.032,-0.0019,0.2846,105.3293,0.0,0.0,0.0,0.0,no_change,113.27,2026-09-09T14:51:04,0.0,101.450000762939,215.81,2026-09-16 15:44:11,2026-09-16 11:45:06
NVDA,NVDA261218C00113000,NVDA,2026-12-18,C,113.0,103.65,29.0,104.9,28.0,0.6404,2169.0,0.0,0.989,0.0004,0.033,-0.0023,0.2869,104.3501,0.0,0.0,0.0,0.0,down,112.2,2026-09-09T14:51:04,0.0,100.475002288818,215.81,2026-09-16 15:44:11,2026-09-16 11:45:06
NVDA,NVDA261218C00114000,NVDA,2026-12-18,C,114.0,102.7,28.0,103.9,1.0,0.636,755.0,0.0,0.9886,0.0005,0.0341,-0.0026,0.2893,103.3712,0.0,0.0,0.0,0.0,up,112.2,2026-09-09T14:51:04,0.0,99.5,215.81,2026-09-16 15:44:11,2026-09-16 11:45:06
NVDA,NVDA261218C00115000,NVDA,2026-12-18,C,115.0,101.7,36.0,102.95,46.0,0.6316,1848.0,1.0,0.9882,0.0005,0.0352,-0.0029,0.2916,102.3926,2.025,100.55,100.55,100.55,up,100.55,2026-09-16T09:41:34,2.05532,98.5249977111816,215.81,2026-09-16 15:44:11,2026-09-16 11:45:06
NVDA,NVDA261218C00116000,NVDA,2026-12-18,C,116.0,100.75,33.0,101.95,71.0,0.627,953.0,0.0,0.9877,0.0005,0.0363,-0.0033,0.2939,101.4144,0.0,0.0,0.0,0.0,up,108.0,2026-09-02T10:32:22,0.0,97.5499992370606,215.81,2026-09-16 15:44:11,2026-09-16 11:45:06
NVDA,NVDA261218C00117000,NVDA,2026-12-18,C,117.0,100.05,26.0,101.0,34.0,0.6224,1907.0,0.0,0.9872,0.0005,0.0374,-0.0036,0.2962,100.4365,0.0,0.0,0.0,0.0,down,96.57,2026-09-15T15:35:19,0.0,96.5750007629394,215.81,2026-09-16 15:44:11,2026-09-16 11:45:06
NVDA,NVDA261218C00118000,NVDA,2026-12-18,C,118.0,99.05,30.0,100.0,31.0,0.6122,1898.0,0.0,0.9868,0.0005,0.0386,-0.004,0.2985,99.459,0.0,0.0,0.0,0.0,down,95.48,2026-09-15T13:54:17,0.0,95.5250015258789,215.81,2026-09-16 15:44:11,2026-09-16 11:45:06
NVDA,NVDA261218C00119000,NVDA,2026-12-18,C,119.0,98.1,17.0,99.05,28.0,0.6131,850.0,0.0,0.9862,0.0006,0.0398,-0.0043,0.3008,98.4819,0.0,0.0,0.0,0.0,down,95.7,2026-09-14T13:58:42,0.0,94.625,215.81,2026-09-16 15:44:11,2026-09-16 11:45:06
NVDA,NVDA261218C00120000,NVDA,2026-12-18,C,120.0,97.1,34.0,98.05,31.0,0.603,7805.0,0.0,0.9857,0.0006,0.0411,-0.0047,0.3031,97.5051,0.0,0.0,0.0,0.0,up,94.0,2026-09-15T15:13:22,0.0,93.6500015258789,215.81,2026-09-16 15:44:11,2026-09-16 11:45:06
NVDA,NVDA261218C00121000,NVDA,2026-12-18,C,121.0,96.1,30.0,97.1,30.0,0.5983,878.0,0.0,0.9852,0.0006,0.0424,-0.0051,0.3054,96.5288,0.0,0.0,0.0,0.0,up,105.8,2026-09-02T13:44:42,0.0,92.6749992370606,215.81,2026-09-16 15:44:11,2026-09-16 11:45:06
NVDA,NVDA261218C00122000,NVDA,2026-12-18,C,122.0,94.85,26.0,96.1,26.0,0.5936,2728.0,0.0,0.9846,0.0006,0.0438,-0.0055,0.3076,95.5529,0.0,0.0,0.0,0.0,no_change,110.6,2026-09-04T12:13:39,0.0,91.7000007629394,215.81,2026-09-16 15:44:11,2026-09-16 11:45:06
NVDA,NVDA261218C00123000,NVDA,2026-12-18,C,123.0,94.15,34.0,95.15,49.0,0.5889,940.0,0.0,0.984,0.0007,0.0452,-0.0059,0.3098,94.5775,0.0,0.0,0.0,0.0,up,111.0,2026-09-04T09:34:47,0.0,90.7250022888184,215.81,2026-09-16 15:44:11,2026-09-16 11:45:06
NVDA,NVDA261218C00124000,NVDA,2026-12-18,C,124.0,93.2,30.0,94.15,36.0,0.5841,806.0,0.0,0.9834,0.0007,0.0466,-0.0063,0.3121,93.6025,0.0,0.0,0.0,0.0,up,112.0,2026-09-04T09:50:34,0.0,89.75,215.81,2026-09-16 15:44:11,2026-09-16 11:45:06
NVDA,NVDA261218C00125000,NVDA,2026-12-18,C,125.0,92.2,86.0,93.2,48.0,0.5793,12367.0,0.0,0.9828,0.0007,0.0481,-0.0067,0.3143,92.628,0.0,0.0,0.0,0.0,down,88.89,2026-09-15T15:44:26,0.0,88.875,215.81,2026-09-16 15:44:11,2026-09-16 11:45:06
NVDA,NVDA261218C00126000,NVDA,2026-12-18,C,126.0,91.25,30.0,92.2,46.0,0.5744,4402.0,2.0,0.9821,0.0007,0.0496,-0.0071,0.3165,91.6541,2.49,89.95,90.29,89.95,up,90.29,2026-09-16T09:48:15,2.83599,87.7999992370606,215.81,2026-09-16 15:44:11,2026-09-16 11:45:06
NVDA,NVDA261218C00127000,NVDA,2026-12-18,C,127.0,90.25,30.0,91.25,47.0,0.5695,1697.0,2.0,0.9814,0.0008,0.0512,-0.0075,0.3186,90.6807,2.45,89.0,89.3,89.0,up,89.3,2026-09-16T09:48:15,2.82096,86.8499984741211,215.81,2026-09-16 15:44:11,2026-09-16 11:45:06
NVDA,NVDA261218C00128000,NVDA,2026-12-18,C,128.0,89.3,75.0,90.25,151.0,0.5646,1306.0,1.0,0.9807,0.0008,0.0528,-0.0079,0.3208,89.7079,2.91,88.76,88.76,88.76,down,88.76,2026-09-16T10:05:03,3.38963,85.8499984741211,215.81,2026-09-16 15:44:11,2026-09-16 11:45:06
NVDA,NVDA261218C00129000,NVDA,2026-12-18,C,129.0,88.05,45.0,89.3,45.0,0.5638,1199.0,0.0,0.98,0.0008,0.0545,-0.0084,0.3229,88.7357,0.0,0.0,0.0,0.0,up,96.51,2026-09-02T10:55:59,0.0,84.875,215.81,2026-09-16 15:44:11,2026-09-16 11:45:06
NVDA,NVDA261218C00130000,NVDA,2026-12-18,C,130.0,87.35,17.0,88.3,1.0,0.5588,30603.0,0.0,0.9792,0.0009,0.0562,-0.0088,0.3251,87.7641,0.0,0.0,0.0,0.0,down,83.73,2026-09-15T15:43:59,0.0,83.9500007629394,215.81,2026-09-16 15:44:11,2026-09-16 11:45:06
NVDA,NVDA261218C00132000,NVDA,2026-12-18,C,132.0,85.4,33.0,86.35,1.0,0.5485,2373.0,10.0,0.9776,0.0009,0.0598,-0.0098,0.3293,85.8229,2.975,85.05,85.05,85.05,up,85.05,2026-09-16T10:38:59,3.62473,82.0750007629394,215.81,2026-09-16 15:44:11,2026-09-16 11:45:06
NVDA,NVDA261218C00134000,NVDA,2026-12-18,C,134.0,83.45,34.0,84.45,117.0,0.5382,2066.0,0.0,0.9759,0.001,0.0636,-0.0107,0.3334,83.8846,0.0,0.0,0.0,0.0,up,96.75,2026-09-03T13:54:36,0.0,80.0750007629394,215.81,2026-09-16 15:44:11,2026-09-16 11:45:06
NVDA,NVDA261218C00135000,NVDA,2026-12-18,C,135.0,82.5,30.0,83.45,172.0,0.5294,3096.0,0.0,0.9749,0.001,0.0657,-0.0112,0.3354,82.9166,0.0,0.0,0.0,0.0,down,79.97,2026-09-15T10:39:08,0.0,79.1750030517578,215.81,2026-09-16 15:44:11,2026-09-16 11:45:06
NVDA,NVDA261218C00136000,NVDA,2026-12-18,C,136.0,81.55,14.0,82.5,474.0,0.5314,2102.0,0.0,0.974,0.0011,0.0678,-0.0117,0.3374,81.9494,0.0,0.0,0.0,0.0,down,76.03,2026-09-14T09:36:42,0.0,78.125,215.81,2026-09-16 15:44:11,2026-09-16 11:45:06
NVDA,NVDA261218C00138000,NVDA,2026-12-18,C,138.0,79.65,39.0,80.55,573.0,0.5305,2777.0,1.0,0.9719,0.0012,0.0722,-0.0128,0.3413,80.0179,3.13,79.33,79.33,79.33,up,79.33,2026-09-16T10:44:46,4.10761,76.2000007629394,215.81,2026-09-16 15:44:11,2026-09-16 11:45:06
NVDA,NVDA261218C00140000,NVDA,2026-12-18,C,140.0,77.85,84.0,78.65,213.0,0.5255,13089.0,2.0,0.9697,0.0013,0.0768,-0.0139,0.3451,78.0904,1.885,75.95,76.21,75.95,up,76.21,2026-09-16T09:41:15,2.53616,74.3249969482422,215.81,2026-09-16 15:44:11,2026-09-16 11:45:06
NVDA,NVDA261218C00142000,NVDA,2026-12-18,C,142.0,75.7,250.0,76.7,1.0,0.5085,1270.0,0.0,0.9672,0.0014,0.0817,-0.0151,0.3488,76.1672,0.0,0.0,0.0,0.0,up,94.11,2026-09-04T10:18:51,0.0,72.375,215.81,2026-09-16 15:44:11,2026-09-16 11:45:06
NVDA,NVDA261218C00144000,NVDA,2026-12-18,C,144.0,73.8,45.0,74.8,452.0,0.4974,1261.0,0.0,0.9646,0.0015,0.087,-0.0163,0.3524,74.2489,0.0,0.0,0.0,0.0,down,71.98,2026-09-15T09:53:12,0.0,70.4750022888184,215.81,2026-09-16 15:44:11,2026-09-16 11:45:06
NVDA,NVDA261218C00145000,NVDA,2026-12-18,C,145.0,73.0,1.0,73.85,52.0,0.5026,3239.0,0.0,0.9632,0.0015,0.0898,-0.017,0.3541,73.2918,0.0,0.0,0.0,0.0,down,75.62,2026-09-10T11:33:45,0.0,69.5499992370606,215.81,2026-09-16 15:44:11,2026-09-16 11:45:06
NVDA,NVDA261218C00146000,NVDA,2026-12-18,C,146.0,71.9,54.0,72.75,67.0,0.4809,1912.0,0.0,0.9617,0.0016,0.0927,-0.0176,0.3558,72.3361,0.0,0.0,0.0,0.0,down,75.68,2026-09-11T12:33:55,0.0,68.5750007629394,215.81,2026-09-16 15:44:11,2026-09-16 11:45:06
NVDA,NVDA261218C00148000,NVDA,2026-12-18,C,148.0,70.0,54.0,70.85,126.0,0.4753,9103.0,0.0,0.9586,0.0017,0.0988,-0.019,0.359,70.4294,0.0,0.0,0.0,0.0,down,66.01,2026-09-14T09:30:03,0.0,66.6749992370606,215.81,2026-09-16 15:44:11,2026-09-16 11:45:06
NVDA,NVDA261218C00150000,NVDA,2026-12-18,C,150.0,68.2,64.0,68.95,327.0,0.474,15589.0,31.0,0.9552,0.0018,0.1052,-0.0204,0.3621,68.5297,3.225,66.87,68.0,66.87,no_change,68.0,2026-09-16T10:44:09,4.97878,64.7749977111816,215.81,2026-09-16 15:44:11,2026-09-16 11:45:06
NVDA,NVDA261218C00152000,NVDA,2026-12-18,C,152.0,66.35,59.0,67.05,264.0,0.4694,969.0,1.0,0.9515,0.002,0.112,-0.0219,0.365,66.6375,2.625,65.6,65.6,65.6,up,65.6,2026-09-16T10:01:58,4.16832,62.9749984741211,215.81,2026-09-16 15:44:11,2026-09-16 11:45:06
NVDA,NVDA261218C00154000,NVDA,2026-12-18,C,154.0,64.45,43.0,65.2,259.0,0.4641,3690.0,0.0,0.9474,0.0022,0.1192,-0.0235,0.3677,64.7538,0.0,0.0,0.0,0.0,down,61.0,2026-09-14T15:58:26,0.0,61.1000003814697,215.81,2026-09-16 15:44:11,2026-09-16 11:45:06
NVDA,NVDA261218C00155000,NVDA,2026-12-18,C,155.0,63.1,148.0,64.1,45.0,0.4602,1058.0,0.0,0.9453,0.0022,0.123,-0.0243,0.369,63.8153,0.0,0.0,0.0,0.0,up,60.85,2026-09-15T10:29:23,0.0,60.1749992370606,215.81,2026-09-16 15:44:11,2026-09-16 11:45:06
NVDA,NVDA261218C00156000,NVDA,2026-12-18,C,156.0,62.6,45.0,63.3,213.0,0.4582,2286.0,0.0,0.943,0.0023,0.1269,-0.0251,0.3701,62.8793,0.0,0.0,0.0,0.0,down,60.72,2026-09-15T09:50:24,0.0,59.2249984741211,215.81,2026-09-16 15:44:11,2026-09-16 11:45:06
NVDA,NVDA261218C00158000,NVDA,2026-12-18,C,158.0,60.75,58.0,61.45,263.0,0.4536,1187.0,0.0,0.9382,0.0025,0.1352,-0.0269,0.3723,61.0154,0.0,0.0,0.0,0.0,up,57.6,2026-09-15T11:46:08,0.0,57.3999996185303,215.81,2026-09-16 15:44:11,2026-09-16 11:45:06
NVDA,NVDA261218C00160000,NVDA,2026-12-18,C,160.0,58.75,59.0,59.4,51.0,0.436,15235.0,0.0,0.933,0.0027,0.1439,-0.0287,0.3742,59.163,0.0,0.0,0.0,0.0,down,55.57,2026-09-15T14:46:13,0.0,55.4500007629394,215.81,2026-09-16 15:44:11,2026-09-16 11:45:06
NVDA,NVDA261218C00162000,NVDA,2026-12-18,C,162.0,57.0,25.0,57.5,83.0,0.441,1213.0,0.0,0.9274,0.0029,0.1529,-0.0306,0.3759,57.3232,0.0,0.0,0.0,0.0,down,61.15,2026-09-11T09:49:07,0.0,53.625,215.81,2026-09-16 15:44:11,2026-09-16 11:45:06
NVDA,NVDA261218C00164000,NVDA,2026-12-18,C,164.0,55.15,35.0,55.7,62.0,0.4378,29918.0,0.0,0.9212,0.0031,0.1625,-0.0327,0.3772,55.4971,0.0,0.0,0.0,0.0,down,51.7,2026-09-15T15:38:32,0.0,51.8250007629394,215.81,2026-09-16 15:44:11,2026-09-16 11:45:06
NVDA,NVDA261218C00165000,NVDA,2026-12-18,C,165.0,54.25,96.0,54.8,177.0,0.4344,2458.0,1.0,0.918,0.0032,0.1675,-0.0337,0.3778,54.5896,2.075,53.0,53.0,53.0,up,53.0,2026-09-16T09:30:11,4.07462,50.9249992370606,215.81,2026-09-16 15:44:11,2026-09-16 11:45:06
NVDA,NVDA261218C00166000,NVDA,2026-12-18,C,166.0,53.4,57.0,54.1,303.0,0.4324,840.0,0.0,0.9146,0.0033,0.1727,-0.0348,0.3782,53.6861,0.0,0.0,0.0,0.0,up,49.6,2026-09-14T15:56:54,0.0,50.0749988555908,215.81,2026-09-16 15:44:11,2026-09-16 11:45:06
NVDA,NVDA261218C00167000,NVDA,2026-12-18,C,167.0,52.5,38.0,53.2,252.0,0.4301,618.0,0.0,0.9111,0.0035,0.178,-0.0358,0.3786,52.7867,0.0,0.0,0.0,0.0,up,50.68,2026-09-15T09:49:29,0.0,49.2000007629394,215.81,2026-09-16 15:44:11,2026-09-16 11:45:06
NVDA,NVDA261218C00168000,NVDA,2026-12-18,C,168.0,51.55,49.0,52.1,80.0,0.4291,1210.0,0.0,0.9074,0.0036,0.1833,-0.0369,0.3788,51.8917,0.0,0.0,0.0,0.0,up,47.15,2026-09-14T10:40:28,0.0,48.2749996185303,215.81,2026-09-16 15:44:11,2026-09-16 11:45:06
NVDA,NVDA261218C00169000,NVDA,2026-12-18,C,169.0,50.65,32.0,51.2,78.0,0.4265,1367.0,0.0,0.9036,0.0037,0.1887,-0.038,0.379,51.0011,0.0,0.0,0.0,0.0,up,46.3,2026-09-14T10:40:28,0.0,47.4249992370606,215.81,2026-09-16 15:44:11,2026-09-16 11:45:06
NVDA,NVDA261218C00170000,NVDA,2026-12-18,C,170.0,49.9,90.0,50.3,174.0,0.4237,7416.0,13.0,0.8997,0.0038,0.1942,-0.0392,0.3791,50.115,3.545,48.5,50.07,48.43,up,50.07,2026-09-16T11:22:39,7.61956,46.5249996185303,215.81,2026-09-16 15:44:11,2026-09-16 11:45:06
NVDA,NVDA261218C00171000,NVDA,2026-12-18,C,171.0,48.9,54.0,49.4,181.0,0.4226,1297.0,0.0,0.8955,0.004,0.1998,-0.0403,0.3792,49.2239,0.0,0.0,0.0,0.0,down,45.49,2026-09-14T10:13:01,0.0,45.6749992370606,215.81,2026-09-16 15:44:11,2026-09-16 11:45:06
NVDA,NVDA261218C00172000,NVDA,2026-12-18,C,172.0,48.05,53.0,48.55,61.0,0.4207,1621.0,0.0,0.8913,0.0041,0.2055,-0.0415,0.3791,48.3476,0.0,0.0,0.0,0.0,down,52.01,2026-09-11T10:56:49,0.0,44.8250007629394,215.81,2026-09-16 15:44:11,2026-09-16 11:45:06
NVDA,NVDA261218C00173000,NVDA,2026-12-18,C,173.0,47.2,47.0,47.9,285.0,0.4186,408.0,0.0,0.8869,0.0042,0.2114,-0.0427,0.3789,47.4765,0.0,0.0,0.0,0.0,up,42.69,2026-09-14T10:28:57,0.0,44.1000003814697,215.81,2026-09-16 15:44:11,2026-09-16 11:45:06
NVDA,NVDA261218C00174000,NVDA,2026-12-18,C,174.0,46.3,66.0,46.8,94.0,0.4164,2156.0,0.0,0.8824,0.0044,0.2174,-0.0439,0.3785,46.6107,0.0,0.0,0.0,0.0,up,43.5,2026-09-14T12:00:17,0.0,43.125,215.81,2026-09-16 15:44:11,2026-09-16 11:45:06
NVDA,NVDA261218C00175000,NVDA,2026-12-18,C,175.0,45.45,145.0,45.95,169.0,0.4151,5755.0,22.0,0.8777,0.0045,0.2234,-0.0451,0.3781,45.7504,3.525,44.09,46.02,44.09,no_change,45.8,2026-09-16T11:25:53,8.33826,42.2749996185303,215.81,2026-09-16 15:44:11,2026-09-16 11:45:06
NVDA,NVDA261218C00176000,NVDA,2026-12-18,C,176.0,44.6,66.0,45.1,96.0,0.4136,14634.0,0.0,0.8728,0.0046,0.2295,-0.0463,0.3776,44.896,0.0,0.0,0.0,0.0,down,42.25,2026-09-15T10:01:07,0.0,41.4750003814697,215.81,2026-09-16 15:44:11,2026-09-16 11:45:06
NVDA,NVDA261218C00177000,NVDA,2026-12-18,C,177.0,43.75,60.0,44.25,96.0,0.4118,1620.0,0.0,0.8678,0.0048,0.2356,-0.0476,0.377,44.0474,0.0,0.0,0.0,0.0,down,46.9,2026-09-10T15:39:49,0.0,40.625,215.81,2026-09-16 15:44:11,2026-09-16 11:45:06
NVDA,NVDA261218C00178000,NVDA,2026-12-18,C,178.0,42.9,55.0,43.4,77.0,0.4099,2305.0,0.0,0.8626,0.0049,0.2417,-0.0488,0.3763,43.2048,0.0,0.0,0.0,0.0,up,39.3,2026-09-14T11:31:33,0.0,39.8250007629394,215.81,2026-09-16 15:44:11,2026-09-16 11:45:06
NVDA,NVDA261218C00179000,NVDA,2026-12-18,C,179.0,42.05,61.0,42.55,186.0,0.4078,3032.0,0.0,0.8573,0.0051,0.2479,-0.0501,0.3755,42.3683,0.0,0.0,0.0,0.0,up,39.05,2026-09-15T11:23:46,0.0,39.0249996185303,215.81,2026-09-16 15:44:11,2026-09-16 11:45:06
NVDA,NVDA261218C00180000,NVDA,2026-12-18,C,180.0,41.35,89.0,41.75,181.0,0.4075,22661.0,26.0,0.8518,0.0052,0.2542,-0.0513,0.3746,41.5383,3.075,40.87,41.25,40.72,no_change,41.25,2026-09-16T10:45:45,8.05501,38.1749992370606,215.81,2026-09-16 15:44:11,2026-09-16 11:45:06
NVDA,NVDA261218C00181000,NVDA,2026-12-18,C,181.0,40.4,57.0,40.9,192.0,0.4049,3728.0,0.0,0.8461,0.0054,0.2606,-0.0526,0.3735,40.7148,0.0,0.0,0.0,0.0,down,38.03,2026-09-15T10:14:55,0.0,37.375,215.81,2026-09-16 15:44:11,2026-09-16 11:45:06
NVDA,NVDA261218C00182000,NVDA,2026-12-18,C,182.0,39.6,63.0,40.1,62.0,0.4041,1967.0,0.0,0.8403,0.0055,0.2671,-0.0538,0.3723,39.8981,0.0,0.0,0.0,0.0,down,35.88,2026-09-14T11:16:50,0.0,36.625,215.81,2026-09-16 15:44:11,2026-09-16 11:45:06
NVDA,NVDA261218C00183000,NVDA,2026-12-18,C,183.0,38.8,59.0,39.3,121.0,0.4031,2728.0,0.0,0.8343,0.0057,0.2735,-0.0551,0.371,39.0885,0.0,0.0,0.0,0.0,down,41.33,2026-09-10T09:55:42,0.0,35.8250007629394,215.81,2026-09-16 15:44:11,2026-09-16 11:45:06
NVDA,NVDA261218C00184000,NVDA,2026-12-18,C,184.0,37.95,65.0,38.5,133.0,0.4018,2670.0,0.0,0.8281,0.0058,0.2799,-0.0564,0.3696,38.286,0.0,0.0,0.0,0.0,no_change,35.1,2026-09-14T11:34:38,0.0,35.0500011444092,215.81,2026-09-16 15:44:11,2026-09-16 11:45:06
NVDA,NVDA261218C00185000,NVDA,2026-12-18,C,185.0,37.2,150.0,37.7,162.0,0.4003,4333.0,4.0,0.8218,0.006,0.2862,-0.0576,0.3681,37.4908,3.325,36.85,37.6,36.85,up,37.6,2026-09-16T11:21:36,9.70095,34.2749996185303,215.81,2026-09-16 15:44:11,2026-09-16 11:45:06
NVDA,NVDA261218C00186000,NVDA,2026-12-18,C,186.0,36.55,97.0,36.9,135.0,0.3986,2286.0,61.0,0.8153,0.0062,0.2925,-0.0589,0.3666,36.703,1.775,35.3,35.3,35.3,no_change,35.3,2026-09-16T09:40:30,5.29456,33.5249996185303,215.81,2026-09-16 15:44:11,2026-09-16 11:45:06
NVDA,NVDA261218C00187000,NVDA,2026-12-18,C,187.0,35.65,57.0,36.1,83.0,0.3966,1796.0,1.0,0.8087,0.0063,0.2988,-0.0601,0.3649,35.9227,3.075,35.85,35.85,35.85,up,35.85,2026-09-16T11:25:32,9.38215,32.7749996185303,215.81,2026-09-16 15:44:11,2026-09-16 11:45:06
NVDA,NVDA261218C00188000,NVDA,2026-12-18,C,188.0,34.85,65.0,35.35,80.0,0.3962,2068.0,0.0,0.8019,0.0065,0.3052,-0.0614,0.363,35.1501,0.0,0.0,0.0,0.0,no_change,32.0,2026-09-15T15:52:21,0.0,32.0250005722046,215.81,2026-09-16 15:44:11,2026-09-16 11:45:06
NVDA,NVDA261218C00189000,NVDA,2026-12-18,C,189.0,34.1,155.0,34.6,138.0,0.3946,5594.0,1.0,0.795,0.0066,0.3115,-0.0626,0.361,34.3855,3.1,34.4,34.4,34.4,up,34.4,2026-09-16T11:04:39,9.90415,31.3000001907349,215.81,2026-09-16 15:44:11,2026-09-16 11:45:06
NVDA,NVDA261218C00190000,NVDA,2026-12-18,C,190.0,33.35,133.0,33.8,309.0,0.3937,11826.0,26.0,0.7878,0.0068,0.3178,-0.0638,0.3589,33.629,2.975,32.88,33.55,32.65,up,33.55,2026-09-16T11:19:43,9.73017,30.5750007629394,215.81,2026-09-16 15:44:11,2026-09-16 11:45:06
NVDA,NVDA261218C00191000,NVDA,2026-12-18,C,191.0,32.7,58.0,33.05,209.0,0.3925,1580.0,0.0,0.7806,0.0069,0.324,-0.065,0.3567,32.8809,0.0,0.0,0.0,0.0,down,29.8,2026-09-15T15:37:58,0.0,29.8500003814697,215.81,2026-09-16 15:44:11,2026-09-16 11:45:06
NVDA,NVDA261218C00192000,NVDA,2026-12-18,C,192.0,31.9,53.0,32.45,109.0,0.3904,965.0,0.0,0.7732,0.0071,0.3301,-0.0662,0.3545,32.1412,0.0,0.0,0.0,0.0,up,29.51,2026-09-15T10:55:54,0.0,29.2250003814697,215.81,2026-09-16 15:44:11,2026-09-16 11:45:06
NVDA,NVDA261218C00193000,NVDA,2026-12-18,C,193.0,31.1,55.0,31.6,141.0,0.3902,1560.0,2.0,0.7656,0.0072,0.336,-0.0673,0.3521,31.4099,2.49,30.93,30.94,30.93,up,30.94,2026-09-16T10:55:01,8.7522,28.4499998092651,215.81,2026-09-16 15:44:11,2026-09-16 11:45:06
NVDA,NVDA261218C00194000,NVDA,2026-12-18,C,194.0,30.45,291.0,30.85,281.0,0.3892,12766.0,8.0,0.7579,0.0074,0.3419,-0.0685,0.3497,30.6872,2.575,30.15,30.35,30.05,no_change,30.35,2026-09-16T10:45:18,9.27093,27.7749996185303,215.81,2026-09-16 15:44:11,2026-09-16 11:45:06
NVDA,NVDA261218C00195000,NVDA,2026-12-18,C,195.0,29.75,287.0,30.15,309.0,0.3886,4088.0,19.0,0.75,0.0075,0.3477,-0.0696,0.3471,29.9731,2.305,28.1,29.43,28.1,up,29.43,2026-09-16T10:18:55,8.4977,27.125,215.81,2026-09-16 15:44:11,2026-09-16 11:45:06
NVDA,NVDA261218C00200000,NVDA,2026-12-18,C,200.0,26.4,135.0,26.65,237.0,0.3826,49349.0,546.0,0.7088,0.0082,0.3749,-0.0747,0.3326,26.5477,2.725,25.25,26.85,24.78,no_change,26.6,2026-09-16T11:26:06,11.4136,23.875,215.81,2026-09-16 15:44:11,2026-09-16 11:45:06
NVDA,NVDA261218C00205000,NVDA,2026-12-18,C,205.0,23.15,165.0,23.45,229.0,0.3793,6172.0,177.0,0.6646,0.0088,0.3982,-0.079,0.3157,23.3423,2.525,22.11,23.59,21.72,down,23.4,2026-09-16T11:28:56,12.0958,20.875,215.81,2026-09-16 15:44:11,2026-09-16 11:45:06
NVDA,NVDA261218C00210000,NVDA,2026-12-18,C,210.0,20.2,190.0,20.5,183.0,0.375,29780.0,332.0,0.6182,0.0093,0.4162,-0.0821,0.2972,20.3981,2.325,19.25,20.64,18.9,down,20.45,2026-09-16T11:28:56,12.8276,18.125,215.81,2026-09-16 15:44:11,2026-09-16 11:45:06
NVDA,NVDA261218C00212000,NVDA,2026-12-18,C,212.0,19.15,169.0,19.4,424.0,0.3746,2532.0,114.0,0.5991,0.0095,0.4219,-0.0831,0.2891,19.2813,2.125,18.25,19.3,17.73,down,19.2,2026-09-16T11:21:57,12.4451,17.0749998092651,215.81,2026-09-16 15:44:11,2026-09-16 11:45:06
NVDA,NVDA261218C00213000,NVDA,2026-12-18,C,213.0,18.6,172.0,18.85,464.0,0.3733,2625.0,57.0,0.5898,0.0095,0.4243,-0.0835,0.2852,18.7633,2.28,17.23,18.83,17.23,up,18.83,2026-09-16T11:13:40,13.7764,16.5500001907349,215.81,2026-09-16 15:44:11,2026-09-16 11:45:06
NVDA,NVDA261218C00214000,NVDA,2026-12-18,C,214.0,18.1,172.0,18.35,220.0,0.3732,2752.0,32.0,0.5798,0.0096,0.4265,-0.0838,0.2809,18.2123,2.0,17.0,18.1,17.0,up,18.1,2026-09-16T11:00:59,12.4224,16.0999994277954,215.81,2026-09-16 15:44:11,2026-09-16 11:45:06
NVDA,NVDA261218C00215000,NVDA,2026-12-18,C,215.0,17.6,149.0,17.85,258.0,0.3725,13425.0,519.0,0.5702,0.0097,0.4285,-0.0842,0.2769,17.693,2.2,17.0,17.95,16.33,up,17.8,2026-09-16T11:26:36,14.1026,15.5999999046326,215.81,2026-09-16 15:44:11,2026-09-16 11:45:06
NVDA,NVDA261218C00216000,NVDA,2026-12-18,C,216.0,17.0,351.0,17.3,347.0,0.3717,2788.0,257.0,0.5608,0.0097,0.4302,-0.0844,0.2729,17.2041,2.15,16.22,17.3,16.22,no_change,17.3,2026-09-16T11:28:26,14.1914,15.1500000953674,215.81,2026-09-16 15:44:11,2026-09-16 11:45:06
NVDA,NVDA261218C00217000,NVDA,2026-12-18,C,217.0,16.5,262.0,16.8,420.0,0.3711,1158.0,152.0,0.5511,0.0098,0.4317,-0.0846,0.2687,16.7046,1.675,15.65,16.35,15.56,no_change,16.35,2026-09-16T10:33:21,11.414,14.6750001907349,215.81,2026-09-16 15:44:11,2026-09-16 11:45:06
NVDA,NVDA261218C00218000,NVDA,2026-12-18,C,218.0,16.1,144.0,16.35,378.0,0.3707,2683.0,61.0,0.541,0.0098,0.4329,-0.0848,0.2642,16.1956,1.95,15.16,16.3,15.16,down,16.2,2026-09-16T11:26:43,13.6842,14.25,215.81,2026-09-16 15:44:11,2026-09-16 11:45:06
NVDA,NVDA261218C00219000,NVDA,2026-12-18,C,219.0,15.6,193.0,15.85,302.0,0.3708,1778.0,26.0,0.5313,0.0098,0.4338,-0.0849,0.2598,15.7169,1.66,15.35,15.47,15.3,no_change,15.46,2026-09-16T10:59:24,12.029,13.7999997138977,215.81,2026-09-16 15:44:11,2026-09-16 11:45:06
NVDA,NVDA261218C00220000,NVDA,2026-12-18,C,220.0,15.15,350.0,15.35,286.0,0.369,61317.0,788.0,0.5215,0.0099,0.4345,-0.0849,0.2554,15.2485,1.9,14.35,15.5,14.0,down,15.25,2026-09-16T11:29:04,14.2322,13.3499999046326,215.81,2026-09-16 15:44:11,2026-09-16 11:45:06
NVDA,NVDA261218C00221000,NVDA,2026-12-18,C,221.0,14.75,60.0,14.95,185.0,0.3693,2364.0,14.0,0.5118,0.0099,0.4349,-0.0849,0.2511,14.7902,1.7,14.45,14.65,14.45,up,14.65,2026-09-16T10:45:36,13.1274,12.9500002861023,215.81,2026-09-16 15:44:11,2026-09-16 11:45:06
NVDA,NVDA261218C00222000,NVDA,2026-12-18,C,222.0,14.3,60.0,14.5,175.0,0.3688,2681.0,11.0,0.5021,0.0099,0.4351,-0.0849,0.2468,14.3419,1.85,14.0,14.45,13.8,up,14.4,2026-09-16T11:26:08,14.741,12.5499997138977,215.81,2026-09-16 15:44:11,2026-09-16 11:45:06
NVDA,NVDA261218C00223000,NVDA,2026-12-18,C,223.0,13.8,448.0,14.05,499.0,0.3686,2079.0,88.0,0.4924,0.0099,0.4351,-0.0848,0.2425,13.9035,1.75,13.0,14.05,13.0,no_change,13.9,2026-09-16T11:29:09,14.4033,12.1500000953674,215.81,2026-09-16 15:44:11,2026-09-16 11:45:06
NVDA,NVDA261218C00224000,NVDA,2026-12-18,C,224.0,13.4,137.0,13.6,181.0,0.3678,1767.0,57.0,0.4831,0.0099,0.4348,-0.0846,0.2384,13.4926,1.725,13.2,13.5,13.15,up,13.5,2026-09-16T11:13:22,14.6497,11.7750000953674,215.81,2026-09-16 15:44:11,2026-09-16 11:45:06
NVDA,NVDA261218C00225000,NVDA,2026-12-18,C,225.0,12.95,321.0,13.2,443.0,0.3676,18701.0,3273.0,0.4731,0.0099,0.4342,-0.0844,0.2337,13.0564,1.655,12.13,13.24,11.97,down,13.03,2026-09-16T11:18:59,14.5495,11.375,215.81,2026-09-16 15:44:11,2026-09-16 11:45:06
NVDA,NVDA261218C00226000,NVDA,2026-12-18,C,226.0,12.6,80.0,12.8,356.0,0.3664,3186.0,12.0,0.4638,0.0099,0.4334,-0.0842,0.2294,12.6647,1.675,12.45,12.7,12.35,up,12.7,2026-09-16T11:25:59,15.1927,11.0250000953674,215.81,2026-09-16 15:44:11,2026-09-16 11:45:06
NVDA,NVDA261218C00227000,NVDA,2026-12-18,C,227.0,12.2,108.0,12.4,255.0,0.366,1637.0,3.0,0.4543,0.0099,0.4324,-0.0839,0.225,12.2656,1.625,12.0,12.3,12.0,up,12.3,2026-09-16T11:25:59,15.2225,10.6750001907349,215.81,2026-09-16 15:44:11,2026-09-16 11:45:06
NVDA,NVDA261218C00228000,NVDA,2026-12-18,C,228.0,11.75,341.0,12.0,377.0,0.3659,17520.0,49.0,0.4448,0.0099,0.431,-0.0836,0.2206,11.8763,1.625,11.05,11.95,11.05,up,11.95,2026-09-16T11:11:37,15.7385,10.3249998092651,215.81,2026-09-16 15:44:11,2026-09-16 11:45:06
NVDA,NVDA261218C00230000,NVDA,2026-12-18,C,230.0,11.0,565.0,11.25,493.0,0.3652,22270.0,641.0,0.4259,0.0098,0.4278,-0.0828,0.2119,11.1264,1.52,10.13,11.28,10.08,up,11.17,2026-09-16T11:29:04,15.7513,9.65000009536743,215.81,2026-09-16 15:44:11,2026-09-16 11:45:06
NVDA,NVDA261218C00235000,NVDA,2026-12-18,C,235.0,9.35,227.0,9.55,316.0,0.3633,13411.0,54.0,0.3802,0.0096,0.4157,-0.0801,0.1902,9.4148,1.23,8.68,9.48,8.68,down,9.38,2026-09-16T11:17:25,15.092,8.15000009536743,215.81,2026-09-16 15:44:11,2026-09-16 11:45:06
NVDA,NVDA261218C00240000,NVDA,2026-12-18,C,240.0,7.85,1117.0,8.05,1186.0,0.3624,26891.0,550.0,0.3367,0.0092,0.3989,-0.0765,0.1696,7.9263,1.07,7.34,8.05,7.3,down,7.92,2026-09-16T11:29:06,15.6204,6.85000014305115,215.81,2026-09-16 15:44:11,2026-09-16 11:45:06
NVDA,NVDA261218C00245000,NVDA,2026-12-18,C,245.0,6.6,664.0,6.75,1219.0,0.361,16435.0,132.0,0.2964,0.0088,0.3781,-0.0723,0.1499,6.6496,0.965,6.05,6.69,6.05,no_change,6.69,2026-09-16T11:28:43,16.8559,5.72500014305115,215.81,2026-09-16 15:44:11,2026-09-16 11:45:06
NVDA,NVDA261218C00250000,NVDA,2026-12-18,C,250.0,5.5,1063.0,5.65,858.0,0.3605,39110.0,2371.0,0.2591,0.0082,0.3544,-0.0676,0.1315,5.556,0.79,5.2,5.67,5.05,down,5.59,2026-09-16T11:29:06,16.4583,4.79999995231628,215.81,2026-09-16 15:44:11,2026-09-16 11:45:06
NVDA,NVDA261218C00255000,NVDA,2026-12-18,C,255.0,4.6,499.0,4.7,1084.0,0.3598,9848.0,49.0,0.2254,0.0076,0.3291,-0.0626,0.1149,4.6323,0.645,4.45,4.67,4.38,no_change,4.62,2026-09-16T11:28:43,16.2264,3.97500014305115,215.81,2026-09-16 15:44:11,2026-09-16 11:45:06
NVDA,NVDA261218C00260000,NVDA,2026-12-18,C,260.0,3.8,282.0,3.95,1247.0,0.3614,19949.0,816.0,0.1948,0.007,0.3022,-0.0575,0.0994,3.8485,0.545,3.56,3.87,3.53,up,3.87,2026-09-16T11:26:26,16.391,3.32499992847443,215.81,2026-09-16 15:44:11,2026-09-16 11:45:06
NVDA,NVDA261218C00265000,NVDA,2026-12-18,C,265.0,3.15,737.0,3.3,907.0,0.3619,5841.0,26.0,0.1685,0.0064,0.2767,-0.0526,0.0863,3.2134,0.46,2.98,3.22,2.98,up,3.22,2026-09-16T11:21:05,16.6667,2.75999999046326,215.81,2026-09-16 15:44:11,2026-09-16 11:45:06
NVDA,NVDA261218C00270000,NVDA,2026-12-18,C,270.0,2.64,473.0,2.73,1134.0,0.3634,19635.0,2184.0,0.145,0.0057,0.2507,-0.0477,0.0743,2.6737,0.37,2.48,2.77,2.41,down,2.67,2026-09-16T11:24:14,16.087,2.29999995231628,215.81,2026-09-16 15:44:11,2026-09-16 11:45:06
NVDA,NVDA261218C00275000,NVDA,2026-12-18,C,275.0,2.21,862.0,2.29,1015.0,0.3654,14977.0,49.0,0.1249,0.0051,0.2268,-0.0432,0.0641,2.2353,0.305,2.11,2.26,2.11,down,2.25,2026-09-16T10:45:39,15.6812,1.94499999284744,215.81,2026-09-16 15:44:11,2026-09-16 11:45:06
NVDA,NVDA261218C00280000,NVDA,2026-12-18,C,280.0,1.85,289.0,1.93,1113.0,0.3677,31133.0,113.0,0.1076,0.0046,0.2042,-0.039,0.0552,1.8755,0.245,1.79,1.94,1.75,up,1.88,2026-09-16T11:16:39,14.9847,1.63499999046326,215.81,2026-09-16 15:44:11,2026-09-16 11:45:06
NVDA,NVDA261218C00285000,NVDA,2026-12-18,C,285.0,1.56,224.0,1.62,582.0,0.37,3451.0,30.0,0.093,0.0041,0.184,-0.0353,0.0478,1.584,0.26,1.57,1.64,1.57,no_change,1.64,2026-09-16T11:25:45,18.8406,1.37999999523163,215.81,2026-09-16 15:44:11,2026-09-16 11:45:06
NVDA,NVDA261218C00290000,NVDA,2026-12-18,C,290.0,1.32,204.0,1.39,1129.0,0.3735,11216.0,170.0,0.0804,0.0036,0.1651,-0.0318,0.0413,1.3412,0.16,1.38,1.38,1.33,no_change,1.34,2026-09-16T10:51:09,13.5593,1.18000000715256,215.81,2026-09-16 15:44:11,2026-09-16 11:45:06
NVDA,NVDA261218C00295000,NVDA,2026-12-18,C,295.0,1.13,362.0,1.16,105.0,0.3762,4128.0,717.0,0.0697,0.0032,0.1484,-0.0287,0.0359,1.1414,0.14,1.05,1.24,1.05,up,1.15,2026-09-16T10:20:17,13.8614,1.00999999046326,215.81,2026-09-16 15:44:11,2026-09-16 11:45:06
NVDA,NVDA261218C00300000,NVDA,2026-12-18,C,300.0,0.97,111.0,1.0,337.0,0.3802,44648.0,100.0,0.0606,0.0029,0.1332,-0.026,0.0311,0.9767,0.12,0.95,1.02,0.93,no_change,1.0,2026-09-16T11:11:29,13.6364,0.879999995231628,215.81,2026-09-16 15:44:11,2026-09-16 11:45:06
NVDA,NVDA261218C00305000,NVDA,2026-12-18,C,305.0,0.82,256.0,0.88,337.0,0.3842,2377.0,5.0,0.0529,0.0026,0.1198,-0.0235,0.0272,0.8403,0.06,0.86,0.86,0.86,up,0.86,2026-09-16T09:58:11,7.5,0.800000011920929,215.81,2026-09-16 15:44:11,2026-09-16 11:45:06
NVDA,NVDA261218C00310000,NVDA,2026-12-18,C,310.0,0.72,134.0,0.76,509.0,0.3886,7234.0,24.0,0.0463,0.0023,0.108,-0.0213,0.0238,0.7267,0.08,0.76,0.76,0.73,up,0.74,2026-09-16T11:26:26,12.1212,0.659999996423721,215.81,2026-09-16 15:44:11,2026-09-16 11:45:06
NVDA,NVDA261218C00315000,NVDA,2026-12-18,C,315.0,0.54,276.0,0.66,77.0,0.388,981.0,0.0,0.0406,0.002,0.0972,-0.0194,0.0208,0.6311,0.0,0.0,0.0,0.0,down,0.55,2026-09-15T13:24:47,0.0,0.575000017881394,215.81,2026-09-16 15:44:11,2026-09-16 11:45:06
NVDA,NVDA261218C00320000,NVDA,2026-12-18,C,320.0,0.54,218.0,0.6,969.0,0.3978,5438.0,1.0,0.0358,0.0018,0.0878,-0.0176,0.0184,0.551,0.075,0.58,0.58,0.58,up,0.58,2026-09-16T10:17:26,14.8515,0.504999995231628,215.81,2026-09-16 15:44:11,2026-09-16 11:45:06
NVDA,NVDA261218C00325000,NVDA,2026-12-18,C,325.0,0.47,207.0,0.51,550.0,0.4008,3699.0,10.0,0.0317,0.0016,0.0795,-0.0161,0.0162,0.483,0.05,0.48,0.5,0.48,up,0.5,2026-09-16T10:16:16,11.1111,0.450000002980232,215.81,2026-09-16 15:44:11,2026-09-16 11:45:06
NVDA,NVDA261218C00330000,NVDA,2026-12-18,C,330.0,0.4,284.0,0.47,1052.0,0.4055,5108.0,20.0,0.0281,0.0014,0.0719,-0.0147,0.0144,0.4249,0.065,0.44,0.44,0.44,up,0.44,2026-09-16T10:30:51,17.3333,0.375,215.81,2026-09-16 15:44:11,2026-09-16 11:45:06
NVDA,NVDA261218C00335000,NVDA,2026-12-18,C,335.0,0.33,453.0,0.46,537.0,0.4115,783.0,0.0,0.025,0.0013,0.0652,-0.0134,0.0128,0.3751,0.0,0.0,0.0,0.0,up,0.37,2026-09-15T10:04:21,0.0,0.33500000834465,215.81,2026-09-16 15:44:11,2026-09-16 11:45:06
NVDA,NVDA261218C00340000,NVDA,2026-12-18,C,340.0,0.3,84.0,0.35,52.0,0.4112,3714.0,0.0,0.0222,0.0012,0.0592,-0.0123,0.0114,0.3319,0.0,0.0,0.0,0.0,no_change,0.31,2026-09-14T15:03:25,0.0,0.299999997019768,215.81,2026-09-16 15:44:11,2026-09-16 11:45:06
NVDA,NVDA261218C00345000,NVDA,2026-12-18,C,345.0,0.2,558.0,0.38,558.0,0.4157,2636.0,0.0,0.0198,0.001,0.0539,-0.0112,0.0101,0.2947,0.0,0.0,0.0,0.0,down,0.26,2026-09-15T12:09:10,0.0,0.269999995827675,215.81,2026-09-16 15:44:11,2026-09-16 11:45:06
NVDA,NVDA261218C00350000,NVDA,2026-12-18,C,350.0,0.24,313.0,0.28,904.0,0.4204,3730.0,4.0,0.0177,0.0009,0.0489,-0.0103,0.009,0.2615,0.025,0.25,0.26,0.25,up,0.26,2026-09-16T10:29:29,10.6383,0.234999999403954,215.81,2026-09-16 15:44:11,2026-09-16 11:45:06
NVDA,NVDA261218C00355000,NVDA,2026-12-18,C,355.0,0.14,577.0,0.32,509.0,0.4238,2921.0,0.0,0.0159,0.0008,0.0446,-0.0094,0.0081,0.2334,0.0,0.0,0.0,0.0,down,0.2,2026-09-15T10:04:29,0.0,0.214999996125698,215.81,2026-09-16 15:44:11,2026-09-16 11:45:06
NVDA,NVDA261218C00360000,NVDA,2026-12-18,C,360.0,0.18,670.0,0.21,160.0,0.4251,3434.0,2.0,0.0142,0.0008,0.0406,-0.0086,0.0073,0.2082,0.0,0.19,0.19,0.18,down,0.18,2026-09-16T11:20:24,1.65568e-07,0.179999999701977,215.81,2026-09-16 15:44:11,2026-09-16 11:45:06
NVDA,NVDA261218C00365000,NVDA,2026-12-18,C,365.0,0.1,458.0,0.27,503.0,0.4321,475.0,3.0,0.0128,0.0007,0.0371,-0.0079,0.0065,0.186,0.015,0.18,0.18,0.18,no_change,0.18,2026-09-16T10:32:08,9.09091,0.16499999910593,215.81,2026-09-16 15:44:11,2026-09-16 11:45:06
NVDA,NVDA261218C00370000,NVDA,2026-12-18,C,370.0,0.1,518.0,0.25,486.0,0.4388,2456.0,0.0,0.0115,0.0006,0.0338,-0.0073,0.0058,0.1665,0.0,0.0,0.0,0.0,up,0.16,2026-09-14T13:52:56,0.0,0.14500000141561,215.81,2026-09-16 15:44:11,2026-09-16 11:45:06
NVDA,NVDA261218C00375000,NVDA,2026-12-18,C,375.0,0.06,490.0,0.23,492.0,0.4383,584.0,0.0,0.0104,0.0006,0.0308,-0.0067,0.0053,0.1492,0.0,0.0,0.0,0.0,down,0.14,2026-09-14T12:37:37,0.0,0.134999999776483,215.81,2026-09-16 15:44:11,2026-09-16 11:45:06
NVDA,NVDA261218C00380000,NVDA,2026-12-18,C,380.0,0.05,558.0,0.17,539.0,0.4336,1005.0,1.0,0.0093,0.0005,0.0282,-0.0062,0.0048,0.1339,0.05,0.14,0.14,0.14,down,0.14,2026-09-16T09:30:01,55.5555,0.0900000026449561,215.81,2026-09-16 15:44:11,2026-09-16 11:45:06
NVDA,NVDA261218C00385000,NVDA,2026-12-18,C,385.0,0.03,548.0,0.2,540.0,0.4446,1537.0,0.0,0.0084,0.0005,0.0258,-0.0057,0.0043,0.1202,0.0,0.0,0.0,0.0,down,0.09,2026-09-14T12:00:50,0.0,0.10499999858439,215.81,2026-09-16 15:44:11,2026-09-16 11:45:06
NVDA,NVDA261218C00390000,NVDA,2026-12-18,C,390.0,0.06,479.0,0.15,557.0,0.4487,4732.0,0.0,0.0076,0.0004,0.0236,-0.0052,0.0038,0.1081,0.0,0.0,0.0,0.0,down,0.12,2026-09-11T12:39:12,0.0,0.0950000006705522,215.81,2026-09-16 15:44:11,2026-09-16 11:45:06
NVDA,NVDA261218C00400000,NVDA,2026-12-18,C,400.0,0.08,1.0,0.09,46.0,0.4552,6844.0,43.0,0.0062,0.0004,0.0198,-0.0044,0.0032,0.0878,0.0,0.08,0.08,0.08,no_change,0.08,2026-09-16T11:12:03,-9.31323e-08,0.0800000000745058,215.81,2026-09-16 15:44:11,2026-09-16 11:45:06
NVDA,NVDA261218C00410000,NVDA,2026-12-18,C,410.0,0.05,121.0,0.09,437.0,0.4621,2252.0,53.0,0.0051,0.0003,0.0166,-0.0037,0.0026,0.0714,-0.01,0.08,0.09,0.07,up,0.09,2026-09-16T10:56:10,-10.0,0.100000003352761,215.81,2026-09-16 15:44:11,2026-09-16 11:45:06
NVDA,NVDA261218C00420000,NVDA,2026-12-18,C,420.0,0.05,65.0,0.09,158.0,0.4775,5849.0,1.0,0.0042,0.0002,0.014,-0.0032,0.0021,0.0584,0.005,0.07,0.07,0.07,no_change,0.07,2026-09-16T09:30:00,7.69231,0.0649999994784594,215.81,2026-09-16 15:44:11,2026-09-16 11:45:06
NVDA,NVDA261218C00430000,NVDA,2026-12-18,C,430.0,0.05,10.0,0.09,82.0,0.4924,831.0,0.0,0.0035,0.0002,0.0118,-0.0027,0.0018,0.0479,0.0,0.0,0.0,0.0,no_change,0.05,2026-09-14T09:56:22,0.0,0.0599999995902181,215.81,2026-09-16 15:44:11,2026-09-16 11:45:06
NVDA,NVDA261218C00440000,NVDA,2026-12-18,C,440.0,0.02,31.0,0.1,28.0,0.4993,570.0,0.0,0.0029,0.0002,0.01,-0.0023,0.0014,0.0394,0.0,0.0,0.0,0.0,up,0.06,2026-09-14T14:30:24,0.0,0.0649999985471368,215.81,2026-09-16 15:44:11,2026-09-16 11:45:06
NVDA,NVDA261218C00450000,NVDA,2026-12-18,C,450.0,0.01,513.0,0.08,140.0,0.4997,5158.0,0.0,0.0024,0.0001,0.0084,-0.002,0.0012,0.0325,0.0,0.0,0.0,0.0,up,0.05,2026-09-15T09:38:48,0.0,0.0300000002607703,215.81,2026-09-16 15:44:11,2026-09-16 11:45:06
NVDA,NVDA261218C00455000,NVDA,2026-12-18,C,455.0,0.01,41.0,0.11,359.0,0.52,2782.0,0.0,0.0022,0.0001,0.0078,-0.0018,0.0011,0.0296,0.0,0.0,0.0,0.0,no_change,0.06,2026-09-15T14:45:46,0.0,0.034999999217689,215.81,2026-09-16 15:44:11,2026-09-16 11:45:06
NVDA,NVDA261218C00460000,NVDA,2026-12-18,C,460.0,0.03,46.0,0.06,91.0,0.513,11124.0,14.0,0.002,0.0001,0.0072,-0.0017,0.001,0.0269,-0.01,0.04,0.05,0.03,no_change,0.03,2026-09-16T10:28:24,-25.0,0.0400000000372529,215.81,2026-09-16 15:44:11,2026-09-16 11:45:06
NVDA,NVDA261218P00000500,NVDA,2026-12-18,P,0.5,0.0,0.0,0.01,2105.0,4.0244,31542.0,0.0,0.0,0.0,0.0,-0.0001,0.0,0.0009,0.0,0.0,0.0,0.0,no_change,0.01,2026-09-03T09:32:32,0.0,0.00499999988824129,215.81,2026-09-16 15:44:11,2026-09-16 11:45:06
NVDA,NVDA261218P00001000,NVDA,2026-12-18,P,1.0,0.0,0.0,0.01,1105.0,3.4668,5945.0,0.0,0.0,0.0,0.0001,-0.0001,0.0,0.0013,0.0,0.0,0.0,0.0,no_change,0.01,2026-08-04T15:07:56,0.0,0.00499999988824129,215.81,2026-09-16 15:44:11,2026-09-16 11:45:06
NVDA,NVDA261218P00001500,NVDA,2026-12-18,P,1.5,0.0,0.0,0.01,1105.0,3.1598,490.0,0.0,0.0,0.0,0.0001,-0.0001,0.0,0.0016,0.0,0.0,0.0,0.0,no_change,0.01,2026-07-15T09:36:19,0.0,0.00499999988824129,215.81,2026-09-16 15:44:11,2026-09-16 11:45:06
NVDA,NVDA261218P00002000,NVDA,2026-12-18,P,2.0,0.0,0.0,0.01,1105.0,2.9493,3366.0,0.0,0.0,0.0,0.0001,-0.0001,0.0,0.0019,0.0,0.0,0.0,0.0,up,0.07,2026-06-05T10:25:15,0.0,0.00499999988824129,215.81,2026-09-16 15:44:11,2026-09-16 11:45:06
NVDA,NVDA261218P00002500,NVDA,2026-12-18,P,2.5,0.0,0.0,0.01,1105.0,2.79,4768.0,0.0,0.0,0.0,0.0001,-0.0002,0.0,0.0021,0.0,0.0,0.0,0.0,no_change,0.01,2026-08-04T09:42:08,0.0,0.00499999988824129,215.81,2026-09-16 15:44:11,2026-09-16 11:45:06
NVDA,NVDA261218P00003000,NVDA,2026-12-18,P,3.0,0.0,0.0,0.01,1105.0,2.6621,1652.0,0.0,0.0,0.0,0.0001,-0.0002,0.0,0.0024,0.0,0.0,0.0,0.0,no_change,0.01,2026-07-23T10:33:21,0.0,0.00499999988824129,215.81,2026-09-16 15:44:11,2026-09-16 11:45:06
NVDA,NVDA261218P00003500,NVDA,2026-12-18,P,3.5,0.0,0.0,0.01,1105.0,2.5555,198.0,0.0,0.0,0.0,0.0001,-0.0002,0.0,0.0026,0.0,0.0,0.0,0.0,down,0.01,2026-03-12T14:13:04,0.0,0.00499999988824129,215.81,2026-09-16 15:44:11,2026-09-16 11:45:06
NVDA,NVDA261218P00004000,NVDA,2026-12-18,P,4.0,0.0,0.0,0.01,1105.0,2.4642,725.0,0.0,0.0,0.0,0.0002,-0.0002,0.0,0.0029,0.0,0.0,0.0,0.0,no_change,0.01,2026-08-17T11:50:46,0.0,0.00499999988824129,215.81,2026-09-16 15:44:11,2026-09-16 11:45:06
NVDA,NVDA261218P00004500,NVDA,2026-12-18,P,4.5,0.0,0.0,0.01,1105.0,2.3845,1079.0,0.0,0.0,0.0,0.0002,-0.0002,0.0,0.0031,0.0,0.0,0.0,0.0,no_change,0.02,2025-12-09T15:27:40,0.0,0.00499999988824129,215.81,2026-09-16 15:44:11,2026-09-16 11:45:06
NVDA,NVDA261218P00005000,NVDA,2026-12-18,P,5.0,0.0,0.0,0.01,1105.0,2.3138,2551.0,0.0,0.0,0.0,0.0002,-0.0002,0.0,0.0033,0.0,0.0,0.0,0.0,up,0.02,2026-08-18T12:34:53,0.0,0.00499999988824129,215.81,2026-09-16 15:44:11,2026-09-16 11:45:06
NVDA,NVDA261218P00006000,NVDA,2026-12-18,P,6.0,0.0,0.0,0.08,14.0,2.6337,852.0,0.0,-0.0001,0.0,0.0002,-0.0003,0.0,0.0037,0.0,0.0,0.0,0.0,up,0.1,2026-04-20T09:30:03,0.0,0.0450000017881393,215.81,2026-09-16 15:44:11,2026-09-16 11:45:06
NVDA,NVDA261218P00007000,NVDA,2026-12-18,P,7.0,0.0,0.0,0.08,25.0,2.508,1077.0,0.0,-0.0001,0.0,0.0003,-0.0003,0.0,0.0042,0.0,0.0,0.0,0.0,down,0.01,2026-01-22T14:09:50,0.0,0.0450000017881393,215.81,2026-09-16 15:44:11,2026-09-16 11:45:06
NVDA,NVDA261218P00008000,NVDA,2026-12-18,P,8.0,0.0,0.0,0.02,116.0,2.1165,891.0,0.0,-0.0001,0.0,0.0003,-0.0003,0.0,0.0046,0.0,0.0,0.0,0.0,no_change,0.01,2026-07-13T12:05:35,0.0,0.00999999977648258,215.81,2026-09-16 15:44:11,2026-09-16 11:45:06
NVDA,NVDA261218P00009000,NVDA,2026-12-18,P,9.0,0.0,0.0,0.08,24.0,2.3075,1198.0,0.0,-0.0001,0.0,0.0004,-0.0004,-0.0001,0.0051,0.0,0.0,0.0,0.0,down,0.02,2026-05-01T09:50:31,0.0,0.0450000017881393,215.81,2026-09-16 15:44:11,2026-09-16 11:45:06
NVDA,NVDA261218P00010000,NVDA,2026-12-18,P,10.0,0.0,0.0,0.01,870.0,1.8619,12628.0,0.0,-0.0001,0.0,0.0004,-0.0004,-0.0001,0.0055,0.0,0.0,0.0,0.0,no_change,0.01,2026-08-27T13:33:52,0.0,0.00499999988824129,215.81,2026-09-16 15:44:11,2026-09-16 11:45:06
NVDA,NVDA261218P00011000,NVDA,2026-12-18,P,11.0,0.0,0.0,0.08,28.0,2.1508,2415.0,0.0,-0.0001,0.0,0.0004,-0.0004,-0.0001,0.0059,0.0,0.0,0.0,0.0,no_change,0.01,2026-08-18T12:16:35,0.0,0.0450000017881393,215.81,2026-09-16 15:44:11,2026-09-16 11:45:06
NVDA,NVDA261218P00012000,NVDA,2026-12-18,P,12.0,0.0,0.0,0.08,26.0,2.0838,215.0,0.0,-0.0001,0.0,0.0005,-0.0004,-0.0001,0.0064,0.0,0.0,0.0,0.0,no_change,0.01,2026-07-13T12:15:01,0.0,0.0450000017881393,215.81,2026-09-16 15:44:11,2026-09-16 11:45:06
NVDA,NVDA261218P00013000,NVDA,2026-12-18,P,13.0,0.0,0.0,0.04,27.0,1.8959,13051.0,0.0,-0.0001,0.0,0.0005,-0.0005,-0.0001,0.0069,0.0,0.0,0.0,0.0,up,0.05,2026-03-16T15:55:27,0.0,0.0199999995529652,215.81,2026-09-16 15:44:11,2026-09-16 11:45:06
NVDA,NVDA261218P00014000,NVDA,2026-12-18,P,14.0,0.0,0.0,0.08,31.0,1.9667,660.0,0.0,-0.0001,0.0,0.0006,-0.0005,-0.0001,0.0073,0.0,0.0,0.0,0.0,no_change,0.01,2026-05-18T11:47:47,0.0,0.0450000017881393,215.81,2026-09-16 15:44:11,2026-09-16 11:45:06
NVDA,NVDA261218P00015000,NVDA,2026-12-18,P,15.0,0.0,0.0,0.01,10.0,1.6074,7670.0,0.0,-0.0001,0.0,0.0006,-0.0005,-0.0001,0.0078,0.0,0.0,0.0,0.0,no_change,0.01,2026-08-03T09:30:02,0.0,0.00999999977648258,215.81,2026-09-16 15:44:11,2026-09-16 11:45:06
NVDA,NVDA261218P00016000,NVDA,2026-12-18,P,16.0,0.0,0.0,0.08,27.0,1.8662,621.0,0.0,-0.0002,0.0,0.0007,-0.0006,-0.0001,0.0083,0.0,0.0,0.0,0.0,down,0.02,2026-08-21T11:32:00,0.0,0.0450000017881393,215.81,2026-09-16 15:44:11,2026-09-16 11:45:06
NVDA,NVDA261218P00017000,NVDA,2026-12-18,P,17.0,0.0,0.0,0.08,25.0,1.8209,2815.0,0.0,-0.0002,0.0,0.0007,-0.0006,-0.0001,0.0088,0.0,0.0,0.0,0.0,up,0.03,2026-06-22T09:36:21,0.0,0.0450000017881393,215.81,2026-09-16 15:44:11,2026-09-16 11:45:06
NVDA,NVDA261218P00018000,NVDA,2026-12-18,P,18.0,0.0,0.0,0.08,18.0,1.7784,1550.0,0.0,-0.0002,0.0,0.0008,-0.0006,-0.0001,0.0094,0.0,0.0,0.0,0.0,no_change,0.03,2026-08-10T15:16:40,0.0,0.0450000017881393,215.81,2026-09-16 15:44:11,2026-09-16 11:45:06
NVDA,NVDA261218P00019000,NVDA,2026-12-18,P,19.0,0.0,0.0,0.08,32.0,1.7384,407.0,0.0,-0.0002,0.0,0.0008,-0.0006,-0.0001,0.0099,0.0,0.0,0.0,0.0,up,0.04,2026-08-10T15:17:18,0.0,0.0450000017881393,215.81,2026-09-16 15:44:11,2026-09-16 11:45:06
NVDA,NVDA261218P00020000,NVDA,2026-12-18,P,20.0,0.0,0.0,0.01,10.0,1.4301,19301.0,0.0,-0.0002,0.0,0.0009,-0.0007,-0.0001,0.0104,0.0,0.0,0.0,0.0,down,0.01,2026-08-18T11:51:41,0.0,0.00999999977648258,215.81,2026-09-16 15:44:11,2026-09-16 11:45:06
NVDA,NVDA261218P00021000,NVDA,2026-12-18,P,21.0,0.0,0.0,0.08,20.0,1.6648,752.0,0.0,-0.0002,0.0,0.001,-0.0007,-0.0001,0.011,0.0,0.0,0.0,0.0,no_change,0.03,2026-04-29T12:23:31,0.0,0.0450000017881393,215.81,2026-09-16 15:44:11,2026-09-16 11:45:06
NVDA,NVDA261218P00022000,NVDA,2026-12-18,P,22.0,0.0,0.0,0.08,20.0,1.6307,2262.0,0.0,-0.0002,0.0,0.001,-0.0008,-0.0002,0.0116,0.0,0.0,0.0,0.0,up,0.14,2026-07-28T15:11:26,0.0,0.0450000017881393,215.81,2026-09-16 15:44:11,2026-09-16 11:45:06
NVDA,NVDA261218P00023000,NVDA,2026-12-18,P,23.0,0.0,0.0,0.01,7.0,1.3444,872.0,0.0,-0.0003,0.0,0.0011,-0.0008,-0.0002,0.0122,0.0,0.0,0.0,0.0,no_change,0.03,2026-05-20T14:21:17,0.0,0.00499999988824129,215.81,2026-09-16 15:44:11,2026-09-16 11:45:06
NVDA,NVDA261218P00024000,NVDA,2026-12-18,P,24.0,0.0,0.0,0.08,21.0,1.5674,804.0,0.0,-0.0003,0.0,0.0011,-0.0008,-0.0002,0.0128,0.0,0.0,0.0,0.0,down,0.01,2026-08-28T11:38:17,0.0,0.0399999991059303,215.81,2026-09-16 15:44:11,2026-09-16 11:45:06
NVDA,NVDA261218P00025000,NVDA,2026-12-18,P,25.0,0.0,0.0,0.01,10.0,1.2943,30133.0,0.0,-0.0003,0.0,0.0012,-0.0009,-0.0002,0.0134,0.0,0.0,0.0,0.0,no_change,0.01,2026-08-27T11:18:07,0.0,0.00499999988824129,215.81,2026-09-16 15:44:11,2026-09-16 11:45:06
NVDA,NVDA261218P00026000,NVDA,2026-12-18,P,26.0,0.0,0.0,0.09,26.0,1.5268,1277.0,0.0,-0.0003,0.0,0.0013,-0.0009,-0.0002,0.014,0.0,0.0,0.0,0.0,no_change,0.01,2026-09-11T13:07:47,0.0,0.0450000017881393,215.81,2026-09-16 15:44:11,2026-09-16 11:45:06
NVDA,NVDA261218P00027000,NVDA,2026-12-18,P,27.0,0.0,0.0,0.03,20.0,1.3582,1304.0,0.0,-0.0003,0.0,0.0014,-0.0009,-0.0002,0.0147,0.0,0.0,0.0,0.0,down,0.02,2026-08-21T13:55:22,0.0,0.0149999996647239,215.81,2026-09-16 15:44:11,2026-09-16 11:45:06
NVDA,NVDA261218P00028000,NVDA,2026-12-18,P,28.0,0.0,0.0,0.03,36.0,1.3343,4781.0,0.0,-0.0004,0.0,0.0014,-0.001,-0.0002,0.0154,0.0,0.0,0.0,0.0,down,0.01,2026-08-21T13:55:49,0.0,0.0149999996647239,215.81,2026-09-16 15:44:11,2026-09-16 11:45:06
NVDA,NVDA261218P00029000,NVDA,2026-12-18,P,29.0,0.0,0.0,0.09,388.0,1.4472,808.0,0.0,-0.0004,0.0,0.0015,-0.001,-0.0002,0.016,0.0,0.0,0.0,0.0,no_change,0.02,2026-09-11T13:31:56,0.0,0.0450000017881393,215.81,2026-09-16 15:44:11,2026-09-16 11:45:06
NVDA,NVDA261218P00030000,NVDA,2026-12-18,P,30.0,0.0,0.0,0.01,19.0,1.1845,4925.0,0.0,-0.0004,0.0,0.0016,-0.001,-0.0003,0.0168,0.0,0.0,0.0,0.0,no_change,0.01,2026-09-11T13:36:15,0.0,0.00499999988824129,215.81,2026-09-16 15:44:11,2026-09-16 11:45:06
NVDA,NVDA261218P00031000,NVDA,2026-12-18,P,31.0,0.0,0.0,0.09,408.0,1.399,1171.0,0.0,-0.0004,0.0,0.0017,-0.0011,-0.0003,0.0175,0.0,0.0,0.0,0.0,no_change,0.02,2026-09-11T13:37:41,0.0,0.0450000017881393,215.81,2026-09-16 15:44:11,2026-09-16 11:45:06
NVDA,NVDA261218P00032000,NVDA,2026-12-18,P,32.0,0.0,0.0,0.09,28.0,1.376,2313.0,0.0,-0.0004,0.0,0.0018,-0.0011,-0.0003,0.0183,0.0,0.0,0.0,0.0,no_change,0.02,2026-09-11T13:34:38,0.0,0.0450000017881393,215.81,2026-09-16 15:44:11,2026-09-16 11:45:06
NVDA,NVDA261218P00033000,NVDA,2026-12-18,P,33.0,0.0,0.0,0.03,28.0,1.2269,2732.0,0.0,-0.0005,0.0,0.0018,-0.0012,-0.0003,0.019,0.0,0.0,0.0,0.0,no_change,0.01,2026-09-03T09:51:55,0.0,0.0149999996647239,215.81,2026-09-16 15:44:11,2026-09-16 11:45:06
NVDA,NVDA261218P00034000,NVDA,2026-12-18,P,34.0,0.0,0.0,0.02,10.0,1.1687,1923.0,0.0,-0.0005,0.0,0.0019,-0.0012,-0.0003,0.0198,0.0,0.0,0.0,0.0,no_change,0.02,2026-09-15T12:37:06,0.0,0.00999999977648258,215.81,2026-09-16 15:44:11,2026-09-16 11:45:06
NVDA,NVDA261218P00035000,NVDA,2026-12-18,P,35.0,0.0,0.0,0.02,10.0,1.1505,7132.0,0.0,-0.0005,0.0,0.002,-0.0012,-0.0003,0.0207,0.0,0.0,0.0,0.0,no_change,0.01,2026-09-15T09:48:09,0.0,0.00999999977648258,215.81,2026-09-16 15:44:11,2026-09-16 11:45:06
NVDA,NVDA261218P00036000,NVDA,2026-12-18,P,36.0,0.0,0.0,0.06,32.0,1.2431,11218.0,0.0,-0.0006,0.0,0.0021,-0.0013,-0.0004,0.0215,0.0,0.0,0.0,0.0,no_change,0.01,2026-09-14T14:50:45,0.0,0.0299999993294477,215.81,2026-09-16 15:44:11,2026-09-16 11:45:06
NVDA,NVDA261218P00037000,NVDA,2026-12-18,P,37.0,0.0,0.0,0.09,379.0,1.2718,1029.0,0.0,-0.0006,0.0,0.0022,-0.0013,-0.0004,0.0224,0.0,0.0,0.0,0.0,no_change,0.05,2026-09-15T14:33:12,0.0,0.0300000002607703,215.81,2026-09-16 15:44:11,2026-09-16 11:45:06
NVDA,NVDA261218P00038000,NVDA,2026-12-18,P,38.0,0.0,0.0,0.06,424.0,1.2059,956.0,2.0,-0.0006,0.0,0.0023,-0.0014,-0.0004,0.0233,0.03,0.06,0.06,0.06,up,0.06,2026-09-16T09:47:02,100.0,0.0300000002607703,215.81,2026-09-16 15:44:11,2026-09-16 11:45:06
NVDA,NVDA261218P00039000,NVDA,2026-12-18,P,39.0,0.01,10.0,0.06,318.0,1.2046,462.0,2.0,-0.0006,0.0,0.0024,-0.0014,-0.0004,0.0242,0.025,0.06,0.06,0.06,no_change,0.06,2026-09-16T10:29:29,71.4286,0.034999999217689,215.81,2026-09-16 15:44:11,2026-09-16 11:45:06
NVDA,NVDA261218P00040000,NVDA,2026-12-18,P,40.0,0.01,13.0,0.04,49.0,1.1516,7321.0,0.0,-0.0007,0.0,0.0025,-0.0015,-0.0004,0.0251,0.0,0.0,0.0,0.0,down,0.01,2026-09-15T14:33:23,0.0,0.0149999996647239,215.81,2026-09-16 15:44:11,2026-09-16 11:45:06
NVDA,NVDA261218P00041000,NVDA,2026-12-18,P,41.0,0.01,10.0,0.05,87.0,1.1538,1315.0,0.0,-0.0007,0.0,0.0027,-0.0015,-0.0004,0.0261,0.0,0.0,0.0,0.0,up,0.03,2026-09-14T15:47:32,0.0,0.0300000002607703,215.81,2026-09-16 15:44:11,2026-09-16 11:45:06
NVDA,NVDA261218P00042000,NVDA,2026-12-18,P,42.0,0.01,42.0,0.03,422.0,1.0967,635.0,4.0,-0.0007,0.0,0.0028,-0.0016,-0.0005,0.0271,-0.035,0.02,0.02,0.02,no_change,0.02,2026-09-16T10:29:40,-63.6364,0.0550000006332994,215.81,2026-09-16 15:44:11,2026-09-16 11:45:06
NVDA,NVDA261218P00043000,NVDA,2026-12-18,P,43.0,0.01,10.0,0.05,45.0,1.1208,874.0,0.0,-0.0008,0.0,0.0029,-0.0016,-0.0005,0.0281,0.0,0.0,0.0,0.0,no_change,0.03,2026-09-11T13:08:29,0.0,0.0300000002607703,215.81,2026-09-16 15:44:11,2026-09-16 11:45:06
NVDA,NVDA261218P00044000,NVDA,2026-12-18,P,44.0,0.01,44.0,0.07,415.0,1.1356,1568.0,2.0,-0.0008,0.0,0.003,-0.0017,-0.0005,0.0292,0.035,0.07,0.07,0.07,up,0.07,2026-09-16T10:12:18,100.0,0.034999999217689,215.81,2026-09-16 15:44:11,2026-09-16 11:45:06
NVDA,NVDA261218P00045000,NVDA,2026-12-18,P,45.0,0.01,17.0,0.05,87.0,1.0903,12972.0,0.0,-0.0008,0.0,0.0032,-0.0017,-0.0005,0.0303,0.0,0.0,0.0,0.0,down,0.01,2026-09-15T11:10:28,0.0,0.0300000002607703,215.81,2026-09-16 15:44:11,2026-09-16 11:45:06
NVDA,NVDA261218P00046000,NVDA,2026-12-18,P,46.0,0.01,10.0,0.07,180.0,1.1045,1882.0,0.0,-0.0009,0.0,0.0033,-0.0018,-0.0006,0.0314,0.0,0.0,0.0,0.0,down,0.03,2026-09-15T12:18:00,0.0,0.0550000006332994,215.81,2026-09-16 15:44:11,2026-09-16 11:45:06
NVDA,NVDA261218P00047000,NVDA,2026-12-18,P,47.0,0.01,10.0,0.06,158.0,1.0758,2766.0,0.0,-0.0009,0.0,0.0034,-0.0018,-0.0006,0.0326,0.0,0.0,0.0,0.0,no_change,0.07,2026-09-01T13:50:29,0.0,0.034999999217689,215.81,2026-09-16 15:44:11,2026-09-16 11:45:06
NVDA,NVDA261218P00048000,NVDA,2026-12-18,P,48.0,0.01,28.0,0.07,162.0,1.0748,1600.0,2.0,-0.001,0.0,0.0036,-0.0019,-0.0006,0.0338,0.035,0.07,0.07,0.07,up,0.07,2026-09-16T10:12:41,100.0,0.034999999217689,215.81,2026-09-16 15:44:11,2026-09-16 11:45:06
NVDA,NVDA261218P00049000,NVDA,2026-12-18,P,49.0,0.01,29.0,0.07,139.0,1.0605,1940.0,0.0,-0.001,0.0,0.0037,-0.002,-0.0006,0.035,0.0,0.0,0.0,0.0,no_change,0.03,2026-09-15T12:24:10,0.0,0.0599999995902181,215.81,2026-09-16 15:44:11,2026-09-16 11:45:06
NVDA,NVDA261218P00050000,NVDA,2026-12-18,P,50.0,0.01,35.0,0.04,91.0,1.002,13361.0,80.0,-0.0011,0.0,0.0039,-0.002,-0.0006,0.0362,0.005,0.04,0.04,0.04,no_change,0.04,2026-09-16T10:56:02,14.2857,0.034999999217689,215.81,2026-09-16 15:44:11,2026-09-16 11:45:06
NVDA,NVDA261218P00051000,NVDA,2026-12-18,P,51.0,0.01,30.0,0.07,160.0,1.0326,2028.0,0.0,-0.0011,0.0,0.004,-0.0021,-0.0007,0.0375,0.0,0.0,0.0,0.0,no_change,0.03,2026-09-14T10:52:42,0.0,0.0599999995902181,215.81,2026-09-16 15:44:11,2026-09-16 11:45:06
NVDA,NVDA261218P00052000,NVDA,2026-12-18,P,52.0,0.01,26.0,0.08,26.0,1.0308,1468.0,0.0,-0.0012,0.0,0.0042,-0.0022,-0.0007,0.0389,0.0,0.0,0.0,0.0,no_change,0.04,2026-09-04T14:33:32,0.0,0.0449999989941716,215.81,2026-09-16 15:44:11,2026-09-16 11:45:06
NVDA,NVDA261218P00053000,NVDA,2026-12-18,P,53.0,0.01,23.0,0.07,37.0,1.0059,748.0,0.0,-0.0012,0.0,0.0043,-0.0022,-0.0007,0.0402,0.0,0.0,0.0,0.0,no_change,0.09,2026-09-11T11:52:38,0.0,0.0599999995902181,215.81,2026-09-16 15:44:11,2026-09-16 11:45:06
NVDA,NVDA261218P00054000,NVDA,2026-12-18,P,54.0,0.01,26.0,0.08,36.0,1.0043,1894.0,0.0,-0.0012,0.0,0.0045,-0.0023,-0.0008,0.0417,0.0,0.0,0.0,0.0,down,0.01,2026-09-08T14:06:55,0.0,0.0449999989941716,215.81,2026-09-16 15:44:11,2026-09-16 11:45:06
NVDA,NVDA261218P00055000,NVDA,2026-12-18,P,55.0,0.01,41.0,0.07,45.0,0.9802,8430.0,0.0,-0.0013,0.0,0.0047,-0.0023,-0.0008,0.0431,0.0,0.0,0.0,0.0,up,0.04,2026-09-11T13:36:33,0.0,0.0400000000372529,215.81,2026-09-16 15:44:11,2026-09-16 11:45:06
NVDA,NVDA261218P00056000,NVDA,2026-12-18,P,56.0,0.01,335.0,0.11,288.0,1.0073,1932.0,0.0,-0.0014,0.0,0.0049,-0.0024,-0.0008,0.0446,0.0,0.0,0.0,0.0,down,0.04,2026-09-15T12:29:21,0.0,0.0649999985471368,215.81,2026-09-16 15:44:11,2026-09-16 11:45:06
NVDA,NVDA261218P00057000,NVDA,2026-12-18,P,57.0,0.01,32.0,0.07,28.0,0.9554,5467.0,0.0,-0.0014,0.0,0.005,-0.0025,-0.0009,0.0461,0.0,0.0,0.0,0.0,no_change,0.04,2026-09-10T11:12:06,0.0,0.0449999989941716,215.81,2026-09-16 15:44:11,2026-09-16 11:45:06
NVDA,NVDA261218P00058000,NVDA,2026-12-18,P,58.0,0.01,43.0,0.08,33.0,0.9542,5107.0,0.0,-0.0015,0.0,0.0052,-0.0026,-0.0009,0.0477,0.0,0.0,0.0,0.0,down,0.04,2026-09-10T09:35:34,0.0,0.0449999989941716,215.81,2026-09-16 15:44:11,2026-09-16 11:45:06
NVDA,NVDA261218P00059000,NVDA,2026-12-18,P,59.0,0.01,169.0,0.11,303.0,0.9698,420.0,0.0,-0.0015,0.0,0.0054,-0.0026,-0.0009,0.0494,0.0,0.0,0.0,0.0,no_change,0.1,2026-09-11T10:09:15,0.0,0.0649999985471368,215.81,2026-09-16 15:44:11,2026-09-16 11:45:06
NVDA,NVDA261218P00060000,NVDA,2026-12-18,P,60.0,0.01,169.0,0.08,273.0,0.9305,13546.0,0.0,-0.0016,0.0,0.0056,-0.0027,-0.001,0.051,0.0,0.0,0.0,0.0,up,0.05,2026-09-15T10:50:22,0.0,0.0499999988824129,215.81,2026-09-16 15:44:11,2026-09-16 11:45:06
NVDA,NVDA261218P00061000,NVDA,2026-12-18,P,61.0,0.01,78.0,0.12,318.0,0.9536,1996.0,0.0,-0.0017,0.0,0.0059,-0.0028,-0.001,0.0528,0.0,0.0,0.0,0.0,no_change,0.1,2026-09-11T10:09:33,0.0,0.0649999985471368,215.81,2026-09-16 15:44:11,2026-09-16 11:45:06
NVDA,NVDA261218P00062000,NVDA,2026-12-18,P,62.0,0.01,44.0,0.1,25.0,0.9259,1230.0,0.0,-0.0017,0.0,0.0061,-0.0028,-0.0011,0.0545,0.0,0.0,0.0,0.0,no_change,0.06,2026-09-02T13:00:58,0.0,0.0550000006332994,215.81,2026-09-16 15:44:11,2026-09-16 11:45:06
NVDA,NVDA261218P00063000,NVDA,2026-12-18,P,63.0,0.01,41.0,0.12,27.0,0.9303,684.0,0.0,-0.0018,0.0001,0.0063,-0.0029,-0.0011,0.0564,0.0,0.0,0.0,0.0,up,0.1,2026-09-11T10:09:46,0.0,0.0699999975040555,215.81,2026-09-16 15:44:11,2026-09-16 11:45:06
NVDA,NVDA261218P00064000,NVDA,2026-12-18,P,64.0,0.02,332.0,0.09,109.0,0.903,1747.0,0.0,-0.0019,0.0001,0.0066,-0.003,-0.0011,0.0583,0.0,0.0,0.0,0.0,down,0.05,2026-09-10T14:46:15,0.0,0.0550000006332994,215.81,2026-09-16 15:44:11,2026-09-16 11:45:06
NVDA,NVDA261218P00065000,NVDA,2026-12-18,P,65.0,0.01,150.0,0.09,277.0,0.8839,15682.0,0.0,-0.002,0.0001,0.0068,-0.0031,-0.0012,0.0602,0.0,0.0,0.0,0.0,no_change,0.06,2026-09-04T10:11:21,0.0,0.0600000014528632,215.81,2026-09-16 15:44:11,2026-09-16 11:45:06
NVDA,NVDA261218P00066000,NVDA,2026-12-18,P,66.0,0.01,138.0,0.13,299.0,0.9032,472.0,0.0,-0.002,0.0001,0.007,-0.0032,-0.0012,0.0623,0.0,0.0,0.0,0.0,down,0.06,2026-09-14T14:29:53,0.0,0.0699999975040555,215.81,2026-09-16 15:44:11,2026-09-16 11:45:06
NVDA,NVDA261218P00067000,NVDA,2026-12-18,P,67.0,0.02,127.0,0.13,311.0,0.8988,1224.0,4.0,-0.0021,0.0001,0.0073,-0.0033,-0.0013,0.0644,0.0,0.11,0.11,0.07,down,0.07,2026-09-16T10:13:17,2.23517e-06,0.0699999984353781,215.81,2026-09-16 15:44:11,2026-09-16 11:45:06
NVDA,NVDA261218P00068000,NVDA,2026-12-18,P,68.0,0.03,341.0,0.09,167.0,0.868,4392.0,0.0,-0.0022,0.0001,0.0075,-0.0034,-0.0013,0.0664,0.0,0.0,0.0,0.0,down,0.05,2026-09-15T15:38:24,0.0,0.0550000006332994,215.81,2026-09-16 15:44:11,2026-09-16 11:45:06
NVDA,NVDA261218P00069000,NVDA,2026-12-18,P,69.0,0.02,110.0,0.13,356.0,0.8773,1553.0,0.0,-0.0023,0.0001,0.0078,-0.0034,-0.0014,0.0687,0.0,0.0,0.0,0.0,down,0.05,2026-09-15T13:29:12,0.0,0.0649999994784594,215.81,2026-09-16 15:44:11,2026-09-16 11:45:06
NVDA,NVDA261218P00070000,NVDA,2026-12-18,P,70.0,0.05,1000.0,0.09,28.0,0.861,9851.0,0.0,-0.0024,0.0001,0.0081,-0.0035,-0.0014,0.0709,0.0,0.0,0.0,0.0,no_change,0.08,2026-09-10T10:18:10,0.0,0.0750000011175871,215.81,2026-09-16 15:44:11,2026-09-16 11:45:06
NVDA,NVDA261218P00071000,NVDA,2026-12-18,P,71.0,0.02,79.0,0.13,320.0,0.8567,2704.0,0.0,-0.0025,0.0001,0.0084,-0.0036,-0.0015,0.0732,0.0,0.0,0.0,0.0,no_change,0.07,2026-09-15T13:23:16,0.0,0.0800000000745058,215.81,2026-09-16 15:44:11,2026-09-16 11:45:06
NVDA,NVDA261218P00072000,NVDA,2026-12-18,P,72.0,0.02,42.0,0.1,31.0,0.8271,14409.0,0.0,-0.0026,0.0001,0.0087,-0.0037,-0.0015,0.0756,0.0,0.0,0.0,0.0,up,0.09,2026-09-04T15:49:19,0.0,0.0600000005215406,215.81,2026-09-16 15:44:11,2026-09-16 11:45:06
NVDA,NVDA261218P00073000,NVDA,2026-12-18,P,73.0,0.01,30.0,0.14,26.0,0.8362,614.0,0.0,-0.0027,0.0001,0.009,-0.0038,-0.0016,0.0782,0.0,0.0,0.0,0.0,down,0.05,2026-09-11T10:11:09,0.0,0.0800000028684735,215.81,2026-09-16 15:44:11,2026-09-16 11:45:06
NVDA,NVDA261218P00074000,NVDA,2026-12-18,P,74.0,0.01,153.0,0.14,336.0,0.8262,991.0,0.0,-0.0028,0.0001,0.0093,-0.0039,-0.0017,0.0807,0.0,0.0,0.0,0.0,down,0.05,2026-09-11T10:12:48,0.0,0.0800000028684735,215.81,2026-09-16 15:44:11,2026-09-16 11:45:06
NVDA,NVDA261218P00075000,NVDA,2026-12-18,P,75.0,0.05,179.0,0.11,556.0,0.8222,17886.0,0.0,-0.0029,0.0001,0.0096,-0.004,-0.0017,0.0833,0.0,0.0,0.0,0.0,no_change,0.07,2026-09-14T11:31:30,0.0,0.0800000000745058,215.81,2026-09-16 15:44:11,2026-09-16 11:45:06
NVDA,NVDA261218P00076000,NVDA,2026-12-18,P,76.0,0.01,120.0,0.15,311.0,0.8124,2342.0,0.0,-0.003,0.0001,0.01,-0.0041,-0.0018,0.086,0.0,0.0,0.0,0.0,down,0.05,2026-09-11T10:11:22,0.0,0.0800000028684735,215.81,2026-09-16 15:44:11,2026-09-16 11:45:06
NVDA,NVDA261218P00077000,NVDA,2026-12-18,P,77.0,0.01,25.0,0.15,36.0,0.8029,2009.0,0.0,-0.0031,0.0001,0.0103,-0.0042,-0.0019,0.0888,0.0,0.0,0.0,0.0,up,0.07,2026-09-11T10:10:57,0.0,0.084999998100102,215.81,2026-09-16 15:44:11,2026-09-16 11:45:06
NVDA,NVDA261218P00078000,NVDA,2026-12-18,P,78.0,0.01,176.0,0.15,361.0,0.7934,2113.0,0.0,-0.0032,0.0001,0.0107,-0.0044,-0.0019,0.0917,0.0,0.0,0.0,0.0,no_change,0.08,2026-09-15T15:08:30,0.0,0.0850000027567148,215.81,2026-09-16 15:44:11,2026-09-16 11:45:06
NVDA,NVDA261218P00079000,NVDA,2026-12-18,P,79.0,0.02,158.0,0.14,157.0,0.7841,826.0,0.0,-0.0033,0.0001,0.0111,-0.0045,-0.002,0.0947,0.0,0.0,0.0,0.0,no_change,0.08,2026-09-15T15:08:30,0.0,0.0799999972805381,215.81,2026-09-16 15:44:11,2026-09-16 11:45:06
NVDA,NVDA261218P00080000,NVDA,2026-12-18,P,80.0,0.05,51.0,0.12,159.0,0.78,13811.0,0.0,-0.0034,0.0001,0.0114,-0.0046,-0.0021,0.0977,0.0,0.0,0.0,0.0,no_change,0.08,2026-09-15T15:55:08,0.0,0.0849999990314245,215.81,2026-09-16 15:44:11,2026-09-16 11:45:06
NVDA,NVDA261218P00081000,NVDA,2026-12-18,P,81.0,0.02,29.0,0.16,33.0,0.7757,1909.0,0.0,-0.0036,0.0001,0.0118,-0.0047,-0.0022,0.1009,0.0,0.0,0.0,0.0,up,0.1,2026-09-09T12:58:27,0.0,0.0950000006705522,215.81,2026-09-16 15:44:11,2026-09-16 11:45:06
NVDA,NVDA261218P00082000,NVDA,2026-12-18,P,82.0,0.05,496.0,0.13,495.0,0.7666,3160.0,0.0,-0.0037,0.0001,0.0122,-0.0048,-0.0022,0.1042,0.0,0.0,0.0,0.0,no_change,0.08,2026-09-15T15:55:08,0.0,0.0899999979883432,215.81,2026-09-16 15:44:11,2026-09-16 11:45:06
NVDA,NVDA261218P00083000,NVDA,2026-12-18,P,83.0,0.01,243.0,0.17,251.0,0.7577,1133.0,0.0,-0.0039,0.0001,0.0126,-0.005,-0.0023,0.1075,0.0,0.0,0.0,0.0,down,0.09,2026-09-10T10:00:37,0.0,0.09500000346452,215.81,2026-09-16 15:44:11,2026-09-16 11:45:06
NVDA,NVDA261218P00084000,NVDA,2026-12-18,P,84.0,0.01,231.0,0.17,286.0,0.7488,1168.0,0.0,-0.004,0.0001,0.013,-0.0051,-0.0024,0.111,0.0,0.0,0.0,0.0,no_change,0.09,2026-09-01T14:04:00,0.0,0.12500000372529,215.81,2026-09-16 15:44:11,2026-09-16 11:45:06
NVDA,NVDA261218P00085000,NVDA,2026-12-18,P,85.0,0.07,444.0,0.14,750.0,0.753,8318.0,0.0,-0.0042,0.0001,0.0134,-0.0052,-0.0025,0.1146,0.0,0.0,0.0,0.0,no_change,0.08,2026-09-15T11:12:33,0.0,0.0949999988079071,215.81,2026-09-16 15:44:11,2026-09-16 11:45:06
NVDA,NVDA261218P00086000,NVDA,2026-12-18,P,86.0,0.06,134.0,0.14,185.0,0.74,4124.0,0.0,-0.0043,0.0001,0.0139,-0.0053,-0.0026,0.1183,0.0,0.0,0.0,0.0,up,0.13,2026-09-08T11:39:20,0.0,0.12500000372529,215.81,2026-09-16 15:44:11,2026-09-16 11:45:06
NVDA,NVDA261218P00087000,NVDA,2026-12-18,P,87.0,0.02,256.0,0.19,254.0,0.7355,769.0,0.0,-0.0045,0.0002,0.0144,-0.0055,-0.0027,0.1221,0.0,0.0,0.0,0.0,no_change,0.12,2026-09-11T11:21:41,0.0,0.11500000115484,215.81,2026-09-16 15:44:11,2026-09-16 11:45:06
NVDA,NVDA261218P00088000,NVDA,2026-12-18,P,88.0,0.05,515.0,0.18,505.0,0.7346,1013.0,0.0,-0.0046,0.0002,0.0148,-0.0056,-0.0028,0.126,0.0,0.0,0.0,0.0,up,0.13,2026-09-10T11:08:51,0.0,0.115000003948808,215.81,2026-09-16 15:44:11,2026-09-16 11:45:06
NVDA,NVDA261218P00089000,NVDA,2026-12-18,P,89.0,0.07,490.0,0.15,552.0,0.7225,7727.0,0.0,-0.0048,0.0002,0.0153,-0.0058,-0.0029,0.1299,0.0,0.0,0.0,0.0,no_change,0.15,2026-09-14T10:57:03,0.0,0.125,215.81,2026-09-16 15:44:11,2026-09-16 11:45:06
NVDA,NVDA261218P00090000,NVDA,2026-12-18,P,90.0,0.1,639.0,0.15,739.0,0.7246,19102.0,0.0,-0.005,0.0002,0.0158,-0.0059,-0.003,0.1342,0.0,0.0,0.0,0.0,no_change,0.13,2026-09-14T15:37:51,0.0,0.125,215.81,2026-09-16 15:44:11,2026-09-16 11:45:06
NVDA,NVDA261218P00091000,NVDA,2026-12-18,P,91.0,0.04,492.0,0.2,553.0,0.713,2086.0,0.0,-0.0052,0.0002,0.0164,-0.006,-0.0031,0.1384,0.0,0.0,0.0,0.0,down,0.19,2026-08-26T13:31:05,0.0,0.134999999776483,215.81,2026-09-16 15:44:11,2026-09-16 11:45:06
NVDA,NVDA261218P00092000,NVDA,2026-12-18,P,92.0,0.05,246.0,0.21,278.0,0.7111,2395.0,0.0,-0.0054,0.0002,0.0169,-0.0062,-0.0032,0.143,0.0,0.0,0.0,0.0,no_change,0.24,2026-08-28T13:21:37,0.0,0.134999999776483,215.81,2026-09-16 15:44:11,2026-09-16 11:45:06
NVDA,NVDA261218P00093000,NVDA,2026-12-18,P,93.0,0.05,231.0,0.21,267.0,0.703,2452.0,0.0,-0.0056,0.0002,0.0175,-0.0064,-0.0033,0.1474,0.0,0.0,0.0,0.0,no_change,0.14,2026-08-28T13:21:40,0.0,0.14500000141561,215.81,2026-09-16 15:44:11,2026-09-16 11:45:06
NVDA,NVDA261218P00094000,NVDA,2026-12-18,P,94.0,0.06,253.0,0.22,289.0,0.7008,996.0,0.0,-0.0058,0.0002,0.0181,-0.0065,-0.0034,0.1523,0.0,0.0,0.0,0.0,up,0.19,2026-09-01T12:39:09,0.0,0.14500000141561,215.81,2026-09-16 15:44:11,2026-09-16 11:45:06
NVDA,NVDA261218P00095000,NVDA,2026-12-18,P,95.0,0.1,145.0,0.19,210.0,0.6956,5858.0,0.0,-0.006,0.0002,0.0187,-0.0067,-0.0036,0.1572,0.0,0.0,0.0,0.0,down,0.17,2026-09-04T10:10:20,0.0,0.170000001788139,215.81,2026-09-16 15:44:11,2026-09-16 11:45:06
NVDA,NVDA261218P00096000,NVDA,2026-12-18,P,96.0,0.07,226.0,0.23,255.0,0.6904,2008.0,0.0,-0.0062,0.0002,0.0193,-0.0068,-0.0037,0.1622,0.0,0.0,0.0,0.0,down,0.18,2026-09-04T12:09:54,0.0,0.160000000149012,215.81,2026-09-16 15:44:11,2026-09-16 11:45:06
NVDA,NVDA261218P00097000,NVDA,2026-12-18,P,97.0,0.1,208.0,0.24,252.0,0.6931,1327.0,0.0,-0.0064,0.0002,0.0199,-0.007,-0.0038,0.1675,0.0,0.0,0.0,0.0,down,0.18,2026-09-02T11:15:39,0.0,0.175000000745058,215.81,2026-09-16 15:44:11,2026-09-16 11:45:06
NVDA,NVDA261218P00098000,NVDA,2026-12-18,P,98.0,0.08,252.0,0.24,270.0,0.6799,940.0,0.0,-0.0066,0.0002,0.0206,-0.0072,-0.004,0.1728,0.0,0.0,0.0,0.0,no_change,0.25,2026-08-31T11:09:16,0.0,0.169999994337559,215.81,2026-09-16 15:44:11,2026-09-16 11:45:06
NVDA,NVDA261218P00099000,NVDA,2026-12-18,P,99.0,0.1,499.0,0.24,491.0,0.6769,2650.0,0.0,-0.0069,0.0003,0.0212,-0.0074,-0.0041,0.1785,0.0,0.0,0.0,0.0,down,0.19,2026-09-10T11:58:16,0.0,0.16499999910593,215.81,2026-09-16 15:44:11,2026-09-16 11:45:06
NVDA,NVDA261218P00100000,NVDA,2026-12-18,P,100.0,0.15,556.0,0.2,972.0,0.6737,31395.0,0.0,-0.0072,0.0003,0.0219,-0.0076,-0.0042,0.1844,0.0,0.0,0.0,0.0,no_change,0.18,2026-09-15T15:54:52,0.0,0.190000005066395,215.81,2026-09-16 15:44:11,2026-09-16 11:45:06
NVDA,NVDA261218P00101000,NVDA,2026-12-18,P,101.0,0.15,397.0,0.22,687.0,0.6682,5318.0,0.0,-0.0074,0.0003,0.0226,-0.0077,-0.0044,0.1903,0.0,0.0,0.0,0.0,down,0.21,2026-09-14T12:56:48,0.0,0.199999995529652,215.81,2026-09-16 15:44:11,2026-09-16 11:45:06
NVDA,NVDA261218P00102000,NVDA,2026-12-18,P,102.0,0.13,458.0,0.27,546.0,0.6671,928.0,0.0,-0.0077,0.0003,0.0233,-0.0079,-0.0046,0.1965,0.0,0.0,0.0,0.0,no_change,0.23,2026-09-14T12:56:48,0.0,0.204999998211861,215.81,2026-09-16 15:44:11,2026-09-16 11:45:06
NVDA,NVDA261218P00103000,NVDA,2026-12-18,P,103.0,0.11,543.0,0.28,589.0,0.657,1570.0,0.0,-0.008,0.0003,0.0241,-0.0081,-0.0047,0.2028,0.0,0.0,0.0,0.0,down,0.18,2026-09-09T15:49:08,0.0,0.20499999448657,215.81,2026-09-16 15:44:11,2026-09-16 11:45:06
NVDA,NVDA261218P00104000,NVDA,2026-12-18,P,104.0,0.12,525.0,0.28,513.0,0.6514,789.0,0.0,-0.0083,0.0003,0.0249,-0.0083,-0.0049,0.2094,0.0,0.0,0.0,0.0,up,0.21,2026-09-09T12:56:51,0.0,0.204999998211861,215.81,2026-09-16 15:44:11,2026-09-16 11:45:06
NVDA,NVDA261218P00105000,NVDA,2026-12-18,P,105.0,0.17,459.0,0.25,524.0,0.6479,5934.0,1.0,-0.0086,0.0003,0.0257,-0.0085,-0.0051,0.2162,0.01,0.24,0.24,0.24,down,0.24,2026-09-16T10:29:22,4.34782,0.230000004172325,215.81,2026-09-16 15:44:11,2026-09-16 11:45:06
NVDA,NVDA261218P00106000,NVDA,2026-12-18,P,106.0,0.13,483.0,0.3,535.0,0.6422,864.0,0.0,-0.0089,0.0003,0.0265,-0.0087,-0.0053,0.2233,0.0,0.0,0.0,0.0,up,0.22,2026-09-10T11:09:41,0.0,0.230000004172325,215.81,2026-09-16 15:44:11,2026-09-16 11:45:06
NVDA,NVDA261218P00107000,NVDA,2026-12-18,P,107.0,0.14,498.0,0.31,546.0,0.6384,1537.0,0.0,-0.0092,0.0004,0.0274,-0.009,-0.0055,0.2306,0.0,0.0,0.0,0.0,no_change,0.26,2026-09-14T14:46:00,0.0,0.234999999403954,215.81,2026-09-16 15:44:11,2026-09-16 11:45:06
NVDA,NVDA261218P00108000,NVDA,2026-12-18,P,108.0,0.14,534.0,0.32,533.0,0.6327,2551.0,0.0,-0.0096,0.0004,0.0283,-0.0092,-0.0057,0.2381,0.0,0.0,0.0,0.0,up,0.28,2026-09-14T15:56:00,0.0,0.239999994635582,215.81,2026-09-16 15:44:11,2026-09-16 11:45:06
NVDA,NVDA261218P00109000,NVDA,2026-12-18,P,109.0,0.18,459.0,0.33,546.0,0.6341,624.0,0.0,-0.0099,0.0004,0.0292,-0.0094,-0.0059,0.2459,0.0,0.0,0.0,0.0,up,0.29,2026-09-09T11:34:28,0.0,0.25500001013279,215.81,2026-09-16 15:44:11,2026-09-16 11:45:06
NVDA,NVDA261218P00110000,NVDA,2026-12-18,P,110.0,0.22,594.0,0.28,646.0,0.6248,18423.0,0.0,-0.0103,0.0004,0.0302,-0.0096,-0.0061,0.254,0.0,0.0,0.0,0.0,down,0.26,2026-09-14T14:54:48,0.0,0.265000000596046,215.81,2026-09-16 15:44:11,2026-09-16 11:45:06
NVDA,NVDA261218P00111000,NVDA,2026-12-18,P,111.0,0.25,1.0,0.29,625.0,0.624,769.0,0.0,-0.0106,0.0004,0.0312,-0.0099,-0.0063,0.2624,0.0,0.0,0.0,0.0,down,0.24,2026-09-08T12:56:26,0.0,0.269999995827675,215.81,2026-09-16 15:44:11,2026-09-16 11:45:06
NVDA,NVDA261218P00112000,NVDA,2026-12-18,P,112.0,0.22,163.0,0.31,223.0,0.6148,3824.0,0.0,-0.011,0.0004,0.0321,-0.0101,-0.0065,0.2711,0.0,0.0,0.0,0.0,down,0.27,2026-09-11T13:55:00,0.0,0.280000001192093,215.81,2026-09-16 15:44:11,2026-09-16 11:45:06
NVDA,NVDA261218P00113000,NVDA,2026-12-18,P,113.0,0.23,161.0,0.32,225.0,0.6106,3274.0,0.0,-0.0114,0.0004,0.0331,-0.0104,-0.0068,0.2801,0.0,0.0,0.0,0.0,down,0.31,2026-09-09T14:12:04,0.0,0.295000001788139,215.81,2026-09-16 15:44:11,2026-09-16 11:45:06
NVDA,NVDA261218P00114000,NVDA,2026-12-18,P,114.0,0.2,570.0,0.37,561.0,0.6064,2167.0,0.0,-0.0119,0.0005,0.0342,-0.0106,-0.007,0.2891,0.0,0.0,0.0,0.0,down,0.29,2026-09-11T15:52:19,0.0,0.299999997019768,215.81,2026-09-16 15:44:11,2026-09-16 11:45:06
NVDA,NVDA261218P00115000,NVDA,2026-12-18,P,115.0,0.25,451.0,0.32,505.0,0.5988,6530.0,0.0,-0.0123,0.0005,0.0352,-0.0109,-0.0072,0.299,0.0,0.0,0.0,0.0,up,0.33,2026-09-14T14:51:00,0.0,0.325000002980232,215.81,2026-09-16 15:44:11,2026-09-16 11:45:06
NVDA,NVDA261218P00116000,NVDA,2026-12-18,P,116.0,0.26,551.0,0.33,493.0,0.5945,4857.0,0.0,-0.0128,0.0005,0.0364,-0.0112,-0.0075,0.3089,0.0,0.0,0.0,0.0,down,0.31,2026-09-03T10:25:14,0.0,0.33500000834465,215.81,2026-09-16 15:44:11,2026-09-16 11:45:06
NVDA,NVDA261218P00117000,NVDA,2026-12-18,P,117.0,0.23,301.0,0.41,293.0,0.5943,1841.0,0.0,-0.0132,0.0005,0.0375,-0.0114,-0.0078,0.3192,0.0,0.0,0.0,0.0,down,0.37,2026-09-09T13:03:56,0.0,0.355000004172325,215.81,2026-09-16 15:44:11,2026-09-16 11:45:06
NVDA,NVDA261218P00118000,NVDA,2026-12-18,P,118.0,0.24,296.0,0.42,278.0,0.5897,1862.0,0.0,-0.0137,0.0005,0.0387,-0.0117,-0.0081,0.3299,0.0,0.0,0.0,0.0,down,0.37,2026-09-02T13:39:02,0.0,0.355000004172325,215.81,2026-09-16 15:44:11,2026-09-16 11:45:06
NVDA,NVDA261218P00119000,NVDA,2026-12-18,P,119.0,0.25,509.0,0.43,489.0,0.585,1286.0,0.0,-0.0142,0.0006,0.0399,-0.012,-0.0084,0.3409,0.0,0.0,0.0,0.0,up,0.38,2026-09-10T10:53:11,0.0,0.359999999403954,215.81,2026-09-16 15:44:11,2026-09-16 11:45:06
NVDA,NVDA261218P00120000,NVDA,2026-12-18,P,120.0,0.35,1.0,0.36,532.0,0.5816,19650.0,1.0,-0.0148,0.0006,0.0412,-0.0123,-0.0087,0.3524,-0.02,0.36,0.36,0.36,down,0.36,2026-09-16T10:48:05,-5.26316,0.38000001013279,215.81,2026-09-16 15:44:11,2026-09-16 11:45:06
NVDA,NVDA261218P00121000,NVDA,2026-12-18,P,121.0,0.33,367.0,0.41,582.0,0.578,893.0,0.0,-0.0153,0.0006,0.0425,-0.0126,-0.009,0.3642,0.0,0.0,0.0,0.0,down,0.4,2026-09-14T14:45:58,0.0,0.390000000596046,215.81,2026-09-16 15:44:11,2026-09-16 11:45:06
NVDA,NVDA261218P00122000,NVDA,2026-12-18,P,122.0,0.35,89.0,0.46,281.0,0.579,1581.0,0.0,-0.0159,0.0006,0.044,-0.0129,-0.0093,0.3765,0.0,0.0,0.0,0.0,down,0.43,2026-09-10T10:51:09,0.0,0.409999996423721,215.81,2026-09-16 15:44:11,2026-09-16 11:45:06
NVDA,NVDA261218P00123000,NVDA,2026-12-18,P,123.0,0.3,521.0,0.48,535.0,0.5685,1445.0,0.0,-0.0164,0.0007,0.0454,-0.0132,-0.0097,0.389,0.0,0.0,0.0,0.0,down,0.41,2026-09-15T13:22:48,0.0,0.424999997019768,215.81,2026-09-16 15:44:11,2026-09-16 11:45:06
NVDA,NVDA261218P00124000,NVDA,2026-12-18,P,124.0,0.37,308.0,0.42,532.0,0.5623,7526.0,1.0,-0.0171,0.0007,0.0469,-0.0135,-0.01,0.4025,-0.035,0.4,0.4,0.4,down,0.4,2026-09-16T10:18:08,-8.04598,0.435000002384186,215.81,2026-09-16 15:44:11,2026-09-16 11:45:06
NVDA,NVDA261218P00125000,NVDA,2026-12-18,P,125.0,0.4,268.0,0.42,108.0,0.5585,19313.0,13.0,-0.0177,0.0007,0.0483,-0.0139,-0.0104,0.4163,-0.035,0.42,0.42,0.42,no_change,0.42,2026-09-16T11:02:09,-7.69231,0.454999998211861,215.81,2026-09-16 15:44:11,2026-09-16 11:45:06
NVDA,NVDA261218P00126000,NVDA,2026-12-18,P,126.0,0.41,323.0,0.5,788.0,0.5607,2966.0,1.0,-0.0184,0.0007,0.0498,-0.0142,-0.0108,0.4307,0.0,0.45,0.45,0.45,down,0.45,2026-09-16T10:17:56,-6.62274e-07,0.450000002980232,215.81,2026-09-16 15:44:11,2026-09-16 11:45:06
NVDA,NVDA261218P00127000,NVDA,2026-12-18,P,127.0,0.4,528.0,0.49,536.0,0.5517,3363.0,1.0,-0.019,0.0008,0.0513,-0.0146,-0.0112,0.4452,-0.05,0.43,0.43,0.43,down,0.43,2026-09-16T10:17:48,-10.4167,0.479999989271164,215.81,2026-09-16 15:44:11,2026-09-16 11:45:06
NVDA,NVDA261218P00128000,NVDA,2026-12-18,P,128.0,0.42,524.0,0.49,479.0,0.5465,1422.0,0.0,-0.0198,0.0008,0.053,-0.0149,-0.0116,0.461,0.0,0.0,0.0,0.0,no_change,0.52,2026-09-14T13:32:41,0.0,0.499999985098839,215.81,2026-09-16 15:44:11,2026-09-16 11:45:06
NVDA,NVDA261218P00129000,NVDA,2026-12-18,P,129.0,0.45,168.0,0.5,395.0,0.5433,1631.0,0.0,-0.0205,0.0008,0.0546,-0.0153,-0.012,0.4769,0.0,0.0,0.0,0.0,up,0.53,2026-09-15T12:38:16,0.0,0.525000005960464,215.81,2026-09-16 15:44:11,2026-09-16 11:45:06
NVDA,NVDA261218P00130000,NVDA,2026-12-18,P,130.0,0.48,65.0,0.52,1156.0,0.5409,14024.0,6.0,-0.0213,0.0009,0.0564,-0.0157,-0.0124,0.4936,-0.035,0.52,0.52,0.51,down,0.51,2026-09-16T10:17:48,-6.42202,0.544999986886978,215.81,2026-09-16 15:44:11,2026-09-16 11:45:06
NVDA,NVDA261218P00132000,NVDA,2026-12-18,P,132.0,0.5,377.0,0.55,579.0,0.5313,3174.0,1.0,-0.0229,0.0009,0.0599,-0.0164,-0.0134,0.5288,-0.03,0.56,0.56,0.56,down,0.56,2026-09-16T10:17:56,-5.08475,0.590000003576279,215.81,2026-09-16 15:44:11,2026-09-16 11:45:06
NVDA,NVDA261218P00134000,NVDA,2026-12-18,P,134.0,0.54,322.0,0.6,564.0,0.5248,3374.0,4.0,-0.0247,0.001,0.0639,-0.0173,-0.0144,0.5669,-0.06,0.59,0.6,0.57,down,0.57,2026-09-16T10:18:22,-9.52381,0.629999995231628,215.81,2026-09-16 15:44:11,2026-09-16 11:45:06
NVDA,NVDA261218P00135000,NVDA,2026-12-18,P,135.0,0.58,17.0,0.61,773.0,0.5218,7561.0,14.0,-0.0256,0.001,0.0661,-0.0177,-0.015,0.5872,-0.055,0.62,0.62,0.6,down,0.6,2026-09-16T11:05:56,-8.39695,0.655000001192093,215.81,2026-09-16 15:44:11,2026-09-16 11:45:06
NVDA,NVDA261218P00136000,NVDA,2026-12-18,P,136.0,0.53,609.0,0.65,453.0,0.514,1762.0,0.0,-0.0266,0.0011,0.0683,-0.0182,-0.0156,0.6082,0.0,0.0,0.0,0.0,up,0.68,2026-09-15T13:55:37,0.0,0.685000002384186,215.81,2026-09-16 15:44:11,2026-09-16 11:45:06
NVDA,NVDA261218P00138000,NVDA,2026-12-18,P,138.0,0.63,255.0,0.68,842.0,0.5097,4161.0,0.0,-0.0287,0.0012,0.0725,-0.0191,-0.0167,0.6535,0.0,0.0,0.0,0.0,down,0.71,2026-09-15T13:55:37,0.0,0.729999989271164,215.81,2026-09-16 15:44:11,2026-09-16 11:45:06
NVDA,NVDA261218P00140000,NVDA,2026-12-18,P,140.0,0.7,200.0,0.72,859.0,0.5034,17862.0,0.0,-0.0309,0.0013,0.0771,-0.02,-0.018,0.7026,0.0,0.0,0.0,0.0,down,0.78,2026-09-15T15:33:17,0.0,0.775000005960464,215.81,2026-09-16 15:44:11,2026-09-16 11:45:06
NVDA,NVDA261218P00142000,NVDA,2026-12-18,P,142.0,0.73,246.0,0.86,569.0,0.5003,2318.0,1.0,-0.0334,0.0014,0.082,-0.0211,-0.0194,0.756,-0.045,0.81,0.81,0.81,down,0.81,2026-09-16T09:30:02,-5.26316,0.854999989271164,215.81,2026-09-16 15:44:11,2026-09-16 11:45:06
NVDA,NVDA261218P00144000,NVDA,2026-12-18,P,144.0,0.73,504.0,0.91,549.0,0.4896,2293.0,0.0,-0.036,0.0015,0.0873,-0.0221,-0.021,0.8137,0.0,0.0,0.0,0.0,no_change,0.92,2026-09-15T13:24:07,0.0,0.909999996423721,215.81,2026-09-16 15:44:11,2026-09-16 11:45:06
NVDA,NVDA261218P00145000,NVDA,2026-12-18,P,145.0,0.82,533.0,0.87,1073.0,0.4854,7634.0,1.0,-0.0374,0.0015,0.0901,-0.0227,-0.0218,0.8454,-0.075,0.88,0.88,0.88,down,0.88,2026-09-16T10:09:56,-7.8534,0.955000013113022,215.81,2026-09-16 15:44:11,2026-09-16 11:45:06
NVDA,NVDA261218P00146000,NVDA,2026-12-18,P,146.0,0.84,335.0,0.91,683.0,0.4819,4761.0,0.0,-0.0389,0.0016,0.0933,-0.0233,-0.0226,0.8781,0.0,0.0,0.0,0.0,up,1.02,2026-09-14T15:19:24,0.0,0.979999989271164,215.81,2026-09-16 15:44:11,2026-09-16 11:45:06
NVDA,NVDA261218P00148000,NVDA,2026-12-18,P,148.0,0.88,131.0,1.0,245.0,0.475,4510.0,0.0,-0.0421,0.0017,0.0993,-0.0245,-0.0245,0.9484,0.0,0.0,0.0,0.0,no_change,1.08,2026-09-15T10:47:06,0.0,1.06499999761581,215.81,2026-09-16 15:44:11,2026-09-16 11:45:06
NVDA,NVDA261218P00150000,NVDA,2026-12-18,P,150.0,1.01,133.0,1.03,467.0,0.4691,26450.0,51.0,-0.0455,0.0019,0.1056,-0.0258,-0.0264,1.0259,-0.125,1.1,1.1,1.03,no_change,1.03,2026-09-16T11:29:10,-10.8225,1.15499997138977,215.81,2026-09-16 15:44:11,2026-09-16 11:45:06
NVDA,NVDA261218P00152000,NVDA,2026-12-18,P,152.0,1.03,146.0,1.22,271.0,0.4654,2050.0,0.0,-0.0492,0.002,0.1123,-0.0272,-0.0285,1.109,0.0,0.0,0.0,0.0,no_change,1.31,2026-09-14T11:20:33,0.0,1.25499999523163,215.81,2026-09-16 15:44:11,2026-09-16 11:45:06
NVDA,NVDA261218P00154000,NVDA,2026-12-18,P,154.0,1.17,157.0,1.23,338.0,0.4578,1579.0,6.0,-0.0533,0.0022,0.1197,-0.0286,-0.0309,1.2031,-0.165,1.26,1.26,1.2,down,1.2,2026-09-16T11:01:12,-12.0879,1.36500000953674,215.81,2026-09-16 15:44:11,2026-09-16 11:45:06
NVDA,NVDA261218P00155000,NVDA,2026-12-18,P,155.0,1.21,286.0,1.3,473.0,0.4555,13036.0,32.0,-0.0555,0.0022,0.1235,-0.0294,-0.0322,1.2531,-0.12,1.33,1.33,1.31,down,1.31,2026-09-16T10:05:08,-8.39161,1.43000000715256,215.81,2026-09-16 15:44:11,2026-09-16 11:45:06
NVDA,NVDA261218P00156000,NVDA,2026-12-18,P,156.0,1.22,175.0,1.33,229.0,0.4502,1781.0,0.0,-0.0577,0.0023,0.1279,-0.0301,-0.0335,1.3056,0.0,0.0,0.0,0.0,down,1.56,2026-09-14T11:10:23,0.0,1.49500000476837,215.81,2026-09-16 15:44:11,2026-09-16 11:45:06
NVDA,NVDA261218P00158000,NVDA,2026-12-18,P,158.0,1.38,275.0,1.42,69.0,0.4459,3915.0,15.0,-0.0626,0.0025,0.1359,-0.0318,-0.0362,1.4191,-0.145,1.51,1.51,1.47,down,1.47,2026-09-16T09:42:07,-8.97833,1.61500000953674,215.81,2026-09-16 15:44:11,2026-09-16 11:45:06
NVDA,NVDA261218P00160000,NVDA,2026-12-18,P,160.0,1.5,354.0,1.6,447.0,0.4428,45575.0,68.0,-0.0678,0.0027,0.1445,-0.0334,-0.0392,1.5439,-0.23,1.65,1.66,1.54,down,1.54,2026-09-16T11:13:23,-12.9943,1.76999998092651,215.81,2026-09-16 15:44:11,2026-09-16 11:45:06
NVDA,NVDA261218P00162000,NVDA,2026-12-18,P,162.0,1.65,121.0,1.69,36.0,0.437,4015.0,1.0,-0.0735,0.0029,0.1534,-0.0352,-0.0424,1.6796,-0.26,1.67,1.67,1.67,down,1.67,2026-09-16T11:23:45,-13.4715,1.93000000715256,215.81,2026-09-16 15:44:11,2026-09-16 11:45:06
NVDA,NVDA261218P00164000,NVDA,2026-12-18,P,164.0,1.8,425.0,1.85,307.0,0.4323,9783.0,1.0,-0.0798,0.0031,0.1635,-0.0372,-0.0461,1.8349,-0.265,1.84,1.84,1.84,down,1.84,2026-09-16T11:15:31,-12.5891,2.10500001907349,215.81,2026-09-16 15:44:11,2026-09-16 11:45:06
NVDA,NVDA261218P00165000,NVDA,2026-12-18,P,165.0,1.86,374.0,1.98,425.0,0.4314,22057.0,22.0,-0.0829,0.0032,0.1688,-0.0381,-0.0478,1.9116,-0.235,2.03,2.03,1.97,no_change,1.97,2026-09-16T10:52:26,-10.6576,2.20500004291534,215.81,2026-09-16 15:44:11,2026-09-16 11:45:06
NVDA,NVDA261218P00166000,NVDA,2026-12-18,P,166.0,1.96,142.0,2.08,436.0,0.4301,2005.0,7.0,-0.0863,0.0034,0.1737,-0.0391,-0.0498,1.9966,-0.245,2.1,2.1,2.06,down,2.06,2026-09-16T10:52:02,-10.6291,2.30499994754791,215.81,2026-09-16 15:44:11,2026-09-16 11:45:06
NVDA,NVDA261218P00167000,NVDA,2026-12-18,P,167.0,2.01,193.0,2.15,289.0,0.4263,4418.0,0.0,-0.0899,0.0035,0.1786,-0.0401,-0.0518,2.0862,0.0,0.0,0.0,0.0,up,2.48,2026-09-15T15:35:42,0.0,2.41000008583069,215.81,2026-09-16 15:44:11,2026-09-16 11:45:06
NVDA,NVDA261218P00168000,NVDA,2026-12-18,P,168.0,2.13,173.0,2.27,285.0,0.4236,2662.0,14.0,-0.0936,0.0036,0.184,-0.0411,-0.0539,2.1798,-0.37,2.35,2.35,2.15,down,2.15,2026-09-16T11:25:46,-14.6825,2.51999998092651,215.81,2026-09-16 15:44:11,2026-09-16 11:45:06
NVDA,NVDA261218P00169000,NVDA,2026-12-18,P,169.0,2.21,156.0,2.35,285.0,0.4228,3499.0,0.0,-0.0974,0.0037,0.1893,-0.0422,-0.056,2.2779,0.0,0.0,0.0,0.0,down,2.68,2026-09-15T15:33:40,0.0,2.63499999046326,215.81,2026-09-16 15:44:11,2026-09-16 11:45:06
NVDA,NVDA261218P00170000,NVDA,2026-12-18,P,170.0,2.33,304.0,2.45,436.0,0.4212,19532.0,641.0,-0.1014,0.0039,0.1948,-0.0432,-0.0583,2.3805,-0.305,2.58,2.59,2.46,down,2.46,2026-09-16T10:42:10,-11.0307,2.76499998569489,215.81,2026-09-16 15:44:11,2026-09-16 11:45:06
NVDA,NVDA261218P00171000,NVDA,2026-12-18,P,171.0,2.42,121.0,2.56,212.0,0.4185,3426.0,0.0,-0.1058,0.004,0.2008,-0.0444,-0.0608,2.4951,0.0,0.0,0.0,0.0,up,2.92,2026-09-15T15:30:17,0.0,2.89499998092651,215.81,2026-09-16 15:44:11,2026-09-16 11:45:06
NVDA,NVDA261218P00172000,NVDA,2026-12-18,P,172.0,2.5,270.0,2.7,304.0,0.4165,2979.0,15.0,-0.1101,0.0041,0.2066,-0.0455,-0.0633,2.6078,-0.255,2.83,2.83,2.79,down,2.79,2026-09-16T09:42:07,-8.37438,3.04499995708466,215.81,2026-09-16 15:44:11,2026-09-16 11:45:06
NVDA,NVDA261218P00173000,NVDA,2026-12-18,P,173.0,2.69,367.0,2.75,228.0,0.4151,3150.0,26.0,-0.1143,0.0043,0.213,-0.0466,-0.0656,2.7216,-0.465,2.82,2.82,2.71,down,2.71,2026-09-16T11:25:46,-14.6457,3.17499995231628,215.81,2026-09-16 15:44:11,2026-09-16 11:45:06
NVDA,NVDA261218P00174000,NVDA,2026-12-18,P,174.0,2.8,294.0,2.91,871.0,0.4136,2943.0,0.0,-0.1191,0.0044,0.2189,-0.0478,-0.0684,2.85,0.0,0.0,0.0,0.0,up,3.4,2026-09-15T15:35:43,0.0,3.32500004768372,215.81,2026-09-16 15:44:11,2026-09-16 11:45:06
NVDA,NVDA261218P00175000,NVDA,2026-12-18,P,175.0,2.92,348.0,3.05,845.0,0.412,13842.0,47.0,-0.1239,0.0046,0.2246,-0.0489,-0.071,2.9794,-0.48,3.2,3.26,2.97,down,2.97,2026-09-16T11:08:44,-13.913,3.45000004768372,215.81,2026-09-16 15:44:11,2026-09-16 11:45:06
NVDA,NVDA261218P00176000,NVDA,2026-12-18,P,176.0,3.05,385.0,3.15,388.0,0.4095,2646.0,13.0,-0.1288,0.0047,0.2308,-0.0501,-0.0737,3.1143,-0.425,3.25,3.25,3.2,down,3.2,2026-09-16T10:45:26,-11.7241,3.625,215.81,2026-09-16 15:44:11,2026-09-16 11:45:06
NVDA,NVDA261218P00177000,NVDA,2026-12-18,P,177.0,3.2,289.0,3.35,867.0,0.4096,2231.0,15.0,-0.1336,0.0048,0.2365,-0.0512,-0.0765,3.25,-0.4,3.4,3.4,3.4,down,3.4,2026-09-16T10:30:33,-10.5263,3.79999995231628,215.81,2026-09-16 15:44:11,2026-09-16 11:45:06
NVDA,NVDA261218P00178000,NVDA,2026-12-18,P,178.0,3.35,280.0,3.5,780.0,0.4082,4479.0,0.0,-0.1389,0.005,0.2427,-0.0524,-0.0796,3.3965,0.0,0.0,0.0,0.0,up,4.0,2026-09-15T15:35:38,0.0,3.95000004768372,215.81,2026-09-16 15:44:11,2026-09-16 11:45:06
NVDA,NVDA261218P00179000,NVDA,2026-12-18,P,179.0,3.5,365.0,3.65,836.0,0.4066,2410.0,0.0,-0.1443,0.0051,0.249,-0.0536,-0.0824,3.5492,0.0,0.0,0.0,0.0,up,4.2,2026-09-15T15:35:37,0.0,4.14999985694885,215.81,2026-09-16 15:44:11,2026-09-16 11:45:06
NVDA,NVDA261218P00180000,NVDA,2026-12-18,P,180.0,3.65,332.0,3.75,244.0,0.4037,26275.0,138.0,-0.1499,0.0053,0.2556,-0.0548,-0.0855,3.7103,-0.65,4.05,4.05,3.7,down,3.7,2026-09-16T11:24:46,-14.9425,4.35000014305115,215.81,2026-09-16 15:44:11,2026-09-16 11:45:06
NVDA,NVDA261218P00181000,NVDA,2026-12-18,P,181.0,3.8,390.0,3.95,443.0,0.4024,4243.0,0.0,-0.1558,0.0054,0.2627,-0.0561,-0.0891,3.8811,0.0,0.0,0.0,0.0,down,4.55,2026-09-15T15:35:20,0.0,4.5,215.81,2026-09-16 15:44:11,2026-09-16 11:45:06
NVDA,NVDA261218P00182000,NVDA,2026-12-18,P,182.0,4.0,248.0,4.1,333.0,0.402,2441.0,21.0,-0.1617,0.0056,0.2686,-0.0573,-0.0921,4.0551,-0.455,4.35,4.35,4.27,down,4.27,2026-09-16T09:59:18,-9.62963,4.72500014305115,215.81,2026-09-16 15:44:11,2026-09-16 11:45:06
NVDA,NVDA261218P00183000,NVDA,2026-12-18,P,183.0,4.15,421.0,4.3,772.0,0.3995,2727.0,0.0,-0.1678,0.0058,0.2749,-0.0585,-0.0955,4.2355,0.0,0.0,0.0,0.0,no_change,4.95,2026-09-15T15:35:06,0.0,4.92499995231628,215.81,2026-09-16 15:44:11,2026-09-16 11:45:06
NVDA,NVDA261218P00184000,NVDA,2026-12-18,P,184.0,4.35,272.0,4.5,554.0,0.3986,1712.0,2.0,-0.174,0.0059,0.2812,-0.0597,-0.099,4.423,-0.725,4.43,4.43,4.4,down,4.4,2026-09-16T11:08:11,-14.1463,5.125,215.81,2026-09-16 15:44:11,2026-09-16 11:45:06
NVDA,NVDA261218P00185000,NVDA,2026-12-18,P,185.0,4.55,317.0,4.7,810.0,0.3976,13265.0,73.0,-0.1804,0.0061,0.2875,-0.0609,-0.1025,4.6177,-0.775,4.95,5.01,4.58,no_change,4.6,2026-09-16T11:23:38,-14.4186,5.375,215.81,2026-09-16 15:44:11,2026-09-16 11:45:06
NVDA,NVDA261218P00186000,NVDA,2026-12-18,P,186.0,4.75,260.0,4.9,795.0,0.3963,1948.0,20.0,-0.187,0.0062,0.2938,-0.0621,-0.1061,4.8199,-0.51,5.09,5.09,5.09,no_change,5.09,2026-09-16T09:54:05,-9.10715,5.60000014305115,215.81,2026-09-16 15:44:11,2026-09-16 11:45:06
NVDA,NVDA261218P00187000,NVDA,2026-12-18,P,187.0,4.95,359.0,5.1,448.0,0.3947,3520.0,15.0,-0.1937,0.0064,0.3004,-0.0633,-0.11,5.0298,-0.665,5.41,5.41,5.16,down,5.16,2026-09-16T10:18:22,-11.4163,5.82500004768372,215.81,2026-09-16 15:44:11,2026-09-16 11:45:06
NVDA,NVDA261218P00188000,NVDA,2026-12-18,P,188.0,5.2,391.0,5.3,415.0,0.3938,2378.0,7.0,-0.2006,0.0066,0.3076,-0.0645,-0.1136,5.2477,-0.645,5.6,5.6,5.43,down,5.43,2026-09-16T10:43:19,-10.6173,6.07500004768372,215.81,2026-09-16 15:44:11,2026-09-16 11:45:06
NVDA,NVDA261218P00189000,NVDA,2026-12-18,P,189.0,5.4,260.0,5.55,895.0,0.3929,2147.0,2.0,-0.2073,0.0067,0.3133,-0.0656,-0.1171,5.4659,-0.475,5.87,5.87,5.85,down,5.85,2026-09-16T09:46:40,-7.50988,6.32500004768372,215.81,2026-09-16 15:44:11,2026-09-16 11:45:06
NVDA,NVDA261218P00190000,NVDA,2026-12-18,P,190.0,5.65,562.0,5.85,793.0,0.3912,29196.0,120.0,-0.2149,0.0069,0.3193,-0.0668,-0.1211,5.7094,-0.91,6.12,6.12,5.65,down,5.69,2026-09-16T11:28:37,-13.7879,6.60000014305115,215.81,2026-09-16 15:44:11,2026-09-16 11:45:06
NVDA,NVDA261218P00191000,NVDA,2026-12-18,P,191.0,5.85,328.0,6.0,141.0,0.3899,2320.0,46.0,-0.2219,0.007,0.3254,-0.068,-0.1252,5.9424,-0.875,6.25,6.25,6.0,no_change,6.0,2026-09-16T11:22:46,-12.7273,6.875,215.81,2026-09-16 15:44:11,2026-09-16 11:45:06
NVDA,NVDA261218P00192000,NVDA,2026-12-18,P,192.0,6.1,229.0,6.35,377.0,0.3888,1929.0,9.0,-0.2294,0.0072,0.3312,-0.0691,-0.1291,6.1931,-0.975,6.45,6.45,6.15,up,6.2,2026-09-16T11:25:22,-13.5889,7.17499995231628,215.81,2026-09-16 15:44:11,2026-09-16 11:45:06
NVDA,NVDA261218P00193000,NVDA,2026-12-18,P,193.0,6.4,222.0,6.55,625.0,0.389,1915.0,0.0,-0.2371,0.0073,0.3373,-0.0702,-0.1334,6.4522,0.0,0.0,0.0,0.0,up,7.5,2026-09-15T15:34:45,0.0,7.47500014305115,215.81,2026-09-16 15:44:11,2026-09-16 11:45:06
NVDA,NVDA261218P00194000,NVDA,2026-12-18,P,194.0,6.65,353.0,6.8,661.0,0.3875,2941.0,2.0,-0.2449,0.0075,0.3434,-0.0713,-0.1378,6.7199,-1.085,7.0,7.0,6.69,down,6.69,2026-09-16T11:23:45,-13.955,7.77499985694885,215.81,2026-09-16 15:44:11,2026-09-16 11:45:06
NVDA,NVDA261218P00195000,NVDA,2026-12-18,P,195.0,6.9,379.0,7.1,857.0,0.3858,16908.0,121.0,-0.2529,0.0076,0.3495,-0.0724,-0.1418,6.9969,-1.095,7.5,7.5,6.94,down,6.98,2026-09-16T11:24:26,-13.5604,8.0750002861023,215.81,2026-09-16 15:44:11,2026-09-16 11:45:06
NVDA,NVDA261218P00200000,NVDA,2026-12-18,P,200.0,8.45,553.0,8.6,172.0,0.3816,45901.0,218.0,-0.2953,0.0084,0.3764,-0.0774,-0.1639,8.535,-1.23,9.15,9.25,8.45,up,8.52,2026-09-16T11:24:07,-12.6154,9.75,215.81,2026-09-16 15:44:11,2026-09-16 11:45:06
NVDA,NVDA261218P00205000,NVDA,2026-12-18,P,205.0,10.2,245.0,10.45,273.0,0.3776,12118.0,280.0,-0.3399,0.009,0.3993,-0.0815,-0.1862,10.287,-1.4,11.05,11.05,10.2,up,10.35,2026-09-16T11:21:26,-11.9149,11.75,215.81,2026-09-16 15:44:11,2026-09-16 11:45:06
NVDA,NVDA261218P00210000,NVDA,2026-12-18,P,210.0,12.2,456.0,12.4,87.0,0.3743,24512.0,135.0,-0.3874,0.0095,0.4172,-0.0846,-0.2087,12.3021,-1.7,13.27,13.27,12.22,up,12.25,2026-09-16T11:11:40,-12.1864,13.9499998092651,215.81,2026-09-16 15:44:11,2026-09-16 11:45:06
NVDA,NVDA261218P00212000,NVDA,2026-12-18,P,212.0,13.1,303.0,13.3,282.0,0.3721,2305.0,75.0,-0.4071,0.0097,0.4223,-0.0856,-0.2177,13.1876,-1.775,14.1,14.23,13.15,up,13.2,2026-09-16T11:25:18,-11.8531,14.9749999046326,215.81,2026-09-16 15:44:11,2026-09-16 11:45:06
NVDA,NVDA261218P00213000,NVDA,2026-12-18,P,213.0,13.55,360.0,13.85,356.0,0.3716,1561.0,121.0,-0.4172,0.0098,0.4246,-0.086,-0.2226,13.6564,-1.8,14.2,14.2,13.64,up,13.65,2026-09-16T11:06:52,-11.6505,15.4500002861023,215.81,2026-09-16 15:44:11,2026-09-16 11:45:06
NVDA,NVDA261218P00214000,NVDA,2026-12-18,P,214.0,14.0,370.0,14.3,487.0,0.3713,2538.0,2.0,-0.4271,0.0099,0.4267,-0.0863,-0.2271,14.1216,-1.525,14.45,14.45,14.45,down,14.45,2026-09-16T10:46:05,-9.54616,15.9749994277954,215.81,2026-09-16 15:44:11,2026-09-16 11:45:06
NVDA,NVDA261218P00215000,NVDA,2026-12-18,P,215.0,14.5,360.0,14.8,410.0,0.3706,5469.0,719.0,-0.4371,0.0099,0.4285,-0.0866,-0.2319,14.5975,-1.835,15.5,15.65,14.5,up,14.64,2026-09-16T11:16:43,-11.1381,16.4749994277954,215.81,2026-09-16 15:44:11,2026-09-16 11:45:06
NVDA,NVDA261218P00216000,NVDA,2026-12-18,P,216.0,14.95,434.0,15.2,316.0,0.3702,1168.0,24.0,-0.4467,0.01,0.43,-0.0869,-0.2358,15.0691,-1.975,15.79,15.79,15.0,up,15.05,2026-09-16T11:11:56,-11.6006,17.0250005722046,215.81,2026-09-16 15:44:11,2026-09-16 11:45:06
NVDA,NVDA261218P00217000,NVDA,2026-12-18,P,217.0,15.45,315.0,15.7,252.0,0.3697,2993.0,153.0,-0.4567,0.01,0.4311,-0.0871,-0.2393,15.5662,-1.9,16.47,16.47,15.65,down,15.65,2026-09-16T11:04:00,-10.8262,17.5500001907349,215.81,2026-09-16 15:44:11,2026-09-16 11:45:06
NVDA,NVDA261218P00218000,NVDA,2026-12-18,P,218.0,16.0,481.0,16.3,527.0,0.3685,916.0,4.0,-0.4671,0.0101,0.432,-0.0872,-0.2437,16.091,-2.1,16.35,16.35,16.0,no_change,16.0,2026-09-16T11:26:24,-11.6022,18.1000003814697,215.81,2026-09-16 15:44:11,2026-09-16 11:45:06
NVDA,NVDA261218P00219000,NVDA,2026-12-18,P,219.0,16.5,334.0,16.7,63.0,0.3681,1305.0,7.0,-0.4772,0.0102,0.4329,-0.0873,-0.2477,16.6093,-2.05,17.05,17.05,16.6,no_change,16.6,2026-09-16T11:06:50,-10.992,18.6499996185303,215.81,2026-09-16 15:44:11,2026-09-16 11:45:06
NVDA,NVDA261218P00220000,NVDA,2026-12-18,P,220.0,17.1,373.0,17.35,404.0,0.3691,39165.0,67.0,-0.4869,0.0102,0.4333,-0.0874,-0.2516,17.1218,-2.125,18.22,18.25,17.05,no_change,17.1,2026-09-16T11:14:52,-11.0533,19.2250003814697,215.81,2026-09-16 15:44:11,2026-09-16 11:45:06
NVDA,NVDA261218P00221000,NVDA,2026-12-18,P,221.0,17.55,398.0,17.85,478.0,0.3677,1645.0,2.0,-0.4969,0.0102,0.4336,-0.0874,-0.2558,17.6602,-2.2,17.6,17.6,17.6,no_change,17.6,2026-09-16T11:15:01,-11.1111,19.8000001907349,215.81,2026-09-16 15:44:11,2026-09-16 11:45:06
NVDA,NVDA261218P00222000,NVDA,2026-12-18,P,222.0,18.1,421.0,18.45,435.0,0.3668,613.0,4.0,-0.5073,0.0102,0.4335,-0.0874,-0.2606,18.2258,-1.85,18.65,18.65,18.55,down,18.55,2026-09-16T10:58:54,-9.06863,20.3999996185303,215.81,2026-09-16 15:44:11,2026-09-16 11:45:06
NVDA,NVDA261218P00223000,NVDA,2026-12-18,P,223.0,18.75,1.0,19.0,497.0,0.3661,548.0,1.0,-0.5174,0.0103,0.4328,-0.0873,-0.2637,18.7851,-1.85,19.15,19.15,19.15,down,19.15,2026-09-16T10:48:05,-8.80952,21.0,215.81,2026-09-16 15:44:11,2026-09-16 11:45:06
NVDA,NVDA261218P00224000,NVDA,2026-12-18,P,224.0,19.25,362.0,19.55,388.0,0.3658,960.0,0.0,-0.5274,0.0103,0.432,-0.0872,-0.2657,19.3554,0.0,0.0,0.0,0.0,no_change,21.4,2026-09-14T14:08:52,0.0,21.625,215.81,2026-09-16 15:44:11,2026-09-16 11:45:06
NVDA,NVDA261218P00225000,NVDA,2026-12-18,P,225.0,19.85,320.0,20.15,454.0,0.3652,3216.0,11.0,-0.5374,0.0103,0.4305,-0.087,-0.2696,19.9379,-2.325,21.0,21.0,19.9,down,19.9,2026-09-16T11:04:16,-10.4612,22.2250003814697,215.81,2026-09-16 15:44:11,2026-09-16 11:45:06
NVDA,NVDA261218P00226000,NVDA,2026-12-18,P,226.0,20.4,298.0,20.75,222.0,0.3643,869.0,0.0,-0.5474,0.0103,0.4299,-0.0868,-0.2734,20.5294,0.0,0.0,0.0,0.0,down,22.05,2026-09-15T09:41:54,0.0,22.875,215.81,2026-09-16 15:44:11,2026-09-16 11:45:06
NVDA,NVDA261218P00227000,NVDA,2026-12-18,P,227.0,21.0,354.0,21.35,350.0,0.3639,523.0,54.0,-0.5574,0.0103,0.4284,-0.0865,-0.2763,21.1303,-2.275,21.15,21.15,21.15,no_change,21.15,2026-09-16T11:04:06,-9.71185,23.4250001907349,215.81,2026-09-16 15:44:11,2026-09-16 11:45:06
NVDA,NVDA261218P00228000,NVDA,2026-12-18,P,228.0,21.65,43.0,21.85,154.0,0.3638,2230.0,2.0,-0.5673,0.0103,0.4268,-0.0862,-0.2798,21.7415,-1.975,22.2,22.2,22.2,down,22.2,2026-09-16T10:47:49,-8.1696,24.1750001907349,215.81,2026-09-16 15:44:11,2026-09-16 11:45:06
NVDA,NVDA261218P00230000,NVDA,2026-12-18,P,230.0,22.85,358.0,23.1,157.0,0.363,8617.0,517.0,-0.587,0.0103,0.4229,-0.0855,-0.2871,22.9922,-1.995,24.24,24.42,23.48,down,23.48,2026-09-16T10:16:42,-7.8312,25.4749994277954,215.81,2026-09-16 15:44:11,2026-09-16 11:45:06
NVDA,NVDA261218P00235000,NVDA,2026-12-18,P,235.0,26.05,279.0,26.45,76.0,0.3612,3681.0,0.0,-0.6351,0.0101,0.4069,-0.083,-0.2962,26.2975,0.0,0.0,0.0,0.0,no_change,29.0,2026-09-15T15:52:22,0.0,29.0,215.81,2026-09-16 15:44:11,2026-09-16 11:45:06
NVDA,NVDA261218P00240000,NVDA,2026-12-18,P,240.0,29.6,159.0,29.95,98.0,0.3596,1915.0,1.0,-0.6812,0.0098,0.3845,-0.0796,-0.302,29.835,-1.89,30.81,30.81,30.81,down,30.81,2026-09-16T09:50:09,-5.77982,32.7000007629394,215.81,2026-09-16 15:44:11,2026-09-16 11:45:06
NVDA,NVDA261218P00245000,NVDA,2026-12-18,P,245.0,33.15,302.0,33.75,36.0,0.3564,952.0,0.0,-0.7246,0.0094,0.3617,-0.0756,-0.3073,33.5912,0.0,0.0,0.0,0.0,up,36.4,2026-09-15T11:13:01,0.0,36.6000003814697,215.81,2026-09-16 15:44:11,2026-09-16 11:45:06
NVDA,NVDA261218P00250000,NVDA,2026-12-18,P,250.0,37.25,119.0,37.65,53.0,0.3568,2292.0,2.0,-0.765,0.009,0.3311,-0.0711,-0.2988,37.5527,-2.455,39.05,39.05,38.27,down,38.27,2026-09-16T10:32:55,-6.02824,40.7250003814697,215.81,2026-09-16 15:44:11,2026-09-16 11:45:06
NVDA,NVDA261218P00255000,NVDA,2026-12-18,P,255.0,41.35,108.0,41.8,14.0,0.3563,1290.0,0.0,-0.8021,0.0084,0.2992,-0.0665,-0.2882,41.6841,0.0,0.0,0.0,0.0,up,44.74,2026-09-15T11:37:36,0.0,45.0,215.81,2026-09-16 15:44:11,2026-09-16 11:45:06
NVDA,NVDA261218P00260000,NVDA,2026-12-18,P,260.0,45.65,387.0,46.3,110.0,0.3537,1136.0,3.0,-0.8359,0.0079,0.2646,-0.0617,-0.2784,46.0005,-3.475,45.95,45.95,45.95,no_change,45.95,2026-09-16T11:13:16,-7.03086,49.4250011444092,215.81,2026-09-16 15:44:11,2026-09-16 11:45:06
NVDA,NVDA261218P00265000,NVDA,2026-12-18,P,265.0,50.0,313.0,50.6,73.0,0.3551,713.0,0.0,-0.8661,0.0073,0.2279,-0.0572,-0.2522,50.4389,0.0,0.0,0.0,0.0,down,54.1,2026-09-15T14:06:03,0.0,53.8250007629394,215.81,2026-09-16 15:44:11,2026-09-16 11:45:06
NVDA,NVDA261218P00270000,NVDA,2026-12-18,P,270.0,54.65,363.0,55.3,153.0,0.3527,1454.0,33.0,-0.893,0.0067,0.1964,-0.0524,-0.2324,55.0092,-2.975,55.8,55.97,55.65,no_change,55.65,2026-09-16T10:46:10,-5.07463,58.625,215.81,2026-09-16 15:44:11,2026-09-16 11:45:06
NVDA,NVDA261218P00275000,NVDA,2026-12-18,P,275.0,59.3,309.0,60.0,170.0,0.3536,1147.0,0.0,-0.9174,0.0063,0.1585,-0.0477,-0.1983,59.686,0.0,0.0,0.0,0.0,no_change,51.8,2026-09-08T13:31:16,0.0,63.375,215.81,2026-09-16 15:44:11,2026-09-16 11:45:06
NVDA,NVDA261218P00280000,NVDA,2026-12-18,P,280.0,63.75,377.0,64.75,322.0,0.3466,306.0,1.0,-0.9378,0.0058,0.1308,-0.0419,-0.1743,64.4454,-2.825,65.4,65.4,65.4,up,65.4,2026-09-16T10:11:22,-4.14071,68.2249984741211,215.81,2026-09-16 15:44:11,2026-09-16 11:45:06
NVDA,NVDA261218P00285000,NVDA,2026-12-18,P,285.0,68.65,290.0,69.55,29.0,0.0,329.0,0.0,-0.9562,0.005,0.0892,-0.0431,-0.1203,69.2893,0.0,0.0,0.0,0.0,up,73.0,2026-09-15T13:59:52,0.0,73.0,215.81,2026-09-16 15:44:11,2026-09-16 11:45:06
NVDA,NVDA261218P00290000,NVDA,2026-12-18,P,290.0,73.6,91.0,74.6,7.0,0.0,346.0,0.0,-0.9724,0.0048,0.0704,-0.0418,-0.1059,74.1805,0.0,0.0,0.0,0.0,up,78.98,2026-09-14T11:20:13,0.0,78.0249977111816,215.81,2026-09-16 15:44:11,2026-09-16 11:45:06
NVDA,NVDA261218P00295000,NVDA,2026-12-18,P,295.0,78.65,41.0,79.5,8.0,0.0,25.0,0.0,-0.9838,0.0039,0.0351,-0.0267,-0.0428,79.1214,0.0,0.0,0.0,0.0,down,66.35,2026-09-03T15:20:22,0.0,83.0250015258789,215.81,2026-09-16 15:44:11,2026-09-16 11:45:06
NVDA,NVDA261218P00300000,NVDA,2026-12-18,P,300.0,83.65,41.0,84.5,5.0,0.0,16.0,0.0,-0.9916,0.0022,0.0057,-0.0186,0.0,84.1094,0.0,0.0,0.0,0.0,up,89.0,2026-09-14T15:59:16,0.0,88.0499992370606,215.81,2026-09-16 15:44:11,2026-09-16 11:45:06
NVDA,NVDA261218P00305000,NVDA,2026-12-18,P,305.0,88.7,1.0,89.5,6.0,0.0,1.0,0.0,-0.9973,0.0007,0.0,-0.0186,0.0,89.1094,0.0,0.0,0.0,0.0,up,85.32,2026-08-31T10:17:28,0.0,93.0499992370606,215.81,2026-09-16 15:44:11,2026-09-16 11:45:06
NVDA,NVDA261218P00310000,NVDA,2026-12-18,P,310.0,93.65,27.0,94.7,30.0,0.0,0.0,0.0,-0.9996,0.0001,0.0,-0.0186,0.0,94.1094,0.0,0.0,0.0,0.0,down,82.67,2026-09-08T10:34:40,0.0,98.0250015258789,215.81,2026-09-16 15:44:11,2026-09-16 11:45:06
NVDA,NVDA261218P00315000,NVDA,2026-12-18,P,315.0,98.65,27.0,99.7,30.0,0.0,0.0,0.0,-1.0,0.0,0.0,-0.0186,0.0,99.1094,0.0,0.0,0.0,0.0,no_change,98.86,2026-08-20T11:53:24,0.0,103.025001525879,215.81,2026-09-16 15:44:11,2026-09-16 11:45:06
NVDA,NVDA261218P00320000,NVDA,2026-12-18,P,320.0,103.65,29.0,104.7,30.0,0.0,0.0,0.0,-1.0,0.0,0.0,-0.0186,0.0,104.1094,0.0,0.0,0.0,0.0,up,95.38,2026-08-13T11:17:49,0.0,108.025001525879,215.81,2026-09-16 15:44:11,2026-09-16 11:45:06
NVDA,NVDA261218P00325000,NVDA,2026-12-18,P,325.0,108.7,1.0,109.7,30.0,0.0,0.0,0.0,-1.0,0.0,0.0,-0.0186,0.0,109.1094,0.0,0.0,0.0,0.0,down,100.12,2026-08-13T11:17:48,0.0,113.025001525879,215.81,2026-09-16 15:44:11,2026-09-16 11:45:06
NVDA,NVDA261218P00330000,NVDA,2026-12-18,P,330.0,113.7,1.0,114.7,30.0,0.0,0.0,0.0,-1.0,0.0,0.0,-0.0186,0.0,114.1094,0.0,0.0,0.0,0.0,no_change,113.78,2026-08-20T11:53:24,0.0,118.025001525879,215.81,2026-09-16 15:44:11,2026-09-16 11:45:06
NVDA,NVDA261218P00335000,NVDA,2026-12-18,P,335.0,118.7,1.0,119.7,30.0,0.0,0.0,0.0,-1.0,0.0,0.0,-0.0186,0.0,119.1094,0.0,0.0,0.0,0.0,no_change,0.0,,0.0,123.025001525879,215.81,2026-09-16 15:44:11,2026-09-16 11:45:06
NVDA,NVDA261218P00340000,NVDA,2026-12-18,P,340.0,123.7,1.0,124.7,28.0,0.0,0.0,0.0,-1.0,0.0,0.0,-0.0186,0.0,124.1094,0.0,0.0,0.0,0.0,up,117.17,2026-08-28T11:53:49,0.0,128.025001525879,215.81,2026-09-16 15:44:11,2026-09-16 11:45:06
NVDA,NVDA261218P00345000,NVDA,2026-12-18,P,345.0,128.7,1.0,129.7,30.0,0.0,0.0,0.0,-1.0,0.0,0.0,-0.0186,0.0,129.1094,0.0,0.0,0.0,0.0,down,120.04,2026-08-13T11:17:48,0.0,133.025001525879,215.81,2026-09-16 15:44:11,2026-09-16 11:45:06
NVDA,NVDA261218P00350000,NVDA,2026-12-18,P,350.0,133.65,25.0,134.7,30.0,0.0,0.0,0.0,-1.0,0.0,0.0,-0.0186,0.0,134.1094,0.0,0.0,0.0,0.0,up,142.3,2026-06-05T11:39:58,0.0,138.025001525879,215.81,2026-09-16 15:44:11,2026-09-16 11:45:06
NVDA,NVDA261218P00355000,NVDA,2026-12-18,P,355.0,138.7,1.0,139.7,30.0,0.0,0.0,0.0,-1.0,0.0,0.0,-0.0186,0.0,139.1094,0.0,0.0,0.0,0.0,down,138.0,2026-05-11T10:31:43,0.0,143.025001525879,215.81,2026-09-16 15:44:11,2026-09-16 11:45:06
NVDA,NVDA261218P00360000,NVDA,2026-12-18,P,360.0,143.7,1.0,144.7,30.0,0.0,0.0,0.0,-1.0,0.0,0.0,-0.0186,0.0,144.1094,0.0,0.0,0.0,0.0,up,183.78,2026-03-24T11:08:58,0.0,148.025001525879,215.81,2026-09-16 15:44:11,2026-09-16 11:45:06
NVDA,NVDA261218P00365000,NVDA,2026-12-18,P,365.0,148.7,1.0,149.7,30.0,0.0,0.0,0.0,-1.0,0.0,0.0,-0.0186,0.0,149.1094,0.0,0.0,0.0,0.0,no_change,0.0,,0.0,153.025001525879,215.81,2026-09-16 15:44:11,2026-09-16 11:45:06
NVDA,NVDA261218P00370000,NVDA,2026-12-18,P,370.0,153.7,1.0,154.7,30.0,0.0,0.0,0.0,-1.0,0.0,0.0,-0.0186,0.0,154.1094,0.0,0.0,0.0,0.0,down,155.05,2026-06-03T15:32:25,0.0,158.050003051758,215.81,2026-09-16 15:44:11,2026-09-16 11:45:06
NVDA,NVDA261218P00375000,NVDA,2026-12-18,P,375.0,158.7,1.0,159.7,30.0,0.0,0.0,0.0,-1.0,0.0,0.0,-0.0186,0.0,159.1094,0.0,0.0,0.0,0.0,no_change,0.0,,0.0,163.025001525879,215.81,2026-09-16 15:44:11,2026-09-16 11:45:06
NVDA,NVDA261218P00380000,NVDA,2026-12-18,P,380.0,163.7,1.0,164.7,30.0,0.0,0.0,0.0,-1.0,0.0,0.0,-0.0186,0.0,164.1094,0.0,0.0,0.0,0.0,down,167.35,2026-05-26T12:19:23,0.0,168.050003051758,215.81,2026-09-16 15:44:11,2026-09-16 11:45:06
NVDA,NVDA261218P00385000,NVDA,2026-12-18,P,385.0,168.7,1.0,169.7,30.0,0.0,0.0,0.0,-1.0,0.0,0.0,-0.0186,0.0,169.1094,0.0,0.0,0.0,0.0,no_change,0.0,,0.0,173.025001525879,215.81,2026-09-16 15:44:11,2026-09-16 11:45:06
NVDA,NVDA261218P00390000,NVDA,2026-12-18,P,390.0,173.7,1.0,174.7,30.0,0.0,0.0,0.0,-1.0,0.0,0.0,-0.0186,0.0,174.1094,0.0,0.0,0.0,0.0,down,159.5,2026-06-02T09:53:01,0.0,178.025001525879,215.81,2026-09-16 15:44:11,2026-09-16 11:45:06
NVDA,NVDA261218P00400000,NVDA,2026-12-18,P,400.0,183.7,1.0,184.65,34.0,0.6621,0.0,0.0,-1.0,0.0,0.0,-0.0186,0.0,184.1094,0.0,0.0,0.0,0.0,down,171.37,2026-08-27T12:30:10,0.0,188.025001525879,215.81,2026-09-16 15:44:11,2026-09-16 11:45:06
NVDA,NVDA261218P00410000,NVDA,2026-12-18,P,410.0,193.7,1.0,194.65,34.0,0.6846,0.0,0.0,-1.0,0.0,0.0,-0.0186,0.0,194.1094,0.0,0.0,0.0,0.0,down,183.0,2026-05-15T10:46:01,0.0,198.025001525879,215.81,2026-09-16 15:44:11,2026-09-16 11:45:06
NVDA,NVDA261218P00420000,NVDA,2026-12-18,P,420.0,203.7,1.0,204.7,30.0,0.7065,0.0,0.0,-1.0,0.0,0.0,-0.0186,0.0,204.1094,0.0,0.0,0.0,0.0,no_change,0.0,,0.0,208.025001525879,215.81,2026-09-16 15:44:11,2026-09-16 11:45:06
NVDA,NVDA261218P00430000,NVDA,2026-12-18,P,430.0,213.7,1.0,214.65,34.0,0.7278,0.0,0.0,-1.0,0.0,0.0,-0.0186,0.0,214.1094,0.0,0.0,0.0,0.0,no_change,0.0,,0.0,218.025001525879,215.81,2026-09-16 15:44:11,2026-09-16 11:45:06
NVDA,NVDA261218P00440000,NVDA,2026-12-18,P,440.0,223.7,1.0,224.7,27.0,0.0,0.0,0.0,-1.0,0.0,0.0,-0.0186,0.0,224.1094,0.0,0.0,0.0,0.0,no_change,0.0,,0.0,228.025001525879,215.81,2026-09-16 15:44:11,2026-09-16 11:45:06
NVDA,NVDA261218P00450000,NVDA,2026-12-18,P,450.0,233.7,1.0,234.65,28.0,0.0,0.0,0.0,-1.0,0.0,0.0,-0.0186,0.0,234.1094,0.0,0.0,0.0,0.0,no_change,0.0,,0.0,238.025001525879,215.81,2026-09-16 15:44:11,2026-09-16 11:45:06
NVDA,NVDA261218P00455000,NVDA,2026-12-18,P,455.0,238.7,1.0,239.7,30.0,0.7789,0.0,0.0,-1.0,0.0,0.0,-0.0186,0.0,239.1094,0.0,0.0,0.0,0.0,no_change,0.0,,0.0,243.025001525879,215.81,2026-09-16 15:44:11,2026-09-16 11:45:06
NVDA,NVDA261218P00460000,NVDA,2026-12-18,P,460.0,243.7,1.0,244.7,30.0,0.7888,0.0,0.0,-1.0,0.0,0.0,-0.0186,0.0,244.1094,0.0,0.0,0.0,0.0,no_change,0.0,,0.0,248.025001525879,215.81,2026-09-16 15:44:11,2026-09-16 11:45:06
NVDA,NVDA270115C00005000,NVDA,2027-01-15,C,5.0,210.1,25.0,212.0,26.0,0.0,134.0,0.0,1.0,0.0,0.0001,0.0,0.0107,211.1538,0.0,0.0,0.0,0.0,no_change,213.95,2026-09-10T15:43:54,0.0,207.125,215.81,2026-09-16 15:44:11,2026-09-16 11:45:06
NVDA,NVDA270115C00010000,NVDA,2027-01-15,C,10.0,205.05,25.0,207.05,25.0,0.0,216.0,0.0,1.0,0.0,0.0003,0.0,0.0214,206.1523,0.0,0.0,0.0,0.0,down,201.5,2026-09-14T15:55:00,0.0,202.174995422363,215.81,2026-09-16 15:44:11,2026-09-16 11:45:06
NVDA,NVDA270115C00015000,NVDA,2027-01-15,C,15.0,200.1,27.0,202.1,26.0,0.0,187.0,0.0,1.0,0.0,0.0005,0.0,0.0322,201.2525,0.0,0.0,0.0,0.0,down,211.0,2026-09-09T14:02:59,0.0,197.224998474121,215.81,2026-09-16 15:44:11,2026-09-16 11:45:06
NVDA,NVDA270115C00020000,NVDA,2027-01-15,C,20.0,195.15,26.0,197.15,26.0,0.0,3104.0,0.0,1.0,0.0,0.0009,0.0,0.0435,196.253,0.0,0.0,0.0,0.0,up,192.5,2026-09-15T11:29:36,0.0,192.275001525879,215.81,2026-09-16 15:44:11,2026-09-16 11:45:06
NVDA,NVDA270115C00025000,NVDA,2027-01-15,C,25.0,190.3,26.0,192.2,1.0,1.1896,553.0,0.0,1.0,0.0,0.0013,0.0,0.055,191.3053,0.0,0.0,0.0,0.0,no_change,202.7,2026-09-08T10:37:30,0.0,187.349998474121,215.81,2026-09-16 15:44:11,2026-09-16 11:45:06
NVDA,NVDA270115C00030000,NVDA,2027-01-15,C,30.0,185.25,26.0,187.3,26.0,1.2249,445.0,0.0,1.0,0.0,0.0019,0.0,0.0717,186.3604,0.0,0.0,0.0,0.0,down,188.53,2026-09-10T11:23:26,0.0,182.400001525879,215.81,2026-09-16 15:44:11,2026-09-16 11:45:06
NVDA,NVDA270115C00035000,NVDA,2027-01-15,C,35.0,180.35,26.0,182.4,26.0,1.2563,1877.0,0.0,1.0,0.0,0.0026,0.0,0.1045,181.4241,0.0,0.0,0.0,0.0,down,193.1,2026-08-27T15:57:22,0.0,177.5,215.81,2026-09-16 15:44:11,2026-09-16 11:45:06
NVDA,NVDA270115C00040000,NVDA,2027-01-15,C,40.0,175.4,27.0,177.5,26.0,1.0808,603.0,0.0,1.0,0.0,0.0034,0.0,0.1346,176.5059,0.0,0.0,0.0,0.0,down,179.12,2026-09-10T09:42:31,0.0,172.574996948242,215.81,2026-09-16 15:44:11,2026-09-16 11:45:06
NVDA,NVDA270115C00045000,NVDA,2027-01-15,C,45.0,170.6,26.0,172.55,26.0,1.0446,1064.0,0.0,1.0,0.0,0.0043,0.0,0.1513,171.6409,0.0,0.0,0.0,0.0,down,179.99,2026-09-09T11:01:43,0.0,167.650001525879,215.81,2026-09-16 15:44:11,2026-09-16 11:45:06
NVDA,NVDA270115C00050000,NVDA,2027-01-15,C,50.0,165.65,26.0,167.65,26.0,0.9721,1506.0,0.0,0.9997,0.0,0.0053,0.0,0.1679,166.677,0.0,0.0,0.0,0.0,up,183.7,2026-09-04T10:52:20,0.0,162.75,215.81,2026-09-16 15:44:11,2026-09-16 11:45:06
NVDA,NVDA270115C00055000,NVDA,2027-01-15,C,55.0,160.75,26.0,162.75,26.0,0.9067,2412.0,0.0,0.9994,0.0,0.0065,0.0,0.1845,161.7645,0.0,0.0,0.0,0.0,down,171.0,2026-09-09T13:54:47,0.0,157.824996948242,215.81,2026-09-16 15:44:11,2026-09-16 11:45:06
NVDA,NVDA270115C00060000,NVDA,2027-01-15,C,60.0,155.85,26.0,157.85,26.0,0.8776,2416.0,0.0,0.999,0.0001,0.0079,0.0,0.201,156.9039,0.0,0.0,0.0,0.0,down,147.55,2026-09-14T09:31:10,0.0,152.925003051758,215.81,2026-09-16 15:44:11,2026-09-16 11:45:06
NVDA,NVDA270115C00065000,NVDA,2027-01-15,C,65.0,151.1,35.0,152.95,27.0,0.8999,699.0,0.0,0.9986,0.0001,0.0095,0.0,0.2175,151.9449,0.0,0.0,0.0,0.0,no_change,154.68,2026-09-10T13:25:34,0.0,148.100006103516,215.81,2026-09-16 15:44:11,2026-09-16 11:45:06
NVDA,NVDA270115C00070000,NVDA,2027-01-15,C,70.0,146.4,35.0,147.9,35.0,0.8596,5069.0,0.0,0.998,0.0001,0.0114,0.0,0.2339,147.0382,0.0,0.0,0.0,0.0,up,143.12,2026-09-14T11:50:48,0.0,143.224998474121,215.81,2026-09-16 15:44:11,2026-09-16 11:45:06
NVDA,NVDA270115C00075000,NVDA,2027-01-15,C,75.0,141.3,37.0,143.1,1.0,0.8209,3336.0,0.0,0.9974,0.0001,0.0136,0.0,0.2502,142.134,0.0,0.0,0.0,0.0,up,138.8,2026-09-14T14:22:38,0.0,138.224998474121,215.81,2026-09-16 15:44:11,2026-09-16 11:45:06
NVDA,NVDA270115C00080000,NVDA,2027-01-15,C,80.0,136.6,53.0,138.1,52.0,0.7837,15243.0,0.0,0.9966,0.0001,0.0162,0.0,0.2664,137.2329,0.0,0.0,0.0,0.0,up,133.5,2026-09-15T14:44:22,0.0,133.375,215.81,2026-09-16 15:44:11,2026-09-16 11:45:06
NVDA,NVDA270115C00085000,NVDA,2027-01-15,C,85.0,131.5,30.0,133.2,37.0,0.7047,1443.0,0.0,0.9957,0.0002,0.0192,0.0,0.2825,132.3352,0.0,0.0,0.0,0.0,down,141.2,2026-09-08T14:12:59,0.0,128.550003051758,215.81,2026-09-16 15:44:11,2026-09-16 11:45:06
NVDA,NVDA270115C00090000,NVDA,2027-01-15,C,90.0,126.55,145.0,128.3,32.0,0.7136,7589.0,22.0,0.9946,0.0002,0.0227,0.0,0.2985,127.4415,3.175,126.72,126.72,126.15,up,126.7,2026-09-16T11:05:07,2.57033,123.525001525879,215.81,2026-09-16 15:44:11,2026-09-16 11:45:06
NVDA,NVDA270115C00095000,NVDA,2027-01-15,C,95.0,121.9,26.0,123.45,60.0,0.6878,3078.0,7.0,0.9933,0.0003,0.0266,0.0,0.3143,122.5525,3.415,121.0,122.04,121.0,no_change,122.04,2026-09-16T10:57:26,2.87882,118.625,215.81,2026-09-16 15:44:11,2026-09-16 11:45:06
NVDA,NVDA270115C00100000,NVDA,2027-01-15,C,100.0,116.95,57.0,118.45,51.0,0.6335,29671.0,5.0,0.9918,0.0003,0.0312,0.0,0.3299,117.669,1.975,115.75,115.75,115.75,up,115.75,2026-09-16T09:38:28,1.73588,113.774997711182,215.81,2026-09-16 15:44:11,2026-09-16 11:45:06
NVDA,NVDA270115C00105000,NVDA,2027-01-15,C,105.0,112.25,36.0,113.7,75.0,0.6459,6929.0,0.0,0.99,0.0004,0.0365,0.0,0.3453,112.7922,0.0,0.0,0.0,0.0,down,108.19,2026-09-14T11:27:18,0.0,109.025001525879,215.81,2026-09-16 15:44:11,2026-09-16 11:45:06
NVDA,NVDA270115C00110000,NVDA,2027-01-15,C,110.0,107.3,76.0,108.8,77.0,0.6084,3858.0,8.0,0.9879,0.0005,0.0425,0.0,0.3604,107.9233,1.58,105.63,105.63,105.63,no_change,105.63,2026-09-16T09:30:04,1.5185,104.049999237061,215.81,2026-09-16 15:44:11,2026-09-16 11:45:06
NVDA,NVDA270115C00115000,NVDA,2027-01-15,C,115.0,102.4,36.0,103.95,90.0,0.5818,5837.0,0.0,0.9854,0.0006,0.0496,0.0,0.3752,103.064,0.0,0.0,0.0,0.0,down,99.48,2026-09-15T15:57:09,0.0,99.2000007629394,215.81,2026-09-16 15:44:11,2026-09-16 11:45:06
NVDA,NVDA270115C00120000,NVDA,2027-01-15,C,120.0,97.6,31.0,99.0,68.0,0.5554,9150.0,0.0,0.9823,0.0007,0.0577,0.0,0.3895,98.2168,0.0,0.0,0.0,0.0,no_change,94.75,2026-09-15T11:18:01,0.0,94.2999992370606,215.81,2026-09-16 15:44:11,2026-09-16 11:45:06
NVDA,NVDA270115C00125000,NVDA,2027-01-15,C,125.0,92.7,158.0,94.3,227.0,0.54,6717.0,3.0,0.9787,0.0008,0.0671,0.0,0.4034,93.3845,4.0,93.5,93.5,93.5,up,93.5,2026-09-16T11:20:06,4.46927,89.5,215.81,2026-09-16 15:44:11,2026-09-16 11:45:06
NVDA,NVDA270115C00130000,NVDA,2027-01-15,C,130.0,88.0,82.0,89.3,174.0,0.5162,13906.0,0.0,0.9743,0.001,0.0781,0.0,0.4167,88.5712,0.0,0.0,0.0,0.0,down,84.17,2026-09-15T13:36:13,0.0,84.6499977111816,215.81,2026-09-16 15:44:11,2026-09-16 11:45:06
NVDA,NVDA270115C00135000,NVDA,2027-01-15,C,135.0,83.1,73.0,84.55,162.0,0.4949,18245.0,0.0,0.9689,0.0012,0.0907,0.0,0.4292,83.7824,0.0,0.0,0.0,0.0,down,79.62,2026-09-15T13:42:46,0.0,80.0499992370606,215.81,2026-09-16 15:44:11,2026-09-16 11:45:06
NVDA,NVDA270115C00140000,NVDA,2027-01-15,C,140.0,78.35,82.0,79.55,93.0,0.4679,11910.0,5.0,0.9624,0.0014,0.1055,-0.0009,0.4407,79.0246,2.95,77.5,78.25,77.5,up,78.25,2026-09-16T10:16:23,3.91766,75.2999992370606,215.81,2026-09-16 15:44:11,2026-09-16 11:45:06
NVDA,NVDA270115C00145000,NVDA,2027-01-15,C,145.0,73.85,87.0,74.65,65.0,0.4714,3602.0,20.0,0.9546,0.0017,0.1226,-0.0047,0.451,74.3067,3.225,73.85,73.85,73.85,up,73.85,2026-09-16T10:45:08,4.56637,70.625,215.81,2026-09-16 15:44:11,2026-09-16 11:45:06
NVDA,NVDA270115C00150000,NVDA,2027-01-15,C,150.0,69.35,123.0,70.05,217.0,0.4538,25776.0,57.0,0.945,0.002,0.1422,-0.0088,0.46,69.6386,3.525,67.5,69.5,67.5,up,69.5,2026-09-16T11:16:21,5.34294,65.9749984741211,215.81,2026-09-16 15:44:11,2026-09-16 11:45:06
NVDA,NVDA270115C00155000,NVDA,2027-01-15,C,155.0,64.75,83.0,65.55,263.0,0.4454,7212.0,6.0,0.9333,0.0024,0.1646,-0.0134,0.4672,65.033,1.875,63.15,63.25,63.15,up,63.25,2026-09-16T09:37:24,3.05499,61.375,215.81,2026-09-16 15:44:11,2026-09-16 11:45:06
NVDA,NVDA270115C00160000,NVDA,2027-01-15,C,160.0,60.3,91.0,60.8,147.0,0.4306,38775.0,29.0,0.9194,0.0028,0.1897,-0.0182,0.4725,60.5035,3.35,59.35,60.6,59.35,down,60.25,2026-09-16T11:17:23,5.88752,56.9000015258789,215.81,2026-09-16 15:44:11,2026-09-16 11:45:06
NVDA,NVDA270115C00165000,NVDA,2027-01-15,C,165.0,55.8,57.0,56.35,104.0,0.4196,6756.0,0.0,0.9028,0.0033,0.2173,-0.0234,0.4754,56.0664,0.0,0.0,0.0,0.0,up,52.62,2026-09-15T15:13:20,0.0,52.5499992370606,215.81,2026-09-16 15:44:11,2026-09-16 11:45:06
NVDA,NVDA270115C00170000,NVDA,2027-01-15,C,170.0,51.5,88.0,52.05,213.0,0.4128,15797.0,9.0,0.8834,0.0038,0.2474,-0.0289,0.4759,51.7378,3.75,51.08,52.0,51.08,up,52.0,2026-09-16T11:07:54,7.77202,48.25,215.81,2026-09-16 15:44:11,2026-09-16 11:45:06
NVDA,NVDA270115C00175000,NVDA,2027-01-15,C,175.0,47.35,50.0,47.85,205.0,0.4065,17100.0,19.0,0.8608,0.0044,0.2788,-0.0345,0.4737,47.536,2.77,46.72,47.0,46.65,down,46.92,2026-09-16T10:49:48,6.27407,44.1499996185303,215.81,2026-09-16 15:44:11,2026-09-16 11:45:06
NVDA,NVDA270115C00180000,NVDA,2027-01-15,C,180.0,43.25,88.0,43.75,161.0,0.3987,46009.0,33.0,0.8352,0.005,0.3116,-0.0402,0.4685,43.478,3.15,42.0,43.72,41.66,down,43.4,2026-09-16T11:17:00,7.82609,40.25,215.81,2026-09-16 15:44:11,2026-09-16 11:45:06
NVDA,NVDA270115C00185000,NVDA,2027-01-15,C,185.0,39.35,82.0,39.85,187.0,0.393,16203.0,3.0,0.8063,0.0056,0.3441,-0.0458,0.4606,39.5814,2.54,38.75,39.18,38.75,down,39.04,2026-09-16T10:48:44,6.9589,36.5,215.81,2026-09-16 15:44:11,2026-09-16 11:45:06
NVDA,NVDA270115C00190000,NVDA,2027-01-15,C,190.0,35.75,14.0,36.05,215.0,0.3892,23671.0,16.0,0.7744,0.0062,0.3759,-0.0512,0.4496,35.8627,3.175,34.05,36.0,34.05,up,36.0,2026-09-16T11:07:51,9.6725,32.8250007629394,215.81,2026-09-16 15:44:11,2026-09-16 11:45:06
NVDA,NVDA270115C00195000,NVDA,2027-01-15,C,195.0,32.2,33.0,32.55,175.0,0.3842,19298.0,6.0,0.7396,0.0068,0.4056,-0.0562,0.4359,32.3354,2.98,30.89,32.48,30.89,up,32.48,2026-09-16T11:12:16,10.1017,29.5,215.81,2026-09-16 15:44:11,2026-09-16 11:45:06
NVDA,NVDA270115C00200000,NVDA,2027-01-15,C,200.0,28.8,166.0,29.15,225.0,0.3808,290303.0,262.0,0.7023,0.0073,0.4323,-0.0607,0.4197,29.0131,2.755,27.7,29.25,27.33,up,29.08,2026-09-16T11:27:01,10.4653,26.3250007629395,215.81,2026-09-16 15:44:11,2026-09-16 11:45:06
NVDA,NVDA270115C00205000,NVDA,2027-01-15,C,205.0,25.7,286.0,26.0,131.0,0.377,5242.0,24.0,0.6629,0.0078,0.4554,-0.0645,0.4009,25.9045,2.32,24.38,25.72,24.22,up,25.72,2026-09-16T11:02:14,9.91453,23.3999996185303,215.81,2026-09-16 15:44:11,2026-09-16 11:45:06
NVDA,NVDA270115C00210000,NVDA,2027-01-15,C,210.0,22.9,145.0,23.15,372.0,0.3742,43106.0,135.0,0.6219,0.0082,0.4736,-0.0675,0.3806,23.0166,2.385,21.57,23.15,21.55,up,23.11,2026-09-16T11:27:59,11.5078,20.7249994277954,215.81,2026-09-16 15:44:11,2026-09-16 11:45:06
NVDA,NVDA270115C00215000,NVDA,2027-01-15,C,215.0,20.25,314.0,20.5,452.0,0.3718,12779.0,549.0,0.5803,0.0085,0.4868,-0.0697,0.3587,20.3841,2.225,19.0,20.64,18.85,no_change,20.45,2026-09-16T11:26:22,12.2085,18.2249994277954,215.81,2026-09-16 15:44:11,2026-09-16 11:45:06
NVDA,NVDA270115C00220000,NVDA,2027-01-15,C,220.0,17.8,307.0,18.05,476.0,0.3693,40960.0,1007.0,0.5373,0.0086,0.4944,-0.071,0.3351,17.9148,2.025,16.7,18.13,16.52,no_change,18.0,2026-09-16T11:27:13,12.6761,15.9749994277954,215.81,2026-09-16 15:44:11,2026-09-16 11:45:06
NVDA,NVDA270115C00225000,NVDA,2027-01-15,C,225.0,15.65,38.0,15.85,241.0,0.3672,13596.0,170.0,0.4948,0.0087,0.4964,-0.0714,0.3113,15.6988,1.725,14.7,15.65,14.65,up,15.65,2026-09-16T11:18:05,12.3878,13.9250001907349,215.81,2026-09-16 15:44:11,2026-09-16 11:45:06
NVDA,NVDA270115C00230000,NVDA,2027-01-15,C,230.0,13.6,391.0,13.85,579.0,0.3661,44286.0,1202.0,0.4531,0.0087,0.493,-0.071,0.2869,13.6991,1.655,12.6,13.85,12.6,down,13.78,2026-09-16T11:28:47,13.6495,12.125,215.81,2026-09-16 15:44:11,2026-09-16 11:45:06
NVDA,NVDA270115C00235000,NVDA,2027-01-15,C,235.0,11.85,144.0,12.05,394.0,0.3641,16340.0,84.0,0.4129,0.0086,0.4849,-0.0698,0.2635,11.9292,1.475,10.98,12.0,10.97,no_change,11.95,2026-09-16T11:26:31,14.0811,10.4749999046326,215.81,2026-09-16 15:44:11,2026-09-16 11:45:06
NVDA,NVDA270115C00240000,NVDA,2027-01-15,C,240.0,10.25,198.0,10.45,316.0,0.3625,46471.0,178.0,0.3739,0.0084,0.4718,-0.068,0.2398,10.3344,1.215,9.4,10.4,9.4,no_change,10.29,2026-09-16T11:22:41,13.3884,9.07499980926514,215.81,2026-09-16 15:44:11,2026-09-16 11:45:06
NVDA,NVDA270115C00245000,NVDA,2027-01-15,C,245.0,8.85,186.0,9.0,221.0,0.3614,12556.0,9.0,0.3368,0.0081,0.4551,-0.0656,0.2173,8.925,0.925,8.05,8.8,8.05,up,8.75,2026-09-16T10:44:48,11.8211,7.82500004768372,215.81,2026-09-16 15:44:11,2026-09-16 11:45:06
NVDA,NVDA270115C00250000,NVDA,2027-01-15,C,250.0,7.6,238.0,7.75,218.0,0.3616,63858.0,450.0,0.3016,0.0077,0.4346,-0.0626,0.1954,7.6737,0.95,6.37,7.75,6.37,no_change,7.65,2026-09-16T11:25:33,14.1791,6.70000004768372,215.81,2026-09-16 15:44:11,2026-09-16 11:45:06
NVDA,NVDA270115C00255000,NVDA,2027-01-15,C,255.0,6.55,174.0,6.7,378.0,0.3615,18384.0,36.0,0.2694,0.0073,0.4122,-0.0594,0.1752,6.597,0.795,6.02,6.65,6.02,down,6.57,2026-09-16T11:22:41,13.7662,5.77499985694885,215.81,2026-09-16 15:44:11,2026-09-16 11:45:06
NVDA,NVDA270115C00260000,NVDA,2027-01-15,C,260.0,5.55,407.0,5.75,384.0,0.3603,52260.0,257.0,0.2401,0.0069,0.3885,-0.056,0.1567,5.6764,0.725,5.2,5.71,5.2,no_change,5.65,2026-09-16T11:14:43,14.7208,4.92499995231628,215.81,2026-09-16 15:44:11,2026-09-16 11:45:06
NVDA,NVDA270115C00265000,NVDA,2027-01-15,C,265.0,4.8,327.0,4.95,521.0,0.3618,11488.0,9.0,0.2127,0.0064,0.3631,-0.0524,0.1392,4.86,0.63,4.5,4.9,4.5,down,4.83,2026-09-16T11:24:36,15.0,4.20000004768372,215.81,2026-09-16 15:44:11,2026-09-16 11:45:06
NVDA,NVDA270115C00270000,NVDA,2027-01-15,C,270.0,4.1,468.0,4.25,663.0,0.362,29340.0,85.0,0.1886,0.006,0.3382,-0.0489,0.1238,4.1793,0.57,3.79,4.2,3.79,up,4.17,2026-09-16T11:26:19,15.8333,3.60000002384186,215.81,2026-09-16 15:44:11,2026-09-16 11:45:06
NVDA,NVDA270115C00275000,NVDA,2027-01-15,C,275.0,3.55,187.0,3.65,665.0,0.3636,7107.0,34.0,0.1667,0.0055,0.3134,-0.0453,0.1097,3.5883,0.425,3.34,3.6,3.34,down,3.55,2026-09-16T11:25:35,13.6,3.125,215.81,2026-09-16 15:44:11,2026-09-16 11:45:06
NVDA,NVDA270115C00280000,NVDA,2027-01-15,C,280.0,3.05,296.0,3.15,693.0,0.365,36701.0,164.0,0.1472,0.005,0.289,-0.0419,0.097,3.0854,0.36,3.0,3.14,3.0,down,3.05,2026-09-16T11:25:00,13.3829,2.69000005722046,215.81,2026-09-16 15:44:11,2026-09-16 11:45:06
NVDA,NVDA270115C00285000,NVDA,2027-01-15,C,285.0,2.6,338.0,2.74,455.0,0.3668,9344.0,4.0,0.1298,0.0046,0.2656,-0.0386,0.0857,2.652,0.28,2.52,2.6,2.52,up,2.6,2026-09-16T10:23:47,12.069,2.3199999332428,215.81,2026-09-16 15:44:11,2026-09-16 11:45:06
NVDA,NVDA270115C00290000,NVDA,2027-01-15,C,290.0,2.28,133.0,2.32,261.0,0.3688,39408.0,173.0,0.1147,0.0042,0.2435,-0.0355,0.0756,2.2906,0.295,2.26,2.34,2.15,no_change,2.3,2026-09-16T11:27:38,14.7132,2.00499999523163,215.81,2026-09-16 15:44:11,2026-09-16 11:45:06
NVDA,NVDA270115C00295000,NVDA,2027-01-15,C,295.0,1.94,341.0,2.05,384.0,0.3707,4339.0,6.0,0.1014,0.0038,0.2233,-0.0327,0.067,1.9842,0.125,1.83,1.87,1.83,no_change,1.87,2026-09-16T09:42:10,7.16332,1.74500000476837,215.81,2026-09-16 15:44:11,2026-09-16 11:45:06
NVDA,NVDA270115C00300000,NVDA,2027-01-15,C,300.0,1.72,143.0,1.75,250.0,0.3729,63695.0,1088.0,0.0899,0.0035,0.2047,-0.0301,0.0594,1.7282,0.195,1.64,1.83,1.62,no_change,1.73,2026-09-16T11:27:45,12.7036,1.5349999666214,215.81,2026-09-16 15:44:11,2026-09-16 11:45:06
NVDA,NVDA270115C00310000,NVDA,2027-01-15,C,310.0,1.3,306.0,1.35,287.0,0.378,14968.0,17.0,0.071,0.0029,0.1717,-0.0255,0.047,1.3222,0.145,1.26,1.33,1.26,down,1.32,2026-09-16T11:14:06,12.3404,1.17500001192093,215.81,2026-09-16 15:44:11,2026-09-16 11:45:06
NVDA,NVDA270115C00320000,NVDA,2027-01-15,C,320.0,1.0,303.0,1.06,755.0,0.3842,11593.0,13.0,0.0564,0.0024,0.1437,-0.0216,0.0373,1.0242,0.185,1.04,1.11,1.02,up,1.11,2026-09-16T10:19:04,20.0,0.925000011920929,215.81,2026-09-16 15:44:11,2026-09-16 11:45:06
NVDA,NVDA270115C00330000,NVDA,2027-01-15,C,330.0,0.78,290.0,0.86,398.0,0.3915,6100.0,11.0,0.0453,0.002,0.1209,-0.0184,0.0299,0.8046,0.09,0.82,0.82,0.82,up,0.82,2026-09-16T09:58:28,12.3288,0.729999989271164,215.81,2026-09-16 15:44:11,2026-09-16 11:45:06
NVDA,NVDA270115C00340000,NVDA,2027-01-15,C,340.0,0.63,299.0,0.66,318.0,0.3973,73434.0,65.0,0.0366,0.0016,0.102,-0.0157,0.0242,0.6399,0.065,0.71,0.71,0.64,up,0.65,2026-09-16T11:17:28,11.1111,0.58500000834465,215.81,2026-09-16 15:44:11,2026-09-16 11:45:06
NVDA,NVDA270115C00350000,NVDA,2027-01-15,C,350.0,0.5,435.0,0.53,324.0,0.4035,9196.0,35.0,0.0298,0.0013,0.0863,-0.0134,0.0197,0.5137,0.045,0.53,0.54,0.48,down,0.51,2026-09-16T11:12:57,9.67742,0.464999988675118,215.81,2026-09-16 15:44:11,2026-09-16 11:45:06
NVDA,NVDA270115C00360000,NVDA,2027-01-15,C,360.0,0.37,604.0,0.43,324.0,0.4075,7267.0,33.0,0.0245,0.0011,0.0732,-0.0115,0.0162,0.4155,0.035,0.43,0.43,0.39,no_change,0.42,2026-09-16T10:51:51,9.09091,0.385000005364418,215.81,2026-09-16 15:44:11,2026-09-16 11:45:06
NVDA,NVDA270115C00370000,NVDA,2027-01-15,C,370.0,0.28,430.0,0.38,348.0,0.4146,5345.0,180.0,0.0202,0.0009,0.0622,-0.0099,0.0133,0.338,0.045,0.33,0.35,0.33,up,0.35,2026-09-16T09:52:27,14.7541,0.304999992251396,215.81,2026-09-16 15:44:11,2026-09-16 11:45:06
NVDA,NVDA270115C00380000,NVDA,2027-01-15,C,380.0,0.23,179.0,0.29,174.0,0.4185,3221.0,1.0,0.0167,0.0008,0.0529,-0.0085,0.011,0.2763,0.03,0.29,0.29,0.29,up,0.29,2026-09-16T09:55:28,11.5385,0.260000005364418,215.81,2026-09-16 15:44:11,2026-09-16 11:45:06
NVDA,NVDA270115C00390000,NVDA,2027-01-15,C,390.0,0.21,147.0,0.24,175.0,0.4272,3754.0,1.0,0.0138,0.0007,0.0452,-0.0073,0.0091,0.2265,0.0,0.23,0.23,0.23,up,0.23,2026-09-16T10:15:58,-1.81405e-06,0.230000004172325,215.81,2026-09-16 15:44:11,2026-09-16 11:45:06
NVDA,NVDA270115C00400000,NVDA,2027-01-15,C,400.0,0.17,88.0,0.25,366.0,0.4394,7242.0,13.0,0.0115,0.0006,0.0384,-0.0063,0.0075,0.1858,-0.015,0.18,0.19,0.15,down,0.15,2026-09-16T10:15:06,-9.09091,0.16499999910593,215.81,2026-09-16 15:44:11,2026-09-16 11:45:06
NVDA,NVDA270115C00410000,NVDA,2027-01-15,C,410.0,0.04,486.0,0.2,244.0,0.426,2250.0,0.0,0.0096,0.0005,0.033,-0.0054,0.0063,0.1539,0.0,0.0,0.0,0.0,down,0.17,2026-09-11T11:45:21,0.0,0.154999997466803,215.81,2026-09-16 15:44:11,2026-09-16 11:45:06
NVDA,NVDA270115C00420000,NVDA,2027-01-15,C,420.0,0.11,71.0,0.13,52.0,0.44,11198.0,88.0,0.008,0.0004,0.0282,-0.0047,0.0052,0.1274,0.02,0.13,0.13,0.12,up,0.13,2026-09-16T11:12:00,18.1818,0.109999999403954,215.81,2026-09-16 15:44:11,2026-09-16 11:45:06
NVDA,NVDA270115C00430000,NVDA,2027-01-15,C,430.0,0.04,456.0,0.21,522.0,0.4556,2603.0,0.0,0.0067,0.0003,0.0242,-0.004,0.0044,0.106,0.0,0.0,0.0,0.0,no_change,0.1,2026-09-14T15:00:03,0.0,0.0999999986961484,215.81,2026-09-16 15:44:11,2026-09-16 11:45:06
NVDA,NVDA270115C00440000,NVDA,2027-01-15,C,440.0,0.07,306.0,0.11,218.0,0.453,1716.0,500.0,0.0057,0.0003,0.0208,-0.0035,0.0037,0.0884,0.005,0.06,0.08,0.06,up,0.08,2026-09-16T09:48:47,6.66667,0.0750000011175871,215.81,2026-09-16 15:44:11,2026-09-16 11:45:06
NVDA,NVDA270115C00450000,NVDA,2027-01-15,C,450.0,0.06,163.0,0.09,165.0,0.4573,2943.0,56.0,0.0048,0.0002,0.0179,-0.003,0.0031,0.074,0.025,0.08,0.09,0.07,up,0.09,2026-09-16T11:00:34,38.4615,0.0649999994784594,215.81,2026-09-16 15:44:11,2026-09-16 11:45:06
NVDA,NVDA270115C00455000,NVDA,2027-01-15,C,455.0,0.02,197.0,0.11,231.0,0.457,789.0,0.0,0.0044,0.0002,0.0166,-0.0028,0.0029,0.0679,0.0,0.0,0.0,0.0,up,0.07,2026-09-15T15:55:57,0.0,0.0649999985471368,215.81,2026-09-16 15:44:11,2026-09-16 11:45:06
NVDA,NVDA270115C00460000,NVDA,2027-01-15,C,460.0,0.06,186.0,0.07,1.0,0.463,32757.0,357.0,0.0041,0.0002,0.0154,-0.0026,0.0026,0.0624,0.005,0.05,0.07,0.05,down,0.06,2026-09-16T11:21:55,9.09091,0.0549999997019768,215.81,2026-09-16 15:44:11,2026-09-16 11:45:06
NVDA,NVDA270115P00005000,NVDA,2027-01-15,P,5.0,0.0,0.0,0.01,87.0,2.0319,9182.0,0.0,0.0,0.0,0.0003,-0.0002,0.0,0.0039,0.0,0.0,0.0,0.0,no_change,0.01,2026-08-26T13:54:16,0.0,0.00499999988824129,215.81,2026-09-16 15:44:11,2026-09-16 11:45:06
NVDA,NVDA270115P00010000,NVDA,2027-01-15,P,10.0,0.0,0.0,0.01,11.0,1.6354,3238.0,0.0,-0.0001,0.0,0.0005,-0.0003,-0.0001,0.0064,0.0,0.0,0.0,0.0,no_change,0.01,2026-08-27T10:08:03,0.0,0.0199999995529652,215.81,2026-09-16 15:44:11,2026-09-16 11:45:06
NVDA,NVDA270115P00015000,NVDA,2027-01-15,P,15.0,0.0,0.0,0.01,150.0,1.4118,33272.0,0.0,-0.0002,0.0,0.0008,-0.0005,-0.0001,0.0092,0.0,0.0,0.0,0.0,no_change,0.01,2026-08-24T09:47:49,0.0,0.00499999988824129,215.81,2026-09-16 15:44:11,2026-09-16 11:45:06
NVDA,NVDA270115P00020000,NVDA,2027-01-15,P,20.0,0.0,0.0,0.01,11.0,1.2562,12614.0,0.0,-0.0002,0.0,0.0012,-0.0006,-0.0002,0.0123,0.0,0.0,0.0,0.0,no_change,0.01,2026-09-11T12:15:03,0.0,0.00499999988824129,215.81,2026-09-16 15:44:11,2026-09-16 11:45:06
NVDA,NVDA270115P00025000,NVDA,2027-01-15,P,25.0,0.0,0.0,0.01,2.0,1.1372,17946.0,0.0,-0.0004,0.0,0.0016,-0.0008,-0.0003,0.016,0.0,0.0,0.0,0.0,no_change,0.01,2026-09-14T12:29:36,0.0,0.00499999988824129,215.81,2026-09-16 15:44:11,2026-09-16 11:45:06
NVDA,NVDA270115P00030000,NVDA,2027-01-15,P,30.0,0.0,0.0,0.03,33.0,1.1328,2996.0,0.0,-0.0005,0.0,0.0021,-0.0009,-0.0004,0.0203,0.0,0.0,0.0,0.0,no_change,0.02,2026-08-28T15:31:39,0.0,0.0149999996647239,215.81,2026-09-16 15:44:11,2026-09-16 11:45:06
NVDA,NVDA270115P00035000,NVDA,2027-01-15,P,35.0,0.01,5.0,0.03,51.0,1.0704,6600.0,0.0,-0.0006,0.0,0.0027,-0.0011,-0.0005,0.0253,0.0,0.0,0.0,0.0,no_change,0.03,2026-08-28T14:19:06,0.0,0.0199999995529652,215.81,2026-09-16 15:44:11,2026-09-16 11:45:06
NVDA,NVDA270115P00040000,NVDA,2027-01-15,P,40.0,0.01,11.0,0.05,16.0,1.0291,2618.0,0.0,-0.0008,0.0,0.0034,-0.0014,-0.0007,0.0313,0.0,0.0,0.0,0.0,down,0.03,2026-09-09T13:10:58,0.0,0.0500000016763806,215.81,2026-09-16 15:44:11,2026-09-16 11:45:06
NVDA,NVDA270115P00045000,NVDA,2027-01-15,P,45.0,0.02,11.0,0.08,28.0,1.0062,7258.0,0.0,-0.001,0.0,0.0043,-0.0016,-0.0008,0.0383,0.0,0.0,0.0,0.0,down,0.02,2026-09-09T15:11:25,0.0,0.0499999988824129,215.81,2026-09-16 15:44:11,2026-09-16 11:45:06
NVDA,NVDA270115P00050000,NVDA,2027-01-15,P,50.0,0.03,60.0,0.06,30.0,0.9307,12510.0,0.0,-0.0013,0.0,0.0053,-0.0019,-0.001,0.0465,0.0,0.0,0.0,0.0,down,0.03,2026-09-14T12:33:10,0.0,0.0350000001490116,215.81,2026-09-16 15:44:11,2026-09-16 11:45:06
NVDA,NVDA270115P00055000,NVDA,2027-01-15,P,55.0,0.01,70.0,0.09,79.0,0.881,3586.0,0.0,-0.0016,0.0,0.0065,-0.0022,-0.0013,0.0561,0.0,0.0,0.0,0.0,down,0.04,2026-09-15T15:03:56,0.0,0.0500000016763806,215.81,2026-09-16 15:44:11,2026-09-16 11:45:06
NVDA,NVDA270115P00060000,NVDA,2027-01-15,P,60.0,0.05,168.0,0.1,362.0,0.8622,15879.0,0.0,-0.002,0.0001,0.0079,-0.0026,-0.0016,0.0674,0.0,0.0,0.0,0.0,down,0.07,2026-09-14T14:38:14,0.0,0.0750000011175871,215.81,2026-09-16 15:44:11,2026-09-16 11:45:06
NVDA,NVDA270115P00065000,NVDA,2027-01-15,P,65.0,0.04,36.0,0.16,494.0,0.8362,6289.0,0.0,-0.0024,0.0001,0.0095,-0.003,-0.0019,0.0806,0.0,0.0,0.0,0.0,up,0.1,2026-09-15T09:45:25,0.0,0.0999999977648258,215.81,2026-09-16 15:44:11,2026-09-16 11:45:06
NVDA,NVDA270115P00070000,NVDA,2027-01-15,P,70.0,0.08,166.0,0.1,65.0,0.778,13385.0,1.0,-0.003,0.0001,0.0115,-0.0035,-0.0024,0.096,-0.015,0.08,0.08,0.08,down,0.08,2026-09-16T11:29:01,-15.7895,0.094999996945262,215.81,2026-09-16 15:44:11,2026-09-16 11:45:06
NVDA,NVDA270115P00075000,NVDA,2027-01-15,P,75.0,0.09,87.0,0.13,213.0,0.7501,10512.0,8.0,-0.0036,0.0001,0.0136,-0.004,-0.0029,0.1135,-0.02,0.09,0.09,0.09,down,0.09,2026-09-16T11:00:51,-18.1818,0.110000003129244,215.81,2026-09-16 15:44:11,2026-09-16 11:45:06
NVDA,NVDA270115P00080000,NVDA,2027-01-15,P,80.0,0.1,291.0,0.17,376.0,0.724,26841.0,0.0,-0.0044,0.0001,0.0163,-0.0046,-0.0035,0.1351,0.0,0.0,0.0,0.0,up,0.15,2026-09-15T15:03:56,0.0,0.134999997913837,215.81,2026-09-16 15:44:11,2026-09-16 11:45:06
NVDA,NVDA270115P00085000,NVDA,2027-01-15,P,85.0,0.12,300.0,0.2,376.0,0.6971,13683.0,0.0,-0.0053,0.0002,0.0194,-0.0052,-0.0042,0.1595,0.0,0.0,0.0,0.0,down,0.19,2026-09-10T10:30:02,0.0,0.154999997466803,215.81,2026-09-16 15:44:11,2026-09-16 11:45:06
NVDA,NVDA270115P00090000,NVDA,2027-01-15,P,90.0,0.16,313.0,0.23,355.0,0.6743,28766.0,0.0,-0.0064,0.0002,0.0228,-0.006,-0.005,0.1882,0.0,0.0,0.0,0.0,up,0.19,2026-09-15T09:50:55,0.0,0.204999998211861,215.81,2026-09-16 15:44:11,2026-09-16 11:45:06
NVDA,NVDA270115P00095000,NVDA,2027-01-15,P,95.0,0.17,330.0,0.26,381.0,0.6443,22427.0,0.0,-0.0077,0.0003,0.0267,-0.0068,-0.006,0.2214,0.0,0.0,0.0,0.0,down,0.22,2026-09-15T14:21:09,0.0,0.229999996721745,215.81,2026-09-16 15:44:11,2026-09-16 11:45:06
NVDA,NVDA270115P00100000,NVDA,2027-01-15,P,100.0,0.25,179.0,0.3,533.0,0.6284,185474.0,0.0,-0.0092,0.0003,0.0315,-0.0076,-0.0072,0.2602,0.0,0.0,0.0,0.0,up,0.29,2026-09-15T15:51:46,0.0,0.284999996423721,215.81,2026-09-16 15:44:11,2026-09-16 11:45:06
NVDA,NVDA270115P00105000,NVDA,2027-01-15,P,105.0,0.25,320.0,0.33,490.0,0.5969,16934.0,0.0,-0.0111,0.0004,0.0367,-0.0086,-0.0085,0.3059,0.0,0.0,0.0,0.0,no_change,0.33,2026-09-15T15:14:53,0.0,0.325000002980232,215.81,2026-09-16 15:44:11,2026-09-16 11:45:06
NVDA,NVDA270115P00110000,NVDA,2027-01-15,P,110.0,0.32,453.0,0.38,430.0,0.5781,23397.0,0.0,-0.0132,0.0005,0.0427,-0.0097,-0.0102,0.3594,0.0,0.0,0.0,0.0,up,0.37,2026-09-15T10:43:31,0.0,0.390000000596046,215.81,2026-09-16 15:44:11,2026-09-16 11:45:06
NVDA,NVDA270115P00115000,NVDA,2027-01-15,P,115.0,0.41,32.0,0.45,651.0,0.5618,20362.0,14.0,-0.0158,0.0006,0.0501,-0.011,-0.0121,0.4227,-0.025,0.45,0.45,0.42,up,0.43,2026-09-16T10:59:47,-5.4945,0.454999998211861,215.81,2026-09-16 15:44:11,2026-09-16 11:45:06
NVDA,NVDA270115P00120000,NVDA,2027-01-15,P,120.0,0.47,247.0,0.51,374.0,0.5402,32244.0,15.0,-0.0188,0.0007,0.0579,-0.0123,-0.0144,0.4968,-0.04,0.52,0.52,0.5,up,0.51,2026-09-16T11:23:24,-7.27272,0.549999982118607,215.81,2026-09-16 15:44:11,2026-09-16 11:45:06
NVDA,NVDA270115P00125000,NVDA,2027-01-15,P,125.0,0.58,54.0,0.6,277.0,0.5233,18767.0,5.0,-0.0225,0.0008,0.0675,-0.0139,-0.0172,0.5888,-0.05,0.63,0.63,0.6,no_change,0.6,2026-09-16T11:01:23,-7.69231,0.650000005960464,215.81,2026-09-16 15:44:11,2026-09-16 11:45:06
NVDA,NVDA270115P00130000,NVDA,2027-01-15,P,130.0,0.68,54.0,0.73,444.0,0.5069,28182.0,107.0,-0.027,0.001,0.0786,-0.0157,-0.0205,0.699,-0.06,0.73,0.75,0.7,no_change,0.7,2026-09-16T11:08:00,-7.89474,0.760000020265579,215.81,2026-09-16 15:44:11,2026-09-16 11:45:06
NVDA,NVDA270115P00135000,NVDA,2027-01-15,P,135.0,0.8,341.0,0.85,508.0,0.4892,17737.0,0.0,-0.0324,0.0012,0.0912,-0.0177,-0.0246,0.8335,0.0,0.0,0.0,0.0,no_change,0.91,2026-09-15T14:37:07,0.0,0.91499999165535,215.81,2026-09-16 15:44:11,2026-09-16 11:45:06
NVDA,NVDA270115P00140000,NVDA,2027-01-15,P,140.0,0.98,190.0,1.05,511.0,0.477,27782.0,3.0,-0.0389,0.0014,0.1065,-0.02,-0.0296,0.9986,-0.11,0.98,1.0,0.98,up,1.0,2026-09-16T11:13:28,-9.90991,1.11000001430511,215.81,2026-09-16 15:44:11,2026-09-16 11:45:06
NVDA,NVDA270115P00145000,NVDA,2027-01-15,P,145.0,1.14,407.0,1.23,444.0,0.4602,14692.0,2.0,-0.0469,0.0017,0.1233,-0.0226,-0.0354,1.205,-0.135,1.21,1.21,1.21,down,1.21,2026-09-16T11:01:48,-10.0372,1.34500002861023,215.81,2026-09-16 15:44:11,2026-09-16 11:45:06
NVDA,NVDA270115P00150000,NVDA,2027-01-15,P,150.0,1.44,315.0,1.48,55.0,0.4494,137030.0,192.0,-0.0566,0.002,0.1438,-0.0256,-0.0428,1.4614,-0.185,1.56,1.62,1.45,down,1.46,2026-09-16T11:24:27,-11.2462,1.64499998092651,215.81,2026-09-16 15:44:11,2026-09-16 11:45:06
NVDA,NVDA270115P00155000,NVDA,2027-01-15,P,155.0,1.74,344.0,1.86,725.0,0.4394,16806.0,203.0,-0.0684,0.0024,0.1656,-0.029,-0.0513,1.7818,-0.23,1.9,1.9,1.79,down,1.79,2026-09-16T10:58:52,-11.3861,2.01999998092651,215.81,2026-09-16 15:44:11,2026-09-16 11:45:06
NVDA,NVDA270115P00160000,NVDA,2027-01-15,P,160.0,2.17,314.0,2.2,60.0,0.4284,26778.0,419.0,-0.0825,0.0029,0.1915,-0.0328,-0.0618,2.177,-0.305,2.26,2.26,2.17,no_change,2.17,2026-09-16T11:09:28,-12.3232,2.47500002384186,215.81,2026-09-16 15:44:11,2026-09-16 11:45:06
NVDA,NVDA270115P00165000,NVDA,2027-01-15,P,165.0,2.63,516.0,2.76,874.0,0.4206,21037.0,20.0,-0.0993,0.0034,0.2186,-0.0368,-0.0739,2.6674,-0.32,2.86,2.86,2.73,no_change,2.73,2026-09-16T10:50:38,-10.4918,3.04999995231628,215.81,2026-09-16 15:44:11,2026-09-16 11:45:06
NVDA,NVDA270115P00170000,NVDA,2027-01-15,P,170.0,3.2,307.0,3.35,477.0,0.4116,36986.0,2.0,-0.119,0.0039,0.2491,-0.0412,-0.0882,3.2686,-0.345,3.36,3.38,3.36,up,3.38,2026-09-16T10:41:11,-9.26175,3.72500002384186,215.81,2026-09-16 15:44:11,2026-09-16 11:45:06
NVDA,NVDA270115P00175000,NVDA,2027-01-15,P,175.0,3.95,404.0,4.05,586.0,0.404,23590.0,7.0,-0.1422,0.0045,0.2812,-0.0458,-0.1053,4.0063,-0.55,4.4,4.4,4.0,down,4.0,2026-09-16T11:07:51,-12.0879,4.54999995231628,215.81,2026-09-16 15:44:11,2026-09-16 11:45:06
NVDA,NVDA270115P00180000,NVDA,2027-01-15,P,180.0,4.8,491.0,4.95,805.0,0.3979,148927.0,77.0,-0.1682,0.0051,0.3139,-0.0505,-0.1235,4.8786,-0.625,5.21,5.21,4.87,up,4.9,2026-09-16T11:17:55,-11.3122,5.52499985694885,215.81,2026-09-16 15:44:11,2026-09-16 11:45:06
NVDA,NVDA270115P00185000,NVDA,2027-01-15,P,185.0,5.85,334.0,6.0,708.0,0.3924,20450.0,22.0,-0.1979,0.0057,0.3478,-0.0551,-0.1447,5.9275,-0.675,6.2,6.27,6.05,no_change,6.05,2026-09-16T10:21:23,-10.0372,6.72500014305115,215.81,2026-09-16 15:44:11,2026-09-16 11:45:06
NVDA,NVDA270115P00190000,NVDA,2027-01-15,P,190.0,7.1,193.0,7.2,227.0,0.3875,41936.0,311.0,-0.2306,0.0064,0.3784,-0.0595,-0.1673,7.1524,-0.9,7.6,7.67,7.1,no_change,7.15,2026-09-16T11:28:53,-11.1801,8.05000019073486,215.81,2026-09-16 15:44:11,2026-09-16 11:45:06
NVDA,NVDA270115P00195000,NVDA,2027-01-15,P,195.0,8.5,412.0,8.65,487.0,0.3832,15301.0,29.0,-0.2662,0.007,0.4083,-0.0635,-0.191,8.5743,-1.06,9.1,9.19,8.59,no_change,8.59,2026-09-16T11:20:17,-10.9845,9.65000009536743,215.81,2026-09-16 15:44:11,2026-09-16 11:45:06
NVDA,NVDA270115P00200000,NVDA,2027-01-15,P,200.0,10.1,335.0,10.3,590.0,0.3797,78003.0,600.0,-0.3041,0.0075,0.4349,-0.067,-0.2166,10.189,-1.3,10.6,10.9,10.07,no_change,10.2,2026-09-16T11:20:09,-11.3043,11.5,215.81,2026-09-16 15:44:11,2026-09-16 11:45:06
NVDA,NVDA270115P00205000,NVDA,2027-01-15,P,205.0,11.95,470.0,12.25,658.0,0.3753,16352.0,11.0,-0.3451,0.008,0.4573,-0.0698,-0.2423,12.0559,-1.5,12.65,12.65,12.0,no_change,12.0,2026-09-16T11:27:17,-11.1111,13.5,215.81,2026-09-16 15:44:11,2026-09-16 11:45:06
NVDA,NVDA270115P00210000,NVDA,2027-01-15,P,210.0,14.0,347.0,14.3,351.0,0.3727,20202.0,20.0,-0.387,0.0084,0.475,-0.0719,-0.268,14.1159,-1.58,14.92,14.92,13.98,up,14.12,2026-09-16T11:17:58,-10.0637,15.7000002861023,215.81,2026-09-16 15:44:11,2026-09-16 11:45:06
NVDA,NVDA270115P00215000,NVDA,2027-01-15,P,215.0,16.3,226.0,16.55,449.0,0.3695,11345.0,939.0,-0.431,0.0088,0.4868,-0.0732,-0.2941,16.4434,-1.75,17.3,17.32,16.39,no_change,16.55,2026-09-16T11:29:11,-9.56284,18.3000001907349,215.81,2026-09-16 15:44:11,2026-09-16 11:45:06
NVDA,NVDA270115P00220000,NVDA,2027-01-15,P,220.0,18.85,320.0,19.15,390.0,0.3678,14008.0,765.0,-0.4752,0.009,0.4928,-0.0737,-0.3167,18.9891,-2.045,20.0,20.1,18.95,no_change,18.98,2026-09-16T11:23:07,-9.72651,21.0249996185303,215.81,2026-09-16 15:44:11,2026-09-16 11:45:06
NVDA,NVDA270115P00225000,NVDA,2027-01-15,P,225.0,21.6,337.0,21.95,441.0,0.3654,9616.0,154.0,-0.5196,0.0091,0.4926,-0.0733,-0.3391,21.7618,-2.205,22.83,23.0,21.65,up,21.77,2026-09-16T11:22:29,-9.19708,23.9750003814697,215.81,2026-09-16 15:44:11,2026-09-16 11:45:06
NVDA,NVDA270115P00230000,NVDA,2027-01-15,P,230.0,24.6,308.0,25.0,345.0,0.3637,10535.0,12.0,-0.5636,0.0092,0.4864,-0.0722,-0.3564,24.7671,-2.205,25.8,25.8,24.92,down,24.92,2026-09-16T11:00:56,-8.12903,27.125,215.81,2026-09-16 15:44:11,2026-09-16 11:45:06
NVDA,NVDA270115P00235000,NVDA,2027-01-15,P,235.0,27.8,281.0,28.3,4.0,0.3624,4826.0,9.0,-0.6066,0.0091,0.4735,-0.0703,-0.3711,27.9888,-2.575,27.9,27.9,27.9,no_change,27.9,2026-09-16T11:25:54,-8.44955,30.4750003814697,215.81,2026-09-16 15:44:11,2026-09-16 11:45:06
NVDA,NVDA270115P00240000,NVDA,2027-01-15,P,240.0,31.2,240.0,31.55,26.0,0.3606,8096.0,60.0,-0.6483,0.009,0.4578,-0.0678,-0.383,31.4208,-2.675,32.72,32.72,31.4,down,31.4,2026-09-16T11:24:57,-7.85033,34.0749988555908,215.81,2026-09-16 15:44:11,2026-09-16 11:45:06
NVDA,NVDA270115P00245000,NVDA,2027-01-15,P,245.0,34.75,163.0,35.25,152.0,0.3602,1867.0,0.0,-0.6882,0.0088,0.434,-0.0647,-0.3858,35.0536,0.0,0.0,0.0,0.0,down,37.46,2026-09-15T10:25:06,0.0,37.8500003814697,215.81,2026-09-16 15:44:11,2026-09-16 11:45:06
NVDA,NVDA270115P00250000,NVDA,2027-01-15,P,250.0,38.6,209.0,39.1,188.0,0.3605,3092.0,71.0,-0.7262,0.0085,0.4096,-0.0612,-0.386,38.8686,-3.15,39.39,39.39,38.75,down,38.75,2026-09-16T11:15:17,-7.5179,41.8999996185303,215.81,2026-09-16 15:44:11,2026-09-16 11:45:06
NVDA,NVDA270115P00255000,NVDA,2027-01-15,P,255.0,42.35,305.0,43.7,345.0,0.3652,695.0,0.0,-0.7619,0.0081,0.3782,-0.0574,-0.3792,42.8606,0.0,0.0,0.0,0.0,up,41.96,2026-09-10T11:15:09,0.0,45.9500007629394,215.81,2026-09-16 15:44:11,2026-09-16 11:45:06
NVDA,NVDA270115P00260000,NVDA,2027-01-15,P,260.0,46.65,163.0,47.2,48.0,0.3586,3125.0,0.0,-0.7952,0.0078,0.347,-0.0533,-0.3683,47.0054,0.0,0.0,0.0,0.0,down,50.45,2026-09-14T13:24:20,0.0,50.2000007629394,215.81,2026-09-16 15:44:11,2026-09-16 11:45:06
NVDA,NVDA270115P00265000,NVDA,2027-01-15,P,265.0,50.95,117.0,51.75,214.0,0.3631,606.0,0.0,-0.8259,0.0074,0.3114,-0.0491,-0.3501,51.2973,0.0,0.0,0.0,0.0,down,54.5,2026-09-14T12:03:05,0.0,54.6000003814697,215.81,2026-09-16 15:44:11,2026-09-16 11:45:06
NVDA,NVDA270115P00270000,NVDA,2027-01-15,P,270.0,55.3,305.0,55.9,36.0,0.3579,1437.0,0.0,-0.8543,0.007,0.2774,-0.045,-0.3287,55.7131,0.0,0.0,0.0,0.0,down,59.07,2026-09-14T13:06:05,0.0,59.0499992370606,215.81,2026-09-16 15:44:11,2026-09-16 11:45:06
NVDA,NVDA270115P00275000,NVDA,2027-01-15,P,275.0,59.85,170.0,60.4,94.0,0.3567,881.0,0.0,-0.88,0.0066,0.2383,-0.0409,-0.2983,60.246,0.0,0.0,0.0,0.0,up,63.78,2026-09-14T12:12:17,0.0,63.7250022888184,215.81,2026-09-16 15:44:11,2026-09-16 11:45:06
NVDA,NVDA270115P00280000,NVDA,2027-01-15,P,280.0,64.5,320.0,65.05,43.0,0.3592,2594.0,0.0,-0.9034,0.0061,0.2041,-0.0371,-0.2626,64.8763,0.0,0.0,0.0,0.0,down,67.3,2026-09-15T09:35:49,0.0,68.4750022888184,215.81,2026-09-16 15:44:11,2026-09-16 11:45:06
NVDA,NVDA270115P00285000,NVDA,2027-01-15,P,285.0,68.6,313.0,70.3,319.0,0.3565,362.0,0.0,-0.925,0.0059,0.1658,-0.0327,-0.2254,69.5944,0.0,0.0,0.0,0.0,up,73.47,2026-09-14T12:30:47,0.0,73.4500007629394,215.81,2026-09-16 15:44:11,2026-09-16 11:45:06
NVDA,NVDA270115P00290000,NVDA,2027-01-15,P,290.0,73.95,309.0,74.95,325.0,0.3732,554.0,0.0,-0.944,0.0056,0.1345,-0.0268,-0.1818,74.3831,0.0,0.0,0.0,0.0,no_change,79.2,2026-09-14T11:05:42,0.0,78.1500015258789,215.81,2026-09-16 15:44:11,2026-09-16 11:45:06
NVDA,NVDA270115P00295000,NVDA,2027-01-15,P,295.0,78.25,88.0,79.95,115.0,0.0,70.0,0.0,-0.9623,0.0056,0.1005,-0.0224,-0.1049,79.2362,0.0,0.0,0.0,0.0,no_change,71.85,2026-09-09T10:37:12,0.0,83.0,215.81,2026-09-16 15:44:11,2026-09-16 11:45:06
NVDA,NVDA270115P00300000,NVDA,2027-01-15,P,300.0,83.3,169.0,84.75,161.0,0.0,1652.0,1.0,-0.9762,0.0045,0.0575,-0.0283,-0.0879,84.1599,-2.85,85.0,85.0,85.0,down,85.0,2026-09-16T10:23:17,-3.24416,87.8499984741211,215.81,2026-09-16 15:44:11,2026-09-16 11:45:06
NVDA,NVDA270115P00310000,NVDA,2027-01-15,P,310.0,93.3,41.0,94.7,41.0,0.0,0.0,0.0,-0.9936,0.0015,0.0,-0.0485,0.0,94.12,0.0,0.0,0.0,0.0,down,78.0,2026-09-04T09:43:49,0.0,98.0250015258789,215.81,2026-09-16 15:44:11,2026-09-16 11:45:06
NVDA,NVDA270115P00320000,NVDA,2027-01-15,P,320.0,103.3,41.0,104.7,50.0,0.0,1.0,0.0,-1.0,0.0,0.0,-0.0596,0.0,104.12,0.0,0.0,0.0,0.0,up,120.59,2026-07-17T09:50:46,0.0,108.025001525879,215.81,2026-09-16 15:44:11,2026-09-16 11:45:06
NVDA,NVDA270115P00330000,NVDA,2027-01-15,P,330.0,113.2,30.0,115.2,31.0,0.0,0.0,0.0,-1.0,0.0,0.0,-0.0596,0.0,114.12,0.0,0.0,0.0,0.0,no_change,101.0,2026-09-08T09:53:53,0.0,118.025001525879,215.81,2026-09-16 15:44:11,2026-09-16 11:45:06
NVDA,NVDA270115P00340000,NVDA,2027-01-15,P,340.0,123.2,30.0,125.2,31.0,0.0,0.0,0.0,-1.0,0.0,0.0,-0.0596,0.0,124.12,0.0,0.0,0.0,0.0,up,120.7,2026-08-31T09:30:57,0.0,128.099998474121,215.81,2026-09-16 15:44:11,2026-09-16 11:45:06
NVDA,NVDA270115P00350000,NVDA,2027-01-15,P,350.0,133.3,34.0,135.0,33.0,0.5051,0.0,0.0,-1.0,0.0,0.0,-0.0596,0.0,134.12,0.0,0.0,0.0,0.0,up,137.49,2026-06-05T09:51:56,0.0,137.950004577637,215.81,2026-09-16 15:44:11,2026-09-16 11:45:06
NVDA,NVDA270115P00360000,NVDA,2027-01-15,P,360.0,143.2,30.0,145.2,28.0,0.0,0.0,0.0,-1.0,0.0,0.0,-0.0596,0.0,144.12,0.0,0.0,0.0,0.0,up,140.95,2026-08-11T10:43:32,0.0,148.025001525879,215.81,2026-09-16 15:44:11,2026-09-16 11:45:06
NVDA,NVDA270115P00370000,NVDA,2027-01-15,P,370.0,153.2,30.0,155.2,31.0,0.0,0.0,0.0,-1.0,0.0,0.0,-0.0596,0.0,154.12,0.0,0.0,0.0,0.0,no_change,150.97,2026-06-04T13:34:53,0.0,157.950004577637,215.81,2026-09-16 15:44:11,2026-09-16 11:45:06
NVDA,NVDA270115P00380000,NVDA,2027-01-15,P,380.0,163.2,30.0,164.9,33.0,0.0,0.0,0.0,-1.0,0.0,0.0,-0.0596,0.0,164.12,0.0,0.0,0.0,0.0,up,158.12,2026-08-28T12:02:27,0.0,168.099998474121,215.81,2026-09-16 15:44:11,2026-09-16 11:45:06
NVDA,NVDA270115P00390000,NVDA,2027-01-15,P,390.0,173.2,30.0,175.2,30.0,0.0,0.0,0.0,-1.0,0.0,0.0,-0.0596,0.0,174.12,0.0,0.0,0.0,0.0,up,222.05,2026-03-26T15:54:38,0.0,178.099998474121,215.81,2026-09-16 15:44:11,2026-09-16 11:45:06
NVDA,NVDA270115P00400000,NVDA,2027-01-15,P,400.0,183.2,27.0,185.0,33.0,0.0,0.0,0.0,-1.0,0.0,0.0,-0.0596,0.0,184.12,0.0,0.0,0.0,0.0,down,174.17,2026-08-27T11:06:50,0.0,188.099998474121,215.81,2026-09-16 15:44:11,2026-09-16 11:45:06
NVDA,NVDA270115P00410000,NVDA,2027-01-15,P,410.0,193.2,32.0,195.2,31.0,0.0,0.0,0.0,-1.0,0.0,0.0,-0.0596,0.0,194.12,0.0,0.0,0.0,0.0,down,187.4,2026-05-19T13:58:01,0.0,198.125,215.81,2026-09-16 15:44:11,2026-09-16 11:45:06
NVDA,NVDA270115P00420000,NVDA,2027-01-15,P,420.0,203.2,30.0,205.2,32.0,0.0,0.0,0.0,-1.0,0.0,0.0,-0.0596,0.0,204.12,0.0,0.0,0.0,0.0,down,192.15,2026-08-27T14:09:18,0.0,208.025001525879,215.81,2026-09-16 15:44:11,2026-09-16 11:45:06
NVDA,NVDA270115P00430000,NVDA,2027-01-15,P,430.0,213.2,30.0,215.2,30.0,0.0,0.0,0.0,-1.0,0.0,0.0,-0.0596,0.0,214.12,0.0,0.0,0.0,0.0,no_change,0.0,,0.0,218.099998474121,215.81,2026-09-16 15:44:11,2026-09-16 11:45:06
NVDA,NVDA270115P00440000,NVDA,2027-01-15,P,440.0,223.2,30.0,225.2,30.0,0.0,0.0,0.0,-1.0,0.0,0.0,-0.0596,0.0,224.12,0.0,0.0,0.0,0.0,no_change,0.0,,0.0,228.125,215.81,2026-09-16 15:44:11,2026-09-16 11:45:06
NVDA,NVDA270115P00450000,NVDA,2027-01-15,P,450.0,233.2,30.0,235.2,31.0,0.0,0.0,0.0,-1.0,0.0,0.0,-0.0596,0.0,234.12,0.0,0.0,0.0,0.0,no_change,0.0,,0.0,238.099998474121,215.81,2026-09-16 15:44:11,2026-09-16 11:45:06
NVDA,NVDA270115P00455000,NVDA,2027-01-15,P,455.0,238.2,32.0,240.2,30.0,0.0,0.0,0.0,-1.0,0.0,0.0,-0.0596,0.0,239.12,0.0,0.0,0.0,0.0,up,235.56,2026-08-19T15:48:06,0.0,243.099998474121,215.81,2026-09-16 15:44:11,2026-09-16 11:45:06
NVDA,NVDA270115P00460000,NVDA,2027-01-15,P,460.0,243.2,30.0,245.2,31.0,0.0,0.0,0.0,-1.0,0.0,0.0,-0.0596,0.0,244.12,0.0,0.0,0.0,0.0,up,242.87,2026-08-20T15:23:17,0.0,248.099998474121,215.81,2026-09-16 15:44:11,2026-09-16 11:45:06
NVDA,NVDA270219C00005000,NVDA,2027-02-19,C,5.0,210.2,26.0,211.95,26.0,0.0,0.0,0.0,1.0,0.0,0.0003,0.0,0.0113,211.1306,0.0,0.0,0.0,0.0,no_change,0.0,,0.0,207.175003051758,215.81,2026-09-16 15:44:11,2026-09-16 11:45:06
NVDA,NVDA270219C00010000,NVDA,2027-02-19,C,10.0,205.15,26.0,207.0,27.0,1.2946,0.0,0.0,1.0,0.0,0.0007,0.0,0.0238,206.183,0.0,0.0,0.0,0.0,no_change,0.0,,0.0,202.224998474121,215.81,2026-09-16 15:44:11,2026-09-16 11:45:06
NVDA,NVDA270219C00015000,NVDA,2027-02-19,C,15.0,200.25,26.0,202.1,26.0,0.9022,0.0,0.0,1.0,0.0,0.0013,0.0,0.0412,201.2433,0.0,0.0,0.0,0.0,no_change,0.0,,0.0,197.324996948242,215.81,2026-09-16 15:44:11,2026-09-16 11:45:06
NVDA,NVDA270219C00020000,NVDA,2027-02-19,C,20.0,195.4,26.0,197.2,26.0,1.3489,0.0,0.0,1.0,0.0,0.0025,0.0,0.0853,196.3273,0.0,0.0,0.0,0.0,no_change,0.0,,0.0,192.425003051758,215.81,2026-09-16 15:44:11,2026-09-16 11:45:06
NVDA,NVDA270219C00025000,NVDA,2027-02-19,C,25.0,190.5,26.0,192.3,26.0,1.2193,0.0,0.0,1.0,0.0,0.0033,0.0,0.1064,191.4349,0.0,0.0,0.0,0.0,no_change,0.0,,0.0,187.5,215.81,2026-09-16 15:44:11,2026-09-16 11:45:06
NVDA,NVDA270219C00030000,NVDA,2027-02-19,C,30.0,185.65,25.0,187.4,26.0,1.1624,0.0,0.0,1.0,0.0,0.0042,0.0,0.1275,186.5431,0.0,0.0,0.0,0.0,no_change,0.0,,0.0,182.650001525879,215.81,2026-09-16 15:44:11,2026-09-16 11:45:06
NVDA,NVDA270219C00035000,NVDA,2027-02-19,C,35.0,180.65,26.0,182.55,27.0,1.0715,0.0,0.0,1.0,0.0,0.0052,0.0,0.1486,181.6522,0.0,0.0,0.0,0.0,no_change,0.0,,0.0,177.75,215.81,2026-09-16 15:44:11,2026-09-16 11:45:06
NVDA,NVDA270219C00040000,NVDA,2027-02-19,C,40.0,175.75,26.0,177.65,27.0,0.9934,0.0,0.0,0.9998,0.0,0.0064,0.0,0.1696,176.7621,0.0,0.0,0.0,0.0,no_change,0.0,,0.0,172.825004577637,215.81,2026-09-16 15:44:11,2026-09-16 11:45:06
NVDA,NVDA270219C00045000,NVDA,2027-02-19,C,45.0,170.85,27.0,172.75,26.0,0.9252,0.0,0.0,0.9995,0.0,0.0077,0.0,0.1906,171.8731,0.0,0.0,0.0,0.0,no_change,0.0,,0.0,167.924995422363,215.81,2026-09-16 15:44:11,2026-09-16 11:45:06
NVDA,NVDA270219C00050000,NVDA,2027-02-19,C,50.0,165.95,26.0,167.85,26.0,0.8645,26.0,0.0,0.9992,0.0,0.0092,0.0,0.2116,166.9853,0.0,0.0,0.0,0.0,no_change,169.99,2026-08-28T13:03:24,0.0,163.025001525879,215.81,2026-09-16 15:44:11,2026-09-16 11:45:06
NVDA,NVDA270219C00055000,NVDA,2027-02-19,C,55.0,161.05,26.0,163.0,26.0,0.8359,1.0,0.0,0.9988,0.0001,0.011,0.0,0.2324,162.0989,0.0,0.0,0.0,0.0,down,158.65,2026-09-14T14:38:56,0.0,158.149993896484,215.81,2026-09-16 15:44:11,2026-09-16 11:45:06
NVDA,NVDA270219C00060000,NVDA,2027-02-19,C,60.0,156.15,25.0,158.1,27.0,0.7602,5.0,0.0,0.9983,0.0001,0.0129,0.0,0.2532,157.2141,0.0,0.0,0.0,0.0,down,159.33,2026-09-10T11:23:26,0.0,153.175003051758,215.81,2026-09-16 15:44:11,2026-09-16 11:45:06
NVDA,NVDA270219C00065000,NVDA,2027-02-19,C,65.0,151.3,28.0,153.2,1.0,0.7888,10.0,0.0,0.9977,0.0001,0.0151,0.0,0.274,152.3313,0.0,0.0,0.0,0.0,up,155.05,2026-09-10T13:47:18,0.0,148.449996948242,215.81,2026-09-16 15:44:11,2026-09-16 11:45:06
NVDA,NVDA270219C00070000,NVDA,2027-02-19,C,70.0,146.6,26.0,148.35,26.0,0.7428,10.0,0.0,0.997,0.0001,0.0176,0.0,0.2946,147.4508,0.0,0.0,0.0,0.0,up,164.54,2026-09-04T10:50:20,0.0,143.475006103516,215.81,2026-09-16 15:44:11,2026-09-16 11:45:06
NVDA,NVDA270219C00075000,NVDA,2027-02-19,C,75.0,141.5,32.0,143.5,31.0,0.7001,5.0,0.0,0.9963,0.0001,0.0205,0.0,0.3152,142.5732,0.0,0.0,0.0,0.0,up,153.12,2026-08-27T12:13:11,0.0,138.599998474121,215.81,2026-09-16 15:44:11,2026-09-16 11:45:06
NVDA,NVDA270219C00080000,NVDA,2027-02-19,C,80.0,136.65,31.0,138.6,34.0,0.6716,0.0,5.0,0.9954,0.0002,0.0238,0.0,0.3355,137.6989,2.89,136.69,136.69,136.69,down,136.69,2026-09-16T10:36:49,2.15994,133.800003051758,215.81,2026-09-16 15:44:11,2026-09-16 11:45:06
NVDA,NVDA270219C00085000,NVDA,2027-02-19,C,85.0,132.25,30.0,133.6,30.0,0.6772,6.0,0.0,0.9943,0.0002,0.0276,0.0,0.3558,132.8288,0.0,0.0,0.0,0.0,down,136.07,2026-09-10T09:48:46,0.0,128.949996948242,215.81,2026-09-16 15:44:11,2026-09-16 11:45:06
NVDA,NVDA270219C00090000,NVDA,2027-02-19,C,90.0,127.2,26.0,128.9,28.0,0.6462,3.0,0.0,0.9931,0.0002,0.0319,0.0,0.3758,127.9637,0.0,0.0,0.0,0.0,up,130.75,2026-09-10T12:53:56,0.0,124.100002288818,215.81,2026-09-16 15:44:11,2026-09-16 11:45:06
NVDA,NVDA270219C00095000,NVDA,2027-02-19,C,95.0,122.05,36.0,124.05,36.0,0.5965,1.0,0.0,0.9916,0.0003,0.037,0.0,0.3956,123.1047,0.0,0.0,0.0,0.0,no_change,118.45,2026-07-15T14:03:02,0.0,119.150001525879,215.81,2026-09-16 15:44:11,2026-09-16 11:45:06
NVDA,NVDA270219C00100000,NVDA,2027-02-19,C,100.0,117.2,28.0,119.05,33.0,0.5981,33.0,1.0,0.9898,0.0004,0.0429,0.0,0.415,118.2534,3.525,118.0,118.0,118.0,up,118.0,2026-09-16T11:00:32,3.07928,114.474998474121,215.81,2026-09-16 15:44:11,2026-09-16 11:45:06
NVDA,NVDA270219C00105000,NVDA,2027-02-19,C,105.0,112.55,34.0,114.4,1.0,0.5785,1.0,0.0,0.9877,0.0004,0.0497,0.0,0.4342,113.4116,0.0,0.0,0.0,0.0,no_change,102.75,2026-07-13T13:58:11,0.0,109.575000762939,215.81,2026-09-16 15:44:11,2026-09-16 11:45:06
NVDA,NVDA270219C00110000,NVDA,2027-02-19,C,110.0,107.75,26.0,109.6,27.0,0.5539,36.0,0.0,0.9852,0.0005,0.0577,0.0,0.4528,108.5817,0.0,0.0,0.0,0.0,down,113.15,2026-09-09T14:51:03,0.0,104.725002288818,215.81,2026-09-16 15:44:11,2026-09-16 11:45:06
NVDA,NVDA270219C00115000,NVDA,2027-02-19,C,115.0,102.9,27.0,104.8,27.0,0.5331,89.0,0.0,0.9821,0.0006,0.067,0.0,0.4709,103.7669,0.0,0.0,0.0,0.0,up,108.7,2026-09-09T14:51:04,0.0,99.9249992370606,215.81,2026-09-16 15:44:11,2026-09-16 11:45:06
NVDA,NVDA270219C00120000,NVDA,2027-02-19,C,120.0,98.3,39.0,99.9,33.0,0.5212,66.0,0.0,0.9784,0.0008,0.0778,0.0,0.4884,98.9709,0.0,0.0,0.0,0.0,down,94.03,2026-09-14T10:49:29,0.0,95.25,215.81,2026-09-16 15:44:11,2026-09-16 11:45:06
NVDA,NVDA270219C00125000,NVDA,2027-02-19,C,125.0,93.55,44.0,95.1,47.0,0.504,7.0,0.0,0.9738,0.0009,0.0905,0.0,0.5049,94.1986,0.0,0.0,0.0,0.0,down,89.0,2026-09-14T10:56:11,0.0,90.5,215.81,2026-09-16 15:44:11,2026-09-16 11:45:06
NVDA,NVDA270219C00130000,NVDA,2027-02-19,C,130.0,88.8,41.0,90.35,40.0,0.4881,52.0,0.0,0.9684,0.0011,0.1051,0.0,0.5205,89.4558,0.0,0.0,0.0,0.0,down,93.9,2026-09-11T10:44:45,0.0,85.7750015258789,215.81,2026-09-16 15:44:11,2026-09-16 11:45:06
NVDA,NVDA270219C00135000,NVDA,2027-02-19,C,135.0,84.1,32.0,85.65,40.0,0.4748,53.0,0.0,0.9618,0.0013,0.1222,-0.0017,0.5348,84.7495,0.0,0.0,0.0,0.0,down,88.0,2026-09-10T10:36:14,0.0,81.0,215.81,2026-09-16 15:44:11,2026-09-16 11:45:06
NVDA,NVDA270219C00140000,NVDA,2027-02-19,C,140.0,79.4,49.0,81.0,43.0,0.4613,95.0,0.0,0.9538,0.0015,0.1414,-0.0049,0.5477,80.088,0.0,0.0,0.0,0.0,down,75.98,2026-09-14T11:27:50,0.0,76.4749984741211,215.81,2026-09-16 15:44:11,2026-09-16 11:45:06
NVDA,NVDA270219C00145000,NVDA,2027-02-19,C,145.0,74.8,100.0,76.4,294.0,0.4506,118.0,0.0,0.9443,0.0018,0.1635,-0.0084,0.5589,75.4801,0.0,0.0,0.0,0.0,down,86.25,2026-09-08T11:21:31,0.0,71.9000015258789,215.81,2026-09-16 15:44:11,2026-09-16 11:45:06
NVDA,NVDA270219C00150000,NVDA,2027-02-19,C,150.0,70.25,97.0,71.65,124.0,0.4347,237.0,0.0,0.9331,0.0021,0.1879,-0.0122,0.5681,70.937,0.0,0.0,0.0,0.0,down,67.2,2026-09-15T11:25:41,0.0,67.2750015258789,215.81,2026-09-16 15:44:11,2026-09-16 11:45:06
NVDA,NVDA270219C00155000,NVDA,2027-02-19,C,155.0,65.8,106.0,67.2,348.0,0.4272,103.0,0.0,0.9198,0.0025,0.2149,-0.0162,0.5752,66.4693,0.0,0.0,0.0,0.0,down,69.57,2026-09-11T12:40:17,0.0,63.1499996185303,215.81,2026-09-16 15:44:11,2026-09-16 11:45:06
NVDA,NVDA270219C00160000,NVDA,2027-02-19,C,160.0,61.45,100.0,63.0,301.0,0.4237,253.0,0.0,0.9045,0.0029,0.244,-0.0205,0.5799,62.09,0.0,0.0,0.0,0.0,down,58.57,2026-09-15T15:48:54,0.0,58.7250003814697,215.81,2026-09-16 15:44:11,2026-09-16 11:45:06
NVDA,NVDA270219C00165000,NVDA,2027-02-19,C,165.0,56.7,152.0,58.2,68.0,0.4164,116.0,0.0,0.8869,0.0033,0.2753,-0.0249,0.5819,57.811,0.0,0.0,0.0,0.0,down,55.7,2026-09-15T09:50:46,0.0,54.1499996185303,215.81,2026-09-16 15:44:11,2026-09-16 11:45:06
NVDA,NVDA270219C00170000,NVDA,2027-02-19,C,170.0,53.45,35.0,53.9,46.0,0.4061,123.0,0.0,0.8668,0.0038,0.3077,-0.0294,0.5813,53.6466,0.0,0.0,0.0,0.0,up,51.0,2026-09-15T10:28:23,0.0,50.3999996185303,215.81,2026-09-16 15:44:11,2026-09-16 11:45:06
NVDA,NVDA270219C00175000,NVDA,2027-02-19,C,175.0,49.35,164.0,50.05,244.0,0.4022,709.0,1.0,0.8443,0.0042,0.3413,-0.034,0.5776,49.6091,2.65,49.0,49.0,49.0,up,49.0,2026-09-16T10:05:42,5.71737,46.3500003814697,215.81,2026-09-16 15:44:11,2026-09-16 11:45:06
NVDA,NVDA270219C00180000,NVDA,2027-02-19,C,180.0,45.25,77.0,46.15,127.0,0.3941,733.0,2.0,0.8194,0.0047,0.3746,-0.0384,0.5713,45.7127,2.675,45.2,45.2,45.2,up,45.2,2026-09-16T10:41:03,6.29042,42.5249996185303,215.81,2026-09-16 15:44:11,2026-09-16 11:45:06
NVDA,NVDA270219C00185000,NVDA,2027-02-19,C,185.0,41.7,35.0,42.35,105.0,0.3912,416.0,0.0,0.792,0.0052,0.4078,-0.0428,0.5616,41.9692,0.0,0.0,0.0,0.0,no_change,39.13,2026-09-15T11:52:36,0.0,38.875,215.81,2026-09-16 15:44:11,2026-09-16 11:45:06
NVDA,NVDA270219C00190000,NVDA,2027-02-19,C,190.0,38.15,45.0,38.65,174.0,0.3858,1373.0,3.0,0.7624,0.0057,0.439,-0.0469,0.5495,38.3907,1.525,36.9,36.9,36.9,up,36.9,2026-09-16T09:41:57,4.31095,35.375,215.81,2026-09-16 15:44:11,2026-09-16 11:45:06
NVDA,NVDA270219C00195000,NVDA,2027-02-19,C,195.0,34.75,96.0,35.4,237.0,0.3837,323.0,5.0,0.7307,0.0061,0.4685,-0.0507,0.5342,34.9877,2.21,34.0,34.4,34.0,down,34.36,2026-09-16T10:28:09,6.87403,32.1500005722046,215.81,2026-09-16 15:44:11,2026-09-16 11:45:06
NVDA,NVDA270219C00200000,NVDA,2027-02-19,C,200.0,31.55,179.0,32.0,239.0,0.38,1696.0,21.0,0.6972,0.0065,0.4947,-0.054,0.5169,31.7688,2.35,31.0,31.5,31.0,up,31.5,2026-09-16T10:45:29,8.06175,29.1499996185303,215.81,2026-09-16 15:44:11,2026-09-16 11:45:06
NVDA,NVDA270219C00205000,NVDA,2027-02-19,C,205.0,28.5,280.0,28.9,37.0,0.3765,1002.0,66.0,0.6624,0.0069,0.5174,-0.0569,0.497,28.7661,2.35,27.4,28.6,27.15,up,28.6,2026-09-16T11:21:42,8.95238,26.25,215.81,2026-09-16 15:44:11,2026-09-16 11:45:06
NVDA,NVDA270219C00210000,NVDA,2027-02-19,C,210.0,25.7,378.0,26.1,454.0,0.3743,1992.0,855.0,0.626,0.0072,0.536,-0.0592,0.4751,25.9098,2.275,24.65,25.85,24.5,up,25.85,2026-09-16T11:19:33,9.65005,23.5749998092651,215.81,2026-09-16 15:44:11,2026-09-16 11:45:06
NVDA,NVDA270219C00215000,NVDA,2027-02-19,C,215.0,23.1,395.0,23.45,420.0,0.372,1788.0,773.0,0.589,0.0074,0.55,-0.061,0.4516,23.2775,2.275,22.15,23.37,22.0,down,23.3,2026-09-16T11:25:51,10.8205,21.0249996185303,215.81,2026-09-16 15:44:11,2026-09-16 11:45:06
NVDA,NVDA270219C00220000,NVDA,2027-02-19,C,220.0,20.8,16.0,21.0,376.0,0.3697,2249.0,119.0,0.552,0.0076,0.5591,-0.0622,0.4273,20.8632,2.025,19.6,21.02,19.53,no_change,20.8,2026-09-16T11:17:58,10.7856,18.7749996185303,215.81,2026-09-16 15:44:11,2026-09-16 11:45:06
NVDA,NVDA270219C00225000,NVDA,2027-02-19,C,225.0,18.55,119.0,18.8,375.0,0.3676,3234.0,74.0,0.5144,0.0077,0.5634,-0.0628,0.4015,18.6057,1.85,17.36,18.75,17.36,no_change,18.55,2026-09-16T11:17:20,11.0778,16.6999998092651,215.81,2026-09-16 15:44:11,2026-09-16 11:45:06
NVDA,NVDA270219C00230000,NVDA,2027-02-19,C,230.0,16.5,98.0,16.7,408.0,0.366,4911.0,76.0,0.4776,0.0077,0.5628,-0.0628,0.3757,16.5595,1.65,16.1,16.7,15.95,down,16.5,2026-09-16T11:17:30,11.1111,14.8499999046326,215.81,2026-09-16 15:44:11,2026-09-16 11:45:06
NVDA,NVDA270219C00235000,NVDA,2027-02-19,C,235.0,14.65,93.0,14.85,713.0,0.3649,2485.0,198.0,0.4415,0.0077,0.5577,-0.0623,0.3497,14.6997,1.6,14.35,14.85,14.34,no_change,14.75,2026-09-16T11:14:58,12.1673,13.1500000953674,215.81,2026-09-16 15:44:11,2026-09-16 11:45:06
NVDA,NVDA270219C00240000,NVDA,2027-02-19,C,240.0,12.85,888.0,13.15,855.0,0.3632,2729.0,276.0,0.4069,0.0076,0.5486,-0.0613,0.3244,13.0376,1.425,12.1,13.1,12.1,up,13.05,2026-09-16T11:25:54,12.2581,11.625,215.81,2026-09-16 15:44:11,2026-09-16 11:45:06
NVDA,NVDA270219C00245000,NVDA,2027-02-19,C,245.0,11.45,240.0,11.6,1.0,0.3631,1755.0,67.0,0.3729,0.0074,0.5352,-0.0598,0.2989,11.5016,1.25,11.4,11.6,11.25,no_change,11.5,2026-09-16T11:24:54,12.1951,10.25,215.81,2026-09-16 15:44:11,2026-09-16 11:45:06
NVDA,NVDA270219C00250000,NVDA,2027-02-19,C,250.0,10.05,510.0,10.3,842.0,0.3623,7511.0,63.0,0.3409,0.0072,0.5189,-0.058,0.2747,10.1434,1.225,9.96,10.25,9.8,no_change,10.25,2026-09-16T11:10:02,13.5734,9.02500009536743,215.81,2026-09-16 15:44:11,2026-09-16 11:45:06
NVDA,NVDA270219C00255000,NVDA,2027-02-19,C,255.0,8.9,86.0,9.05,756.0,0.3617,2824.0,2.0,0.3106,0.0069,0.4997,-0.0559,0.2514,8.9323,0.775,8.2,8.7,8.2,up,8.7,2026-09-16T10:16:40,9.77918,7.92499995231628,215.81,2026-09-16 15:44:11,2026-09-16 11:45:06
NVDA,NVDA270219C00260000,NVDA,2027-02-19,C,260.0,7.75,946.0,7.95,981.0,0.3617,3748.0,28.0,0.2822,0.0066,0.4788,-0.0535,0.2295,7.8554,0.875,7.36,7.85,7.36,up,7.85,2026-09-16T11:23:18,12.5448,6.97500014305115,215.81,2026-09-16 15:44:11,2026-09-16 11:45:06
NVDA,NVDA270219C00265000,NVDA,2027-02-19,C,265.0,6.8,1013.0,7.0,1016.0,0.3618,2462.0,2.0,0.2558,0.0063,0.4558,-0.051,0.2085,6.9027,0.775,6.75,6.9,6.75,up,6.9,2026-09-16T11:25:51,12.6531,6.125,215.81,2026-09-16 15:44:11,2026-09-16 11:45:06
NVDA,NVDA270219C00270000,NVDA,2027-02-19,C,270.0,5.95,965.0,6.15,943.0,0.3617,2877.0,114.0,0.2317,0.006,0.4328,-0.0484,0.1897,6.0736,0.72,5.75,6.14,5.75,no_change,6.07,2026-09-16T11:28:51,13.4579,5.34999990463257,215.81,2026-09-16 15:44:11,2026-09-16 11:45:06
NVDA,NVDA270219C00275000,NVDA,2027-02-19,C,275.0,5.3,115.0,5.4,766.0,0.362,3932.0,23.0,0.2092,0.0056,0.4083,-0.0457,0.1716,5.3333,0.65,5.17,5.35,5.17,up,5.35,2026-09-16T11:28:56,13.8298,4.70000004768372,215.81,2026-09-16 15:44:11,2026-09-16 11:45:06
NVDA,NVDA270219C00280000,NVDA,2027-02-19,C,280.0,4.65,267.0,4.75,708.0,0.3635,5709.0,136.0,0.1884,0.0052,0.3837,-0.043,0.155,4.6755,0.605,4.38,4.76,4.38,no_change,4.73,2026-09-16T11:28:51,14.6667,4.125,215.81,2026-09-16 15:44:11,2026-09-16 11:45:06
NVDA,NVDA270219C00285000,NVDA,2027-02-19,C,285.0,4.05,610.0,4.25,1135.0,0.3642,1811.0,58.0,0.1696,0.0049,0.3596,-0.0404,0.1398,4.1088,0.415,4.05,4.1,4.0,down,4.04,2026-09-16T11:01:35,11.4483,3.625,215.81,2026-09-16 15:44:11,2026-09-16 11:45:06
NVDA,NVDA270219C00290000,NVDA,2027-02-19,C,290.0,3.6,196.0,3.7,782.0,0.3652,1663.0,8.0,0.1527,0.0046,0.3359,-0.0378,0.126,3.6148,0.45,3.54,3.65,3.54,up,3.65,2026-09-16T11:27:17,14.0625,3.19999992847443,215.81,2026-09-16 15:44:11,2026-09-16 11:45:06
NVDA,NVDA270219C00295000,NVDA,2027-02-19,C,295.0,3.15,564.0,3.3,1111.0,0.3667,943.0,51.0,0.1374,0.0042,0.3135,-0.0353,0.1138,3.1841,0.35,3.19,3.2,3.15,up,3.18,2026-09-16T11:01:35,12.3675,2.82999992370606,215.81,2026-09-16 15:44:11,2026-09-16 11:45:06
NVDA,NVDA270219C00300000,NVDA,2027-02-19,C,300.0,2.78,801.0,2.89,826.0,0.3676,2182.0,7.0,0.1237,0.0039,0.2917,-0.0329,0.1024,2.8093,0.25,2.66,2.81,2.66,down,2.78,2026-09-16T11:00:28,9.88142,2.52999997138977,215.81,2026-09-16 15:44:11,2026-09-16 11:45:06
NVDA,NVDA270219C00305000,NVDA,2027-02-19,C,305.0,2.46,439.0,2.6,597.0,0.3698,1345.0,2.0,0.1116,0.0036,0.2714,-0.0307,0.0925,2.4885,0.3,2.42,2.51,2.42,up,2.51,2026-09-16T09:52:59,13.5747,2.21000003814697,215.81,2026-09-16 15:44:11,2026-09-16 11:45:06
NVDA,NVDA270219C00310000,NVDA,2027-02-19,C,310.0,2.18,264.0,2.4,437.0,0.3738,372.0,6.0,0.1004,0.0034,0.2519,-0.0286,0.0834,2.1997,0.255,2.22,2.22,2.22,up,2.22,2026-09-16T11:05:55,12.9771,1.9650000333786,215.81,2026-09-16 15:44:11,2026-09-16 11:45:06
NVDA,NVDA270219C00315000,NVDA,2027-02-19,C,315.0,1.9,667.0,2.11,659.0,0.3739,469.0,7.0,0.0907,0.0031,0.2339,-0.0266,0.0753,1.9566,0.235,1.89,1.99,1.89,up,1.99,2026-09-16T09:51:17,13.3903,1.75499999523163,215.81,2026-09-16 15:44:11,2026-09-16 11:45:06
NVDA,NVDA270219C00320000,NVDA,2027-02-19,C,320.0,1.61,866.0,1.79,248.0,0.3718,1147.0,0.0,0.0819,0.0028,0.2168,-0.0248,0.068,1.7411,0.0,0.0,0.0,0.0,down,1.65,2026-09-15T14:19:05,0.0,1.56000000238419,215.81,2026-09-16 15:44:11,2026-09-16 11:45:06
NVDA,NVDA270219C00325000,NVDA,2027-02-19,C,325.0,1.51,657.0,1.63,1046.0,0.3767,386.0,81.0,0.0741,0.0026,0.2013,-0.023,0.0616,1.5526,0.16,1.55,1.62,1.55,down,1.55,2026-09-16T11:21:37,11.5108,1.38999998569489,215.81,2026-09-16 15:44:11,2026-09-16 11:45:06
NVDA,NVDA270219C00330000,NVDA,2027-02-19,C,330.0,1.28,461.0,1.55,465.0,0.3795,527.0,0.0,0.067,0.0024,0.1866,-0.0214,0.0557,1.3878,0.0,0.0,0.0,0.0,no_change,1.26,2026-09-15T13:04:26,0.0,1.25499999523163,215.81,2026-09-16 15:44:11,2026-09-16 11:45:06
NVDA,NVDA270219C00335000,NVDA,2027-02-19,C,335.0,1.18,511.0,1.32,480.0,0.3806,292.0,0.0,0.0608,0.0022,0.1729,-0.02,0.0505,1.2435,0.0,0.0,0.0,0.0,down,1.14,2026-09-15T14:03:06,0.0,1.125,215.81,2026-09-16 15:44:11,2026-09-16 11:45:06
NVDA,NVDA270219C00340000,NVDA,2027-02-19,C,340.0,1.06,417.0,1.17,467.0,0.3824,951.0,0.0,0.0552,0.002,0.1605,-0.0186,0.0459,1.1167,0.0,0.0,0.0,0.0,down,1.0,2026-09-15T13:23:11,0.0,0.999999970197678,215.81,2026-09-16 15:44:11,2026-09-16 11:45:06
NVDA,NVDA270219C00345000,NVDA,2027-02-19,C,345.0,0.88,429.0,1.07,513.0,0.3828,111.0,0.0,0.0501,0.0019,0.149,-0.0173,0.0417,1.0043,0.0,0.0,0.0,0.0,down,0.99,2026-09-15T09:31:13,0.0,0.91499999165535,215.81,2026-09-16 15:44:11,2026-09-16 11:45:06
NVDA,NVDA270219C00350000,NVDA,2027-02-19,C,350.0,0.87,122.0,0.95,90.0,0.3876,470.0,0.0,0.0457,0.0017,0.1382,-0.0162,0.0379,0.9057,0.0,0.0,0.0,0.0,up,0.89,2026-09-14T14:59:49,0.0,0.890000015497208,215.81,2026-09-16 15:44:11,2026-09-16 11:45:06
NVDA,NVDA270219C00355000,NVDA,2027-02-19,C,355.0,0.75,494.0,0.87,465.0,0.3891,240.0,0.0,0.0416,0.0016,0.1281,-0.015,0.0345,0.8175,0.0,0.0,0.0,0.0,down,0.73,2026-09-15T13:22:21,0.0,0.75,215.81,2026-09-16 15:44:11,2026-09-16 11:45:06
NVDA,NVDA270219C00360000,NVDA,2027-02-19,C,360.0,0.71,467.0,0.79,514.0,0.393,383.0,1.0,0.038,0.0015,0.1192,-0.014,0.0316,0.7402,0.075,0.76,0.76,0.76,up,0.76,2026-09-16T10:32:31,10.9489,0.685000002384186,215.81,2026-09-16 15:44:11,2026-09-16 11:45:06
NVDA,NVDA270219C00365000,NVDA,2027-02-19,C,365.0,0.63,443.0,0.76,466.0,0.3967,427.0,0.0,0.0347,0.0014,0.1109,-0.0131,0.0289,0.6714,0.0,0.0,0.0,0.0,down,0.65,2026-09-14T13:09:49,0.0,0.609999984502792,215.81,2026-09-16 15:44:11,2026-09-16 11:45:06
NVDA,NVDA270219C00370000,NVDA,2027-02-19,C,370.0,0.59,570.0,0.64,23.0,0.3975,394.0,0.0,0.0318,0.0013,0.1032,-0.0123,0.0264,0.6102,0.0,0.0,0.0,0.0,down,0.56,2026-09-15T10:15:02,0.0,0.580000013113022,215.81,2026-09-16 15:44:11,2026-09-16 11:45:06
NVDA,NVDA270219C00375000,NVDA,2027-02-19,C,375.0,0.53,697.0,0.59,609.0,0.3999,185.0,0.0,0.0291,0.0012,0.096,-0.0115,0.0242,0.5556,0.0,0.0,0.0,0.0,down,0.5,2026-09-15T13:22:14,0.0,0.520000010728836,215.81,2026-09-16 15:44:11,2026-09-16 11:45:06
NVDA,NVDA270219C00380000,NVDA,2027-02-19,C,380.0,0.49,346.0,0.64,905.0,0.4085,143.0,0.0,0.0267,0.0011,0.0894,-0.0107,0.0222,0.5066,0.0,0.0,0.0,0.0,down,0.48,2026-09-15T13:22:14,0.0,0.475000008940697,215.81,2026-09-16 15:44:11,2026-09-16 11:45:06
NVDA,NVDA270219C00385000,NVDA,2027-02-19,C,385.0,0.35,245.0,0.58,246.0,0.4045,235.0,0.0,0.0246,0.001,0.0834,-0.01,0.0204,0.4627,0.0,0.0,0.0,0.0,down,0.82,2026-09-09T12:01:10,0.0,0.385000005364418,215.81,2026-09-16 15:44:11,2026-09-16 11:45:06
NVDA,NVDA270219C00390000,NVDA,2027-02-19,C,390.0,0.4,91.0,0.56,408.0,0.4141,1775.0,0.0,0.0226,0.0009,0.0779,-0.0094,0.0188,0.4231,0.0,0.0,0.0,0.0,down,0.37,2026-09-14T15:12:17,0.0,0.394999995827675,215.81,2026-09-16 15:44:11,2026-09-16 11:45:06
NVDA,NVDA270219C00395000,NVDA,2027-02-19,C,395.0,0.28,224.0,0.52,270.0,0.4104,2.0,0.0,0.0209,0.0009,0.073,-0.0088,0.0174,0.3899,0.0,0.0,0.0,0.0,up,0.8,2026-09-08T09:36:14,0.0,0.319999992847443,215.81,2026-09-16 15:44:11,2026-09-16 11:45:06
NVDA,NVDA270219C00400000,NVDA,2027-02-19,C,400.0,0.24,235.0,0.45,222.0,0.4093,36.0,0.0,0.0193,0.0008,0.0681,-0.0083,0.016,0.3577,0.0,0.0,0.0,0.0,up,0.37,2026-09-14T13:25:48,0.0,0.339999996125698,215.81,2026-09-16 15:44:11,2026-09-16 11:45:06
NVDA,NVDA270219C00405000,NVDA,2027-02-19,C,405.0,0.21,244.0,0.46,329.0,0.4147,146.0,0.0,0.0178,0.0007,0.0637,-0.0078,0.0148,0.3285,0.0,0.0,0.0,0.0,no_change,0.32,2026-09-14T13:25:48,0.0,0.315000005066395,215.81,2026-09-16 15:44:11,2026-09-16 11:45:06
NVDA,NVDA270219C00410000,NVDA,2027-02-19,C,410.0,0.18,249.0,0.43,278.0,0.4165,37.0,0.0,0.0165,0.0007,0.0596,-0.0073,0.0136,0.3021,0.0,0.0,0.0,0.0,down,0.43,2026-09-10T14:40:14,0.0,0.285000003874302,215.81,2026-09-16 15:44:11,2026-09-16 11:45:06
NVDA,NVDA270219C00415000,NVDA,2027-02-19,C,415.0,0.16,183.0,0.41,302.0,0.4196,17.0,0.0,0.0152,0.0006,0.0558,-0.0069,0.0126,0.2781,0.0,0.0,0.0,0.0,up,0.48,2026-09-03T13:46:28,0.0,0.259999997913837,215.81,2026-09-16 15:44:11,2026-09-16 11:45:06
NVDA,NVDA270219C00420000,NVDA,2027-02-19,C,420.0,0.14,205.0,0.38,260.0,0.4213,118.0,0.0,0.0141,0.0006,0.0523,-0.0065,0.0117,0.2564,0.0,0.0,0.0,0.0,no_change,0.22,2026-09-14T10:32:41,0.0,0.245000004768372,215.81,2026-09-16 15:44:11,2026-09-16 11:45:06
NVDA,NVDA270219C00425000,NVDA,2027-02-19,C,425.0,0.11,253.0,0.36,257.0,0.4224,49.0,0.0,0.0131,0.0006,0.0489,-0.0061,0.0108,0.2366,0.0,0.0,0.0,0.0,up,0.5,2026-09-08T09:30:00,0.0,0.220000002533197,215.81,2026-09-16 15:44:11,2026-09-16 11:45:06
NVDA,NVDA270219C00430000,NVDA,2027-02-19,C,430.0,0.1,243.0,0.34,253.0,0.4254,12.0,0.0,0.0121,0.0005,0.0458,-0.0057,0.01,0.2186,0.0,0.0,0.0,0.0,down,0.41,2026-09-04T14:28:31,0.0,0.199999995529652,215.81,2026-09-16 15:44:11,2026-09-16 11:45:06
NVDA,NVDA270219C00435000,NVDA,2027-02-19,C,435.0,0.08,247.0,0.33,240.0,0.4279,0.0,0.0,0.0113,0.0005,0.043,-0.0054,0.0093,0.2022,0.0,0.0,0.0,0.0,no_change,0.0,,0.0,0.185000006109476,215.81,2026-09-16 15:44:11,2026-09-16 11:45:06
NVDA,NVDA270219C00440000,NVDA,2027-02-19,C,440.0,0.06,253.0,0.31,177.0,0.4288,0.0,0.0,0.0105,0.0004,0.0404,-0.0051,0.0086,0.1872,0.0,0.0,0.0,0.0,no_change,0.0,,0.0,0.169999996200204,215.81,2026-09-16 15:44:11,2026-09-16 11:45:06
NVDA,NVDA270219C00445000,NVDA,2027-02-19,C,445.0,0.05,235.0,0.3,286.0,0.432,2.0,0.0,0.0097,0.0004,0.038,-0.0048,0.008,0.1735,0.0,0.0,0.0,0.0,down,0.23,2026-09-03T12:09:43,0.0,0.160000000149012,215.81,2026-09-16 15:44:11,2026-09-16 11:45:06
NVDA,NVDA270219C00450000,NVDA,2027-02-19,C,450.0,0.03,243.0,0.28,244.0,0.4319,2.0,0.0,0.0091,0.0004,0.0357,-0.0045,0.0075,0.1609,0.0,0.0,0.0,0.0,down,0.3,2026-08-31T14:49:34,0.0,0.144999994896352,215.81,2026-09-16 15:44:11,2026-09-16 11:45:06
NVDA,NVDA270219C00455000,NVDA,2027-02-19,C,455.0,0.02,239.0,0.27,251.0,0.4344,7.0,0.0,0.0084,0.0004,0.0335,-0.0042,0.007,0.1494,0.0,0.0,0.0,0.0,no_change,0.38,2026-09-01T09:34:08,0.0,0.129999999888241,215.81,2026-09-16 15:44:11,2026-09-16 11:45:06
NVDA,NVDA270219C00460000,NVDA,2027-02-19,C,460.0,0.01,443.0,0.26,403.0,0.4366,578.0,0.0,0.0079,0.0004,0.0315,-0.004,0.0065,0.1389,0.0,0.0,0.0,0.0,up,0.16,2026-09-15T12:52:06,0.0,0.130000002682209,215.81,2026-09-16 15:44:11,2026-09-16 11:45:06
NVDA,NVDA270219P00005000,NVDA,2027-02-19,P,5.0,0.0,0.0,0.13,156.0,2.2756,0.0,0.0,-0.0001,0.0,0.0006,-0.0003,-0.0001,0.0086,0.0,0.0,0.0,0.0,no_change,0.0,,0.0,0.00499999988824129,215.81,2026-09-16 15:44:11,2026-09-16 11:45:06
NVDA,NVDA270219P00010000,NVDA,2027-02-19,P,10.0,0.0,0.0,0.01,5005.0,1.443,1000.0,0.0,-0.0002,0.0,0.0011,-0.0005,-0.0002,0.0148,0.0,0.0,0.0,0.0,no_change,0.02,2026-09-11T12:14:45,0.0,0.0649999976158142,215.81,2026-09-16 15:44:11,2026-09-16 11:45:06
NVDA,NVDA270219P00015000,NVDA,2027-02-19,P,15.0,0.0,0.0,0.13,196.0,1.5594,0.0,0.0,-0.0003,0.0,0.0018,-0.0007,-0.0004,0.021,0.0,0.0,0.0,0.0,no_change,0.0,,0.0,0.0649999976158142,215.81,2026-09-16 15:44:11,2026-09-16 11:45:06
NVDA,NVDA270219P00020000,NVDA,2027-02-19,P,20.0,0.0,0.0,0.07,441.0,1.302,0.0,2.0,-0.0005,0.0,0.0025,-0.001,-0.0006,0.0277,0.015,0.05,0.05,0.05,up,0.05,2026-09-16T09:30:01,42.8571,0.0350000001490116,215.81,2026-09-16 15:44:11,2026-09-16 11:45:06
NVDA,NVDA270219P00025000,NVDA,2027-02-19,P,25.0,0.0,0.0,0.14,356.0,1.2619,0.0,0.0,-0.0007,0.0,0.0033,-0.0012,-0.0007,0.035,0.0,0.0,0.0,0.0,no_change,0.0,,0.0,0.0700000002980232,215.81,2026-09-16 15:44:11,2026-09-16 11:45:06
NVDA,NVDA270219P00030000,NVDA,2027-02-19,P,30.0,0.01,5.0,0.1,43.0,1.1262,1.0,0.0,-0.0009,0.0,0.0042,-0.0014,-0.001,0.043,0.0,0.0,0.0,0.0,up,0.08,2026-09-09T15:46:01,0.0,0.0550000006332994,215.81,2026-09-16 15:44:11,2026-09-16 11:45:06
NVDA,NVDA270219P00035000,NVDA,2027-02-19,P,35.0,0.03,1.0,0.15,350.0,1.0934,2.0,0.0,-0.0011,0.0,0.0052,-0.0016,-0.0012,0.0518,0.0,0.0,0.0,0.0,up,0.08,2026-09-15T11:15:57,0.0,0.0800000028684735,215.81,2026-09-16 15:44:11,2026-09-16 11:45:06
NVDA,NVDA270219P00040000,NVDA,2027-02-19,P,40.0,0.01,38.0,0.13,44.0,0.9871,2.0,0.0,-0.0014,0.0,0.0064,-0.0019,-0.0015,0.0615,0.0,0.0,0.0,0.0,up,0.05,2026-09-10T15:45:38,0.0,0.0699999975040555,215.81,2026-09-16 15:44:11,2026-09-16 11:45:06
NVDA,NVDA270219P00045000,NVDA,2027-02-19,P,45.0,0.01,45.0,0.17,486.0,0.9448,4.0,0.0,-0.0017,0.0,0.0077,-0.0022,-0.0018,0.0723,0.0,0.0,0.0,0.0,down,0.06,2026-09-11T15:26:38,0.0,0.090000000782311,215.81,2026-09-16 15:44:11,2026-09-16 11:45:06
NVDA,NVDA270219P00050000,NVDA,2027-02-19,P,50.0,0.04,64.0,0.11,148.0,0.8661,317.0,5.0,-0.0021,0.0,0.0092,-0.0024,-0.0022,0.0843,0.01,0.11,0.11,0.05,up,0.08,2026-09-16T10:41:08,14.2857,0.0699999993667006,215.81,2026-09-16 15:44:11,2026-09-16 11:45:06
NVDA,NVDA270219P00055000,NVDA,2027-02-19,P,55.0,0.01,116.0,0.2,363.0,0.842,219.0,0.0,-0.0025,0.0001,0.011,-0.0028,-0.0026,0.0976,0.0,0.0,0.0,0.0,down,0.09,2026-09-14T15:09:59,0.0,0.105000001378357,215.81,2026-09-16 15:44:11,2026-09-16 11:45:06
NVDA,NVDA270219P00060000,NVDA,2027-02-19,P,60.0,0.01,48.0,0.21,44.0,0.7949,133.0,0.0,-0.003,0.0001,0.013,-0.0031,-0.0031,0.1127,0.0,0.0,0.0,0.0,up,0.09,2026-09-03T13:49:39,0.0,0.114999999292195,215.81,2026-09-16 15:44:11,2026-09-16 11:45:06
NVDA,NVDA270219P00065000,NVDA,2027-02-19,P,65.0,0.01,49.0,0.23,44.0,0.7551,110.0,0.0,-0.0035,0.0001,0.0151,-0.0035,-0.0037,0.1297,0.0,0.0,0.0,0.0,down,0.11,2026-09-03T13:47:52,0.0,0.124999997206032,215.81,2026-09-16 15:44:11,2026-09-16 11:45:06
NVDA,NVDA270219P00070000,NVDA,2027-02-19,P,70.0,0.01,222.0,0.25,243.0,0.7178,6.0,0.0,-0.0042,0.0001,0.0177,-0.0039,-0.0043,0.149,0.0,0.0,0.0,0.0,up,0.14,2026-09-14T10:57:05,0.0,0.13499999511987,215.81,2026-09-16 15:44:11,2026-09-16 11:45:06
NVDA,NVDA270219P00075000,NVDA,2027-02-19,P,75.0,0.02,515.0,0.27,479.0,0.6855,456.0,0.0,-0.005,0.0001,0.0206,-0.0043,-0.0051,0.1712,0.0,0.0,0.0,0.0,up,0.2,2026-09-01T09:30:00,0.0,0.15500000026077,215.81,2026-09-16 15:44:11,2026-09-16 11:45:06
NVDA,NVDA270219P00080000,NVDA,2027-02-19,P,80.0,0.15,259.0,0.29,542.0,0.6812,200.0,0.0,-0.0059,0.0002,0.0239,-0.0048,-0.006,0.1969,0.0,0.0,0.0,0.0,down,0.18,2026-09-15T14:32:45,0.0,0.235000006854534,215.81,2026-09-16 15:44:11,2026-09-16 11:45:06
NVDA,NVDA270219P00085000,NVDA,2027-02-19,P,85.0,0.09,448.0,0.33,482.0,0.639,125.0,0.0,-0.0069,0.0002,0.0276,-0.0054,-0.007,0.2266,0.0,0.0,0.0,0.0,up,0.35,2026-08-28T09:38:01,0.0,0.224999997764826,215.81,2026-09-16 15:44:11,2026-09-16 11:45:06
NVDA,NVDA270219P00090000,NVDA,2027-02-19,P,90.0,0.13,327.0,0.37,251.0,0.6172,189.0,0.0,-0.0082,0.0002,0.0321,-0.006,-0.0083,0.2614,0.0,0.0,0.0,0.0,up,0.27,2026-09-14T15:14:02,0.0,0.259999997913837,215.81,2026-09-16 15:44:11,2026-09-16 11:45:06
NVDA,NVDA270219P00095000,NVDA,2027-02-19,P,95.0,0.22,452.0,0.41,461.0,0.6013,200.0,0.0,-0.0097,0.0003,0.0373,-0.0067,-0.0098,0.3027,0.0,0.0,0.0,0.0,up,0.32,2026-09-15T13:21:30,0.0,0.299999997019768,215.81,2026-09-16 15:44:11,2026-09-16 11:45:06
NVDA,NVDA270219P00100000,NVDA,2027-02-19,P,100.0,0.31,472.0,0.38,479.0,0.575,520.0,1.0,-0.0115,0.0004,0.043,-0.0076,-0.0115,0.3516,0.015,0.38,0.38,0.38,up,0.38,2026-09-16T10:38:42,4.10959,0.364999994635582,215.81,2026-09-16 15:44:11,2026-09-16 11:45:06
NVDA,NVDA270219P00105000,NVDA,2027-02-19,P,105.0,0.38,534.0,0.43,48.0,0.5557,135.0,0.0,-0.0136,0.0004,0.05,-0.0085,-0.0136,0.4099,0.0,0.0,0.0,0.0,no_change,0.45,2026-09-15T14:53:09,0.0,0.474999979138374,215.81,2026-09-16 15:44:11,2026-09-16 11:45:06
NVDA,NVDA270219P00110000,NVDA,2027-02-19,P,110.0,0.44,637.0,0.5,38.0,0.5363,5449.0,0.0,-0.0162,0.0005,0.0581,-0.0095,-0.0161,0.4805,0.0,0.0,0.0,0.0,up,0.58,2026-09-15T15:54:01,0.0,0.520000010728836,215.81,2026-09-16 15:44:11,2026-09-16 11:45:06
NVDA,NVDA270219P00115000,NVDA,2027-02-19,P,115.0,0.53,111.0,0.63,173.0,0.523,389.0,0.0,-0.0193,0.0006,0.0673,-0.0107,-0.0191,0.5662,0.0,0.0,0.0,0.0,up,0.64,2026-09-14T14:54:15,0.0,0.634999990463257,215.81,2026-09-16 15:44:11,2026-09-16 11:45:06
NVDA,NVDA270219P00120000,NVDA,2027-02-19,P,120.0,0.57,193.0,0.81,248.0,0.5073,998.0,0.0,-0.0231,0.0008,0.0784,-0.0121,-0.0228,0.6712,0.0,0.0,0.0,0.0,up,0.76,2026-09-14T10:35:19,0.0,0.780000001192093,215.81,2026-09-16 15:44:11,2026-09-16 11:45:06
NVDA,NVDA270219P00125000,NVDA,2027-02-19,P,125.0,0.78,452.0,0.83,91.0,0.4907,380.0,0.0,-0.0277,0.0009,0.0911,-0.0137,-0.0273,0.8003,0.0,0.0,0.0,0.0,down,0.91,2026-09-15T13:21:58,0.0,0.859999984502792,215.81,2026-09-16 15:44:11,2026-09-16 11:45:06
NVDA,NVDA270219P00130000,NVDA,2027-02-19,P,130.0,0.89,736.0,1.0,88.0,0.4755,652.0,0.0,-0.0332,0.0011,0.106,-0.0155,-0.0326,0.9582,0.0,0.0,0.0,0.0,down,1.07,2026-09-15T13:21:58,0.0,1.12000000476837,215.81,2026-09-16 15:44:11,2026-09-16 11:45:06
NVDA,NVDA270219P00135000,NVDA,2027-02-19,P,135.0,1.06,655.0,1.19,91.0,0.462,1943.0,0.0,-0.0399,0.0013,0.1232,-0.0176,-0.0392,1.1549,0.0,0.0,0.0,0.0,no_change,1.33,2026-09-15T15:57:32,0.0,1.28500002622604,215.81,2026-09-16 15:44:11,2026-09-16 11:45:06
NVDA,NVDA270219P00140000,NVDA,2027-02-19,P,140.0,1.31,424.0,1.49,448.0,0.4536,591.0,1.0,-0.048,0.0016,0.1427,-0.02,-0.0469,1.3958,-0.145,1.4,1.4,1.4,down,1.4,2026-09-16T11:08:04,-9.38511,1.5450000166893,215.81,2026-09-16 15:44:11,2026-09-16 11:45:06
NVDA,NVDA270219P00145000,NVDA,2027-02-19,P,145.0,1.63,460.0,1.8,546.0,0.4446,644.0,0.0,-0.0576,0.0018,0.165,-0.0226,-0.0563,1.692,0.0,0.0,0.0,0.0,up,1.93,2026-09-15T11:09:08,0.0,1.87000000476837,215.81,2026-09-16 15:44:11,2026-09-16 11:45:06
NVDA,NVDA270219P00150000,NVDA,2027-02-19,P,150.0,2.02,422.0,2.17,622.0,0.4364,3265.0,0.0,-0.069,0.0022,0.1895,-0.0255,-0.067,2.0517,0.0,0.0,0.0,0.0,up,2.3,2026-09-15T10:19:58,0.0,2.33500003814697,215.81,2026-09-16 15:44:11,2026-09-16 11:45:06
NVDA,NVDA270219P00155000,NVDA,2027-02-19,P,155.0,2.45,479.0,2.61,891.0,0.4276,3955.0,0.0,-0.0824,0.0025,0.217,-0.0287,-0.08,2.4893,0.0,0.0,0.0,0.0,no_change,2.8,2026-09-15T15:57:36,0.0,2.76999998092651,215.81,2026-09-16 15:44:11,2026-09-16 11:45:06
NVDA,NVDA270219P00160000,NVDA,2027-02-19,P,160.0,2.97,823.0,3.1,1098.0,0.4191,4296.0,74.0,-0.098,0.0029,0.2462,-0.0321,-0.0944,3.0141,-0.31,3.17,3.18,3.08,down,3.09,2026-09-16T10:14:11,-9.11765,3.39999997615814,215.81,2026-09-16 15:44:11,2026-09-16 11:45:06
NVDA,NVDA270219P00165000,NVDA,2027-02-19,P,165.0,3.6,847.0,3.75,1236.0,0.4126,6420.0,64.0,-0.116,0.0034,0.2777,-0.0357,-0.1115,3.6445,-0.285,3.77,3.83,3.69,up,3.79,2026-09-16T10:14:11,-6.99387,4.07500004768372,215.81,2026-09-16 15:44:11,2026-09-16 11:45:06
NVDA,NVDA270219P00170000,NVDA,2027-02-19,P,170.0,4.35,445.0,4.45,791.0,0.4054,4267.0,38.0,-0.1365,0.0038,0.311,-0.0395,-0.1306,4.3939,-0.395,4.67,4.67,4.48,down,4.48,2026-09-16T10:02:32,-8.10256,4.875,215.81,2026-09-16 15:44:11,2026-09-16 11:45:06
NVDA,NVDA270219P00175000,NVDA,2027-02-19,P,175.0,5.2,836.0,5.35,859.0,0.3998,4885.0,37.0,-0.1594,0.0043,0.344,-0.0432,-0.1517,5.2678,-0.45,5.41,5.52,5.4,down,5.4,2026-09-16T10:05:42,-7.69231,5.84999990463257,215.81,2026-09-16 15:44:11,2026-09-16 11:45:06
NVDA,NVDA270219P00180000,NVDA,2027-02-19,P,180.0,6.2,1095.0,6.35,475.0,0.394,8486.0,10.0,-0.1852,0.0048,0.3783,-0.047,-0.175,6.2931,-0.575,6.6,6.6,6.45,no_change,6.45,2026-09-16T10:22:07,-8.18505,7.02500009536743,215.81,2026-09-16 15:44:11,2026-09-16 11:45:06
NVDA,NVDA270219P00185000,NVDA,2027-02-19,P,185.0,7.35,1045.0,7.55,847.0,0.389,8038.0,4.0,-0.2135,0.0054,0.4112,-0.0506,-0.2004,7.4818,-0.85,7.67,7.67,7.45,down,7.45,2026-09-16T11:26:19,-10.241,8.2999997138977,215.81,2026-09-16 15:44:11,2026-09-16 11:45:06
NVDA,NVDA270219P00190000,NVDA,2027-02-19,P,190.0,8.8,407.0,8.9,443.0,0.3863,7552.0,281.0,-0.2438,0.0058,0.443,-0.054,-0.2266,8.8208,-0.95,9.25,9.25,8.8,no_change,8.85,2026-09-16T11:19:54,-9.69388,9.7999997138977,215.81,2026-09-16 15:44:11,2026-09-16 11:45:06
NVDA,NVDA270219P00195000,NVDA,2027-02-19,P,195.0,10.35,123.0,10.45,557.0,0.3826,3725.0,20.0,-0.2768,0.0063,0.472,-0.0571,-0.2548,10.3628,-1.1,10.9,10.9,10.4,no_change,10.4,2026-09-16T11:20:08,-9.56522,11.5,215.81,2026-09-16 15:44:11,2026-09-16 11:45:06
NVDA,NVDA270219P00200000,NVDA,2027-02-19,P,200.0,12.0,929.0,12.2,797.0,0.3787,5416.0,9.0,-0.3115,0.0068,0.4982,-0.0598,-0.284,12.0853,-1.35,12.67,12.67,12.0,down,12.0,2026-09-16T11:09:32,-10.1124,13.3499999046326,215.81,2026-09-16 15:44:11,2026-09-16 11:45:06
NVDA,NVDA270219P00205000,NVDA,2027-02-19,P,205.0,13.95,195.0,14.1,303.0,0.3757,3292.0,63.0,-0.3479,0.0072,0.52,-0.062,-0.3132,14.0053,-1.375,14.25,14.25,13.95,up,14.05,2026-09-16T11:29:08,-8.9141,15.4250001907349,215.81,2026-09-16 15:44:11,2026-09-16 11:45:06
NVDA,NVDA270219P00210000,NVDA,2027-02-19,P,210.0,16.15,228.0,16.4,388.0,0.3732,3113.0,56.0,-0.3853,0.0075,0.5377,-0.0637,-0.3423,16.1179,-1.575,16.9,16.9,16.05,no_change,16.15,2026-09-16T11:24:40,-8.88576,17.7250003814697,215.81,2026-09-16 15:44:11,2026-09-16 11:45:06
NVDA,NVDA270219P00215000,NVDA,2027-02-19,P,215.0,18.35,512.0,18.65,461.0,0.3712,2783.0,520.0,-0.424,0.0078,0.55,-0.0649,-0.3695,18.4476,-1.775,19.41,19.41,18.4,up,18.45,2026-09-16T11:27:52,-8.77627,20.2250003814697,215.81,2026-09-16 15:44:11,2026-09-16 11:45:06
NVDA,NVDA270219P00220000,NVDA,2027-02-19,P,220.0,21.0,165.0,21.15,212.0,0.3685,2100.0,48.0,-0.4631,0.008,0.5573,-0.0655,-0.3953,20.9805,-1.9,21.45,21.55,20.95,no_change,21.05,2026-09-16T11:25:25,-8.27887,22.9499998092651,215.81,2026-09-16 15:44:11,2026-09-16 11:45:06
NVDA,NVDA270219P00225000,NVDA,2027-02-19,P,225.0,23.7,133.0,24.0,324.0,0.3676,1716.0,53.0,-0.5026,0.0081,0.5591,-0.0655,-0.4214,23.7317,-2.125,24.15,24.15,23.6,no_change,23.75,2026-09-16T11:25:45,-8.21256,25.875,215.81,2026-09-16 15:44:11,2026-09-16 11:45:06
NVDA,NVDA270219P00230000,NVDA,2027-02-19,P,230.0,26.55,479.0,27.0,463.0,0.3644,3061.0,1.0,-0.5421,0.0082,0.5547,-0.065,-0.4403,26.7005,-2.275,26.7,26.7,26.7,down,26.7,2026-09-16T11:01:01,-7.85159,28.9749994277954,215.81,2026-09-16 15:44:11,2026-09-16 11:45:06
NVDA,NVDA270219P00235000,NVDA,2027-02-19,P,235.0,29.5,2.0,30.0,18.0,0.3599,612.0,1.0,-0.5805,0.0082,0.5462,-0.064,-0.4626,29.8264,-2.275,29.95,29.95,29.95,down,29.95,2026-09-16T11:23:27,-7.05974,32.2250003814697,215.81,2026-09-16 15:44:11,2026-09-16 11:45:06
NVDA,NVDA270219P00240000,NVDA,2027-02-19,P,240.0,33.25,2.0,33.4,88.0,0.3628,1323.0,2.0,-0.6185,0.0082,0.5311,-0.0626,-0.4706,33.1855,-1.975,33.75,33.75,33.75,no_change,33.75,2026-09-16T10:29:14,-5.52834,35.7250003814697,215.81,2026-09-16 15:44:11,2026-09-16 11:45:06
NVDA,NVDA270219P00245000,NVDA,2027-02-19,P,245.0,36.5,20.0,37.4,189.0,0.3666,20.0,0.0,-0.6552,0.0081,0.5131,-0.0607,-0.4849,36.7025,0.0,0.0,0.0,0.0,no_change,33.65,2026-09-11T10:27:22,0.0,39.25,215.81,2026-09-16 15:44:11,2026-09-16 11:45:06
NVDA,NVDA270219P00250000,NVDA,2027-02-19,P,250.0,40.15,69.0,40.6,15.0,0.3608,108.0,0.0,-0.6904,0.0079,0.4886,-0.0585,-0.4823,40.3938,0.0,0.0,0.0,0.0,up,43.1,2026-09-14T15:09:06,0.0,43.4499988555908,215.81,2026-09-16 15:44:11,2026-09-16 11:45:06
NVDA,NVDA270219P00255000,NVDA,2027-02-19,P,255.0,43.7,171.0,45.4,186.0,0.3675,49.0,0.0,-0.7241,0.0077,0.463,-0.056,-0.484,44.243,0.0,0.0,0.0,0.0,up,47.41,2026-09-14T12:38:12,0.0,47.4250011444092,215.81,2026-09-16 15:44:11,2026-09-16 11:45:06
NVDA,NVDA270219P00260000,NVDA,2027-02-19,P,260.0,47.6,153.0,49.15,97.0,0.3638,195.0,0.0,-0.7562,0.0075,0.4321,-0.0534,-0.4714,48.2442,0.0,0.0,0.0,0.0,up,52.59,2026-09-14T10:42:35,0.0,51.25,215.81,2026-09-16 15:44:11,2026-09-16 11:45:06
NVDA,NVDA270219P00265000,NVDA,2027-02-19,P,265.0,51.75,168.0,53.3,117.0,0.3644,121.0,0.0,-0.7865,0.0073,0.4014,-0.0505,-0.4579,52.3818,0.0,0.0,0.0,0.0,up,56.68,2026-09-14T09:48:22,0.0,55.7999992370606,215.81,2026-09-16 15:44:11,2026-09-16 11:45:06
NVDA,NVDA270219P00270000,NVDA,2027-02-19,P,270.0,56.3,96.0,57.6,166.0,0.3694,22.0,0.0,-0.8152,0.007,0.3637,-0.0478,-0.438,56.6496,0.0,0.0,0.0,0.0,up,55.92,2026-09-10T10:09:32,0.0,60.3249988555908,215.81,2026-09-16 15:44:11,2026-09-16 11:45:06
NVDA,NVDA270219P00275000,NVDA,2027-02-19,P,275.0,60.35,173.0,61.65,10.0,0.3606,56.0,0.0,-0.8418,0.0067,0.331,-0.0447,-0.4202,61.0317,0.0,0.0,0.0,0.0,up,55.25,2026-09-09T10:48:27,0.0,64.2999992370606,215.81,2026-09-16 15:44:11,2026-09-16 11:45:06
NVDA,NVDA270219P00280000,NVDA,2027-02-19,P,280.0,64.95,168.0,66.25,119.0,0.365,69.0,0.0,-0.8668,0.0065,0.2904,-0.0418,-0.3681,65.5209,0.0,0.0,0.0,0.0,up,59.65,2026-09-09T14:49:07,0.0,69.0250015258789,215.81,2026-09-16 15:44:11,2026-09-16 11:45:06
NVDA,NVDA270219P00285000,NVDA,2027-02-19,P,285.0,69.3,168.0,70.95,184.0,0.3637,132.0,0.0,-0.8899,0.0061,0.2513,-0.0388,-0.3457,70.1099,0.0,0.0,0.0,0.0,up,73.9,2026-09-14T12:35:08,0.0,73.5249977111816,215.81,2026-09-16 15:44:11,2026-09-16 11:45:06
NVDA,NVDA270219P00290000,NVDA,2027-02-19,P,290.0,73.8,83.0,75.6,83.0,0.3603,56.0,0.0,-0.9116,0.006,0.2156,-0.0357,-0.2987,74.7755,0.0,0.0,0.0,0.0,no_change,64.95,2026-09-03T11:52:53,0.0,78.2999992370606,215.81,2026-09-16 15:44:11,2026-09-16 11:45:06
NVDA,NVDA270219P00295000,NVDA,2027-02-19,P,295.0,78.45,83.0,80.3,75.0,0.3552,80.0,0.0,-0.9316,0.0057,0.1696,-0.0321,-0.2483,79.5271,0.0,0.0,0.0,0.0,up,69.3,2026-09-08T10:05:12,0.0,83.0999984741211,215.81,2026-09-16 15:44:11,2026-09-16 11:45:06
NVDA,NVDA270219P00300000,NVDA,2027-02-19,P,300.0,83.5,41.0,85.05,41.0,0.3618,73.0,3.0,-0.9499,0.0056,0.1425,-0.0271,-0.2256,84.3351,-3.005,84.97,84.97,84.97,down,84.97,2026-09-16T10:10:09,-3.41574,87.9749984741211,215.81,2026-09-16 15:44:11,2026-09-16 11:45:06
NVDA,NVDA270219P00305000,NVDA,2027-02-19,P,305.0,88.3,44.0,90.0,47.0,0.3572,14.0,0.0,-0.966,0.0049,0.0841,-0.0306,-0.1181,89.2181,0.0,0.0,0.0,0.0,up,80.5,2026-09-08T12:23:28,0.0,92.9500007629394,215.81,2026-09-16 15:44:11,2026-09-16 11:45:06
NVDA,NVDA270219P00310000,NVDA,2027-02-19,P,310.0,93.35,61.0,94.9,47.0,0.3656,8.0,0.0,-0.9781,0.004,0.0585,-0.0286,-0.0964,94.1481,0.0,0.0,0.0,0.0,down,86.15,2026-09-09T15:20:05,0.0,98.0499992370606,215.81,2026-09-16 15:44:11,2026-09-16 11:45:06
NVDA,NVDA270219P00315000,NVDA,2027-02-19,P,315.0,98.4,48.0,99.85,48.0,0.3785,0.0,0.0,-0.9877,0.0026,0.0226,-0.0349,0.0,99.12,0.0,0.0,0.0,0.0,down,93.15,2026-08-07T11:13:09,0.0,102.950000762939,215.81,2026-09-16 15:44:11,2026-09-16 11:45:06
NVDA,NVDA270219P00320000,NVDA,2027-02-19,P,320.0,103.4,41.0,104.85,41.0,0.391,0.0,0.0,-0.9938,0.0013,0.0,-0.046,0.0,104.12,0.0,0.0,0.0,0.0,no_change,0.0,,0.0,108.025001525879,215.81,2026-09-16 15:44:11,2026-09-16 11:45:06
NVDA,NVDA270219P00325000,NVDA,2027-02-19,P,325.0,108.4,48.0,109.8,47.0,0.0,0.0,0.0,-0.9975,0.0005,0.0,-0.0467,0.0,109.12,0.0,0.0,0.0,0.0,no_change,0.0,,0.0,112.950000762939,215.81,2026-09-16 15:44:11,2026-09-16 11:45:06
NVDA,NVDA270219P00330000,NVDA,2027-02-19,P,330.0,113.4,61.0,114.8,46.0,0.0,0.0,0.0,-1.0,0.0,0.0,-0.0467,0.0,114.12,0.0,0.0,0.0,0.0,no_change,0.0,,0.0,117.950000762939,215.81,2026-09-16 15:44:11,2026-09-16 11:45:06
NVDA,NVDA270219P00335000,NVDA,2027-02-19,P,335.0,118.4,47.0,119.8,47.0,0.0,0.0,0.0,-1.0,0.0,0.0,-0.0467,0.0,119.12,0.0,0.0,0.0,0.0,no_change,0.0,,0.0,122.950000762939,215.81,2026-09-16 15:44:11,2026-09-16 11:45:06
NVDA,NVDA270219P00340000,NVDA,2027-02-19,P,340.0,123.4,61.0,124.8,55.0,0.0,0.0,0.0,-1.0,0.0,0.0,-0.0467,0.0,124.12,0.0,0.0,0.0,0.0,no_change,0.0,,0.0,128.049999237061,215.81,2026-09-16 15:44:11,2026-09-16 11:45:06
NVDA,NVDA270219P00345000,NVDA,2027-02-19,P,345.0,128.3,5.0,129.9,28.0,0.0,0.0,0.0,-1.0,0.0,0.0,-0.0467,0.0,129.12,0.0,0.0,0.0,0.0,no_change,0.0,,0.0,132.949996948242,215.81,2026-09-16 15:44:11,2026-09-16 11:45:06
NVDA,NVDA270219P00350000,NVDA,2027-02-19,P,350.0,133.3,5.0,134.9,28.0,0.0,0.0,0.0,-1.0,0.0,0.0,-0.0467,0.0,134.12,0.0,0.0,0.0,0.0,no_change,0.0,,0.0,137.949996948242,215.81,2026-09-16 15:44:11,2026-09-16 11:45:06
NVDA,NVDA270219P00355000,NVDA,2027-02-19,P,355.0,138.3,26.0,139.9,31.0,0.0,0.0,0.0,-1.0,0.0,0.0,-0.0467,0.0,139.12,0.0,0.0,0.0,0.0,no_change,0.0,,0.0,142.949996948242,215.81,2026-09-16 15:44:11,2026-09-16 11:45:06
NVDA,NVDA270219P00360000,NVDA,2027-02-19,P,360.0,143.3,26.0,144.8,31.0,0.0,0.0,0.0,-1.0,0.0,0.0,-0.0467,0.0,144.12,0.0,0.0,0.0,0.0,no_change,0.0,,0.0,148.050003051758,215.81,2026-09-16 15:44:11,2026-09-16 11:45:06
NVDA,NVDA270219P00365000,NVDA,2027-02-19,P,365.0,148.3,26.0,149.8,31.0,0.0,0.0,0.0,-1.0,0.0,0.0,-0.0467,0.0,149.12,0.0,0.0,0.0,0.0,no_change,0.0,,0.0,152.949996948242,215.81,2026-09-16 15:44:11,2026-09-16 11:45:06
NVDA,NVDA270219P00370000,NVDA,2027-02-19,P,370.0,153.3,26.0,155.1,28.0,0.0,0.0,0.0,-1.0,0.0,0.0,-0.0467,0.0,154.12,0.0,0.0,0.0,0.0,no_change,0.0,,0.0,157.949996948242,215.81,2026-09-16 15:44:11,2026-09-16 11:45:06
NVDA,NVDA270219P00375000,NVDA,2027-02-19,P,375.0,158.3,26.0,159.9,27.0,0.0,0.0,0.0,-1.0,0.0,0.0,-0.0467,0.0,159.12,0.0,0.0,0.0,0.0,no_change,0.0,,0.0,162.949996948242,215.81,2026-09-16 15:44:11,2026-09-16 11:45:06
NVDA,NVDA270219P00380000,NVDA,2027-02-19,P,380.0,163.3,26.0,164.8,26.0,0.0,0.0,0.0,-1.0,0.0,0.0,-0.0467,0.0,164.12,0.0,0.0,0.0,0.0,up,163.99,2026-09-01T09:45:38,0.0,167.949996948242,215.81,2026-09-16 15:44:11,2026-09-16 11:45:06
NVDA,NVDA270219P00385000,NVDA,2027-02-19,P,385.0,168.3,26.0,169.8,26.0,0.0,0.0,0.0,-1.0,0.0,0.0,-0.0467,0.0,169.12,0.0,0.0,0.0,0.0,no_change,0.0,,0.0,173.050003051758,215.81,2026-09-16 15:44:11,2026-09-16 11:45:06
NVDA,NVDA270219P00390000,NVDA,2027-02-19,P,390.0,173.3,26.0,175.1,28.0,0.0,0.0,0.0,-1.0,0.0,0.0,-0.0467,0.0,174.12,0.0,0.0,0.0,0.0,no_change,0.0,,0.0,177.949996948242,215.81,2026-09-16 15:44:11,2026-09-16 11:45:06
NVDA,NVDA270219P00395000,NVDA,2027-02-19,P,395.0,178.3,26.0,179.8,26.0,0.0,0.0,0.0,-1.0,0.0,0.0,-0.0467,0.0,179.12,0.0,0.0,0.0,0.0,no_change,0.0,,0.0,183.0,215.81,2026-09-16 15:44:11,2026-09-16 11:45:06
NVDA,NVDA270219P00400000,NVDA,2027-02-19,P,400.0,183.3,26.0,184.8,26.0,0.0,0.0,0.0,-1.0,0.0,0.0,-0.0467,0.0,184.12,0.0,0.0,0.0,0.0,no_change,0.0,,0.0,188.050003051758,215.81,2026-09-16 15:44:11,2026-09-16 11:45:06
NVDA,NVDA270219P00405000,NVDA,2027-02-19,P,405.0,188.3,5.0,190.1,28.0,0.0,0.0,0.0,-1.0,0.0,0.0,-0.0467,0.0,189.12,0.0,0.0,0.0,0.0,no_change,0.0,,0.0,193.024993896484,215.81,2026-09-16 15:44:11,2026-09-16 11:45:06
NVDA,NVDA270219P00410000,NVDA,2027-02-19,P,410.0,193.3,26.0,194.9,25.0,0.0,0.0,0.0,-1.0,0.0,0.0,-0.0467,0.0,194.12,0.0,0.0,0.0,0.0,no_change,0.0,,0.0,197.949996948242,215.81,2026-09-16 15:44:11,2026-09-16 11:45:06
NVDA,NVDA270219P00415000,NVDA,2027-02-19,P,415.0,198.3,26.0,200.1,28.0,0.6031,0.0,0.0,-1.0,0.0,0.0,-0.0467,0.0,199.12,0.0,0.0,0.0,0.0,no_change,0.0,,0.0,203.024993896484,215.81,2026-09-16 15:44:11,2026-09-16 11:45:06
NVDA,NVDA270219P00420000,NVDA,2027-02-19,P,420.0,203.3,26.0,204.8,26.0,0.0,0.0,0.0,-1.0,0.0,0.0,-0.0467,0.0,204.12,0.0,0.0,0.0,0.0,no_change,0.0,,0.0,207.949996948242,215.81,2026-09-16 15:44:11,2026-09-16 11:45:06
NVDA,NVDA270219P00425000,NVDA,2027-02-19,P,425.0,208.3,26.0,209.8,26.0,0.0,0.0,0.0,-1.0,0.0,0.0,-0.0467,0.0,209.12,0.0,0.0,0.0,0.0,no_change,0.0,,0.0,212.949996948242,215.81,2026-09-16 15:44:11,2026-09-16 11:45:06
NVDA,NVDA270219P00430000,NVDA,2027-02-19,P,430.0,213.3,26.0,214.8,26.0,0.0,0.0,0.0,-1.0,0.0,0.0,-0.0467,0.0,214.12,0.0,0.0,0.0,0.0,no_change,0.0,,0.0,218.024993896484,215.81,2026-09-16 15:44:11,2026-09-16 11:45:06
NVDA,NVDA270219P00435000,NVDA,2027-02-19,P,435.0,218.3,26.0,219.8,28.0,0.0,0.0,0.0,-1.0,0.0,0.0,-0.0467,0.0,219.12,0.0,0.0,0.0,0.0,no_change,0.0,,0.0,223.024993896484,215.81,2026-09-16 15:44:11,2026-09-16 11:45:06
NVDA,NVDA270219P00440000,NVDA,2027-02-19,P,440.0,223.3,26.0,224.9,27.0,0.0,0.0,0.0,-1.0,0.0,0.0,-0.0467,0.0,224.12,0.0,0.0,0.0,0.0,no_change,0.0,,0.0,228.024993896484,215.81,2026-09-16 15:44:11,2026-09-16 11:45:06
NVDA,NVDA270219P00445000,NVDA,2027-02-19,P,445.0,228.3,29.0,230.1,28.0,0.0,0.0,0.0,-1.0,0.0,0.0,-0.0467,0.0,229.12,0.0,0.0,0.0,0.0,no_change,0.0,,0.0,232.949996948242,215.81,2026-09-16 15:44:11,2026-09-16 11:45:06
NVDA,NVDA270219P00450000,NVDA,2027-02-19,P,450.0,233.3,26.0,235.1,28.0,0.0,0.0,0.0,-1.0,0.0,0.0,-0.0467,0.0,234.12,0.0,0.0,0.0,0.0,no_change,0.0,,0.0,238.074996948242,215.81,2026-09-16 15:44:11,2026-09-16 11:45:06
NVDA,NVDA270219P00455000,NVDA,2027-02-19,P,455.0,238.3,29.0,239.85,27.0,0.0,0.0,0.0,-1.0,0.0,0.0,-0.0467,0.0,239.12,0.0,0.0,0.0,0.0,no_change,0.0,,0.0,243.125,215.81,2026-09-16 15:44:11,2026-09-16 11:45:06
NVDA,NVDA270219P00460000,NVDA,2027-02-19,P,460.0,243.3,27.0,245.1,27.0,0.0,0.0,0.0,-1.0,0.0,0.0,-0.0467,0.0,244.12,0.0,0.0,0.0,0.0,no_change,0.0,,0.0,248.024993896484,215.81,2026-09-16 15:44:11,2026-09-16 11:45:06
NVDA,NVDA270319C00002500,NVDA,2027-03-19,C,2.5,212.6,26.0,214.35,1.0,0.0,0.0,0.0,1.0,0.0,0.0003,0.0,0.0066,213.685,0.0,0.0,0.0,0.0,no_change,0.0,,0.0,209.675003051758,215.81,2026-09-16 15:44:11,2026-09-16 11:45:06
NVDA,NVDA270319C00005000,NVDA,2027-03-19,C,5.0,210.1,26.0,211.95,26.0,0.0,2.0,0.0,1.0,0.0,0.0003,0.0,0.0134,211.2595,0.0,0.0,0.0,0.0,up,213.13,2026-09-10T12:38:49,0.0,207.150001525879,215.81,2026-09-16 15:44:11,2026-09-16 11:45:06
NVDA,NVDA270319C00007500,NVDA,2027-03-19,C,7.5,207.65,25.0,209.5,25.0,0.0,0.0,0.0,1.0,0.0,0.0006,0.0,0.0223,208.7382,0.0,0.0,0.0,0.0,no_change,0.0,,0.0,204.724998474121,215.81,2026-09-16 15:44:11,2026-09-16 11:45:06
NVDA,NVDA270319C00010000,NVDA,2027-03-19,C,10.0,205.15,26.0,207.05,26.0,0.0,0.0,0.0,1.0,0.0,0.0008,0.0,0.0331,206.324,0.0,0.0,0.0,0.0,down,187.5,2026-07-27T12:03:53,0.0,202.224998474121,215.81,2026-09-16 15:44:11,2026-09-16 11:45:06
NVDA,NVDA270319C00012500,NVDA,2027-03-19,C,12.5,202.7,25.0,204.6,25.0,0.0,0.0,0.0,1.0,0.0,0.0012,0.0,0.0495,203.867,0.0,0.0,0.0,0.0,no_change,0.0,,0.0,199.775001525879,215.81,2026-09-16 15:44:11,2026-09-16 11:45:06
NVDA,NVDA270319C00015000,NVDA,2027-03-19,C,15.0,200.25,26.0,202.15,26.0,0.0,0.0,0.0,1.0,0.0,0.0019,0.0,0.0704,201.4233,0.0,0.0,0.0,0.0,no_change,0.0,,0.0,197.375,215.81,2026-09-16 15:44:11,2026-09-16 11:45:06
NVDA,NVDA270319C00017500,NVDA,2027-03-19,C,17.5,197.8,25.0,199.7,25.0,0.0,0.0,0.0,1.0,0.0,0.0022,0.0,0.082,198.9319,0.0,0.0,0.0,0.0,no_change,0.0,,0.0,194.900001525879,215.81,2026-09-16 15:44:11,2026-09-16 11:45:06
NVDA,NVDA270319C00020000,NVDA,2027-03-19,C,20.0,195.4,26.0,197.25,26.0,0.0,0.0,0.0,1.0,0.0,0.0026,0.0,0.0936,196.5414,0.0,0.0,0.0,0.0,no_change,0.0,,0.0,192.5,215.81,2026-09-16 15:44:11,2026-09-16 11:45:06
NVDA,NVDA270319C00022500,NVDA,2027-03-19,C,22.5,192.95,26.0,194.8,1.0,0.0,0.0,0.0,1.0,0.0,0.0031,0.0,0.1053,194.1005,0.0,0.0,0.0,0.0,no_change,0.0,,0.0,190.074996948242,215.81,2026-09-16 15:44:11,2026-09-16 11:45:06
NVDA,NVDA270319C00025000,NVDA,2027-03-19,C,25.0,190.5,26.0,192.4,26.0,0.0,0.0,0.0,1.0,0.0,0.0036,0.0,0.1168,191.66,0.0,0.0,0.0,0.0,no_change,0.0,,0.0,187.625,215.81,2026-09-16 15:44:11,2026-09-16 11:45:06
NVDA,NVDA270319C00030000,NVDA,2027-03-19,C,30.0,185.6,25.0,187.5,25.0,0.0,4.0,0.0,1.0,0.0,0.0046,0.0,0.14,186.7291,0.0,0.0,0.0,0.0,down,182.31,2026-08-26T10:23:07,0.0,182.724998474121,215.81,2026-09-16 15:44:11,2026-09-16 11:45:06
NVDA,NVDA270319C00035000,NVDA,2027-03-19,C,35.0,180.7,26.0,182.6,1.0,0.0,2.0,0.0,1.0,0.0,0.0056,0.0,0.1632,181.9,0.0,0.0,0.0,0.0,up,195.25,2026-08-27T12:39:59,0.0,177.849998474121,215.81,2026-09-16 15:44:11,2026-09-16 11:45:06
NVDA,NVDA270319C00040000,NVDA,2027-03-19,C,40.0,175.85,26.0,177.75,26.0,0.0,12.0,0.0,1.0,0.0,0.0073,0.0,0.1863,176.9711,0.0,0.0,0.0,0.0,up,193.87,2026-09-08T09:30:00,0.0,172.924995422363,215.81,2026-09-16 15:44:11,2026-09-16 11:45:06
NVDA,NVDA270319C00045000,NVDA,2027-03-19,C,45.0,171.0,26.0,172.9,26.0,0.0,1.0,0.0,1.0,0.0,0.0087,0.0,0.2093,172.1451,0.0,0.0,0.0,0.0,down,168.05,2026-08-25T10:34:42,0.0,168.050003051758,215.81,2026-09-16 15:44:11,2026-09-16 11:45:06
NVDA,NVDA270319C00050000,NVDA,2027-03-19,C,50.0,166.05,1.0,168.0,26.0,0.0,58.0,0.0,0.9996,0.0,0.0103,0.0,0.2323,167.27,0.0,0.0,0.0,0.0,up,163.05,2026-09-15T13:54:03,0.0,163.199996948242,215.81,2026-09-16 15:44:11,2026-09-16 11:45:06
NVDA,NVDA270319C00055000,NVDA,2027-03-19,C,55.0,161.2,25.0,163.15,27.0,0.0,34.0,0.0,0.9991,0.0001,0.0129,0.0,0.2552,162.3465,0.0,0.0,0.0,0.0,down,140.2,2026-07-30T14:51:39,0.0,158.224998474121,215.81,2026-09-16 15:44:11,2026-09-16 11:45:06
NVDA,NVDA270319C00060000,NVDA,2027-03-19,C,60.0,156.3,26.0,158.15,48.0,0.0,313.0,0.0,0.9986,0.0001,0.0151,0.0,0.278,157.4768,0.0,0.0,0.0,0.0,no_change,158.8,2026-09-10T09:56:16,0.0,153.324996948242,215.81,2026-09-16 15:44:11,2026-09-16 11:45:06
NVDA,NVDA270319C00065000,NVDA,2027-03-19,C,65.0,151.7,30.0,153.3,35.0,0.6218,28.0,0.0,0.9979,0.0001,0.0176,0.0,0.3007,152.6101,0.0,0.0,0.0,0.0,no_change,151.81,2026-08-21T15:07:24,0.0,148.599998474121,215.81,2026-09-16 15:44:11,2026-09-16 11:45:06
NVDA,NVDA270319C00070000,NVDA,2027-03-19,C,70.0,146.85,30.0,148.45,34.0,0.6284,321.0,0.0,0.9971,0.0001,0.0216,0.0,0.3233,147.7474,0.0,0.0,0.0,0.0,down,143.89,2026-09-14T13:16:17,0.0,143.75,215.81,2026-09-16 15:44:11,2026-09-16 11:45:06
NVDA,NVDA270319C00075000,NVDA,2027-03-19,C,75.0,141.7,28.0,143.7,21.0,0.6196,3458.0,0.0,0.9961,0.0002,0.0252,0.0,0.3456,142.89,0.0,0.0,0.0,0.0,up,150.18,2026-09-09T13:30:35,0.0,138.824996948242,215.81,2026-09-16 15:44:11,2026-09-16 11:45:06
NVDA,NVDA270319C00080000,NVDA,2027-03-19,C,80.0,137.05,30.0,138.9,30.0,0.616,75.0,0.0,0.9949,0.0002,0.0294,0.0,0.3678,138.0378,0.0,0.0,0.0,0.0,down,135.0,2026-09-15T14:27:32,0.0,133.975006103516,215.81,2026-09-16 15:44:11,2026-09-16 11:45:06
NVDA,NVDA270319C00085000,NVDA,2027-03-19,C,85.0,132.2,34.0,133.95,40.0,0.5767,132.0,5.0,0.9935,0.0002,0.0353,0.0,0.3898,133.1926,2.99,132.19,132.19,132.19,down,132.19,2026-09-16T10:36:49,2.31424,129.199996948242,215.81,2026-09-16 15:44:11,2026-09-16 11:45:06
NVDA,NVDA270319C00090000,NVDA,2027-03-19,C,90.0,127.4,36.0,129.15,63.0,0.5751,846.0,0.0,0.9919,0.0003,0.041,0.0,0.4113,128.3558,0.0,0.0,0.0,0.0,up,122.67,2026-09-14T09:58:42,0.0,124.375,215.81,2026-09-16 15:44:11,2026-09-16 11:45:06
NVDA,NVDA270319C00095000,NVDA,2027-03-19,C,95.0,122.55,30.0,124.4,32.0,0.5659,75.0,0.0,0.9899,0.0004,0.0482,0.0,0.4326,123.5277,0.0,0.0,0.0,0.0,up,132.0,2026-09-02T10:58:45,0.0,119.549999237061,215.81,2026-09-16 15:44:11,2026-09-16 11:45:06
NVDA,NVDA270319C00100000,NVDA,2027-03-19,C,100.0,117.75,26.0,119.5,28.0,0.5427,412.0,0.0,0.9876,0.0004,0.0563,0.0,0.4537,118.712,0.0,0.0,0.0,0.0,down,113.24,2026-09-14T09:48:30,0.0,114.725002288818,215.81,2026-09-16 15:44:11,2026-09-16 11:45:06
NVDA,NVDA270319C00105000,NVDA,2027-03-19,C,105.0,112.9,37.0,114.7,70.0,0.5242,184.0,0.0,0.9848,0.0005,0.065,0.0,0.4739,113.9096,0.0,0.0,0.0,0.0,up,123.35,2026-09-08T12:29:13,0.0,109.950000762939,215.81,2026-09-16 15:44:11,2026-09-16 11:45:06
NVDA,NVDA270319C00110000,NVDA,2027-03-19,C,110.0,108.35,39.0,109.9,31.0,0.5269,489.0,0.0,0.9816,0.0006,0.0763,0.0,0.4942,109.1236,0.0,0.0,0.0,0.0,down,113.6,2026-09-09T14:51:03,0.0,105.150001525879,215.81,2026-09-16 15:44:11,2026-09-16 11:45:06
NVDA,NVDA270319C00115000,NVDA,2027-03-19,C,115.0,103.55,151.0,105.0,361.0,0.5018,414.0,1.0,0.9777,0.0007,0.0881,0.0,0.513,104.3587,2.475,103.0,103.0,103.0,down,103.0,2026-09-16T09:51:21,2.46207,100.525001525879,215.81,2026-09-16 15:44:11,2026-09-16 11:45:06
NVDA,NVDA270319C00120000,NVDA,2027-03-19,C,120.0,98.8,40.0,100.4,130.0,0.4963,602.0,0.0,0.973,0.0009,0.1025,0.0,0.5319,99.6178,0.0,0.0,0.0,0.0,up,96.0,2026-09-15T10:49:14,0.0,95.7000007629394,215.81,2026-09-16 15:44:11,2026-09-16 11:45:06
NVDA,NVDA270319C00125000,NVDA,2027-03-19,C,125.0,94.1,93.0,95.55,355.0,0.4779,404.0,1.0,0.9675,0.001,0.118,0.0,0.5488,94.9087,2.0,93.0,93.0,93.0,up,93.0,2026-09-16T09:33:17,2.1978,91.0,215.81,2026-09-16 15:44:11,2026-09-16 11:45:06
NVDA,NVDA270319C00130000,NVDA,2027-03-19,C,130.0,89.45,49.0,91.05,127.0,0.4746,639.0,0.0,0.961,0.0012,0.1363,-0.0026,0.5644,90.2359,0.0,0.0,0.0,0.0,down,85.75,2026-09-14T13:09:10,0.0,86.3499984741211,215.81,2026-09-16 15:44:11,2026-09-16 11:45:06
NVDA,NVDA270319C00135000,NVDA,2027-03-19,C,135.0,85.2,65.0,86.1,267.0,0.4655,290.0,0.0,0.9532,0.0014,0.1563,-0.0055,0.5798,85.6098,0.0,0.0,0.0,0.0,down,82.0,2026-09-15T10:22:49,0.0,81.7750015258789,215.81,2026-09-16 15:44:11,2026-09-16 11:45:06
NVDA,NVDA270319C00140000,NVDA,2027-03-19,C,140.0,80.3,190.0,81.35,361.0,0.4406,577.0,1.0,0.9441,0.0017,0.1795,-0.0086,0.594,81.0369,1.3,78.5,78.5,78.5,up,78.5,2026-09-16T09:31:35,1.68394,77.2000007629394,215.81,2026-09-16 15:44:11,2026-09-16 11:45:06
NVDA,NVDA270319C00145000,NVDA,2027-03-19,C,145.0,75.95,53.0,77.25,282.0,0.4478,300.0,0.0,0.9334,0.0019,0.204,-0.012,0.6044,76.53,0.0,0.0,0.0,0.0,down,73.0,2026-09-14T13:05:00,0.0,72.7250022888184,215.81,2026-09-16 15:44:11,2026-09-16 11:45:06
NVDA,NVDA270319C00150000,NVDA,2027-03-19,C,150.0,71.8,53.0,72.35,255.0,0.4354,1752.0,0.0,0.921,0.0022,0.2319,-0.0155,0.6148,72.0973,0.0,0.0,0.0,0.0,up,69.3,2026-09-15T10:28:54,0.0,68.4000015258789,215.81,2026-09-16 15:44:11,2026-09-16 11:45:06
NVDA,NVDA270319C00155000,NVDA,2027-03-19,C,155.0,66.55,257.0,68.0,232.0,0.4311,691.0,41.0,0.9068,0.0026,0.2609,-0.0192,0.6205,67.7523,3.675,67.02,67.8,67.02,up,67.8,2026-09-16T11:27:15,5.731,64.1249980926514,215.81,2026-09-16 15:44:11,2026-09-16 11:45:06
NVDA,NVDA270319C00160000,NVDA,2027-03-19,C,160.0,63.2,166.0,63.75,240.0,0.4218,2545.0,27.0,0.8906,0.0029,0.2926,-0.023,0.6294,63.505,3.475,61.5,63.45,61.5,up,63.45,2026-09-16T11:22:26,5.79408,59.9750003814697,215.81,2026-09-16 15:44:11,2026-09-16 11:45:06
NVDA,NVDA270319C00165000,NVDA,2027-03-19,C,165.0,59.1,102.0,59.6,190.0,0.4165,1363.0,2.0,0.8725,0.0033,0.3251,-0.027,0.6568,59.3697,3.365,58.48,59.29,58.48,up,59.29,2026-09-16T11:22:07,6.01698,55.9250011444092,215.81,2026-09-16 15:44:11,2026-09-16 11:45:06
NVDA,NVDA270319C00170000,NVDA,2027-03-19,C,170.0,55.1,43.0,55.6,113.0,0.4117,5005.0,4.0,0.8523,0.0037,0.3586,-0.031,0.655,55.3567,2.8,53.63,54.8,53.53,up,54.8,2026-09-16T10:57:45,5.38462,52.0,215.81,2026-09-16 15:44:11,2026-09-16 11:45:06
NVDA,NVDA270319C00175000,NVDA,2027-03-19,C,175.0,51.2,52.0,51.7,457.0,0.4066,2505.0,1.0,0.8301,0.0041,0.3921,-0.0349,0.6504,51.475,1.555,49.78,49.78,49.78,up,49.78,2026-09-16T09:32:44,3.22447,48.2250003814697,215.81,2026-09-16 15:44:11,2026-09-16 11:45:06
NVDA,NVDA270319C00180000,NVDA,2027-03-19,C,180.0,47.3,140.0,47.95,334.0,0.404,4468.0,0.0,0.8059,0.0045,0.4254,-0.0387,0.6428,47.7329,0.0,0.0,0.0,0.0,up,44.7,2026-09-15T15:59:56,0.0,44.5249996185303,215.81,2026-09-16 15:44:11,2026-09-16 11:45:06
NVDA,NVDA270319C00185000,NVDA,2027-03-19,C,185.0,43.85,139.0,44.4,523.0,0.3988,3098.0,121.0,0.7799,0.0049,0.4573,-0.0424,0.6324,44.1406,3.125,42.35,44.2,42.35,up,44.2,2026-09-16T11:07:51,7.60803,41.0750007629394,215.81,2026-09-16 15:44:11,2026-09-16 11:45:06
NVDA,NVDA270319C00190000,NVDA,2027-03-19,C,190.0,40.35,236.0,40.85,485.0,0.3961,3881.0,7.0,0.7522,0.0052,0.4878,-0.0459,0.6194,40.7041,2.425,39.05,40.15,39.05,up,40.15,2026-09-16T10:49:30,6.4281,37.7250003814697,215.81,2026-09-16 15:44:11,2026-09-16 11:45:06
NVDA,NVDA270319C00195000,NVDA,2027-03-19,C,195.0,37.15,157.0,37.55,382.0,0.3933,7781.0,12.0,0.7229,0.0056,0.5157,-0.049,0.6038,37.4318,1.975,36.55,36.55,36.55,no_change,36.55,2026-09-16T09:51:26,5.71222,34.5750007629394,215.81,2026-09-16 15:44:11,2026-09-16 11:45:06
NVDA,NVDA270319C00200000,NVDA,2027-03-19,C,200.0,34.05,213.0,34.45,747.0,0.3905,30367.0,2202.0,0.6924,0.0059,0.5409,-0.0518,0.5859,34.3271,2.82,32.85,34.44,32.75,no_change,34.42,2026-09-16T11:26:34,8.92405,31.6000003814697,215.81,2026-09-16 15:44:11,2026-09-16 11:45:06
NVDA,NVDA270319C00205000,NVDA,2027-03-19,C,205.0,31.3,8.0,31.55,756.0,0.3875,2241.0,8.0,0.6608,0.0062,0.5626,-0.0542,0.5659,31.3962,1.995,30.9,31.0,30.7,up,30.87,2026-09-16T10:29:21,6.90909,28.875,215.81,2026-09-16 15:44:11,2026-09-16 11:45:06
NVDA,NVDA270319C00210000,NVDA,2027-03-19,C,210.0,28.4,205.0,28.8,892.0,0.3856,25642.0,176.0,0.6284,0.0064,0.5806,-0.0562,0.5442,28.6394,2.475,27.38,28.85,26.85,up,28.7,2026-09-16T11:26:44,9.43756,26.2250003814697,215.81,2026-09-16 15:44:11,2026-09-16 11:45:06
NVDA,NVDA270319C00215000,NVDA,2027-03-19,C,215.0,26.0,15.0,26.2,932.0,0.3832,10514.0,93.0,0.5954,0.0066,0.5947,-0.0578,0.5209,26.0601,2.425,24.4,26.25,24.4,down,26.2,2026-09-16T11:28:32,10.1998,23.7749996185303,215.81,2026-09-16 15:44:11,2026-09-16 11:45:06
NVDA,NVDA270319C00220000,NVDA,2027-03-19,C,220.0,23.5,202.0,23.85,1077.0,0.3822,20520.0,92.0,0.5623,0.0068,0.6045,-0.0589,0.4967,23.6558,2.19,22.6,23.74,22.6,up,23.74,2026-09-16T11:26:23,10.1624,21.5500001907349,215.81,2026-09-16 15:44:11,2026-09-16 11:45:06
NVDA,NVDA270319C00225000,NVDA,2027-03-19,C,225.0,21.4,48.0,21.6,1073.0,0.3802,10260.0,606.0,0.5295,0.0068,0.6103,-0.0596,0.4717,21.4548,1.975,20.05,21.55,20.05,down,21.45,2026-09-16T11:29:09,10.1412,19.4750003814697,215.81,2026-09-16 15:44:11,2026-09-16 11:45:06
NVDA,NVDA270319C00230000,NVDA,2027-03-19,C,230.0,19.35,52.0,19.55,895.0,0.3794,12577.0,49.0,0.4964,0.0069,0.6117,-0.0598,0.4459,19.3667,1.75,18.5,19.45,18.2,down,19.35,2026-09-16T11:17:33,9.94318,17.6000003814697,215.81,2026-09-16 15:44:11,2026-09-16 11:45:06
NVDA,NVDA270319C00235000,NVDA,2027-03-19,C,235.0,17.45,30.0,17.65,1072.0,0.3781,6129.0,25.0,0.4642,0.0069,0.6092,-0.0596,0.4196,17.4729,1.675,16.6,17.5,16.6,no_change,17.5,2026-09-16T11:04:00,10.5845,15.8249998092651,215.81,2026-09-16 15:44:11,2026-09-16 11:45:06
NVDA,NVDA270319C00240000,NVDA,2027-03-19,C,240.0,15.7,81.0,15.9,894.0,0.3765,17876.0,192.0,0.4327,0.0068,0.6031,-0.0591,0.3941,15.7381,1.615,14.7,15.84,14.7,up,15.84,2026-09-16T11:23:06,11.3532,14.2250003814697,215.81,2026-09-16 15:44:11,2026-09-16 11:45:06
NVDA,NVDA270319C00245000,NVDA,2027-03-19,C,245.0,14.1,199.0,14.35,861.0,0.376,6264.0,21.0,0.4023,0.0067,0.5933,-0.0582,0.3683,14.1548,1.3,13.5,14.1,13.5,up,14.1,2026-09-16T11:00:32,10.1563,12.7999997138977,215.81,2026-09-16 15:44:11,2026-09-16 11:45:06
NVDA,NVDA270319C00250000,NVDA,2027-03-19,C,250.0,12.65,236.0,12.9,819.0,0.3753,38439.0,738.0,0.3731,0.0066,0.5808,-0.057,0.3436,12.7157,1.31,11.91,12.76,11.75,up,12.76,2026-09-16T11:26:23,11.441,11.4499998092651,215.81,2026-09-16 15:44:11,2026-09-16 11:45:06
NVDA,NVDA270319C00255000,NVDA,2027-03-19,C,255.0,11.25,1058.0,11.55,1230.0,0.375,3631.0,50.0,0.3452,0.0064,0.5655,-0.0555,0.3194,11.4105,0.95,10.75,11.31,10.65,down,11.25,2026-09-16T10:46:18,9.2233,10.2999997138977,215.81,2026-09-16 15:44:11,2026-09-16 11:45:06
NVDA,NVDA270319C00260000,NVDA,2027-03-19,C,260.0,10.2,110.0,10.35,783.0,0.3742,29982.0,80.0,0.319,0.0062,0.5483,-0.0539,0.2964,10.2485,1.0,10.1,10.2,9.98,no_change,10.2,2026-09-16T11:19:40,10.8696,9.2000002861023,215.81,2026-09-16 15:44:11,2026-09-16 11:45:06
NVDA,NVDA270319C00265000,NVDA,2027-03-19,C,265.0,9.15,103.0,9.3,996.0,0.3748,4286.0,43.0,0.2936,0.006,0.529,-0.052,0.2742,9.169,0.92,9.0,9.17,8.95,no_change,9.17,2026-09-16T11:06:32,11.1515,8.25,215.81,2026-09-16 15:44:11,2026-09-16 11:45:06
NVDA,NVDA270319C00270000,NVDA,2027-03-19,C,270.0,8.15,371.0,8.35,1029.0,0.3744,13546.0,20.0,0.2704,0.0058,0.5086,-0.05,0.2532,8.2272,0.875,7.95,8.25,7.95,up,8.25,2026-09-16T11:09:06,11.8644,7.375,215.81,2026-09-16 15:44:11,2026-09-16 11:45:06
NVDA,NVDA270319C00275000,NVDA,2027-03-19,C,275.0,7.3,237.0,7.5,1003.0,0.3752,4503.0,21.0,0.2482,0.0055,0.4867,-0.0479,0.2332,7.3565,0.62,6.95,7.25,6.85,down,7.22,2026-09-16T10:32:32,9.39394,6.60000014305115,215.81,2026-09-16 15:44:11,2026-09-16 11:45:06
NVDA,NVDA270319C00280000,NVDA,2027-03-19,C,280.0,6.55,230.0,6.7,837.0,0.3755,11564.0,79.0,0.2277,0.0052,0.4647,-0.0458,0.2146,6.5883,0.725,6.11,6.65,6.1,no_change,6.65,2026-09-16T11:08:34,12.2363,5.92499995231628,215.81,2026-09-16 15:44:11,2026-09-16 11:45:06
NVDA,NVDA270319C00285000,NVDA,2027-03-19,C,285.0,5.9,107.0,6.0,836.0,0.3764,2488.0,30.0,0.2087,0.005,0.442,-0.0436,0.1971,5.9022,0.65,5.9,5.95,5.8,no_change,5.95,2026-09-16T11:27:18,12.2642,5.29999995231628,215.81,2026-09-16 15:44:11,2026-09-16 11:45:06
NVDA,NVDA270319C00290000,NVDA,2027-03-19,C,290.0,5.25,399.0,5.4,1024.0,0.3766,7089.0,81.0,0.1914,0.0047,0.4202,-0.0415,0.1814,5.299,0.6,4.95,5.35,4.95,up,5.35,2026-09-16T11:08:04,12.6316,4.75,215.81,2026-09-16 15:44:11,2026-09-16 11:45:06
NVDA,NVDA270319C00295000,NVDA,2027-03-19,C,295.0,4.75,86.0,4.85,801.0,0.3783,2967.0,102.0,0.175,0.0044,0.3976,-0.0393,0.1661,4.7429,0.555,4.7,4.83,4.65,no_change,4.83,2026-09-16T11:28:54,12.9825,4.27499985694885,215.81,2026-09-16 15:44:11,2026-09-16 11:45:06
NVDA,NVDA270319C00300000,NVDA,2027-03-19,C,300.0,4.25,182.0,4.35,823.0,0.379,14648.0,199.0,0.1601,0.0042,0.3755,-0.0372,0.1521,4.2564,0.44,4.05,4.3,3.9,no_change,4.29,2026-09-16T11:28:54,11.4286,3.85000002384186,215.81,2026-09-16 15:44:11,2026-09-16 11:45:06
NVDA,NVDA270319C00305000,NVDA,2027-03-19,C,305.0,3.8,261.0,3.95,990.0,0.3804,1521.0,51.0,0.1465,0.0039,0.3545,-0.0352,0.1396,3.8232,0.425,3.82,3.85,3.72,up,3.85,2026-09-16T11:21:27,12.4088,3.42499995231628,215.81,2026-09-16 15:44:11,2026-09-16 11:45:06
NVDA,NVDA270319C00310000,NVDA,2027-03-19,C,310.0,3.4,516.0,3.55,986.0,0.3812,5815.0,19.0,0.134,0.0037,0.3341,-0.0332,0.1279,3.4374,0.375,3.4,3.47,3.4,down,3.45,2026-09-16T11:00:31,12.1951,3.07500004768372,215.81,2026-09-16 15:44:11,2026-09-16 11:45:06
NVDA,NVDA270319C00315000,NVDA,2027-03-19,C,315.0,3.05,782.0,3.2,1085.0,0.3822,3499.0,21.0,0.1228,0.0035,0.3145,-0.0313,0.1172,3.1003,0.365,3.13,3.15,3.05,up,3.15,2026-09-16T11:22:14,13.1059,2.7849999666214,215.81,2026-09-16 15:44:11,2026-09-16 11:45:06
NVDA,NVDA270319C00320000,NVDA,2027-03-19,C,320.0,2.77,419.0,2.93,803.0,0.3848,16123.0,30.0,0.1123,0.0032,0.2954,-0.0295,0.1074,2.7896,0.33,2.65,2.85,2.65,up,2.85,2026-09-16T11:27:51,13.0952,2.51999998092651,215.81,2026-09-16 15:44:11,2026-09-16 11:45:06
NVDA,NVDA270319C00325000,NVDA,2027-03-19,C,325.0,2.42,526.0,2.74,703.0,0.3865,1156.0,8.0,0.1029,0.003,0.2778,-0.0278,0.0985,2.5179,0.22,2.59,2.59,2.49,up,2.51,2026-09-16T10:51:48,9.60699,2.28999996185303,215.81,2026-09-16 15:44:11,2026-09-16 11:45:06
NVDA,NVDA270319C00330000,NVDA,2027-03-19,C,330.0,2.2,546.0,2.34,272.0,0.3853,4435.0,1.0,0.0944,0.0028,0.261,-0.0262,0.0904,2.2802,0.24,2.3,2.3,2.3,up,2.3,2026-09-16T09:51:32,11.6505,2.05999994277954,215.81,2026-09-16 15:44:11,2026-09-16 11:45:06
NVDA,NVDA270319C00335000,NVDA,2027-03-19,C,335.0,1.98,427.0,2.13,483.0,0.3869,2065.0,0.0,0.0866,0.0026,0.2448,-0.0246,0.083,2.0645,0.0,0.0,0.0,0.0,down,1.9,2026-09-15T13:02:52,0.0,1.87000000476837,215.81,2026-09-16 15:44:11,2026-09-16 11:45:06
NVDA,NVDA270319C00340000,NVDA,2027-03-19,C,340.0,1.82,380.0,2.05,1012.0,0.3916,1345.0,5.0,0.0796,0.0025,0.2301,-0.0232,0.0764,1.8745,0.26,1.89,1.89,1.89,up,1.89,2026-09-16T11:13:45,15.9509,1.62999999523163,215.81,2026-09-16 15:44:11,2026-09-16 11:45:06
NVDA,NVDA270319C00345000,NVDA,2027-03-19,C,345.0,1.67,354.0,1.84,911.0,0.3932,761.0,0.0,0.0731,0.0023,0.216,-0.0218,0.0702,1.7023,0.0,0.0,0.0,0.0,down,1.58,2026-09-14T15:58:26,0.0,1.56000000238419,215.81,2026-09-16 15:44:11,2026-09-16 11:45:06
NVDA,NVDA270319C00350000,NVDA,2027-03-19,C,350.0,1.52,782.0,1.59,377.0,0.3929,5755.0,15.0,0.0672,0.0022,0.2023,-0.0205,0.0644,1.5465,0.14,1.66,1.66,1.56,down,1.56,2026-09-16T11:28:19,9.85915,1.4200000166893,215.81,2026-09-16 15:44:11,2026-09-16 11:45:06
NVDA,NVDA270319C00355000,NVDA,2027-03-19,C,355.0,1.25,438.0,1.45,111.0,0.391,626.0,0.0,0.0618,0.002,0.1897,-0.0193,0.0593,1.4091,0.0,0.0,0.0,0.0,up,1.35,2026-09-14T15:56:57,0.0,1.28500002622604,215.81,2026-09-16 15:44:11,2026-09-16 11:45:06
NVDA,NVDA270319C00360000,NVDA,2027-03-19,C,360.0,1.22,322.0,1.48,553.0,0.3998,1969.0,3.0,0.057,0.0019,0.1782,-0.0182,0.0547,1.2859,0.105,1.23,1.29,1.23,up,1.29,2026-09-16T10:53:00,8.86076,1.18500000238419,215.81,2026-09-16 15:44:11,2026-09-16 11:45:06
NVDA,NVDA270319C00365000,NVDA,2027-03-19,C,365.0,1.15,248.0,1.22,377.0,0.3986,276.0,0.0,0.0525,0.0018,0.1674,-0.0171,0.0505,1.1752,0.0,0.0,0.0,0.0,no_change,1.16,2026-09-15T15:57:54,0.0,1.09000000357628,215.81,2026-09-16 15:44:11,2026-09-16 11:45:06
NVDA,NVDA270319C00370000,NVDA,2027-03-19,C,370.0,1.03,440.0,1.12,453.0,0.3998,4393.0,1.0,0.0485,0.0016,0.1571,-0.0161,0.0466,1.0758,0.1,1.09,1.09,1.09,up,1.09,2026-09-16T09:51:08,10.101,0.989999979734421,215.81,2026-09-16 15:44:11,2026-09-16 11:45:06
NVDA,NVDA270319C00375000,NVDA,2027-03-19,C,375.0,0.85,416.0,1.03,330.0,0.3986,207.0,0.0,0.0448,0.0015,0.1473,-0.0152,0.043,0.9846,0.0,0.0,0.0,0.0,no_change,0.99,2026-09-14T15:56:04,0.0,0.889999985694885,215.81,2026-09-16 15:44:11,2026-09-16 11:45:06
NVDA,NVDA270319C00380000,NVDA,2027-03-19,C,380.0,0.87,440.0,0.96,491.0,0.4043,724.0,0.0,0.0415,0.0014,0.1387,-0.0143,0.0399,0.9069,0.0,0.0,0.0,0.0,down,0.79,2026-09-15T15:51:54,0.0,0.810000002384186,215.81,2026-09-16 15:44:11,2026-09-16 11:45:06
NVDA,NVDA270319C00385000,NVDA,2027-03-19,C,385.0,0.7,677.0,0.87,291.0,0.4017,670.0,0.0,0.0385,0.0013,0.1305,-0.0135,0.037,0.8339,0.0,0.0,0.0,0.0,down,0.78,2026-09-14T10:23:02,0.0,0.754999995231628,215.81,2026-09-16 15:44:11,2026-09-16 11:45:06
NVDA,NVDA270319C00390000,NVDA,2027-03-19,C,390.0,0.64,465.0,0.92,517.0,0.4087,1001.0,6.0,0.0357,0.0012,0.1229,-0.0127,0.0343,0.7678,0.06,0.77,0.77,0.77,up,0.77,2026-09-16T10:49:12,8.4507,0.71000000834465,215.81,2026-09-16 15:44:11,2026-09-16 11:45:06
NVDA,NVDA270319C00395000,NVDA,2027-03-19,C,395.0,0.57,426.0,0.86,474.0,0.4103,259.0,0.0,0.0331,0.0012,0.1156,-0.012,0.0318,0.7081,0.0,0.0,0.0,0.0,up,0.69,2026-09-15T14:09:39,0.0,0.604999989271164,215.81,2026-09-16 15:44:11,2026-09-16 11:45:06
NVDA,NVDA270319C00400000,NVDA,2027-03-19,C,400.0,0.55,421.0,0.8,537.0,0.4137,2714.0,0.0,0.0308,0.0011,0.1088,-0.0114,0.0295,0.6539,0.0,0.0,0.0,0.0,no_change,0.62,2026-09-15T15:44:37,0.0,0.615000009536743,215.81,2026-09-16 15:44:11,2026-09-16 11:45:06
NVDA,NVDA270319C00405000,NVDA,2027-03-19,C,405.0,0.47,856.0,0.64,340.0,0.4084,625.0,0.0,0.0286,0.001,0.1024,-0.0107,0.0275,0.6047,0.0,0.0,0.0,0.0,up,0.58,2026-09-15T13:21:07,0.0,0.569999992847443,215.81,2026-09-16 15:44:11,2026-09-16 11:45:06
NVDA,NVDA270319C00410000,NVDA,2027-03-19,C,410.0,0.53,85.0,0.59,24.0,0.4156,1221.0,0.0,0.0266,0.001,0.0966,-0.0102,0.0256,0.5598,0.0,0.0,0.0,0.0,down,0.62,2026-09-14T09:47:04,0.0,0.530000001192093,215.81,2026-09-16 15:44:11,2026-09-16 11:45:06
NVDA,NVDA270319C00415000,NVDA,2027-03-19,C,415.0,0.39,782.0,0.55,94.0,0.4119,138.0,0.0,0.0248,0.0009,0.0911,-0.0096,0.0238,0.5183,0.0,0.0,0.0,0.0,down,0.74,2026-09-10T10:50:56,0.0,0.489999994635582,215.81,2026-09-16 15:44:11,2026-09-16 11:45:06
NVDA,NVDA270319C00420000,NVDA,2027-03-19,C,420.0,0.45,811.0,0.51,323.0,0.4195,1180.0,5.0,0.0231,0.0008,0.086,-0.0091,0.0222,0.4811,0.05,0.5,0.5,0.5,up,0.5,2026-09-16T10:15:22,11.1111,0.450000002980232,215.81,2026-09-16 15:44:11,2026-09-16 11:45:06
NVDA,NVDA270319C00430000,NVDA,2027-03-19,C,430.0,0.4,215.0,0.5,435.0,0.4281,367.0,0.0,0.0202,0.0008,0.0767,-0.0082,0.0194,0.4165,0.0,0.0,0.0,0.0,down,0.42,2026-09-14T15:42:26,0.0,0.449999988079071,215.81,2026-09-16 15:44:11,2026-09-16 11:45:06
NVDA,NVDA270319C00440000,NVDA,2027-03-19,C,440.0,0.23,439.0,0.5,496.0,0.4282,834.0,0.0,0.0177,0.0007,0.0685,-0.0074,0.0169,0.3608,0.0,0.0,0.0,0.0,down,0.37,2026-09-14T12:18:39,0.0,0.344999998807907,215.81,2026-09-16 15:44:11,2026-09-16 11:45:06
NVDA,NVDA270319C00450000,NVDA,2027-03-19,C,450.0,0.18,470.0,0.44,508.0,0.4306,521.0,1.0,0.0155,0.0006,0.0614,-0.0066,0.0149,0.3147,0.025,0.31,0.31,0.31,down,0.31,2026-09-16T09:59:47,8.77193,0.284999996423721,215.81,2026-09-16 15:44:11,2026-09-16 11:45:06
NVDA,NVDA270319C00455000,NVDA,2027-03-19,C,455.0,0.16,467.0,0.43,477.0,0.4335,334.0,0.0,0.0146,0.0006,0.0582,-0.0063,0.014,0.2945,0.0,0.0,0.0,0.0,up,0.31,2026-09-14T15:40:57,0.0,0.280000001192093,215.81,2026-09-16 15:44:11,2026-09-16 11:45:06
NVDA,NVDA270319C00460000,NVDA,2027-03-19,C,460.0,0.27,121.0,0.34,140.0,0.4408,5429.0,33.0,0.0137,0.0005,0.0552,-0.006,0.0131,0.2758,0.02,0.25,0.29,0.25,no_change,0.29,2026-09-16T10:04:03,7.40741,0.269999995827675,215.81,2026-09-16 15:44:11,2026-09-16 11:45:06
NVDA,NVDA270319P00002500,NVDA,2027-03-19,P,2.5,0.0,0.0,0.14,158.0,2.5879,0.0,0.0,-0.0001,0.0,0.0004,-0.0002,-0.0001,0.0063,0.0,0.0,0.0,0.0,no_change,0.0,,0.0,0.0700000002980232,215.81,2026-09-16 15:44:11,2026-09-16 11:45:06
NVDA,NVDA270319P00005000,NVDA,2027-03-19,P,5.0,0.0,0.0,0.02,19.0,1.7464,1002.0,0.0,-0.0001,0.0,0.0007,-0.0003,-0.0002,0.01,0.0,0.0,0.0,0.0,down,0.01,2026-08-27T09:37:29,0.0,0.0700000002980232,215.81,2026-09-16 15:44:11,2026-09-16 11:45:06
NVDA,NVDA270319P00007500,NVDA,2027-03-19,P,7.5,0.0,0.0,0.01,12.0,1.4621,3021.0,0.0,-0.0002,0.0,0.001,-0.0004,-0.0002,0.0134,0.0,0.0,0.0,0.0,no_change,0.01,2026-09-14T15:50:53,0.0,0.00499999988824129,215.81,2026-09-16 15:44:11,2026-09-16 11:45:06
NVDA,NVDA270319P00010000,NVDA,2027-03-19,P,10.0,0.0,0.0,0.06,28.0,1.5458,1000.0,0.0,-0.0002,0.0,0.0014,-0.0005,-0.0003,0.0168,0.0,0.0,0.0,0.0,down,0.01,2026-08-27T12:04:03,0.0,0.0700000002980232,215.81,2026-09-16 15:44:11,2026-09-16 11:45:06
NVDA,NVDA270319P00012500,NVDA,2027-03-19,P,12.5,0.0,0.0,0.15,195.0,1.5664,0.0,0.0,-0.0003,0.0,0.0017,-0.0006,-0.0004,0.0202,0.0,0.0,0.0,0.0,no_change,0.0,,0.0,0.0750000029802322,215.81,2026-09-16 15:44:11,2026-09-16 11:45:06
NVDA,NVDA270319P00015000,NVDA,2027-03-19,P,15.0,0.0,0.0,0.15,160.0,1.4603,2.0,0.0,-0.0004,0.0,0.0021,-0.0007,-0.0005,0.0237,0.0,0.0,0.0,0.0,down,0.02,2026-08-27T13:07:22,0.0,0.0750000029802322,215.81,2026-09-16 15:44:11,2026-09-16 11:45:06
NVDA,NVDA270319P00017500,NVDA,2027-03-19,P,17.5,0.0,0.0,0.15,158.0,1.372,0.0,0.0,-0.0004,0.0,0.0025,-0.0008,-0.0006,0.0273,0.0,0.0,0.0,0.0,no_change,0.0,,0.0,0.0750000029802322,215.81,2026-09-16 15:44:11,2026-09-16 11:45:06
NVDA,NVDA270319P00020000,NVDA,2027-03-19,P,20.0,0.0,0.0,0.09,45.0,1.2303,4.0,0.0,-0.0005,0.0,0.0029,-0.0009,-0.0007,0.0311,0.0,0.0,0.0,0.0,down,0.03,2026-08-14T11:34:40,0.0,0.0450000017881393,215.81,2026-09-16 15:44:11,2026-09-16 11:45:06
NVDA,NVDA270319P00022500,NVDA,2027-03-19,P,22.5,0.0,0.0,0.16,160.0,1.2393,4.0,0.0,-0.0006,0.0,0.0034,-0.001,-0.0008,0.035,0.0,0.0,0.0,0.0,up,0.1,2026-08-24T14:39:33,0.0,0.0799999982118606,215.81,2026-09-16 15:44:11,2026-09-16 11:45:06
NVDA,NVDA270319P00025000,NVDA,2027-03-19,P,25.0,0.0,0.0,0.15,153.0,1.1724,8.0,0.0,-0.0007,0.0,0.0038,-0.0011,-0.001,0.0391,0.0,0.0,0.0,0.0,down,0.05,2026-09-09T15:19:00,0.0,0.0800000028684735,215.81,2026-09-16 15:44:11,2026-09-16 11:45:06
NVDA,NVDA270319P00030000,NVDA,2027-03-19,P,30.0,0.01,12.0,0.1,36.0,1.0388,14.0,0.0,-0.001,0.0,0.0049,-0.0013,-0.0012,0.0479,0.0,0.0,0.0,0.0,down,0.05,2026-09-10T13:21:01,0.0,0.0550000006332994,215.81,2026-09-16 15:44:11,2026-09-16 11:45:06
NVDA,NVDA270319P00035000,NVDA,2027-03-19,P,35.0,0.01,125.0,0.18,505.0,1.0147,43.0,0.0,-0.0012,0.0,0.0062,-0.0015,-0.0016,0.0577,0.0,0.0,0.0,0.0,no_change,0.05,2026-09-15T12:01:09,0.0,0.090000000782311,215.81,2026-09-16 15:44:11,2026-09-16 11:45:06
NVDA,NVDA270319P00040000,NVDA,2027-03-19,P,40.0,0.01,75.0,0.13,178.0,0.911,5.0,0.0,-0.0015,0.0,0.0076,-0.0018,-0.0019,0.0688,0.0,0.0,0.0,0.0,down,0.05,2026-09-14T10:06:47,0.0,0.0699999975040555,215.81,2026-09-16 15:44:11,2026-09-16 11:45:06
NVDA,NVDA270319P00045000,NVDA,2027-03-19,P,45.0,0.02,57.0,0.1,163.0,0.8354,99.0,5.0,-0.0019,0.0,0.0091,-0.002,-0.0023,0.0814,-0.01,0.05,0.1,0.05,down,0.05,2026-09-16T10:25:27,-16.6667,0.0600000005215406,215.81,2026-09-16 15:44:11,2026-09-16 11:45:06
NVDA,NVDA270319P00050000,NVDA,2027-03-19,P,50.0,0.02,142.0,0.14,218.0,0.805,849.0,0.0,-0.0023,0.0001,0.011,-0.0023,-0.0028,0.0957,0.0,0.0,0.0,0.0,no_change,0.09,2026-09-14T10:14:43,0.0,0.0699999984353781,215.81,2026-09-16 15:44:11,2026-09-16 11:45:06
NVDA,NVDA270319P00055000,NVDA,2027-03-19,P,55.0,0.01,138.0,0.24,353.0,0.7928,227.0,0.0,-0.0028,0.0001,0.0132,-0.0026,-0.0034,0.1124,0.0,0.0,0.0,0.0,down,0.11,2026-09-15T12:44:32,0.0,0.125000001862645,215.81,2026-09-16 15:44:11,2026-09-16 11:45:06
NVDA,NVDA270319P00060000,NVDA,2027-03-19,P,60.0,0.1,12.0,0.26,503.0,0.778,386.0,0.0,-0.0034,0.0001,0.0156,-0.003,-0.0042,0.132,0.0,0.0,0.0,0.0,no_change,0.11,2026-09-15T15:20:31,0.0,0.130000002682209,215.81,2026-09-16 15:44:11,2026-09-16 11:45:06
NVDA,NVDA270319P00065000,NVDA,2027-03-19,P,65.0,0.13,4000.0,0.2,517.0,0.7242,353.0,1.0,-0.004,0.0001,0.0185,-0.0034,-0.005,0.1548,-0.035,0.13,0.13,0.13,down,0.13,2026-09-16T09:30:00,-21.2121,0.16499999910593,215.81,2026-09-16 15:44:11,2026-09-16 11:45:06
NVDA,NVDA270319P00070000,NVDA,2027-03-19,P,70.0,0.02,465.0,0.31,484.0,0.6822,472.0,0.0,-0.0049,0.0001,0.022,-0.0039,-0.006,0.1818,0.0,0.0,0.0,0.0,up,0.22,2026-09-01T09:47:53,0.0,0.170000000856817,215.81,2026-09-16 15:44:11,2026-09-16 11:45:06
NVDA,NVDA270319P00075000,NVDA,2027-03-19,P,75.0,0.13,131.0,0.25,175.0,0.6546,3482.0,0.0,-0.0059,0.0002,0.0259,-0.0044,-0.0072,0.2137,0.0,0.0,0.0,0.0,no_change,0.25,2026-09-10T09:55:15,0.0,0.195000000298023,215.81,2026-09-16 15:44:11,2026-09-16 11:45:06
NVDA,NVDA270319P00080000,NVDA,2027-03-19,P,80.0,0.2,329.0,0.36,490.0,0.6499,844.0,0.0,-0.007,0.0002,0.0304,-0.005,-0.0086,0.2514,0.0,0.0,0.0,0.0,down,0.27,2026-09-04T15:26:29,0.0,0.244999997317791,215.81,2026-09-16 15:44:11,2026-09-16 11:45:06
NVDA,NVDA270319P00085000,NVDA,2027-03-19,P,85.0,0.17,514.0,0.34,483.0,0.6058,319.0,14.0,-0.0084,0.0002,0.0358,-0.0057,-0.0103,0.2958,0.025,0.27,0.28,0.26,no_change,0.28,2026-09-16T11:29:06,9.80392,0.254999995231628,215.81,2026-09-16 15:44:11,2026-09-16 11:45:06
NVDA,NVDA270319P00090000,NVDA,2027-03-19,P,90.0,0.28,410.0,0.37,467.0,0.5916,3347.0,14.0,-0.0101,0.0003,0.0418,-0.0064,-0.0122,0.3485,-0.07,0.3,0.3,0.28,no_change,0.29,2026-09-16T11:29:06,-19.4444,0.359999999403954,215.81,2026-09-16 15:44:11,2026-09-16 11:45:06
NVDA,NVDA270319P00095000,NVDA,2027-03-19,P,95.0,0.39,43.0,0.52,654.0,0.5873,1004.0,0.0,-0.0121,0.0004,0.0488,-0.0073,-0.0145,0.4104,0.0,0.0,0.0,0.0,up,0.44,2026-09-15T13:20:04,0.0,0.465000003576279,215.81,2026-09-16 15:44:11,2026-09-16 11:45:06
NVDA,NVDA270319P00100000,NVDA,2027-03-19,P,100.0,0.46,89.0,0.57,753.0,0.5655,5330.0,0.0,-0.0144,0.0004,0.0571,-0.0082,-0.0174,0.484,0.0,0.0,0.0,0.0,up,0.52,2026-09-15T15:49:23,0.0,0.53499998152256,215.81,2026-09-16 15:44:11,2026-09-16 11:45:06
NVDA,NVDA270319P00105000,NVDA,2027-03-19,P,105.0,0.45,679.0,0.59,58.0,0.5347,801.0,0.0,-0.0172,0.0005,0.0662,-0.0093,-0.0206,0.5716,0.0,0.0,0.0,0.0,up,0.61,2026-09-15T13:20:12,0.0,0.599999994039536,215.81,2026-09-16 15:44:11,2026-09-16 11:45:06
NVDA,NVDA270319P00110000,NVDA,2027-03-19,P,110.0,0.65,401.0,0.69,208.0,0.5263,3337.0,1.0,-0.0205,0.0006,0.0768,-0.0105,-0.0245,0.6755,-0.025,0.69,0.69,0.69,no_change,0.69,2026-09-16T11:14:44,-3.4965,0.715000003576279,215.81,2026-09-16 15:44:11,2026-09-16 11:45:06
NVDA,NVDA270319P00115000,NVDA,2027-03-19,P,115.0,0.78,230.0,0.83,587.0,0.5128,6075.0,1.0,-0.0244,0.0007,0.0894,-0.0118,-0.0292,0.8,-0.035,0.82,0.82,0.82,down,0.82,2026-09-16T10:34:34,-4.09357,0.854999989271164,215.81,2026-09-16 15:44:11,2026-09-16 11:45:06
NVDA,NVDA270319P00120000,NVDA,2027-03-19,P,120.0,0.92,332.0,1.04,702.0,0.5011,3141.0,2.0,-0.0291,0.0009,0.103,-0.0134,-0.0346,0.9509,-0.035,0.98,0.98,0.98,down,0.98,2026-09-16T10:36:28,-3.44827,1.01499998569489,215.81,2026-09-16 15:44:11,2026-09-16 11:45:06
NVDA,NVDA270319P00125000,NVDA,2027-03-19,P,125.0,1.11,352.0,1.14,30.0,0.4846,11419.0,0.0,-0.0348,0.001,0.1195,-0.0151,-0.0412,1.1328,0.0,0.0,0.0,0.0,down,1.22,2026-09-15T15:16:32,0.0,1.22000002861023,215.81,2026-09-16 15:44:11,2026-09-16 11:45:06
NVDA,NVDA270319P00130000,NVDA,2027-03-19,P,130.0,1.28,629.0,1.38,489.0,0.4722,16761.0,0.0,-0.0413,0.0012,0.1371,-0.017,-0.0487,1.3501,0.0,0.0,0.0,0.0,no_change,1.47,2026-09-15T15:59:05,0.0,1.48000001907349,215.81,2026-09-16 15:44:11,2026-09-16 11:45:06
NVDA,NVDA270319P00135000,NVDA,2027-03-19,P,135.0,1.56,578.0,1.7,685.0,0.464,9819.0,0.0,-0.0491,0.0014,0.1577,-0.0191,-0.0577,1.6134,0.0,0.0,0.0,0.0,no_change,1.8,2026-09-15T14:09:44,0.0,1.76999998092651,215.81,2026-09-16 15:44:11,2026-09-16 11:45:06
NVDA,NVDA270319P00140000,NVDA,2027-03-19,P,140.0,1.89,562.0,1.99,658.0,0.4535,19246.0,0.0,-0.0584,0.0017,0.1806,-0.0215,-0.0685,1.9344,0.0,0.0,0.0,0.0,up,2.2,2026-09-15T12:46:54,0.0,2.13999998569489,215.81,2026-09-16 15:44:11,2026-09-16 11:45:06
NVDA,NVDA270319P00145000,NVDA,2027-03-19,P,145.0,2.28,868.0,2.35,49.0,0.444,14680.0,0.0,-0.0692,0.002,0.2058,-0.0241,-0.0809,2.3204,0.0,0.0,0.0,0.0,up,2.7,2026-09-14T15:55:13,0.0,2.55999994277954,215.81,2026-09-16 15:44:11,2026-09-16 11:45:06
NVDA,NVDA270319P00150000,NVDA,2027-03-19,P,150.0,2.76,449.0,2.81,30.0,0.4364,27759.0,303.0,-0.0816,0.0023,0.2335,-0.0269,-0.0951,2.777,-0.285,2.95,2.95,2.79,down,2.79,2026-09-16T11:11:52,-9.26829,3.07500004768372,215.81,2026-09-16 15:44:11,2026-09-16 11:45:06
NVDA,NVDA270319P00155000,NVDA,2027-03-19,P,155.0,3.3,630.0,3.4,936.0,0.4302,7391.0,60.0,-0.0961,0.0026,0.2629,-0.0299,-0.1114,3.3265,-0.3,3.45,3.46,3.36,down,3.4,2026-09-16T11:05:51,-8.10811,3.69999992847443,215.81,2026-09-16 15:44:11,2026-09-16 11:45:06
NVDA,NVDA270319P00160000,NVDA,2027-03-19,P,160.0,3.95,297.0,4.05,713.0,0.4238,22729.0,183.0,-0.1125,0.003,0.295,-0.0331,-0.1301,3.9748,-0.425,4.15,4.15,3.95,no_change,3.95,2026-09-16T11:26:32,-9.71429,4.375,215.81,2026-09-16 15:44:11,2026-09-16 11:45:06
NVDA,NVDA270319P00165000,NVDA,2027-03-19,P,165.0,4.65,716.0,4.85,947.0,0.4177,8620.0,71.0,-0.131,0.0034,0.3273,-0.0363,-0.1506,4.7328,-0.515,4.85,4.91,4.71,down,4.71,2026-09-16T11:26:44,-9.85646,5.22500014305115,215.81,2026-09-16 15:44:11,2026-09-16 11:45:06
NVDA,NVDA270319P00170000,NVDA,2027-03-19,P,170.0,5.55,1021.0,5.7,894.0,0.412,16986.0,23.0,-0.1518,0.0038,0.3618,-0.0397,-0.1738,5.6217,-0.4,5.85,5.85,5.75,up,5.8,2026-09-16T10:53:58,-6.45161,6.20000004768372,215.81,2026-09-16 15:44:11,2026-09-16 11:45:06
NVDA,NVDA270319P00175000,NVDA,2027-03-19,P,175.0,6.55,602.0,6.75,835.0,0.4078,9612.0,10.0,-0.1743,0.0042,0.3948,-0.043,-0.1984,6.6294,-0.72,6.8,6.88,6.63,down,6.63,2026-09-16T11:28:02,-9.79592,7.35000014305115,215.81,2026-09-16 15:44:11,2026-09-16 11:45:06
NVDA,NVDA270319P00180000,NVDA,2027-03-19,P,180.0,7.7,694.0,7.9,982.0,0.4033,22688.0,30.0,-0.1991,0.0046,0.4289,-0.0462,-0.2252,7.7897,-0.6,8.1,8.1,7.95,down,7.95,2026-09-16T10:50:42,-7.01754,8.5499997138977,215.81,2026-09-16 15:44:11,2026-09-16 11:45:06
NVDA,NVDA270319P00185000,NVDA,2027-03-19,P,185.0,9.05,557.0,9.2,762.0,0.3995,10381.0,93.0,-0.2261,0.005,0.4606,-0.0494,-0.2537,9.111,-0.85,9.4,9.4,9.1,no_change,9.15,2026-09-16T11:28:48,-8.5,10.0,215.81,2026-09-16 15:44:11,2026-09-16 11:45:06
NVDA,NVDA270319P00190000,NVDA,2027-03-19,P,190.0,10.5,462.0,10.75,1041.0,0.3957,13940.0,2040.0,-0.2545,0.0054,0.4915,-0.0522,-0.2826,10.5761,-1.025,11.1,11.1,10.6,no_change,10.6,2026-09-16T11:23:44,-8.8172,11.625,215.81,2026-09-16 15:44:11,2026-09-16 11:45:06
NVDA,NVDA270319P00195000,NVDA,2027-03-19,P,195.0,12.1,1094.0,12.35,1032.0,0.3929,10662.0,10.0,-0.2845,0.0058,0.5187,-0.0549,-0.3134,12.208,-0.9,12.8,12.8,12.45,no_change,12.45,2026-09-16T10:43:10,-6.74157,13.3499999046326,215.81,2026-09-16 15:44:11,2026-09-16 11:45:06
NVDA,NVDA270319P00200000,NVDA,2027-03-19,P,200.0,13.95,1063.0,14.15,214.0,0.3896,19208.0,64.0,-0.3168,0.0061,0.5442,-0.0572,-0.3445,14.0519,-1.325,14.6,14.69,14.0,down,14.0,2026-09-16T11:10:27,-8.646,15.3249998092651,215.81,2026-09-16 15:44:11,2026-09-16 11:45:06
NVDA,NVDA270319P00205000,NVDA,2027-03-19,P,205.0,15.9,484.0,16.25,629.0,0.3865,11767.0,2.0,-0.3497,0.0064,0.5649,-0.0591,-0.3763,16.0496,-1.035,16.7,16.7,16.44,down,16.44,2026-09-16T10:13:42,-5.92275,17.4750003814697,215.81,2026-09-16 15:44:11,2026-09-16 11:45:06
NVDA,NVDA270319P00210000,NVDA,2027-03-19,P,210.0,18.1,871.0,18.45,996.0,0.3844,13829.0,432.0,-0.3833,0.0067,0.5821,-0.0606,-0.4058,18.215,-1.625,18.93,18.93,18.2,down,18.2,2026-09-16T11:26:55,-8.19672,19.8250007629395,215.81,2026-09-16 15:44:11,2026-09-16 11:45:06
NVDA,NVDA270319P00215000,NVDA,2027-03-19,P,215.0,20.5,951.0,20.85,919.0,0.3825,8208.0,7.0,-0.4183,0.0069,0.5946,-0.0618,-0.437,20.6002,-1.475,21.25,21.25,20.85,down,20.85,2026-09-16T10:45:05,-6.60695,22.3250007629395,215.81,2026-09-16 15:44:11,2026-09-16 11:45:06
NVDA,NVDA270319P00220000,NVDA,2027-03-19,P,220.0,23.05,305.0,23.4,1171.0,0.3806,6610.0,1.0,-0.4533,0.0071,0.6023,-0.0624,-0.4636,23.1543,-1.475,23.55,23.55,23.55,down,23.55,2026-09-16T10:27:09,-5.8941,25.0249996185303,215.81,2026-09-16 15:44:11,2026-09-16 11:45:06
NVDA,NVDA270319P00225000,NVDA,2027-03-19,P,225.0,25.75,250.0,26.05,135.0,0.3787,3820.0,4.0,-0.4885,0.0073,0.6057,-0.0627,-0.4902,25.8918,-1.6,26.25,26.35,26.25,up,26.35,2026-09-16T10:31:03,-5.72451,27.9499998092651,215.81,2026-09-16 15:44:11,2026-09-16 11:45:06
NVDA,NVDA270319P00230000,NVDA,2027-03-19,P,230.0,28.65,264.0,29.0,216.0,0.3779,11751.0,10.0,-0.5235,0.0074,0.6041,-0.0626,-0.5133,28.8096,-1.2,29.75,29.8,29.75,up,29.8,2026-09-16T09:33:44,-3.87097,31.0,215.81,2026-09-16 15:44:11,2026-09-16 11:45:06
NVDA,NVDA270319P00235000,NVDA,2027-03-19,P,235.0,31.75,137.0,32.05,55.0,0.3763,2261.0,5.0,-0.5582,0.0074,0.5979,-0.062,-0.5315,31.9075,-1.77,32.5,32.5,32.48,no_change,32.48,2026-09-16T10:28:45,-5.16788,34.25,215.81,2026-09-16 15:44:11,2026-09-16 11:45:06
NVDA,NVDA270319P00240000,NVDA,2027-03-19,P,240.0,34.9,144.0,35.55,967.0,0.3743,7236.0,0.0,-0.5923,0.0074,0.5875,-0.0612,-0.5528,35.1727,0.0,0.0,0.0,0.0,down,37.45,2026-09-14T15:10:02,0.0,37.5499992370606,215.81,2026-09-16 15:44:11,2026-09-16 11:45:06
NVDA,NVDA270319P00245000,NVDA,2027-03-19,P,245.0,38.25,121.0,39.1,531.0,0.376,1487.0,0.0,-0.6256,0.0074,0.5724,-0.06,-0.5589,38.6072,0.0,0.0,0.0,0.0,no_change,36.79,2026-09-11T10:35:16,0.0,41.1000003814697,215.81,2026-09-16 15:44:11,2026-09-16 11:45:06
NVDA,NVDA270319P00250000,NVDA,2027-03-19,P,250.0,41.65,153.0,42.8,179.0,0.3707,715.0,1.0,-0.658,0.0073,0.5532,-0.0585,-0.5695,42.1949,-2.2,42.65,42.65,42.65,down,42.65,2026-09-16T10:43:50,-4.90524,44.8500003814697,215.81,2026-09-16 15:44:11,2026-09-16 11:45:06
NVDA,NVDA270319P00255000,NVDA,2027-03-19,P,255.0,45.6,90.0,46.2,106.0,0.3733,740.0,0.0,-0.689,0.0072,0.53,-0.0568,-0.5736,45.9336,0.0,0.0,0.0,0.0,no_change,44.15,2026-09-11T13:18:10,0.0,48.7000007629394,215.81,2026-09-16 15:44:11,2026-09-16 11:45:06
NVDA,NVDA270319P00260000,NVDA,2027-03-19,P,260.0,49.35,90.0,50.05,48.0,0.3715,1075.0,0.0,-0.7191,0.007,0.5055,-0.0549,-0.5676,49.8109,0.0,0.0,0.0,0.0,no_change,53.6,2026-09-14T11:06:46,0.0,52.6499996185303,215.81,2026-09-16 15:44:11,2026-09-16 11:45:06
NVDA,NVDA270319P00265000,NVDA,2027-03-19,P,265.0,52.9,156.0,54.1,53.0,0.367,924.0,0.0,-0.7477,0.0069,0.4784,-0.0529,-0.5602,53.8167,0.0,0.0,0.0,0.0,down,57.0,2026-09-15T14:06:03,0.0,56.7250003814697,215.81,2026-09-16 15:44:11,2026-09-16 11:45:06
NVDA,NVDA270319P00270000,NVDA,2027-03-19,P,270.0,57.3,135.0,58.7,166.0,0.3751,757.0,0.0,-0.7751,0.0067,0.4445,-0.0507,-0.541,57.9496,0.0,0.0,0.0,0.0,down,61.55,2026-09-15T13:06:49,0.0,60.875,215.81,2026-09-16 15:44:11,2026-09-16 11:45:06
NVDA,NVDA270319P00275000,NVDA,2027-03-19,P,275.0,61.4,147.0,63.25,225.0,0.3775,489.0,0.0,-0.8011,0.0065,0.4137,-0.0483,-0.5283,62.1919,0.0,0.0,0.0,0.0,no_change,65.35,2026-09-15T15:48:41,0.0,65.375,215.81,2026-09-16 15:44:11,2026-09-16 11:45:06
NVDA,NVDA270319P00280000,NVDA,2027-03-19,P,280.0,66.05,83.0,66.75,26.0,0.371,2274.0,0.0,-0.8256,0.0064,0.3786,-0.046,-0.4948,66.5369,0.0,0.0,0.0,0.0,up,65.04,2026-09-10T12:46:04,0.0,69.875,215.81,2026-09-16 15:44:11,2026-09-16 11:45:06
NVDA,NVDA270319P00285000,NVDA,2027-03-19,P,285.0,70.55,80.0,71.2,29.0,0.372,323.0,0.0,-0.8492,0.0062,0.3408,-0.044,-0.4681,70.9841,0.0,0.0,0.0,0.0,no_change,69.5,2026-09-10T13:52:51,0.0,74.375,215.81,2026-09-16 15:44:11,2026-09-16 11:45:06
NVDA,NVDA270319P00290000,NVDA,2027-03-19,P,290.0,74.3,148.0,76.3,243.0,0.3687,345.0,0.0,-0.8709,0.006,0.308,-0.0415,-0.4392,75.5119,0.0,0.0,0.0,0.0,no_change,74.95,2026-09-10T09:59:17,0.0,79.125,215.81,2026-09-16 15:44:11,2026-09-16 11:45:06
NVDA,NVDA270319P00295000,NVDA,2027-03-19,P,295.0,79.1,145.0,81.25,235.0,0.379,409.0,0.0,-0.8913,0.0057,0.2673,-0.0394,-0.3762,80.123,0.0,0.0,0.0,0.0,up,78.7,2026-09-10T10:48:08,0.0,83.75,215.81,2026-09-16 15:44:11,2026-09-16 11:45:06
NVDA,NVDA270319P00300000,NVDA,2027-03-19,P,300.0,84.0,194.0,85.05,66.0,0.3634,677.0,3.0,-0.9118,0.0056,0.2248,-0.0379,-0.3398,84.8163,-1.65,86.8,86.8,86.8,no_change,86.8,2026-09-16T09:38:27,-1.86546,88.4500007629394,215.81,2026-09-16 15:44:11,2026-09-16 11:45:06
NVDA,NVDA270319P00305000,NVDA,2027-03-19,P,305.0,88.6,141.0,90.4,230.0,0.3755,483.0,0.0,-0.9299,0.0055,0.1977,-0.0357,-0.305,89.5613,0.0,0.0,0.0,0.0,up,82.9,2026-09-09T14:49:13,0.0,93.1000022888184,215.81,2026-09-16 15:44:11,2026-09-16 11:45:06
NVDA,NVDA270319P00310000,NVDA,2027-03-19,P,310.0,93.3,114.0,95.15,177.0,0.3653,499.0,0.0,-0.947,0.0054,0.1599,-0.031,-0.232,94.3646,0.0,0.0,0.0,0.0,up,86.25,2026-09-08T15:28:37,0.0,97.9749984741211,215.81,2026-09-16 15:44:11,2026-09-16 11:45:06
NVDA,NVDA270319P00315000,NVDA,2027-03-19,P,315.0,98.35,101.0,99.9,199.0,0.3634,359.0,0.0,-0.9617,0.0047,0.0908,-0.0307,-0.1379,99.2548,0.0,0.0,0.0,0.0,no_change,86.64,2026-09-04T14:43:42,0.0,102.949996948242,215.81,2026-09-16 15:44:11,2026-09-16 11:45:06
NVDA,NVDA270319P00320000,NVDA,2027-03-19,P,320.0,103.35,51.0,104.7,41.0,0.0,61.0,0.0,-0.9739,0.0039,0.0755,-0.0299,-0.1277,104.1728,0.0,0.0,0.0,0.0,up,101.81,2026-09-10T13:08:54,0.0,107.950000762939,215.81,2026-09-16 15:44:11,2026-09-16 11:45:06
NVDA,NVDA270319P00325000,NVDA,2027-03-19,P,325.0,108.35,63.0,109.9,55.0,0.387,0.0,0.0,-0.9839,0.003,0.0506,-0.0309,0.0,109.12,0.0,0.0,0.0,0.0,down,96.4,2026-09-08T09:51:53,0.0,112.925003051758,215.81,2026-09-16 15:44:11,2026-09-16 11:45:06
NVDA,NVDA270319P00330000,NVDA,2027-03-19,P,330.0,113.4,53.0,114.65,41.0,0.0,0.0,0.0,-0.9907,0.0017,0.0,-0.0406,0.0,114.12,0.0,0.0,0.0,0.0,no_change,110.44,2026-08-10T10:53:44,0.0,118.125,215.81,2026-09-16 15:44:11,2026-09-16 11:45:06
NVDA,NVDA270319P00335000,NVDA,2027-03-19,P,335.0,118.4,55.0,119.65,56.0,0.0,0.0,0.0,-0.9948,0.001,0.0,-0.0406,0.0,119.12,0.0,0.0,0.0,0.0,up,125.22,2026-07-15T11:02:11,0.0,123.025001525879,215.81,2026-09-16 15:44:11,2026-09-16 11:45:06
NVDA,NVDA270319P00340000,NVDA,2027-03-19,P,340.0,123.4,41.0,124.85,51.0,0.4207,0.0,0.0,-0.9982,0.0003,0.0,-0.0406,0.0,124.12,0.0,0.0,0.0,0.0,up,139.89,2026-06-09T12:21:50,0.0,128.125,215.81,2026-09-16 15:44:11,2026-09-16 11:45:06
NVDA,NVDA270319P00345000,NVDA,2027-03-19,P,345.0,128.4,66.0,129.65,41.0,0.0,0.0,0.0,-1.0,0.0,0.0,-0.0406,0.0,129.12,0.0,0.0,0.0,0.0,no_change,126.7,2026-05-21T13:04:08,0.0,132.925003051758,215.81,2026-09-16 15:44:11,2026-09-16 11:45:06
NVDA,NVDA270319P00350000,NVDA,2027-03-19,P,350.0,133.4,50.0,134.85,52.0,0.4422,0.0,0.0,-1.0,0.0,0.0,-0.0406,0.0,134.12,0.0,0.0,0.0,0.0,up,130.73,2026-08-06T15:57:41,0.0,138.125,215.81,2026-09-16 15:44:11,2026-09-16 11:45:06
NVDA,NVDA270319P00355000,NVDA,2027-03-19,P,355.0,138.4,45.0,139.65,46.0,0.0,0.0,0.0,-1.0,0.0,0.0,-0.0406,0.0,139.12,0.0,0.0,0.0,0.0,no_change,0.0,,0.0,143.125,215.81,2026-09-16 15:44:11,2026-09-16 11:45:06
NVDA,NVDA270319P00360000,NVDA,2027-03-19,P,360.0,143.4,56.0,144.65,51.0,0.0,0.0,0.0,-1.0,0.0,0.0,-0.0406,0.0,144.12,0.0,0.0,0.0,0.0,down,191.93,2026-03-27T13:35:53,0.0,147.949996948242,215.81,2026-09-16 15:44:11,2026-09-16 11:45:06
NVDA,NVDA270319P00365000,NVDA,2027-03-19,P,365.0,148.4,58.0,149.65,46.0,0.0,0.0,0.0,-1.0,0.0,0.0,-0.0406,0.0,149.12,0.0,0.0,0.0,0.0,no_change,0.0,,0.0,153.025001525879,215.81,2026-09-16 15:44:11,2026-09-16 11:45:06
NVDA,NVDA270319P00370000,NVDA,2027-03-19,P,370.0,153.3,1.0,155.1,29.0,0.0,5.0,0.0,-1.0,0.0,0.0,-0.0406,0.0,154.12,0.0,0.0,0.0,0.0,down,137.85,2026-05-14T10:39:03,0.0,157.949996948242,215.81,2026-09-16 15:44:11,2026-09-16 11:45:06
NVDA,NVDA270319P00375000,NVDA,2027-03-19,P,375.0,158.3,1.0,160.1,34.0,0.0,0.0,0.0,-1.0,0.0,0.0,-0.0406,0.0,159.12,0.0,0.0,0.0,0.0,no_change,0.0,,0.0,162.949996948242,215.81,2026-09-16 15:44:11,2026-09-16 11:45:06
NVDA,NVDA270319P00380000,NVDA,2027-03-19,P,380.0,163.4,28.0,164.85,26.0,0.5027,0.0,0.0,-1.0,0.0,0.0,-0.0406,0.0,164.12,0.0,0.0,0.0,0.0,down,161.53,2026-09-11T15:59:18,0.0,167.949996948242,215.81,2026-09-16 15:44:11,2026-09-16 11:45:06
NVDA,NVDA270319P00385000,NVDA,2027-03-19,P,385.0,168.3,31.0,169.85,26.0,0.0,0.0,0.0,-1.0,0.0,0.0,-0.0406,0.0,169.12,0.0,0.0,0.0,0.0,no_change,0.0,,0.0,173.025001525879,215.81,2026-09-16 15:44:11,2026-09-16 11:45:06
NVDA,NVDA270319P00390000,NVDA,2027-03-19,P,390.0,173.3,34.0,174.85,26.0,0.0,0.0,0.0,-1.0,0.0,0.0,-0.0406,0.0,174.12,0.0,0.0,0.0,0.0,no_change,0.0,,0.0,178.025001525879,215.81,2026-09-16 15:44:11,2026-09-16 11:45:06
NVDA,NVDA270319P00395000,NVDA,2027-03-19,P,395.0,178.3,34.0,179.85,26.0,0.0,0.0,0.0,-1.0,0.0,0.0,-0.0406,0.0,179.12,0.0,0.0,0.0,0.0,no_change,0.0,,0.0,182.949996948242,215.81,2026-09-16 15:44:11,2026-09-16 11:45:06
NVDA,NVDA270319P00400000,NVDA,2027-03-19,P,400.0,183.3,1.0,185.1,28.0,0.0,0.0,0.0,-1.0,0.0,0.0,-0.0406,0.0,184.12,0.0,0.0,0.0,0.0,up,190.0,2026-05-27T11:43:23,0.0,187.949996948242,215.81,2026-09-16 15:44:11,2026-09-16 11:45:06
NVDA,NVDA270319P00405000,NVDA,2027-03-19,P,405.0,188.3,28.0,189.85,26.0,0.0,0.0,0.0,-1.0,0.0,0.0,-0.0406,0.0,189.12,0.0,0.0,0.0,0.0,no_change,0.0,,0.0,193.025001525879,215.81,2026-09-16 15:44:11,2026-09-16 11:45:06
NVDA,NVDA270319P00410000,NVDA,2027-03-19,P,410.0,193.3,1.0,195.1,29.0,0.0,0.0,0.0,-1.0,0.0,0.0,-0.0406,0.0,194.12,0.0,0.0,0.0,0.0,no_change,0.0,,0.0,197.949996948242,215.81,2026-09-16 15:44:11,2026-09-16 11:45:06
NVDA,NVDA270319P00415000,NVDA,2027-03-19,P,415.0,198.3,1.0,200.1,30.0,0.0,0.0,0.0,-1.0,0.0,0.0,-0.0406,0.0,199.12,0.0,0.0,0.0,0.0,no_change,0.0,,0.0,203.075004577637,215.81,2026-09-16 15:44:11,2026-09-16 11:45:06
NVDA,NVDA270319P00420000,NVDA,2027-03-19,P,420.0,203.3,1.0,205.1,32.0,0.0,0.0,0.0,-1.0,0.0,0.0,-0.0406,0.0,204.12,0.0,0.0,0.0,0.0,no_change,0.0,,0.0,207.949996948242,215.81,2026-09-16 15:44:11,2026-09-16 11:45:06
NVDA,NVDA270319P00430000,NVDA,2027-03-19,P,430.0,213.3,1.0,215.1,30.0,0.0,0.0,0.0,-1.0,0.0,0.0,-0.0406,0.0,214.12,0.0,0.0,0.0,0.0,no_change,0.0,,0.0,218.125,215.81,2026-09-16 15:44:11,2026-09-16 11:45:06
NVDA,NVDA270319P00440000,NVDA,2027-03-19,P,440.0,223.3,31.0,224.85,30.0,0.0,0.0,0.0,-1.0,0.0,0.0,-0.0406,0.0,224.12,0.0,0.0,0.0,0.0,no_change,0.0,,0.0,228.049995422363,215.81,2026-09-16 15:44:11,2026-09-16 11:45:06
NVDA,NVDA270319P00450000,NVDA,2027-03-19,P,450.0,233.3,1.0,235.1,28.0,0.0,0.0,0.0,-1.0,0.0,0.0,-0.0406,0.0,234.12,0.0,0.0,0.0,0.0,no_change,0.0,,0.0,238.049995422363,215.81,2026-09-16 15:44:11,2026-09-16 11:45:06
NVDA,NVDA270319P00455000,NVDA,2027-03-19,P,455.0,238.3,34.0,239.85,30.0,0.0,0.0,0.0,-1.0,0.0,0.0,-0.0406,0.0,239.12,0.0,0.0,0.0,0.0,no_change,0.0,,0.0,243.125,215.81,2026-09-16 15:44:11,2026-09-16 11:45:06
NVDA,NVDA270319P00460000,NVDA,2027-03-19,P,460.0,243.3,34.0,244.85,26.0,0.0,0.0,0.0,-1.0,0.0,0.0,-0.0406,0.0,244.12,0.0,0.0,0.0,0.0,down,240.53,2026-08-06T15:57:41,0.0,248.125,215.81,2026-09-16 15:44:11,2026-09-16 11:45:06
NVDA,NVDA270416C00005000,NVDA,2027-04-16,C,5.0,209.4,1.0,212.7,26.0,2.0113,0.0,0.0,1.0,0.0,0.0002,0.0,0.0109,211.1072,0.0,0.0,0.0,0.0,no_change,0.0,,0.0,207.174995422363,215.81,2026-09-16 15:44:11,2026-09-16 11:45:06
NVDA,NVDA270416C00010000,NVDA,2027-04-16,C,10.0,204.45,1.0,207.75,26.0,1.6446,0.0,0.0,1.0,0.0,0.0012,0.0,0.0238,206.1626,0.0,0.0,0.0,0.0,no_change,0.0,,0.0,202.25,215.81,2026-09-16 15:44:11,2026-09-16 11:45:06
NVDA,NVDA270416C00015000,NVDA,2027-04-16,C,15.0,199.55,1.0,202.85,26.0,1.4891,0.0,0.0,1.0,0.0,0.0026,0.0,0.0489,201.2324,0.0,0.0,0.0,0.0,no_change,0.0,,0.0,197.349998474121,215.81,2026-09-16 15:44:11,2026-09-16 11:45:06
NVDA,NVDA270416C00020000,NVDA,2027-04-16,C,20.0,194.65,1.0,198.0,26.0,1.304,0.0,0.0,1.0,0.0,0.0046,0.0,0.0933,196.3497,0.0,0.0,0.0,0.0,no_change,0.0,,0.0,192.474998474121,215.81,2026-09-16 15:44:11,2026-09-16 11:45:06
NVDA,NVDA270416C00025000,NVDA,2027-04-16,C,25.0,189.8,2.0,193.1,26.0,1.1898,0.0,0.0,0.9999,0.0,0.0063,0.0,0.1169,191.4737,0.0,0.0,0.0,0.0,no_change,0.0,,0.0,187.575004577637,215.81,2026-09-16 15:44:11,2026-09-16 11:45:06
NVDA,NVDA270416C00030000,NVDA,2027-04-16,C,30.0,184.9,26.0,188.25,26.0,1.0758,0.0,0.0,0.9996,0.0,0.0077,0.0,0.14,186.5995,0.0,0.0,0.0,0.0,no_change,0.0,,0.0,182.724998474121,215.81,2026-09-16 15:44:11,2026-09-16 11:45:06
NVDA,NVDA270416C00035000,NVDA,2027-04-16,C,35.0,180.0,26.0,183.4,25.0,1.0382,0.0,0.0,0.9992,0.0,0.0098,0.0,0.1639,181.7263,0.0,0.0,0.0,0.0,no_change,0.0,,0.0,177.850006103516,215.81,2026-09-16 15:44:11,2026-09-16 11:45:06
NVDA,NVDA270416C00040000,NVDA,2027-04-16,C,40.0,175.15,1.0,178.55,26.0,0.9697,0.0,0.0,0.9988,0.0,0.0117,0.0,0.187,176.8551,0.0,0.0,0.0,0.0,no_change,0.0,,0.0,173.0,215.81,2026-09-16 15:44:11,2026-09-16 11:45:06
NVDA,NVDA270416C00045000,NVDA,2027-04-16,C,45.0,170.2,25.0,173.7,25.0,0.9087,0.0,0.0,0.9982,0.0001,0.0141,0.0,0.212,172.0371,0.0,0.0,0.0,0.0,no_change,0.0,,0.0,168.149993896484,215.81,2026-09-16 15:44:11,2026-09-16 11:45:06
NVDA,NVDA270416C00050000,NVDA,2027-04-16,C,50.0,165.5,26.0,168.85,26.0,0.8648,0.0,0.0,0.9976,0.0001,0.0169,0.0,0.2643,167.1229,0.0,0.0,0.0,0.0,no_change,0.0,,0.0,163.325004577637,215.81,2026-09-16 15:44:11,2026-09-16 11:45:06
NVDA,NVDA270416C00055000,NVDA,2027-04-16,C,55.0,159.25,1.0,163.9,26.0,0.0,0.0,0.0,0.997,0.0001,0.0196,0.0,0.3071,162.2771,0.0,0.0,0.0,0.0,no_change,0.0,,0.0,157.625,215.81,2026-09-16 15:44:11,2026-09-16 11:45:06
NVDA,NVDA270416C00060000,NVDA,2027-04-16,C,60.0,154.15,25.0,159.1,26.0,0.0,0.0,0.0,0.9962,0.0001,0.0227,0.0,0.3364,157.4379,0.0,0.0,0.0,0.0,no_change,0.0,,0.0,153.625,215.81,2026-09-16 15:44:11,2026-09-16 11:45:06
NVDA,NVDA270416C00065000,NVDA,2027-04-16,C,65.0,151.05,27.0,154.35,26.0,0.7555,0.0,0.0,0.9954,0.0001,0.0262,0.0,0.3638,152.6021,0.0,0.0,0.0,0.0,no_change,0.0,,0.0,148.825004577637,215.81,2026-09-16 15:44:11,2026-09-16 11:45:06
NVDA,NVDA270416C00070000,NVDA,2027-04-16,C,70.0,146.25,26.0,149.55,28.0,0.722,0.0,0.0,0.9945,0.0002,0.0301,0.0,0.391,147.77,0.0,0.0,0.0,0.0,no_change,0.0,,0.0,144.0,215.81,2026-09-16 15:44:11,2026-09-16 11:45:06
NVDA,NVDA270416C00075000,NVDA,2027-04-16,C,75.0,141.55,26.0,144.7,26.0,0.6957,0.0,0.0,0.9934,0.0002,0.0346,0.0,0.418,142.9424,0.0,0.0,0.0,0.0,no_change,0.0,,0.0,139.125,215.81,2026-09-16 15:44:11,2026-09-16 11:45:06
NVDA,NVDA270416C00080000,NVDA,2027-04-16,C,80.0,136.75,26.0,139.8,29.0,0.6596,0.0,0.0,0.9921,0.0002,0.0397,0.0,0.4446,138.1204,0.0,0.0,0.0,0.0,no_change,0.0,,0.0,134.375,215.81,2026-09-16 15:44:11,2026-09-16 11:45:06
NVDA,NVDA270416C00085000,NVDA,2027-04-16,C,85.0,131.95,26.0,134.9,29.0,0.6256,0.0,0.0,0.9907,0.0003,0.0455,0.0,0.471,133.3054,0.0,0.0,0.0,0.0,no_change,0.0,,0.0,129.549999237061,215.81,2026-09-16 15:44:11,2026-09-16 11:45:06
NVDA,NVDA270416C00090000,NVDA,2027-04-16,C,90.0,127.1,26.0,130.0,26.0,0.5889,1.0,0.0,0.9889,0.0003,0.0522,0.0,0.497,128.4988,0.0,0.0,0.0,0.0,down,123.02,2026-09-14T09:58:42,0.0,124.799999237061,215.81,2026-09-16 15:44:11,2026-09-16 11:45:06
NVDA,NVDA270416C00095000,NVDA,2027-04-16,C,95.0,122.35,26.0,125.4,26.0,0.5863,0.0,0.0,0.9868,0.0004,0.06,0.0,0.5225,123.703,0.0,0.0,0.0,0.0,no_change,0.0,,0.0,120.0,215.81,2026-09-16 15:44:11,2026-09-16 11:45:06
NVDA,NVDA270416C00100000,NVDA,2027-04-16,C,100.0,117.55,26.0,120.55,29.0,0.5592,2.0,0.0,0.9844,0.0005,0.0689,0.0,0.5474,118.9205,0.0,0.0,0.0,0.0,down,115.34,2026-09-14T15:48:24,0.0,115.25,215.81,2026-09-16 15:44:11,2026-09-16 11:45:06
NVDA,NVDA270416C00105000,NVDA,2027-04-16,C,105.0,112.8,26.0,115.85,27.0,0.5449,0.0,0.0,0.9814,0.0006,0.0792,0.0,0.5716,114.1545,0.0,0.0,0.0,0.0,no_change,0.0,,0.0,110.325000762939,215.81,2026-09-16 15:44:11,2026-09-16 11:45:06
NVDA,NVDA270416C00110000,NVDA,2027-04-16,C,110.0,108.25,40.0,110.55,49.0,0.5077,0.0,0.0,0.9779,0.0006,0.0912,0.0,0.595,109.4087,0.0,0.0,0.0,0.0,no_change,0.0,,0.0,105.625,215.81,2026-09-16 15:44:11,2026-09-16 11:45:06
NVDA,NVDA270416C00115000,NVDA,2027-04-16,C,115.0,103.5,45.0,105.8,49.0,0.4908,1.0,0.0,0.9736,0.0008,0.105,0.0,0.6174,104.688,0.0,0.0,0.0,0.0,down,100.99,2026-09-14T15:34:16,0.0,100.924999237061,215.81,2026-09-16 15:44:11,2026-09-16 11:45:06
NVDA,NVDA270416C00120000,NVDA,2027-04-16,C,120.0,99.75,104.0,101.05,161.0,0.5256,4.0,1.0,0.9686,0.0009,0.1206,0.0,0.6386,99.9975,3.775,100.1,100.1,100.1,up,100.1,2026-09-16T11:29:09,3.91902,96.3250007629394,215.81,2026-09-16 15:44:11,2026-09-16 11:45:06
NVDA,NVDA270416C00125000,NVDA,2027-04-16,C,125.0,94.15,55.0,96.5,66.0,0.4688,0.0,0.0,0.9626,0.0011,0.1387,-0.0017,0.6583,95.3437,0.0,0.0,0.0,0.0,no_change,0.0,,0.0,91.6500015258789,215.81,2026-09-16 15:44:11,2026-09-16 11:45:06
NVDA,NVDA270416C00130000,NVDA,2027-04-16,C,130.0,89.55,49.0,91.85,41.0,0.4575,1.0,0.0,0.9556,0.0013,0.1588,-0.0042,0.6765,90.7338,0.0,0.0,0.0,0.0,down,88.36,2026-09-14T14:19:23,0.0,87.0500030517578,215.81,2026-09-16 15:44:11,2026-09-16 11:45:06
NVDA,NVDA270416C00135000,NVDA,2027-04-16,C,135.0,85.0,43.0,87.35,49.0,0.4501,0.0,0.0,0.9473,0.0015,0.1816,-0.0069,0.6927,86.1754,0.0,0.0,0.0,0.0,no_change,0.0,,0.0,82.5500030517578,215.81,2026-09-16 15:44:11,2026-09-16 11:45:06
NVDA,NVDA270416C00140000,NVDA,2027-04-16,C,140.0,80.5,44.0,82.8,52.0,0.4402,4.0,0.0,0.9376,0.0017,0.2066,-0.0098,0.7069,81.6781,0.0,0.0,0.0,0.0,up,85.73,2026-09-11T14:43:16,0.0,78.1499977111816,215.81,2026-09-16 15:44:11,2026-09-16 11:45:06
NVDA,NVDA270416C00145000,NVDA,2027-04-16,C,145.0,76.05,43.0,78.5,52.0,0.435,1.0,0.0,0.9264,0.002,0.234,-0.0128,0.7188,77.2505,0.0,0.0,0.0,0.0,down,74.0,2026-09-14T13:13:27,0.0,73.7750015258789,215.81,2026-09-16 15:44:11,2026-09-16 11:45:06
NVDA,NVDA270416C00150000,NVDA,2027-04-16,C,150.0,71.7,72.0,73.9,81.0,0.4229,10.0,0.0,0.9136,0.0023,0.2637,-0.016,0.728,72.9037,0.0,0.0,0.0,0.0,down,69.49,2026-09-15T15:04:57,0.0,69.1749992370606,215.81,2026-09-16 15:44:11,2026-09-16 11:45:06
NVDA,NVDA270416C00155000,NVDA,2027-04-16,C,155.0,68.3,34.0,69.7,80.0,0.4327,1.0,0.0,0.899,0.0026,0.295,-0.0194,0.7347,68.6472,0.0,0.0,0.0,0.0,down,65.0,2026-09-14T09:47:49,0.0,65.2999992370606,215.81,2026-09-16 15:44:11,2026-09-16 11:45:06
NVDA,NVDA270416C00160000,NVDA,2027-04-16,C,160.0,63.4,186.0,65.25,152.0,0.41,1.0,0.0,0.8826,0.0029,0.3281,-0.0228,0.7382,64.4925,0.0,0.0,0.0,0.0,down,61.42,2026-09-14T11:46:44,0.0,61.1500015258789,215.81,2026-09-16 15:44:11,2026-09-16 11:45:06
NVDA,NVDA270416C00165000,NVDA,2027-04-16,C,165.0,59.85,181.0,61.5,257.0,0.4164,3.0,0.0,0.8644,0.0032,0.3618,-0.0263,0.739,60.4493,0.0,0.0,0.0,0.0,up,57.2,2026-09-14T11:27:07,0.0,57.3500003814697,215.81,2026-09-16 15:44:11,2026-09-16 11:45:06
NVDA,NVDA270416C00170000,NVDA,2027-04-16,C,170.0,55.2,204.0,57.6,204.0,0.4024,8.0,0.0,0.8444,0.0036,0.3966,-0.0298,0.7364,56.5283,0.0,0.0,0.0,0.0,up,55.55,2026-09-15T09:50:31,0.0,53.25,215.81,2026-09-16 15:44:11,2026-09-16 11:45:06
NVDA,NVDA270416C00175000,NVDA,2027-04-16,C,175.0,51.9,201.0,53.65,209.0,0.4025,9.0,0.0,0.8226,0.0039,0.4307,-0.0333,0.7313,52.7387,0.0,0.0,0.0,0.0,up,50.58,2026-09-15T09:30:06,0.0,49.25,215.81,2026-09-16 15:44:11,2026-09-16 11:45:06
NVDA,NVDA270416C00180000,NVDA,2027-04-16,C,180.0,47.85,188.0,50.15,220.0,0.3961,21.0,0.0,0.7991,0.0043,0.4647,-0.0366,0.7226,49.0891,0.0,0.0,0.0,0.0,no_change,46.46,2026-09-15T15:07:27,0.0,46.25,215.81,2026-09-16 15:44:11,2026-09-16 11:45:06
NVDA,NVDA270416C00185000,NVDA,2027-04-16,C,185.0,44.35,231.0,46.55,239.0,0.392,12.0,0.0,0.7739,0.0046,0.4968,-0.0398,0.7115,45.5873,0.0,0.0,0.0,0.0,down,42.78,2026-09-15T15:35:11,0.0,42.75,215.81,2026-09-16 15:44:11,2026-09-16 11:45:06
NVDA,NVDA270416C00190000,NVDA,2027-04-16,C,190.0,41.85,138.0,43.5,266.0,0.4002,7.0,1.0,0.7474,0.005,0.5276,-0.0428,0.6972,42.2388,2.995,42.47,42.47,42.47,up,42.47,2026-09-16T11:27:27,7.58708,39.4750003814697,215.81,2026-09-16 15:44:11,2026-09-16 11:45:06
NVDA,NVDA270416C00195000,NVDA,2027-04-16,C,195.0,37.85,385.0,39.75,377.0,0.3852,11.0,1.0,0.7196,0.0053,0.5555,-0.0456,0.6808,39.0498,1.85,38.25,38.25,38.25,up,38.25,2026-09-16T09:33:58,5.08242,36.3999996185303,215.81,2026-09-16 15:44:11,2026-09-16 11:45:06
NVDA,NVDA270416C00200000,NVDA,2027-04-16,C,200.0,35.2,209.0,36.9,196.0,0.3874,10.0,0.0,0.6907,0.0055,0.5809,-0.0481,0.6617,36.0221,0.0,0.0,0.0,0.0,down,33.75,2026-09-15T10:51:05,0.0,33.4499988555908,215.81,2026-09-16 15:44:11,2026-09-16 11:45:06
NVDA,NVDA270416C00205000,NVDA,2027-04-16,C,205.0,32.05,589.0,33.75,337.0,0.3806,17.0,2.0,0.661,0.0058,0.6028,-0.0502,0.6409,33.1597,2.21,33.01,33.01,33.01,up,33.01,2026-09-16T11:19:03,7.17533,30.7999992370606,215.81,2026-09-16 15:44:11,2026-09-16 11:45:06
NVDA,NVDA270416C00210000,NVDA,2027-04-16,C,210.0,30.15,217.0,31.0,221.0,0.3849,133.0,7.0,0.6307,0.006,0.6211,-0.052,0.6182,30.4609,2.075,29.2,30.4,29.2,up,30.4,2026-09-16T11:00:54,7.32568,28.3249998092651,215.81,2026-09-16 15:44:11,2026-09-16 11:45:06
NVDA,NVDA270416C00215000,NVDA,2027-04-16,C,215.0,27.55,503.0,28.65,550.0,0.3841,1603.0,15.0,0.6,0.0062,0.6357,-0.0534,0.594,27.9274,2.265,27.25,27.99,27.25,up,27.99,2026-09-16T11:04:01,8.80466,25.7250003814697,215.81,2026-09-16 15:44:11,2026-09-16 11:45:06
NVDA,NVDA270416C00220000,NVDA,2027-04-16,C,220.0,25.1,530.0,26.0,530.0,0.3798,37.0,2.0,0.5692,0.0063,0.6463,-0.0545,0.569,25.5549,1.96,24.88,25.66,24.88,up,25.66,2026-09-16T11:15:02,8.27004,23.6999998092651,215.81,2026-09-16 15:44:11,2026-09-16 11:45:06
NVDA,NVDA270416C00225000,NVDA,2027-04-16,C,225.0,22.65,488.0,24.3,625.0,0.3802,37.0,0.0,0.5388,0.0064,0.6531,-0.0552,0.5429,23.3712,0.0,0.0,0.0,0.0,up,22.32,2026-09-15T09:44:23,0.0,21.3000001907349,215.81,2026-09-16 15:44:11,2026-09-16 11:45:06
NVDA,NVDA270416C00230000,NVDA,2027-04-16,C,230.0,21.1,129.0,21.8,632.0,0.3803,4327.0,136.0,0.5079,0.0064,0.6559,-0.0556,0.5162,21.284,1.835,20.12,21.41,20.12,up,21.41,2026-09-16T11:14:06,9.3742,19.5749998092651,215.81,2026-09-16 15:44:11,2026-09-16 11:45:06
NVDA,NVDA270416C00235000,NVDA,2027-04-16,C,235.0,19.1,621.0,20.15,874.0,0.3802,31.0,6.0,0.4779,0.0064,0.655,-0.0556,0.489,19.3756,0.95,18.7,18.7,18.7,up,18.7,2026-09-16T09:59:23,5.35211,17.75,215.81,2026-09-16 15:44:11,2026-09-16 11:45:06
NVDA,NVDA270416C00240000,NVDA,2027-04-16,C,240.0,16.9,570.0,18.05,457.0,0.3733,427.0,0.0,0.4486,0.0064,0.6506,-0.0552,0.4622,17.6124,0.0,0.0,0.0,0.0,down,16.32,2026-09-15T15:16:50,0.0,16.1499996185303,215.81,2026-09-16 15:44:11,2026-09-16 11:45:06
NVDA,NVDA270416C00245000,NVDA,2027-04-16,C,245.0,15.6,472.0,16.55,530.0,0.376,39.0,10.0,0.42,0.0063,0.643,-0.0546,0.4355,15.9864,1.275,15.8,15.8,15.8,up,15.8,2026-09-16T10:58:40,8.77797,14.5250000953674,215.81,2026-09-16 15:44:11,2026-09-16 11:45:06
NVDA,NVDA270416C00250000,NVDA,2027-04-16,C,250.0,14.1,402.0,14.85,388.0,0.3737,139.0,9.0,0.3924,0.0062,0.6322,-0.0538,0.4089,14.4931,1.385,13.4,14.61,13.4,up,14.61,2026-09-16T11:10:14,10.4726,13.2249999046326,215.81,2026-09-16 15:44:11,2026-09-16 11:45:06
NVDA,NVDA270416C00255000,NVDA,2027-04-16,C,255.0,12.7,277.0,13.65,231.0,0.3743,25.0,0.0,0.3658,0.0061,0.6191,-0.0526,0.3836,13.124,0.0,0.0,0.0,0.0,down,11.8,2026-09-15T13:34:24,0.0,11.9250001907349,215.81,2026-09-16 15:44:11,2026-09-16 11:45:06
NVDA,NVDA270416C00260000,NVDA,2027-04-16,C,260.0,11.45,265.0,12.45,215.0,0.3744,45.0,1.0,0.3403,0.006,0.6034,-0.0513,0.3583,11.8726,0.88,11.78,11.78,11.78,up,11.78,2026-09-16T11:15:31,8.07339,10.9000000953674,215.81,2026-09-16 15:44:11,2026-09-16 11:45:06
NVDA,NVDA270416C00265000,NVDA,2027-04-16,C,265.0,10.5,793.0,11.05,648.0,0.3735,6.0,2.0,0.316,0.0058,0.5858,-0.0498,0.3343,10.7325,0.935,10.65,10.71,10.65,up,10.71,2026-09-16T11:15:31,9.56522,9.77500009536743,215.81,2026-09-16 15:44:11,2026-09-16 11:45:06
NVDA,NVDA270416C00270000,NVDA,2027-04-16,C,270.0,9.4,283.0,10.25,220.0,0.3749,12.0,0.0,0.293,0.0056,0.5669,-0.0482,0.3114,9.6949,0.0,0.0,0.0,0.0,down,8.77,2026-09-15T14:23:20,0.0,8.875,215.81,2026-09-16 15:44:11,2026-09-16 11:45:06
NVDA,NVDA270416C00275000,NVDA,2027-04-16,C,275.0,8.4,292.0,9.25,262.0,0.3738,8.0,0.0,0.2712,0.0054,0.5463,-0.0465,0.289,8.7539,0.0,0.0,0.0,0.0,down,7.85,2026-09-15T13:35:05,0.0,7.97499990463257,215.81,2026-09-16 15:44:11,2026-09-16 11:45:06
NVDA,NVDA270416C00280000,NVDA,2027-04-16,C,280.0,7.5,462.0,8.35,438.0,0.373,64.0,4.0,0.2508,0.0052,0.5251,-0.0447,0.2683,7.9023,0.405,7.35,7.85,7.35,down,7.63,2026-09-16T09:51:22,5.60553,7.22500014305115,215.81,2026-09-16 15:44:11,2026-09-16 11:45:06
NVDA,NVDA270416C00285000,NVDA,2027-04-16,C,285.0,6.65,567.0,7.45,576.0,0.3711,6.0,0.0,0.2316,0.005,0.5034,-0.0428,0.2486,7.1322,0.0,0.0,0.0,0.0,up,6.85,2026-09-15T14:32:42,0.0,6.52500009536743,215.81,2026-09-16 15:44:11,2026-09-16 11:45:06
NVDA,NVDA270416C00290000,NVDA,2027-04-16,C,290.0,6.15,35.0,7.15,160.0,0.3775,3.0,0.0,0.2137,0.0047,0.4808,-0.0409,0.2298,6.4382,0.0,0.0,0.0,0.0,down,5.85,2026-09-14T09:33:52,0.0,5.89999985694885,215.81,2026-09-16 15:44:11,2026-09-16 11:45:06
NVDA,NVDA270416C00295000,NVDA,2027-04-16,C,295.0,5.45,611.0,6.2,639.0,0.3737,9.0,0.0,0.197,0.0045,0.4586,-0.039,0.2126,5.8133,0.0,0.0,0.0,0.0,down,5.35,2026-09-15T14:40:27,0.0,5.29999995231628,215.81,2026-09-16 15:44:11,2026-09-16 11:45:06
NVDA,NVDA270416C00300000,NVDA,2027-04-16,C,300.0,5.1,451.0,5.5,515.0,0.3751,25.0,3.0,0.1815,0.0043,0.4366,-0.0372,0.1964,5.2509,0.505,5.22,5.28,5.22,up,5.28,2026-09-16T11:20:00,10.5759,4.77500009536743,215.81,2026-09-16 15:44:11,2026-09-16 11:45:06
NVDA,NVDA270416C00305000,NVDA,2027-04-16,C,305.0,4.3,496.0,5.15,550.0,0.374,3.0,0.0,0.1672,0.004,0.4144,-0.0353,0.1811,4.746,0.0,0.0,0.0,0.0,down,4.22,2026-09-14T11:09:12,0.0,4.37500011920929,215.81,2026-09-16 15:44:11,2026-09-16 11:45:06
NVDA,NVDA270416C00310000,NVDA,2027-04-16,C,310.0,4.0,559.0,4.7,584.0,0.3767,1.0,0.0,0.154,0.0038,0.3931,-0.0336,0.1672,4.293,0.0,0.0,0.0,0.0,up,4.05,2026-09-15T12:05:01,0.0,3.85000002384186,215.81,2026-09-16 15:44:11,2026-09-16 11:45:06
NVDA,NVDA270416C00315000,NVDA,2027-04-16,C,315.0,3.65,566.0,4.15,633.0,0.3765,0.0,1.0,0.1418,0.0036,0.3726,-0.0318,0.1543,3.8861,0.2,3.9,3.9,3.9,up,3.9,2026-09-16T10:50:48,5.4054,3.70000004768372,215.81,2026-09-16 15:44:11,2026-09-16 11:45:06
NVDA,NVDA270416C00320000,NVDA,2027-04-16,C,320.0,3.3,559.0,3.8,626.0,0.3778,15.0,1.0,0.1306,0.0034,0.3523,-0.0301,0.1422,3.5213,0.37,3.55,3.55,3.55,down,3.55,2026-09-16T10:50:45,11.6352,3.1800000667572,215.81,2026-09-16 15:44:11,2026-09-16 11:45:06
NVDA,NVDA270416C00325000,NVDA,2027-04-16,C,325.0,2.99,578.0,3.45,516.0,0.3788,3.0,1.0,0.1204,0.0032,0.3327,-0.0285,0.1311,3.1945,0.395,3.25,3.25,3.25,up,3.25,2026-09-16T10:50:48,13.8354,2.85500001907349,215.81,2026-09-16 15:44:11,2026-09-16 11:45:06
NVDA,NVDA270416C00330000,NVDA,2027-04-16,C,330.0,2.74,531.0,3.25,626.0,0.3821,0.0,1.0,0.1109,0.003,0.3144,-0.027,0.1211,2.9011,0.21,2.96,2.96,2.96,up,2.96,2026-09-16T10:50:47,7.63636,2.75,215.81,2026-09-16 15:44:11,2026-09-16 11:45:06
NVDA,NVDA270416C00335000,NVDA,2027-04-16,C,335.0,2.29,490.0,3.2,518.0,0.3839,0.0,0.0,0.1022,0.0028,0.2969,-0.0255,0.1118,2.6377,0.0,0.0,0.0,0.0,no_change,0.0,,0.0,2.42499995231628,215.81,2026-09-16 15:44:11,2026-09-16 11:45:06
NVDA,NVDA270416C00340000,NVDA,2027-04-16,C,340.0,2.05,529.0,2.72,533.0,0.3808,2.0,0.0,0.0943,0.0027,0.2798,-0.0241,0.1031,2.4014,0.0,0.0,0.0,0.0,down,2.25,2026-09-15T14:21:18,0.0,2.21499991416931,215.81,2026-09-16 15:44:11,2026-09-16 11:45:06
NVDA,NVDA270416C00345000,NVDA,2027-04-16,C,345.0,2.03,236.0,2.71,375.0,0.3895,0.0,0.0,0.0872,0.0025,0.2641,-0.0228,0.0954,2.1931,0.0,0.0,0.0,0.0,no_change,0.0,,0.0,2.04999995231628,215.81,2026-09-16 15:44:11,2026-09-16 11:45:06
NVDA,NVDA270416C00350000,NVDA,2027-04-16,C,350.0,1.68,329.0,2.27,213.0,0.3829,4.0,0.0,0.0805,0.0024,0.2492,-0.0215,0.0883,2.0018,0.0,0.0,0.0,0.0,down,1.94,2026-09-14T14:13:23,0.0,1.80500000715256,215.81,2026-09-16 15:44:11,2026-09-16 11:45:06
NVDA,NVDA270416C00355000,NVDA,2027-04-16,C,355.0,1.5,328.0,2.18,338.0,0.3859,0.0,0.0,0.0744,0.0022,0.235,-0.0203,0.0816,1.8294,0.0,0.0,0.0,0.0,no_change,0.0,,0.0,1.64999997615814,215.81,2026-09-16 15:44:11,2026-09-16 11:45:06
NVDA,NVDA270416C00360000,NVDA,2027-04-16,C,360.0,1.35,499.0,1.89,487.0,0.3843,13.0,0.0,0.0688,0.0021,0.2214,-0.0192,0.0754,1.6743,0.0,0.0,0.0,0.0,down,1.44,2026-09-15T15:51:54,0.0,1.53500002622604,215.81,2026-09-16 15:44:11,2026-09-16 11:45:06
NVDA,NVDA270416C00365000,NVDA,2027-04-16,C,365.0,1.39,216.0,1.73,180.0,0.3896,4.0,0.0,0.0637,0.0019,0.2085,-0.0181,0.0698,1.5344,0.0,0.0,0.0,0.0,up,1.49,2026-09-14T11:09:27,0.0,1.41000002622604,215.81,2026-09-16 15:44:11,2026-09-16 11:45:06
NVDA,NVDA270416C00370000,NVDA,2027-04-16,C,370.0,1.09,334.0,1.7,339.0,0.3892,3.0,0.0,0.059,0.0018,0.1966,-0.0171,0.0648,1.408,0.0,0.0,0.0,0.0,down,1.36,2026-09-14T11:09:27,0.0,1.28500002622604,215.81,2026-09-16 15:44:11,2026-09-16 11:45:06
NVDA,NVDA270416C00375000,NVDA,2027-04-16,C,375.0,0.98,305.0,1.67,357.0,0.3931,7.0,0.0,0.0547,0.0017,0.1856,-0.0162,0.0601,1.2935,0.0,0.0,0.0,0.0,no_change,1.24,2026-09-14T11:09:27,0.0,1.19499999284744,215.81,2026-09-16 15:44:11,2026-09-16 11:45:06
NVDA,NVDA270416C00380000,NVDA,2027-04-16,C,380.0,1.0,287.0,1.39,184.0,0.3932,0.0,0.0,0.0508,0.0016,0.175,-0.0153,0.0558,1.1899,0.0,0.0,0.0,0.0,no_change,0.0,,0.0,1.16000002622604,215.81,2026-09-16 15:44:11,2026-09-16 11:45:06
NVDA,NVDA270416C00385000,NVDA,2027-04-16,C,385.0,0.99,150.0,1.37,328.0,0.3998,6.0,0.0,0.0471,0.0015,0.1647,-0.0144,0.0517,1.0941,0.0,0.0,0.0,0.0,no_change,1.1,2026-09-14T13:30:46,0.0,0.964999973773956,215.81,2026-09-16 15:44:11,2026-09-16 11:45:06
NVDA,NVDA270416C00390000,NVDA,2027-04-16,C,390.0,0.71,313.0,1.27,303.0,0.3948,0.0,0.0,0.0438,0.0014,0.1553,-0.0137,0.048,1.009,0.0,0.0,0.0,0.0,no_change,0.0,,0.0,0.955000013113022,215.81,2026-09-16 15:44:11,2026-09-16 11:45:06
NVDA,NVDA270416C00395000,NVDA,2027-04-16,C,395.0,0.68,324.0,1.12,173.0,0.3954,30.0,0.0,0.0407,0.0013,0.1466,-0.0129,0.0447,0.9317,0.0,0.0,0.0,0.0,up,0.92,2026-09-14T11:08:16,0.0,0.83500000834465,215.81,2026-09-16 15:44:11,2026-09-16 11:45:06
NVDA,NVDA270416C00400000,NVDA,2027-04-16,C,400.0,0.75,510.0,1.17,518.0,0.4065,33.0,0.0,0.0379,0.0012,0.1386,-0.0122,0.0417,0.8612,0.0,0.0,0.0,0.0,no_change,0.84,2026-09-15T13:21:08,0.0,0.820000022649765,215.81,2026-09-16 15:44:11,2026-09-16 11:45:06
NVDA,NVDA270416C00405000,NVDA,2027-04-16,C,405.0,0.56,840.0,0.93,41.0,0.3967,6.0,0.0,0.0353,0.0012,0.1309,-0.0116,0.0388,0.797,0.0,0.0,0.0,0.0,no_change,0.77,2026-09-15T14:05:50,0.0,0.715000003576279,215.81,2026-09-16 15:44:11,2026-09-16 11:45:06
NVDA,NVDA270416C00410000,NVDA,2027-04-16,C,410.0,0.6,484.0,0.92,528.0,0.4044,5.0,45.0,0.033,0.0011,0.1236,-0.011,0.0362,0.7385,0.09,0.79,0.79,0.79,no_change,0.79,2026-09-16T10:40:53,12.8571,0.699999988079071,215.81,2026-09-16 15:44:11,2026-09-16 11:45:06
NVDA,NVDA270416C00415000,NVDA,2027-04-16,C,415.0,0.42,479.0,0.96,510.0,0.4046,0.0,0.0,0.0308,0.001,0.1168,-0.0104,0.0337,0.685,0.0,0.0,0.0,0.0,no_change,0.0,,0.0,0.705000013113022,215.81,2026-09-16 15:44:11,2026-09-16 11:45:06
NVDA,NVDA270416C00420000,NVDA,2027-04-16,C,420.0,0.41,451.0,0.81,438.0,0.4028,36.0,0.0,0.0289,0.001,0.1109,-0.0099,0.0317,0.6397,0.0,0.0,0.0,0.0,down,0.63,2026-09-15T12:58:40,0.0,0.570000007748604,215.81,2026-09-16 15:44:11,2026-09-16 11:45:06
NVDA,NVDA270416C00425000,NVDA,2027-04-16,C,425.0,0.34,483.0,0.89,454.0,0.4094,42.0,0.0,0.027,0.0009,0.1049,-0.0094,0.0297,0.5946,0.0,0.0,0.0,0.0,up,0.6,2026-09-15T14:02:33,0.0,0.605000004172325,215.81,2026-09-16 15:44:11,2026-09-16 11:45:06
NVDA,NVDA270416C00430000,NVDA,2027-04-16,C,430.0,0.41,274.0,0.79,343.0,0.4138,0.0,0.0,0.0253,0.0009,0.0994,-0.0089,0.0278,0.5532,0.0,0.0,0.0,0.0,no_change,0.0,,0.0,0.49499998986721,215.81,2026-09-16 15:44:11,2026-09-16 11:45:06
NVDA,NVDA270416C00435000,NVDA,2027-04-16,C,435.0,0.23,450.0,0.8,443.0,0.4105,17.0,0.0,0.0236,0.0008,0.0941,-0.0084,0.026,0.5153,0.0,0.0,0.0,0.0,down,0.51,2026-09-15T09:44:47,0.0,0.410000003874302,215.81,2026-09-16 15:44:11,2026-09-16 11:45:06
NVDA,NVDA270416C00440000,NVDA,2027-04-16,C,440.0,0.2,239.0,0.77,334.0,0.4127,1.0,0.0,0.0222,0.0008,0.0891,-0.008,0.0243,0.4804,0.0,0.0,0.0,0.0,up,0.71,2026-09-14T09:30:02,0.0,0.479999989271164,215.81,2026-09-16 15:44:11,2026-09-16 11:45:06
NVDA,NVDA270416P00005000,NVDA,2027-04-16,P,5.0,0.0,0.0,0.27,150.0,2.1421,0.0,0.0,-0.0002,0.0,0.0014,-0.0006,-0.0004,0.0228,0.0,0.0,0.0,0.0,no_change,0.0,,0.0,0.129999995231628,215.81,2026-09-16 15:44:11,2026-09-16 11:45:06
NVDA,NVDA270416P00010000,NVDA,2027-04-16,P,10.0,0.0,0.0,0.28,218.0,1.7063,0.0,0.0,-0.0004,0.0,0.0026,-0.0008,-0.0007,0.0361,0.0,0.0,0.0,0.0,no_change,0.0,,0.0,0.135000005364418,215.81,2026-09-16 15:44:11,2026-09-16 11:45:06
NVDA,NVDA270416P00015000,NVDA,2027-04-16,P,15.0,0.0,0.0,0.28,151.0,1.4639,0.0,0.0,-0.0007,0.0,0.0038,-0.0011,-0.0011,0.0488,0.0,0.0,0.0,0.0,no_change,0.0,,0.0,0.140000000596046,215.81,2026-09-16 15:44:11,2026-09-16 11:45:06
NVDA,NVDA270416P00020000,NVDA,2027-04-16,P,20.0,0.0,0.0,0.29,221.0,1.304,0.0,0.0,-0.0009,0.0,0.0052,-0.0014,-0.0015,0.0617,0.0,0.0,0.0,0.0,no_change,0.0,,0.0,0.140000000596046,215.81,2026-09-16 15:44:11,2026-09-16 11:45:06
NVDA,NVDA270416P00025000,NVDA,2027-04-16,P,25.0,0.0,0.0,0.3,153.0,1.1833,0.0,0.0,-0.0012,0.0,0.0066,-0.0016,-0.0019,0.0753,0.0,0.0,0.0,0.0,no_change,0.0,,0.0,0.144999995827675,215.81,2026-09-16 15:44:11,2026-09-16 11:45:06
NVDA,NVDA270416P00030000,NVDA,2027-04-16,P,30.0,0.0,0.0,0.31,158.0,1.0864,0.0,0.0,-0.0016,0.0,0.0083,-0.0019,-0.0024,0.0896,0.0,0.0,0.0,0.0,no_change,0.0,,0.0,0.150000005960464,215.81,2026-09-16 15:44:11,2026-09-16 11:45:06
NVDA,NVDA270416P00035000,NVDA,2027-04-16,P,35.0,0.0,0.0,0.33,160.0,1.0094,0.0,0.0,-0.0019,0.0,0.0101,-0.0022,-0.0029,0.105,0.0,0.0,0.0,0.0,no_change,0.0,,0.0,0.159999996423721,215.81,2026-09-16 15:44:11,2026-09-16 11:45:06
NVDA,NVDA270416P00040000,NVDA,2027-04-16,P,40.0,0.0,0.0,0.34,160.0,0.9398,0.0,0.0,-0.0024,0.0,0.0122,-0.0024,-0.0035,0.1217,0.0,0.0,0.0,0.0,no_change,0.0,,0.0,0.170000001788139,215.81,2026-09-16 15:44:11,2026-09-16 11:45:06
NVDA,NVDA270416P00045000,NVDA,2027-04-16,P,45.0,0.0,0.0,0.36,205.0,0.8819,0.0,0.0,-0.0028,0.0001,0.0144,-0.0028,-0.0042,0.1399,0.0,0.0,0.0,0.0,no_change,0.0,,0.0,0.180000007152557,215.81,2026-09-16 15:44:11,2026-09-16 11:45:06
NVDA,NVDA270416P00050000,NVDA,2027-04-16,P,50.0,0.01,9.0,0.38,615.0,0.8328,19.0,0.0,-0.0034,0.0001,0.0168,-0.0031,-0.0049,0.1598,0.0,0.0,0.0,0.0,down,0.09,2026-09-15T12:31:17,0.0,0.145000000484288,215.81,2026-09-16 15:44:11,2026-09-16 11:45:06
NVDA,NVDA270416P00055000,NVDA,2027-04-16,P,55.0,0.01,22.0,0.41,160.0,0.7881,0.0,0.0,-0.004,0.0001,0.0197,-0.0034,-0.0058,0.1817,0.0,0.0,0.0,0.0,no_change,0.0,,0.0,0.209999998100102,215.81,2026-09-16 15:44:11,2026-09-16 11:45:06
NVDA,NVDA270416P00060000,NVDA,2027-04-16,P,60.0,0.01,135.0,0.44,213.0,0.747,5.0,0.0,-0.0047,0.0001,0.0228,-0.0038,-0.0068,0.2062,0.0,0.0,0.0,0.0,down,0.13,2026-09-14T12:48:23,0.0,0.224999998696148,215.81,2026-09-16 15:44:11,2026-09-16 11:45:06
NVDA,NVDA270416P00065000,NVDA,2027-04-16,P,65.0,0.01,357.0,0.48,316.0,0.7109,0.0,0.0,-0.0055,0.0001,0.0263,-0.0042,-0.0079,0.2338,0.0,0.0,0.0,0.0,no_change,0.0,,0.0,0.239999999292195,215.81,2026-09-16 15:44:11,2026-09-16 11:45:06
NVDA,NVDA270416P00070000,NVDA,2027-04-16,P,70.0,0.01,391.0,0.52,264.0,0.6769,0.0,0.0,-0.0065,0.0002,0.0302,-0.0046,-0.0091,0.265,0.0,0.0,0.0,0.0,no_change,0.0,,0.0,0.264999990351498,215.81,2026-09-16 15:44:11,2026-09-16 11:45:06
NVDA,NVDA270416P00075000,NVDA,2027-04-16,P,75.0,0.01,256.0,0.56,247.0,0.6448,20.0,0.0,-0.0076,0.0002,0.0348,-0.005,-0.0106,0.3007,0.0,0.0,0.0,0.0,down,0.21,2026-09-11T15:32:31,0.0,0.285000001080334,215.81,2026-09-16 15:44:11,2026-09-16 11:45:06
NVDA,NVDA270416P00080000,NVDA,2027-04-16,P,80.0,0.06,285.0,0.61,293.0,0.6224,0.0,0.0,-0.0088,0.0002,0.04,-0.0056,-0.0124,0.3421,0.0,0.0,0.0,0.0,no_change,0.0,,0.0,0.340000001713634,215.81,2026-09-16 15:44:11,2026-09-16 11:45:06
NVDA,NVDA270416P00085000,NVDA,2027-04-16,P,85.0,0.1,282.0,0.67,258.0,0.5997,0.0,0.0,-0.0103,0.0003,0.0457,-0.0062,-0.0144,0.3906,0.0,0.0,0.0,0.0,no_change,0.0,,0.0,0.400000002235174,215.81,2026-09-16 15:44:11,2026-09-16 11:45:06
NVDA,NVDA270416P00090000,NVDA,2027-04-16,P,90.0,0.17,395.0,0.75,331.0,0.5818,0.0,0.0,-0.0121,0.0003,0.0525,-0.0068,-0.0168,0.4474,0.0,0.0,0.0,0.0,no_change,0.0,,0.0,0.444999992847443,215.81,2026-09-16 15:44:11,2026-09-16 11:45:06
NVDA,NVDA270416P00095000,NVDA,2027-04-16,P,95.0,0.4,45.0,0.63,216.0,0.5594,10.0,0.0,-0.0142,0.0004,0.0606,-0.0076,-0.0196,0.5152,0.0,0.0,0.0,0.0,down,0.51,2026-09-14T15:15:21,0.0,0.510000005364418,215.81,2026-09-16 15:44:11,2026-09-16 11:45:06
NVDA,NVDA270416P00100000,NVDA,2027-04-16,P,100.0,0.49,82.0,0.76,622.0,0.5453,201.0,0.0,-0.0167,0.0005,0.0693,-0.0084,-0.023,0.5967,0.0,0.0,0.0,0.0,down,0.61,2026-09-15T13:59:09,0.0,0.590000003576279,215.81,2026-09-16 15:44:11,2026-09-16 11:45:06
NVDA,NVDA270416P00105000,NVDA,2027-04-16,P,105.0,0.38,335.0,0.93,402.0,0.5191,8.0,0.0,-0.0197,0.0006,0.0796,-0.0094,-0.027,0.6943,0.0,0.0,0.0,0.0,no_change,0.71,2026-09-14T15:06:45,0.0,0.71000000834465,215.81,2026-09-16 15:44:11,2026-09-16 11:45:06
NVDA,NVDA270416P00110000,NVDA,2027-04-16,P,110.0,0.69,89.0,1.0,339.0,0.5125,0.0,0.0,-0.0232,0.0007,0.0921,-0.0105,-0.0319,0.8126,0.0,0.0,0.0,0.0,no_change,0.0,,0.0,0.875,215.81,2026-09-16 15:44:11,2026-09-16 11:45:06
NVDA,NVDA270416P00115000,NVDA,2027-04-16,P,115.0,0.86,47.0,1.07,479.0,0.4957,1.0,0.0,-0.0275,0.0008,0.1054,-0.0118,-0.0374,0.9564,0.0,0.0,0.0,0.0,up,1.04,2026-09-15T13:15:55,0.0,1.09999996423721,215.81,2026-09-16 15:44:11,2026-09-16 11:45:06
NVDA,NVDA270416P00120000,NVDA,2027-04-16,P,120.0,0.97,821.0,1.4,869.0,0.4861,51.0,0.0,-0.0327,0.0009,0.1217,-0.0133,-0.0444,1.133,0.0,0.0,0.0,0.0,up,1.22,2026-09-14T13:53:48,0.0,1.22000002861023,215.81,2026-09-16 15:44:11,2026-09-16 11:45:06
NVDA,NVDA270416P00125000,NVDA,2027-04-16,P,125.0,1.09,709.0,1.51,762.0,0.467,5.0,0.0,-0.0387,0.0011,0.1399,-0.0149,-0.0525,1.3443,0.0,0.0,0.0,0.0,no_change,1.34,2026-09-11T10:39:06,0.0,1.47500002384186,215.81,2026-09-16 15:44:11,2026-09-16 11:45:06
NVDA,NVDA270416P00130000,NVDA,2027-04-16,P,130.0,1.48,157.0,1.91,500.0,0.4657,31.0,0.0,-0.0459,0.0013,0.1601,-0.0168,-0.062,1.6002,0.0,0.0,0.0,0.0,up,1.91,2026-09-15T10:10:08,0.0,1.7150000333786,215.81,2026-09-16 15:44:11,2026-09-16 11:45:06
NVDA,NVDA270416P00135000,NVDA,2027-04-16,P,135.0,1.62,294.0,2.32,360.0,0.4536,23.0,0.0,-0.0543,0.0015,0.1836,-0.0188,-0.0734,1.9092,0.0,0.0,0.0,0.0,up,2.21,2026-09-14T11:09:12,0.0,2.18500000238419,215.81,2026-09-16 15:44:11,2026-09-16 11:45:06
NVDA,NVDA270416P00140000,NVDA,2027-04-16,P,140.0,2.07,430.0,2.66,542.0,0.4458,473.0,0.0,-0.0642,0.0017,0.208,-0.021,-0.0862,2.28,0.0,0.0,0.0,0.0,no_change,2.48,2026-09-15T15:15:28,0.0,2.44999992847443,215.81,2026-09-16 15:44:11,2026-09-16 11:45:06
NVDA,NVDA270416P00145000,NVDA,2027-04-16,P,145.0,2.39,602.0,3.15,614.0,0.436,426.0,1.0,-0.0756,0.002,0.2372,-0.0235,-0.1013,2.7212,-0.095,2.9,2.9,2.9,down,2.9,2026-09-16T09:30:30,-3.17195,2.99500000476837,215.81,2026-09-16 15:44:11,2026-09-16 11:45:06
NVDA,NVDA270416P00150000,NVDA,2027-04-16,P,150.0,3.1,634.0,3.4,84.0,0.4272,1645.0,146.0,-0.0887,0.0023,0.2656,-0.0261,-0.1183,3.2462,-0.155,3.4,3.4,3.35,up,3.37,2026-09-16T10:13:22,-4.39716,3.52499997615814,215.81,2026-09-16 15:44:11,2026-09-16 11:45:06
NVDA,NVDA270416P00155000,NVDA,2027-04-16,P,155.0,3.65,451.0,4.05,357.0,0.4204,69.0,0.0,-0.1035,0.0026,0.2988,-0.0289,-0.1381,3.8614,0.0,0.0,0.0,0.0,no_change,4.25,2026-09-15T11:25:37,0.0,4.20000004768372,215.81,2026-09-16 15:44:11,2026-09-16 11:45:06
NVDA,NVDA270416P00160000,NVDA,2027-04-16,P,160.0,4.4,435.0,4.75,41.0,0.4148,24.0,34.0,-0.1204,0.003,0.331,-0.0318,-0.1595,4.5881,-0.2,4.7,4.75,4.7,no_change,4.75,2026-09-16T09:57:41,-4.0404,4.94999980926514,215.81,2026-09-16 15:44:11,2026-09-16 11:45:06
NVDA,NVDA270416P00165000,NVDA,2027-04-16,P,165.0,5.1,909.0,5.65,913.0,0.409,4.0,0.0,-0.1388,0.0033,0.3659,-0.0347,-0.1834,5.4161,0.0,0.0,0.0,0.0,down,5.92,2026-09-15T10:37:41,0.0,5.89999985694885,215.81,2026-09-16 15:44:11,2026-09-16 11:45:06
NVDA,NVDA270416P00170000,NVDA,2027-04-16,P,170.0,6.05,542.0,6.9,546.0,0.4081,478.0,0.0,-0.1594,0.0037,0.4002,-0.0377,-0.2094,6.3778,0.0,0.0,0.0,0.0,no_change,6.95,2026-09-15T15:33:29,0.0,6.97499990463257,215.81,2026-09-16 15:44:11,2026-09-16 11:45:06
NVDA,NVDA270416P00175000,NVDA,2027-04-16,P,175.0,7.3,410.0,7.85,494.0,0.4041,3132.0,12.0,-0.1818,0.004,0.435,-0.0406,-0.2377,7.4706,-0.675,7.8,7.8,7.6,down,7.6,2026-09-16T10:33:11,-8.1571,8.27500009536743,215.81,2026-09-16 15:44:11,2026-09-16 11:45:06
NVDA,NVDA270416P00180000,NVDA,2027-04-16,P,180.0,8.5,443.0,9.15,456.0,0.3983,6139.0,11.0,-0.2061,0.0044,0.4691,-0.0435,-0.2676,8.712,-0.82,9.0,9.0,8.73,down,8.73,2026-09-16T11:13:49,-8.58639,9.55000019073486,215.81,2026-09-16 15:44:11,2026-09-16 11:45:06
NVDA,NVDA270416P00185000,NVDA,2027-04-16,P,185.0,9.7,1042.0,10.55,782.0,0.3953,6.0,1.0,-0.2321,0.0048,0.5015,-0.0462,-0.2989,10.1012,-0.875,10.1,10.1,10.1,down,10.1,2026-09-16T11:13:49,-7.97266,10.9749999046326,215.81,2026-09-16 15:44:11,2026-09-16 11:45:06
NVDA,NVDA270416P00190000,NVDA,2027-04-16,P,190.0,11.25,502.0,12.15,482.0,0.3928,1055.0,7.0,-0.2596,0.0051,0.5324,-0.0488,-0.332,11.6545,-1.025,12.0,12.0,11.6,down,11.6,2026-09-16T11:09:32,-8.11881,12.625,215.81,2026-09-16 15:44:11,2026-09-16 11:45:06
NVDA,NVDA270416P00195000,NVDA,2027-04-16,P,195.0,13.0,427.0,14.15,484.0,0.393,9.0,5.0,-0.2885,0.0055,0.5602,-0.0511,-0.3652,13.3675,-0.45,14.0,14.0,14.0,no_change,14.0,2026-09-16T09:30:02,-3.11419,14.4499998092651,215.81,2026-09-16 15:44:11,2026-09-16 11:45:06
NVDA,NVDA270416P00200000,NVDA,2027-04-16,P,200.0,14.9,621.0,16.05,734.0,0.3908,55.0,0.0,-0.3186,0.0058,0.585,-0.0532,-0.3993,15.2548,0.0,0.0,0.0,0.0,down,16.49,2026-09-15T11:53:21,0.0,16.5749998092651,215.81,2026-09-16 15:44:11,2026-09-16 11:45:06
NVDA,NVDA270416P00205000,NVDA,2027-04-16,P,205.0,16.75,318.0,18.1,315.0,0.3868,8.0,0.0,-0.3497,0.006,0.6058,-0.0549,-0.4318,17.3087,0.0,0.0,0.0,0.0,down,18.45,2026-09-14T15:44:51,0.0,18.6999998092651,215.81,2026-09-16 15:44:11,2026-09-16 11:45:06
NVDA,NVDA270416P00210000,NVDA,2027-04-16,P,210.0,19.15,643.0,20.0,584.0,0.3833,1496.0,4.0,-0.3819,0.0063,0.6233,-0.0564,-0.4664,19.5595,-1.15,20.0,20.0,20.0,down,20.0,2026-09-16T10:39:16,-5.43736,21.1500005722046,215.81,2026-09-16 15:44:11,2026-09-16 11:45:06
NVDA,NVDA270416P00215000,NVDA,2027-04-16,P,215.0,21.4,401.0,22.7,440.0,0.3827,124.0,16.0,-0.4143,0.0065,0.6361,-0.0574,-0.4983,21.962,-1.095,22.38,22.38,22.38,down,22.38,2026-09-16T10:06:31,-4.66454,23.4750003814697,215.81,2026-09-16 15:44:11,2026-09-16 11:45:06
NVDA,NVDA270416P00220000,NVDA,2027-04-16,P,220.0,23.8,392.0,25.3,420.0,0.3804,42.0,1.0,-0.4467,0.0067,0.645,-0.0582,-0.5308,24.5158,-1.52,24.83,24.83,24.83,down,24.83,2026-09-16T10:31:22,-5.7685,26.3500003814697,215.81,2026-09-16 15:44:11,2026-09-16 11:45:06
NVDA,NVDA270416P00225000,NVDA,2027-04-16,P,225.0,26.7,268.0,28.0,261.0,0.3799,4.0,0.0,-0.4795,0.0068,0.6493,-0.0585,-0.5576,27.2601,0.0,0.0,0.0,0.0,up,28.95,2026-09-14T14:00:28,0.0,29.0749998092651,215.81,2026-09-16 15:44:11,2026-09-16 11:45:06
NVDA,NVDA270416P00230000,NVDA,2027-04-16,P,230.0,29.65,266.0,30.95,258.0,0.3794,2.0,0.0,-0.5123,0.0069,0.6489,-0.0586,-0.5847,30.1677,0.0,0.0,0.0,0.0,down,32.05,2026-09-14T13:47:44,0.0,32.2250003814697,215.81,2026-09-16 15:44:11,2026-09-16 11:45:06
NVDA,NVDA270416P00235000,NVDA,2027-04-16,P,235.0,32.8,199.0,34.05,246.0,0.3788,2.0,0.0,-0.545,0.0069,0.6435,-0.0583,-0.6055,33.2687,0.0,0.0,0.0,0.0,up,35.7,2026-09-15T13:31:44,0.0,35.3500003814697,215.81,2026-09-16 15:44:11,2026-09-16 11:45:06
NVDA,NVDA270416P00240000,NVDA,2027-04-16,P,240.0,35.85,230.0,37.15,232.0,0.3755,0.0,0.0,-0.5771,0.007,0.634,-0.0577,-0.6219,36.4953,0.0,0.0,0.0,0.0,no_change,0.0,,0.0,39.0,215.81,2026-09-16 15:44:11,2026-09-16 11:45:06
NVDA,NVDA270416P00245000,NVDA,2027-04-16,P,245.0,39.0,224.0,40.65,267.0,0.3738,0.0,0.0,-0.6085,0.007,0.6209,-0.0569,-0.6405,39.8774,0.0,0.0,0.0,0.0,no_change,0.0,,0.0,42.2000007629394,215.81,2026-09-16 15:44:11,2026-09-16 11:45:06
NVDA,NVDA270416P00250000,NVDA,2027-04-16,P,250.0,42.2,62.0,44.35,128.0,0.3777,0.0,0.0,-0.639,0.0069,0.6057,-0.0558,-0.6484,43.4,0.0,0.0,0.0,0.0,no_change,0.0,,0.0,46.0999984741211,215.81,2026-09-16 15:44:11,2026-09-16 11:45:06
NVDA,NVDA270416P00255000,NVDA,2027-04-16,P,255.0,46.1,125.0,48.6,133.0,0.3784,0.0,0.0,-0.6689,0.0068,0.5847,-0.0545,-0.6542,47.0638,0.0,0.0,0.0,0.0,no_change,0.0,,0.0,50.125,215.81,2026-09-16 15:44:11,2026-09-16 11:45:06
NVDA,NVDA270416P00260000,NVDA,2027-04-16,P,260.0,50.15,123.0,52.45,122.0,0.3809,0.0,0.0,-0.6978,0.0068,0.5602,-0.0531,-0.6574,50.8616,0.0,0.0,0.0,0.0,no_change,0.0,,0.0,54.0,215.81,2026-09-16 15:44:11,2026-09-16 11:45:06
NVDA,NVDA270416P00265000,NVDA,2027-04-16,P,265.0,53.95,120.0,56.0,128.0,0.3765,0.0,0.0,-0.7256,0.0066,0.5331,-0.0514,-0.6459,54.78,0.0,0.0,0.0,0.0,no_change,0.0,,0.0,57.9750003814697,215.81,2026-09-16 15:44:11,2026-09-16 11:45:06
NVDA,NVDA270416P00270000,NVDA,2027-04-16,P,270.0,57.6,83.0,60.4,80.0,0.3762,0.0,0.0,-0.7525,0.0065,0.5018,-0.0497,-0.6368,58.8216,0.0,0.0,0.0,0.0,no_change,0.0,,0.0,61.9750003814697,215.81,2026-09-16 15:44:11,2026-09-16 11:45:06
NVDA,NVDA270416P00275000,NVDA,2027-04-16,P,275.0,61.85,106.0,64.3,120.0,0.3747,0.0,0.0,-0.7783,0.0064,0.4743,-0.048,-0.622,62.9711,0.0,0.0,0.0,0.0,no_change,0.0,,0.0,66.0999984741211,215.81,2026-09-16 15:44:11,2026-09-16 11:45:06
NVDA,NVDA270416P00280000,NVDA,2027-04-16,P,280.0,66.2,102.0,68.85,106.0,0.3795,0.0,0.0,-0.8027,0.0063,0.4382,-0.0459,-0.6007,67.2247,0.0,0.0,0.0,0.0,no_change,0.0,,0.0,70.375,215.81,2026-09-16 15:44:11,2026-09-16 11:45:06
NVDA,NVDA270416P00285000,NVDA,2027-04-16,P,285.0,70.5,103.0,72.7,117.0,0.3732,0.0,0.0,-0.8264,0.0061,0.3986,-0.0442,-0.5605,71.5824,0.0,0.0,0.0,0.0,no_change,0.0,,0.0,75.4000015258789,215.81,2026-09-16 15:44:11,2026-09-16 11:45:06
NVDA,NVDA270416P00290000,NVDA,2027-04-16,P,290.0,74.6,47.0,77.65,48.0,0.3758,0.0,0.0,-0.849,0.006,0.3688,-0.0426,-0.5365,76.0249,0.0,0.0,0.0,0.0,no_change,0.0,,0.0,79.4750022888184,215.81,2026-09-16 15:44:11,2026-09-16 11:45:06
NVDA,NVDA270416P00295000,NVDA,2027-04-16,P,295.0,80.0,81.0,82.15,78.0,0.389,0.0,0.0,-0.8699,0.0058,0.3306,-0.0404,-0.488,80.5482,0.0,0.0,0.0,0.0,down,82.5,2026-09-15T09:45:21,0.0,83.9249992370606,215.81,2026-09-16 15:44:11,2026-09-16 11:45:06
NVDA,NVDA270416P00300000,NVDA,2027-04-16,P,300.0,84.05,84.0,85.9,79.0,0.3667,0.0,0.0,-0.89,0.0056,0.2816,-0.0382,-0.4278,85.1619,0.0,0.0,0.0,0.0,no_change,0.0,,0.0,88.6000022888184,215.81,2026-09-16 15:44:11,2026-09-16 11:45:06
NVDA,NVDA270416P00305000,NVDA,2027-04-16,P,305.0,88.25,51.0,91.4,53.0,0.3737,0.0,0.0,-0.9089,0.0053,0.2464,-0.0367,-0.3934,89.8441,0.0,0.0,0.0,0.0,no_change,0.0,,0.0,93.4500007629394,215.81,2026-09-16 15:44:11,2026-09-16 11:45:06
NVDA,NVDA270416P00310000,NVDA,2027-04-16,P,310.0,92.85,54.0,96.25,54.0,0.3739,0.0,0.0,-0.9273,0.0053,0.2175,-0.0347,-0.3477,94.5776,0.0,0.0,0.0,0.0,no_change,0.0,,0.0,98.25,215.81,2026-09-16 15:44:11,2026-09-16 11:45:06
NVDA,NVDA270416P00315000,NVDA,2027-04-16,P,315.0,97.45,30.0,101.0,30.0,0.3637,0.0,0.0,-0.9452,0.0054,0.165,-0.0321,-0.2505,99.3827,0.0,0.0,0.0,0.0,no_change,0.0,,0.0,103.125,215.81,2026-09-16 15:44:11,2026-09-16 11:45:06
NVDA,NVDA270416P00320000,NVDA,2027-04-16,P,320.0,102.5,30.0,105.8,30.0,0.3684,0.0,0.0,-0.9599,0.005,0.1264,-0.0265,-0.2145,104.2438,0.0,0.0,0.0,0.0,no_change,0.0,,0.0,108.150001525879,215.81,2026-09-16 15:44:11,2026-09-16 11:45:06
NVDA,NVDA270416P00325000,NVDA,2027-04-16,P,325.0,107.55,30.0,110.65,30.0,0.0,0.0,0.0,-0.9724,0.0046,0.1066,-0.0193,-0.1207,109.1321,0.0,0.0,0.0,0.0,no_change,0.0,,0.0,113.075000762939,215.81,2026-09-16 15:44:11,2026-09-16 11:45:06
NVDA,NVDA270416P00330000,NVDA,2027-04-16,P,330.0,112.55,1.0,115.6,30.0,0.0,1.0,1.0,-0.9826,0.0031,0.0118,-0.0341,0.0,114.12,-1.57,116.38,116.38,116.38,down,116.38,2026-09-16T09:31:59,-1.33107,117.950000762939,215.81,2026-09-16 15:44:11,2026-09-16 11:45:06
NVDA,NVDA270416P00335000,NVDA,2027-04-16,P,335.0,117.65,30.0,120.55,30.0,0.0,0.0,0.0,-0.9898,0.0018,0.0,-0.0341,0.0,119.12,0.0,0.0,0.0,0.0,down,122.75,2026-09-15T11:40:10,0.0,122.950000762939,215.81,2026-09-16 15:44:11,2026-09-16 11:45:06
NVDA,NVDA270416P00340000,NVDA,2027-04-16,P,340.0,122.55,27.0,125.55,26.0,0.0,0.0,0.0,-0.9953,0.0008,0.0,-0.0341,0.0,124.12,0.0,0.0,0.0,0.0,no_change,0.0,,0.0,128.025001525879,215.81,2026-09-16 15:44:11,2026-09-16 11:45:06
NVDA,NVDA270416P00345000,NVDA,2027-04-16,P,345.0,127.55,29.0,130.7,28.0,0.0,0.0,0.0,-0.9998,0.0,0.0,-0.0341,0.0,129.07,0.0,0.0,0.0,0.0,no_change,0.0,,0.0,133.025001525879,215.81,2026-09-16 15:44:11,2026-09-16 11:45:06
NVDA,NVDA270416P00350000,NVDA,2027-04-16,P,350.0,132.55,1.0,135.8,5.0,0.4307,0.0,0.0,-1.0,0.0,0.0,-0.0341,0.0,134.07,0.0,0.0,0.0,0.0,no_change,0.0,,0.0,137.925003051758,215.81,2026-09-16 15:44:11,2026-09-16 11:45:06
NVDA,NVDA270416P00355000,NVDA,2027-04-16,P,355.0,137.55,26.0,140.55,26.0,0.0,0.0,0.0,-1.0,0.0,0.0,-0.0341,0.0,139.12,0.0,0.0,0.0,0.0,no_change,0.0,,0.0,143.025001525879,215.81,2026-09-16 15:44:11,2026-09-16 11:45:06
NVDA,NVDA270416P00360000,NVDA,2027-04-16,P,360.0,142.65,28.0,145.55,26.0,0.0,0.0,0.0,-1.0,0.0,0.0,-0.0341,0.0,144.12,0.0,0.0,0.0,0.0,no_change,0.0,,0.0,148.025001525879,215.81,2026-09-16 15:44:11,2026-09-16 11:45:06
NVDA,NVDA270416P00365000,NVDA,2027-04-16,P,365.0,147.65,26.0,150.55,26.0,0.0,0.0,0.0,-1.0,0.0,0.0,-0.0341,0.0,149.12,0.0,0.0,0.0,0.0,no_change,0.0,,0.0,153.025001525879,215.81,2026-09-16 15:44:11,2026-09-16 11:45:06
NVDA,NVDA270416P00370000,NVDA,2027-04-16,P,370.0,152.55,26.0,155.75,26.0,0.4731,0.0,0.0,-1.0,0.0,0.0,-0.0341,0.0,154.12,0.0,0.0,0.0,0.0,no_change,0.0,,0.0,157.925003051758,215.81,2026-09-16 15:44:11,2026-09-16 11:45:06
NVDA,NVDA270416P00375000,NVDA,2027-04-16,P,375.0,157.7,26.0,160.55,28.0,0.4799,0.0,0.0,-1.0,0.0,0.0,-0.0341,0.0,159.12,0.0,0.0,0.0,0.0,no_change,0.0,,0.0,162.950004577637,215.81,2026-09-16 15:44:11,2026-09-16 11:45:06
NVDA,NVDA270416P00380000,NVDA,2027-04-16,P,380.0,162.5,26.0,165.55,26.0,0.0,0.0,0.0,-1.0,0.0,0.0,-0.0341,0.0,164.12,0.0,0.0,0.0,0.0,no_change,0.0,,0.0,167.950004577637,215.81,2026-09-16 15:44:11,2026-09-16 11:45:06
NVDA,NVDA270416P00385000,NVDA,2027-04-16,P,385.0,167.5,26.0,170.55,26.0,0.0,0.0,0.0,-1.0,0.0,0.0,-0.0341,0.0,169.12,0.0,0.0,0.0,0.0,no_change,0.0,,0.0,172.925003051758,215.81,2026-09-16 15:44:11,2026-09-16 11:45:06
NVDA,NVDA270416P00390000,NVDA,2027-04-16,P,390.0,172.55,26.0,175.55,27.0,0.0,0.0,0.0,-1.0,0.0,0.0,-0.0341,0.0,174.12,0.0,0.0,0.0,0.0,no_change,0.0,,0.0,177.925003051758,215.81,2026-09-16 15:44:11,2026-09-16 11:45:06
NVDA,NVDA270416P00395000,NVDA,2027-04-16,P,395.0,177.55,26.0,180.55,27.0,0.0,0.0,0.0,-1.0,0.0,0.0,-0.0341,0.0,179.12,0.0,0.0,0.0,0.0,no_change,0.0,,0.0,183.025001525879,215.81,2026-09-16 15:44:11,2026-09-16 11:45:06
NVDA,NVDA270416P00400000,NVDA,2027-04-16,P,400.0,182.55,26.0,185.55,27.0,0.0,0.0,0.0,-1.0,0.0,0.0,-0.0341,0.0,184.12,0.0,0.0,0.0,0.0,no_change,0.0,,0.0,188.025001525879,215.81,2026-09-16 15:44:11,2026-09-16 11:45:06
NVDA,NVDA270416P00405000,NVDA,2027-04-16,P,405.0,187.55,32.0,190.55,30.0,0.0,0.0,0.0,-1.0,0.0,0.0,-0.0341,0.0,189.12,0.0,0.0,0.0,0.0,no_change,0.0,,0.0,193.025001525879,215.81,2026-09-16 15:44:11,2026-09-16 11:45:06
NVDA,NVDA270416P00410000,NVDA,2027-04-16,P,410.0,192.6,30.0,195.55,30.0,0.0,0.0,0.0,-1.0,0.0,0.0,-0.0341,0.0,194.12,0.0,0.0,0.0,0.0,no_change,0.0,,0.0,198.025001525879,215.81,2026-09-16 15:44:11,2026-09-16 11:45:06
NVDA,NVDA270416P00415000,NVDA,2027-04-16,P,415.0,197.7,30.0,200.55,30.0,0.5514,0.0,0.0,-1.0,0.0,0.0,-0.0341,0.0,199.12,0.0,0.0,0.0,0.0,no_change,0.0,,0.0,203.025001525879,215.81,2026-09-16 15:44:11,2026-09-16 11:45:06
NVDA,NVDA270416P00420000,NVDA,2027-04-16,P,420.0,202.55,26.0,205.55,26.0,0.0,0.0,0.0,-1.0,0.0,0.0,-0.0341,0.0,204.12,0.0,0.0,0.0,0.0,no_change,0.0,,0.0,208.025001525879,215.81,2026-09-16 15:44:11,2026-09-16 11:45:06
NVDA,NVDA270416P00425000,NVDA,2027-04-16,P,425.0,207.55,26.0,210.55,27.0,0.0,0.0,0.0,-1.0,0.0,0.0,-0.0341,0.0,209.12,0.0,0.0,0.0,0.0,no_change,0.0,,0.0,213.025001525879,215.81,2026-09-16 15:44:11,2026-09-16 11:45:06
NVDA,NVDA270416P00430000,NVDA,2027-04-16,P,430.0,212.55,26.0,215.55,27.0,0.0,0.0,0.0,-1.0,0.0,0.0,-0.0341,0.0,214.12,0.0,0.0,0.0,0.0,no_change,0.0,,0.0,218.025001525879,215.81,2026-09-16 15:44:11,2026-09-16 11:45:06
NVDA,NVDA270416P00435000,NVDA,2027-04-16,P,435.0,217.55,26.0,220.55,27.0,0.0,0.0,0.0,-1.0,0.0,0.0,-0.0341,0.0,219.12,0.0,0.0,0.0,0.0,no_change,0.0,,0.0,223.025001525879,215.81,2026-09-16 15:44:11,2026-09-16 11:45:06
NVDA,NVDA270416P00440000,NVDA,2027-04-16,P,440.0,222.55,26.0,225.55,26.0,0.0,0.0,0.0,-1.0,0.0,0.0,-0.0341,0.0,224.12,0.0,0.0,0.0,0.0,no_change,0.0,,0.0,228.025001525879,215.81,2026-09-16 15:44:11,2026-09-16 11:45:06
NVDA,NVDA270617C00005000,NVDA,2027-06-17,C,5.0,209.45,26.0,212.75,26.0,0.0,8.0,0.0,1.0,0.0,0.0006,0.0,0.0159,211.342,0.0,0.0,0.0,0.0,down,219.95,2026-09-09T10:13:39,0.0,207.174995422363,215.81,2026-09-16 15:44:11,2026-09-16 11:45:06
NVDA,NVDA270617C00010000,NVDA,2027-06-17,C,10.0,204.55,26.0,207.85,26.0,0.0,162.0,0.0,1.0,0.0,0.0018,0.0,0.0468,206.424,0.0,0.0,0.0,0.0,down,208.18,2026-09-10T15:11:28,0.0,202.275001525879,215.81,2026-09-16 15:44:11,2026-09-16 11:45:06
NVDA,NVDA270617C00015000,NVDA,2027-06-17,C,15.0,199.65,26.0,203.0,26.0,0.0,357.0,0.0,1.0,0.0,0.0035,0.0,0.081,201.5545,0.0,0.0,0.0,0.0,down,211.53,2026-09-08T13:45:51,0.0,197.424995422363,215.81,2026-09-16 15:44:11,2026-09-16 11:45:06
NVDA,NVDA270617C00020000,NVDA,2027-06-17,C,20.0,194.85,26.0,198.2,26.0,0.0,1108.0,0.0,1.0,0.0,0.0053,0.0,0.1372,196.7141,0.0,0.0,0.0,0.0,down,198.8,2026-09-10T10:59:52,0.0,192.599998474121,215.81,2026-09-16 15:44:11,2026-09-16 11:45:06
NVDA,NVDA270617C00025000,NVDA,2027-06-17,C,25.0,189.95,1.0,193.35,26.0,0.0,392.0,0.0,1.0,0.0,0.0073,0.0,0.1709,191.8948,0.0,0.0,0.0,0.0,down,195.85,2026-09-11T14:36:53,0.0,187.800003051758,215.81,2026-09-16 15:44:11,2026-09-16 11:45:06
NVDA,NVDA270617C00030000,NVDA,2027-06-17,C,30.0,185.1,1.0,188.55,26.0,0.0,286.0,0.0,1.0,0.0,0.009,0.0,0.2046,187.0771,0.0,0.0,0.0,0.0,up,190.97,2026-09-11T14:38:41,0.0,183.0,215.81,2026-09-16 15:44:11,2026-09-16 11:45:06
NVDA,NVDA270617C00035000,NVDA,2027-06-17,C,35.0,180.3,1.0,183.75,26.0,0.0,828.0,0.0,1.0,0.0,0.0108,0.0,0.2383,182.2092,0.0,0.0,0.0,0.0,up,198.31,2026-09-04T15:55:45,0.0,178.175003051758,215.81,2026-09-16 15:44:11,2026-09-16 11:45:06
NVDA,NVDA270617C00040000,NVDA,2027-06-17,C,40.0,175.5,26.0,178.95,26.0,0.6839,302.0,0.0,1.0,0.0,0.0138,0.0,0.2718,177.394,0.0,0.0,0.0,0.0,down,185.04,2026-09-09T15:59:00,0.0,173.400001525879,215.81,2026-09-16 15:44:11,2026-09-16 11:45:06
NVDA,NVDA270617C00045000,NVDA,2027-06-17,C,45.0,170.65,1.0,174.15,26.0,0.6912,215.0,0.0,0.9998,0.0001,0.0162,0.0,0.3053,172.5818,0.0,0.0,0.0,0.0,up,182.05,2026-09-08T13:01:09,0.0,168.574996948242,215.81,2026-09-16 15:44:11,2026-09-16 11:45:06
NVDA,NVDA270617C00050000,NVDA,2027-06-17,C,50.0,165.95,26.0,169.35,3.0,0.6773,486.0,0.0,0.9992,0.0001,0.0188,0.0,0.3386,167.772,0.0,0.0,0.0,0.0,down,180.3,2026-09-03T15:53:21,0.0,163.299995422363,215.81,2026-09-16 15:44:11,2026-09-16 11:45:06
NVDA,NVDA270617C00055000,NVDA,2027-06-17,C,55.0,161.05,1.0,164.45,77.0,0.5536,765.0,0.0,0.9985,0.0001,0.0232,0.0,0.3718,162.9653,0.0,0.0,0.0,0.0,down,159.12,2026-09-14T13:22:19,0.0,158.599998474121,215.81,2026-09-16 15:44:11,2026-09-16 11:45:06
NVDA,NVDA270617C00060000,NVDA,2027-06-17,C,60.0,156.25,1.0,159.65,65.0,0.5665,315.0,0.0,0.9976,0.0001,0.027,0.0,0.4046,158.1644,0.0,0.0,0.0,0.0,down,161.75,2026-09-11T12:44:21,0.0,154.100006103516,215.81,2026-09-16 15:44:11,2026-09-16 11:45:06
NVDA,NVDA270617C00065000,NVDA,2027-06-17,C,65.0,151.75,47.0,154.9,65.0,0.6213,843.0,0.0,0.9967,0.0001,0.0312,0.0,0.4373,153.3686,0.0,0.0,0.0,0.0,down,160.94,2026-09-09T09:58:31,0.0,149.475006103516,215.81,2026-09-16 15:44:11,2026-09-16 11:45:06
NVDA,NVDA270617C00070000,NVDA,2027-06-17,C,70.0,147.65,65.0,150.1,77.0,0.678,379.0,0.0,0.9955,0.0002,0.0375,0.0,0.4699,148.579,0.0,0.0,0.0,0.0,down,162.65,2026-09-04T15:05:54,0.0,144.700004577637,215.81,2026-09-16 15:44:11,2026-09-16 11:45:06
NVDA,NVDA270617C00075000,NVDA,2027-06-17,C,75.0,142.2,30.0,145.35,58.0,0.5853,480.0,0.0,0.9941,0.0002,0.0436,0.0,0.5017,143.7993,0.0,0.0,0.0,0.0,up,138.93,2026-08-04T12:23:49,0.0,139.875,215.81,2026-09-16 15:44:11,2026-09-16 11:45:06
NVDA,NVDA270617C00080000,NVDA,2027-06-17,C,80.0,137.6,26.0,140.6,27.0,0.5854,854.0,0.0,0.9925,0.0002,0.0503,0.0,0.5332,139.0294,0.0,0.0,0.0,0.0,down,133.53,2026-09-14T11:01:56,0.0,135.125,215.81,2026-09-16 15:44:11,2026-09-16 11:45:06
NVDA,NVDA270617C00085000,NVDA,2027-06-17,C,85.0,133.4,42.0,135.2,62.0,0.5586,616.0,0.0,0.9905,0.0003,0.0598,0.0,0.5646,134.272,0.0,0.0,0.0,0.0,down,144.0,2026-08-28T10:44:19,0.0,130.400001525879,215.81,2026-09-16 15:44:11,2026-09-16 11:45:06
NVDA,NVDA270617C00090000,NVDA,2027-06-17,C,90.0,128.35,57.0,130.9,75.0,0.551,739.0,1.0,0.9881,0.0004,0.0694,0.0,0.5946,129.5308,3.225,128.7,128.7,128.7,up,128.7,2026-09-16T10:18:33,2.57023,125.474998474121,215.81,2026-09-16 15:44:11,2026-09-16 11:45:06
NVDA,NVDA270617C00095000,NVDA,2027-06-17,C,95.0,123.35,54.0,126.05,81.0,0.5084,518.0,0.0,0.9853,0.0004,0.0814,0.0,0.625,124.807,0.0,0.0,0.0,0.0,down,127.15,2026-09-10T14:39:38,0.0,120.875,215.81,2026-09-16 15:44:11,2026-09-16 11:45:06
NVDA,NVDA270617C00100000,NVDA,2027-06-17,C,100.0,118.65,67.0,121.25,75.0,0.4912,5481.0,0.0,0.9819,0.0005,0.0943,0.0,0.6532,120.1069,0.0,0.0,0.0,0.0,down,115.97,2026-09-15T12:36:08,0.0,116.399997711182,215.81,2026-09-16 15:44:11,2026-09-16 11:45:06
NVDA,NVDA270617C00105000,NVDA,2027-06-17,C,105.0,113.7,200.0,115.5,1.0,0.4891,20194.0,307.0,0.9779,0.0006,0.1094,0.0,0.6803,115.4322,3.975,113.05,115.55,112.9,no_change,115.55,2026-09-16T11:27:20,3.56263,111.574996948242,215.81,2026-09-16 15:44:11,2026-09-16 11:45:06
NVDA,NVDA270617C00110000,NVDA,2027-06-17,C,110.0,109.35,101.0,111.85,130.0,0.4698,7670.0,0.0,0.9732,0.0007,0.1264,0.0,0.7076,110.7898,0.0,0.0,0.0,0.0,down,108.15,2026-09-14T12:50:19,0.0,106.975002288818,215.81,2026-09-16 15:44:11,2026-09-16 11:45:06
NVDA,NVDA270617C00115000,NVDA,2027-06-17,C,115.0,104.9,82.0,107.5,93.0,0.4769,1076.0,0.0,0.9677,0.0009,0.1457,-0.0009,0.7318,106.1832,0.0,0.0,0.0,0.0,no_change,113.75,2026-09-09T14:51:04,0.0,102.25,215.81,2026-09-16 15:44:11,2026-09-16 11:45:06
NVDA,NVDA270617C00120000,NVDA,2027-06-17,C,120.0,100.75,276.0,102.55,315.0,0.4682,3280.0,8.0,0.9613,0.001,0.167,-0.003,0.7565,101.6206,3.645,100.94,100.97,100.94,up,100.97,2026-09-16T10:52:33,3.74518,97.3250007629394,215.81,2026-09-16 15:44:11,2026-09-16 11:45:06
NVDA,NVDA270617C00125000,NVDA,2027-06-17,C,125.0,96.55,219.0,98.05,302.0,0.4681,1555.0,25.0,0.9539,0.0012,0.1908,-0.0052,0.7801,97.1066,3.005,96.68,96.68,96.43,no_change,96.43,2026-09-16T10:48:20,3.21648,93.4249992370606,215.81,2026-09-16 15:44:11,2026-09-16 11:45:06
NVDA,NVDA270617C00130000,NVDA,2027-06-17,C,130.0,91.55,302.0,93.7,320.0,0.449,2241.0,0.0,0.9454,0.0014,0.2166,-0.0075,0.8437,92.6501,0.0,0.0,0.0,0.0,no_change,89.24,2026-09-15T15:58:18,0.0,89.3249969482422,215.81,2026-09-16 15:44:11,2026-09-16 11:45:06
NVDA,NVDA270617C00135000,NVDA,2027-06-17,C,135.0,87.9,81.0,88.75,48.0,0.4456,8712.0,11.0,0.9358,0.0016,0.2442,-0.0099,0.8614,88.2659,2.87,87.5,87.57,87.5,up,87.57,2026-09-16T10:54:11,3.38843,84.7000007629394,215.81,2026-09-16 15:44:11,2026-09-16 11:45:06
NVDA,NVDA270617C00140000,NVDA,2027-06-17,C,140.0,83.6,273.0,84.3,109.0,0.4367,3654.0,12.0,0.9249,0.0018,0.2742,-0.0125,0.8762,83.953,2.895,82.5,83.27,82.5,up,83.27,2026-09-16T10:54:11,3.60187,80.375,215.81,2026-09-16 15:44:11,2026-09-16 11:45:06
NVDA,NVDA270617C00145000,NVDA,2027-06-17,C,145.0,79.4,110.0,80.25,92.0,0.4344,1008.0,0.0,0.9126,0.002,0.3055,-0.0151,0.8885,79.7197,0.0,0.0,0.0,0.0,down,75.41,2026-09-14T10:13:56,0.0,76.25,215.81,2026-09-16 15:44:11,2026-09-16 11:45:06
NVDA,NVDA270617C00150000,NVDA,2027-06-17,C,150.0,75.2,235.0,76.1,193.0,0.4279,9931.0,2.0,0.8991,0.0023,0.3386,-0.0179,0.8977,75.5734,3.65,73.3,75.65,73.3,up,75.65,2026-09-16T11:10:31,5.06944,72.0,215.81,2026-09-16 15:44:11,2026-09-16 11:45:06
NVDA,NVDA270617C00155000,NVDA,2027-06-17,C,155.0,71.25,110.0,71.95,55.0,0.4229,3519.0,0.0,0.8841,0.0025,0.3727,-0.0206,0.9038,71.5233,0.0,0.0,0.0,0.0,down,68.05,2026-09-15T15:39:45,0.0,68.1500015258789,215.81,2026-09-16 15:44:11,2026-09-16 11:45:06
NVDA,NVDA270617C00160000,NVDA,2027-06-17,C,160.0,67.2,309.0,68.1,133.0,0.4182,7237.0,4.0,0.8677,0.0028,0.4074,-0.0234,0.9072,67.5759,3.475,66.0,67.65,66.0,up,67.65,2026-09-16T11:10:31,5.41488,64.1749992370606,215.81,2026-09-16 15:44:11,2026-09-16 11:45:06
NVDA,NVDA270617C00165000,NVDA,2027-06-17,C,165.0,63.45,95.0,64.1,198.0,0.4132,2785.0,35.0,0.85,0.0031,0.4428,-0.0262,0.9069,63.7398,1.37,61.77,61.77,61.77,up,61.77,2026-09-16T09:39:32,2.26821,60.3999996185303,215.81,2026-09-16 15:44:11,2026-09-16 11:45:06
NVDA,NVDA270617C00170000,NVDA,2027-06-17,C,170.0,59.6,353.0,60.3,411.0,0.4072,7495.0,5.0,0.8308,0.0033,0.4775,-0.029,0.9041,60.0212,3.6,59.42,60.25,59.42,up,60.25,2026-09-16T11:12:29,6.35481,56.6499996185303,215.81,2026-09-16 15:44:11,2026-09-16 11:45:06
NVDA,NVDA270617C00175000,NVDA,2027-06-17,C,175.0,56.1,222.0,56.7,248.0,0.4049,6969.0,0.0,0.8105,0.0036,0.5122,-0.0317,0.8976,56.4263,0.0,0.0,0.0,0.0,down,52.84,2026-09-15T13:09:15,0.0,53.4249992370606,215.81,2026-09-16 15:44:11,2026-09-16 11:45:06
NVDA,NVDA270617C00180000,NVDA,2027-06-17,C,180.0,52.7,213.0,53.25,341.0,0.4026,12111.0,7.0,0.7889,0.0039,0.5453,-0.0343,0.8887,52.9614,2.575,51.5,52.5,51.4,up,52.5,2026-09-16T10:55:16,5.15773,49.9250011444092,215.81,2026-09-16 15:44:11,2026-09-16 11:45:06
NVDA,NVDA270617C00185000,NVDA,2027-06-17,C,185.0,49.35,235.0,50.2,355.0,0.4021,5067.0,5.0,0.7662,0.0041,0.5771,-0.0367,0.8768,49.6296,1.35,48.0,48.0,48.0,no_change,48.0,2026-09-16T09:34:40,2.89389,46.6499996185303,215.81,2026-09-16 15:44:11,2026-09-16 11:45:06
NVDA,NVDA270617C00190000,NVDA,2027-06-17,C,190.0,46.2,236.0,46.65,431.0,0.3969,10949.0,17.0,0.7426,0.0044,0.607,-0.039,0.8619,46.4364,2.95,44.65,46.5,44.65,up,46.5,2026-09-16T11:18:39,6.77383,43.5499992370606,215.81,2026-09-16 15:44:11,2026-09-16 11:45:06
NVDA,NVDA270617C00195000,NVDA,2027-06-17,C,195.0,43.2,208.0,43.6,307.0,0.3955,6359.0,16.0,0.7181,0.0046,0.6343,-0.0411,0.8453,43.3828,2.725,42.55,43.55,42.55,down,43.4,2026-09-16T11:12:00,6.69945,40.6749992370606,215.81,2026-09-16 15:44:11,2026-09-16 11:45:06
NVDA,NVDA270617C00200000,NVDA,2027-06-17,C,200.0,40.35,93.0,40.7,783.0,0.3936,22089.0,102.0,0.6929,0.0048,0.6594,-0.043,0.8255,40.4714,2.655,39.05,40.65,38.9,down,40.48,2026-09-16T11:15:37,7.01917,37.8250007629394,215.81,2026-09-16 15:44:11,2026-09-16 11:45:06
NVDA,NVDA270617C00205000,NVDA,2027-06-17,C,205.0,37.55,287.0,37.95,886.0,0.3916,22015.0,3.0,0.6672,0.005,0.6813,-0.0447,0.8046,37.7033,1.995,36.55,37.17,36.55,up,37.17,2026-09-16T10:29:49,5.67164,35.1749992370606,215.81,2026-09-16 15:44:11,2026-09-16 11:45:06
NVDA,NVDA270617C00210000,NVDA,2027-06-17,C,210.0,34.9,455.0,35.3,900.0,0.3896,9372.0,30.0,0.641,0.0052,0.7002,-0.0461,0.7815,35.0768,2.585,33.65,35.26,33.65,up,35.26,2026-09-16T11:08:34,7.91125,32.6749992370606,215.81,2026-09-16 15:44:11,2026-09-16 11:45:06
NVDA,NVDA270617C00215000,NVDA,2027-06-17,C,215.0,32.4,876.0,32.8,839.0,0.3879,9436.0,177.0,0.6146,0.0053,0.7159,-0.0473,0.7567,32.5931,2.225,31.3,32.63,31.15,up,32.55,2026-09-16T11:22:01,7.33718,30.3249998092651,215.81,2026-09-16 15:44:11,2026-09-16 11:45:06
NVDA,NVDA270617C00220000,NVDA,2027-06-17,C,220.0,30.2,101.0,30.45,813.0,0.3875,15928.0,696.0,0.5882,0.0054,0.7282,-0.0483,0.7315,30.2485,2.265,28.65,30.45,28.65,down,30.34,2026-09-16T11:27:11,8.06767,28.0750007629395,215.81,2026-09-16 15:44:11,2026-09-16 11:45:06
NVDA,NVDA270617C00225000,NVDA,2027-06-17,C,225.0,27.9,360.0,28.3,874.0,0.3861,7889.0,3.0,0.5618,0.0055,0.7373,-0.049,0.7044,28.0409,1.8,26.86,27.75,26.86,up,27.75,2026-09-16T10:58:15,6.93642,25.9499998092651,215.81,2026-09-16 15:44:11,2026-09-16 11:45:06
NVDA,NVDA270617C00230000,NVDA,2027-06-17,C,230.0,25.95,72.0,26.2,652.0,0.3856,20269.0,121.0,0.5355,0.0055,0.743,-0.0495,0.6771,25.9684,1.925,24.8,26.1,24.8,no_change,26.0,2026-09-16T11:25:13,7.99584,24.0750007629395,215.81,2026-09-16 15:44:11,2026-09-16 11:45:06
NVDA,NVDA270617C00235000,NVDA,2027-06-17,C,235.0,23.9,747.0,24.25,803.0,0.3839,3841.0,30.0,0.5096,0.0056,0.7457,-0.0497,0.6496,24.0249,1.765,23.61,24.05,23.6,down,23.99,2026-09-16T11:20:29,7.94151,22.2250003814697,215.81,2026-09-16 15:44:11,2026-09-16 11:45:06
NVDA,NVDA270617C00240000,NVDA,2027-06-17,C,240.0,22.1,875.0,22.5,1051.0,0.3837,9974.0,23.0,0.4841,0.0056,0.7451,-0.0498,0.621,22.208,1.675,21.25,22.35,21.2,down,22.2,2026-09-16T11:17:51,8.16078,20.5250005722046,215.81,2026-09-16 15:44:11,2026-09-16 11:45:06
NVDA,NVDA270617C00245000,NVDA,2027-06-17,C,245.0,20.5,96.0,20.85,690.0,0.384,4417.0,22.0,0.4592,0.0056,0.7418,-0.0496,0.5931,20.5129,1.75,20.5,20.65,20.5,no_change,20.65,2026-09-16T11:27:53,9.25926,18.8999996185303,215.81,2026-09-16 15:44:11,2026-09-16 11:45:06
NVDA,NVDA270617C00250000,NVDA,2027-06-17,C,250.0,18.9,248.0,19.15,594.0,0.3828,21509.0,54.0,0.4348,0.0055,0.7358,-0.0492,0.5653,18.9332,1.44,18.1,19.0,18.1,down,18.89,2026-09-16T11:21:26,8.25215,17.4499998092651,215.81,2026-09-16 15:44:11,2026-09-16 11:45:06
NVDA,NVDA270617C00255000,NVDA,2027-06-17,C,255.0,17.45,81.0,17.6,156.0,0.3816,4099.0,0.0,0.4112,0.0055,0.7271,-0.0487,0.5372,17.4653,0.0,0.0,0.0,0.0,down,15.96,2026-09-15T13:09:05,0.0,16.0999999046326,215.81,2026-09-16 15:44:11,2026-09-16 11:45:06
NVDA,NVDA270617C00260000,NVDA,2027-06-17,C,260.0,16.05,590.0,16.3,667.0,0.3814,29533.0,1076.0,0.3883,0.0054,0.7164,-0.048,0.5103,16.1036,1.275,15.1,16.1,15.1,up,16.1,2026-09-16T11:03:07,8.60034,14.8249998092651,215.81,2026-09-16 15:44:11,2026-09-16 11:45:06
NVDA,NVDA270617C00265000,NVDA,2027-06-17,C,265.0,14.75,446.0,15.05,716.0,0.3809,8392.0,3.0,0.3663,0.0053,0.7038,-0.0472,0.4839,14.8412,1.05,14.65,14.7,14.65,up,14.7,2026-09-16T10:27:01,7.69231,13.6500000953674,215.81,2026-09-16 15:44:11,2026-09-16 11:45:06
NVDA,NVDA270617C00270000,NVDA,2027-06-17,C,270.0,13.6,403.0,13.85,696.0,0.3807,8672.0,3.0,0.3452,0.0052,0.6891,-0.0462,0.4576,13.6741,0.925,13.45,13.55,13.45,down,13.5,2026-09-16T10:29:09,7.35587,12.5749998092651,215.81,2026-09-16 15:44:11,2026-09-16 11:45:06
NVDA,NVDA270617C00275000,NVDA,2027-06-17,C,275.0,12.5,447.0,12.8,742.0,0.3806,4110.0,20.0,0.3249,0.0051,0.6732,-0.0452,0.4327,12.5967,1.02,12.0,12.62,12.0,up,12.62,2026-09-16T11:04:20,8.7931,11.5999999046326,215.81,2026-09-16 15:44:11,2026-09-16 11:45:06
NVDA,NVDA270617C00280000,NVDA,2027-06-17,C,280.0,11.5,468.0,11.8,744.0,0.3806,7097.0,3.0,0.3056,0.0049,0.6563,-0.044,0.4088,11.6022,1.02,11.5,11.67,11.5,up,11.67,2026-09-16T11:11:17,9.57746,10.6500000953674,215.81,2026-09-16 15:44:11,2026-09-16 11:45:06
NVDA,NVDA270617C00285000,NVDA,2027-06-17,C,285.0,10.6,504.0,10.8,233.0,0.3802,2626.0,34.0,0.2871,0.0048,0.6378,-0.0428,0.3852,10.6862,0.975,10.65,10.8,10.4,up,10.8,2026-09-16T11:28:55,9.92367,9.82499980926514,215.81,2026-09-16 15:44:11,2026-09-16 11:45:06
NVDA,NVDA270617C00290000,NVDA,2027-06-17,C,290.0,9.75,482.0,10.05,722.0,0.3811,9803.0,6.0,0.2696,0.0046,0.6187,-0.0416,0.3629,9.844,0.75,9.7,9.75,9.7,up,9.75,2026-09-16T10:58:40,8.33333,9.0,215.81,2026-09-16 15:44:11,2026-09-16 11:45:06
NVDA,NVDA270617C00295000,NVDA,2027-06-17,C,295.0,9.0,496.0,9.3,689.0,0.3818,3062.0,11.0,0.2531,0.0045,0.5994,-0.0403,0.342,9.0692,0.675,8.96,9.0,8.96,up,9.0,2026-09-16T10:41:59,8.10811,8.32499980926514,215.81,2026-09-16 15:44:11,2026-09-16 11:45:06
NVDA,NVDA270617C00300000,NVDA,2027-06-17,C,300.0,8.3,540.0,8.5,637.0,0.3815,30739.0,75.0,0.2374,0.0043,0.5795,-0.039,0.3217,8.3572,0.725,8.0,8.4,7.95,up,8.4,2026-09-16T11:10:06,9.44625,7.67499995231628,215.81,2026-09-16 15:44:11,2026-09-16 11:45:06
NVDA,NVDA270617C00310000,NVDA,2027-06-17,C,310.0,7.05,570.0,7.25,787.0,0.3825,4480.0,234.0,0.2087,0.004,0.5387,-0.0363,0.2841,7.1053,0.665,6.8,7.19,6.8,up,7.19,2026-09-16T11:27:08,10.1916,6.52499985694885,215.81,2026-09-16 15:44:11,2026-09-16 11:45:06
NVDA,NVDA270617C00320000,NVDA,2027-06-17,C,320.0,6.0,523.0,6.2,607.0,0.3838,9670.0,4.0,0.1834,0.0037,0.4988,-0.0337,0.2507,6.0515,0.4,6.03,6.03,5.95,no_change,5.95,2026-09-16T10:13:07,7.20721,5.54999995231628,215.81,2026-09-16 15:44:11,2026-09-16 11:45:06
NVDA,NVDA270617C00330000,NVDA,2027-06-17,C,330.0,5.1,672.0,5.3,651.0,0.385,3311.0,2.0,0.1611,0.0034,0.4594,-0.0311,0.221,5.167,0.45,4.93,5.15,4.93,up,5.15,2026-09-16T09:54:10,9.57447,4.70000004768372,215.81,2026-09-16 15:44:11,2026-09-16 11:45:06
NVDA,NVDA270617C00340000,NVDA,2027-06-17,C,340.0,4.35,610.0,4.55,636.0,0.3866,3620.0,2.0,0.1415,0.0031,0.4223,-0.0286,0.1949,4.4232,0.36,4.41,4.41,4.41,up,4.41,2026-09-16T10:32:32,8.88889,4.05000007152557,215.81,2026-09-16 15:44:11,2026-09-16 11:45:06
NVDA,NVDA270617C00350000,NVDA,2027-06-17,C,350.0,3.8,362.0,3.95,931.0,0.3897,10079.0,15.0,0.1245,0.0028,0.3866,-0.0263,0.1717,3.7984,0.33,3.65,3.83,3.65,up,3.83,2026-09-16T10:45:58,9.42857,3.5,215.81,2026-09-16 15:44:11,2026-09-16 11:45:06
NVDA,NVDA270617C00360000,NVDA,2027-06-17,C,360.0,3.1,503.0,3.4,499.0,0.3889,4433.0,5.0,0.1098,0.0026,0.3545,-0.0242,0.152,3.2772,0.28,3.28,3.28,3.28,no_change,3.28,2026-09-16T10:05:48,9.33333,3.0,215.81,2026-09-16 15:44:11,2026-09-16 11:45:06
NVDA,NVDA270617C00370000,NVDA,2027-06-17,C,370.0,2.77,490.0,2.98,526.0,0.3931,5203.0,0.0,0.0968,0.0023,0.3237,-0.0222,0.134,2.8327,0.0,0.0,0.0,0.0,down,2.55,2026-09-15T13:33:51,0.0,2.58000004291534,215.81,2026-09-16 15:44:11,2026-09-16 11:45:06
NVDA,NVDA270617C00380000,NVDA,2027-06-17,C,380.0,2.35,1032.0,2.53,299.0,0.3934,4179.0,8.0,0.0855,0.0021,0.2957,-0.0203,0.1188,2.4569,0.155,2.44,2.44,2.43,down,2.43,2026-09-16T11:12:03,6.81319,2.27499997615814,215.81,2026-09-16 15:44:11,2026-09-16 11:45:06
NVDA,NVDA270617C00390000,NVDA,2027-06-17,C,390.0,2.14,98.0,2.2,94.0,0.3976,1097.0,3.0,0.0757,0.0019,0.2702,-0.0186,0.1053,2.138,0.075,2.08,2.2,2.08,down,2.15,2026-09-16T10:15:10,3.61446,2.07500004768372,215.81,2026-09-16 15:44:11,2026-09-16 11:45:06
NVDA,NVDA270617C00400000,NVDA,2027-06-17,C,400.0,1.76,488.0,1.98,499.0,0.3987,2647.0,0.0,0.0672,0.0017,0.2464,-0.017,0.0934,1.8671,0.0,0.0,0.0,0.0,up,1.75,2026-09-15T15:47:34,0.0,1.74500000476837,215.81,2026-09-16 15:44:11,2026-09-16 11:45:06
NVDA,NVDA270617C00410000,NVDA,2027-06-17,C,410.0,1.51,464.0,1.73,449.0,0.4002,767.0,0.0,0.0598,0.0016,0.2253,-0.0156,0.0832,1.636,0.0,0.0,0.0,0.0,down,1.54,2026-09-15T13:15:48,0.0,1.51499998569489,215.81,2026-09-16 15:44:11,2026-09-16 11:45:06
NVDA,NVDA270617C00420000,NVDA,2027-06-17,C,420.0,1.41,940.0,1.49,271.0,0.4042,9563.0,1.0,0.0532,0.0014,0.2058,-0.0143,0.0741,1.4358,0.14,1.46,1.46,1.46,up,1.46,2026-09-16T10:23:56,10.6061,1.31999999284744,215.81,2026-09-16 15:44:11,2026-09-16 11:45:06
NVDA,NVDA270617C00430000,NVDA,2027-06-17,C,430.0,1.24,706.0,1.32,361.0,0.4067,639.0,0.0,0.0475,0.0013,0.188,-0.0131,0.0661,1.2665,0.0,0.0,0.0,0.0,no_change,1.23,2026-09-15T10:11:29,0.0,1.09500002861023,215.81,2026-09-16 15:44:11,2026-09-16 11:45:06
NVDA,NVDA270617C00440000,NVDA,2027-06-17,C,440.0,0.91,411.0,1.22,447.0,0.405,1114.0,0.0,0.0425,0.0012,0.1722,-0.0121,0.0593,1.1206,0.0,0.0,0.0,0.0,down,1.06,2026-09-15T13:03:26,0.0,1.03000003099442,215.81,2026-09-16 15:44:11,2026-09-16 11:45:06
NVDA,NVDA270617C00450000,NVDA,2027-06-17,C,450.0,0.98,633.0,1.04,649.0,0.412,1752.0,11.0,0.0382,0.0011,0.158,-0.0111,0.0532,0.9944,0.12,0.98,1.04,0.98,up,1.04,2026-09-16T11:05:33,13.0435,0.919999986886978,215.81,2026-09-16 15:44:11,2026-09-16 11:45:06
NVDA,NVDA270617C00455000,NVDA,2027-06-17,C,455.0,0.74,412.0,1.14,473.0,0.4124,260.0,0.0,0.0362,0.001,0.1513,-0.0107,0.0504,0.9378,0.0,0.0,0.0,0.0,up,0.95,2026-09-15T09:49:09,0.0,0.790000021457672,215.81,2026-09-16 15:44:11,2026-09-16 11:45:06
NVDA,NVDA270617C00460000,NVDA,2027-06-17,C,460.0,0.86,855.0,0.92,112.0,0.4138,5306.0,56.0,0.0343,0.001,0.1448,-0.0102,0.0478,0.8852,0.085,0.85,1.0,0.85,up,0.91,2026-09-16T11:04:25,10.303,0.825000017881394,215.81,2026-09-16 15:44:11,2026-09-16 11:45:06
NVDA,NVDA270617P00005000,NVDA,2027-06-17,P,5.0,0.0,0.0,0.02,996.0,1.4364,5041.0,0.0,-0.0002,0.0,0.0017,-0.0005,-0.0006,0.0249,0.0,0.0,0.0,0.0,down,0.04,2026-09-15T11:28:20,0.0,0.00999999977648258,215.81,2026-09-16 15:44:11,2026-09-16 11:45:06
NVDA,NVDA270617P00010000,NVDA,2027-06-17,P,10.0,0.0,0.0,0.06,32.0,1.2722,253.0,0.0,-0.0005,0.0,0.0031,-0.0007,-0.001,0.0385,0.0,0.0,0.0,0.0,down,0.02,2026-07-13T12:06:03,0.0,0.0299999993294477,215.81,2026-09-16 15:44:11,2026-09-16 11:45:06
NVDA,NVDA270617P00015000,NVDA,2027-06-17,P,15.0,0.0,0.0,0.21,160.0,1.2489,418.0,0.0,-0.0007,0.0,0.0045,-0.0009,-0.0015,0.0513,0.0,0.0,0.0,0.0,no_change,0.03,2026-09-01T13:55:14,0.0,0.0299999993294477,215.81,2026-09-16 15:44:11,2026-09-16 11:45:06
NVDA,NVDA270617P00020000,NVDA,2027-06-17,P,20.0,0.01,14.0,0.22,225.0,1.1204,534.0,0.0,-0.001,0.0,0.006,-0.0011,-0.002,0.0644,0.0,0.0,0.0,0.0,down,0.05,2026-09-08T13:55:18,0.0,0.034999999217689,215.81,2026-09-16 15:44:11,2026-09-16 11:45:06
NVDA,NVDA270617P00025000,NVDA,2027-06-17,P,25.0,0.01,56.0,0.24,529.0,1.023,855.0,0.0,-0.0012,0.0,0.0078,-0.0013,-0.0025,0.0781,0.0,0.0,0.0,0.0,no_change,0.07,2026-08-27T13:35:05,0.0,0.124999997206032,215.81,2026-09-16 15:44:11,2026-09-16 11:45:06
NVDA,NVDA270617P00030000,NVDA,2027-06-17,P,30.0,0.02,65.0,0.1,83.0,0.8642,11280.0,6.0,-0.0016,0.0,0.0096,-0.0015,-0.0032,0.0929,-0.03,0.08,0.09,0.04,down,0.04,2026-09-16T10:36:44,-42.8571,0.0699999993667006,215.81,2026-09-16 15:44:11,2026-09-16 11:45:06
NVDA,NVDA270617P00035000,NVDA,2027-06-17,P,35.0,0.05,34.0,0.14,186.0,0.8371,649.0,0.0,-0.002,0.0,0.0118,-0.0017,-0.0039,0.109,0.0,0.0,0.0,0.0,down,0.06,2026-09-14T11:21:26,0.0,0.110000003129244,215.81,2026-09-16 15:44:11,2026-09-16 11:45:06
NVDA,NVDA270617P00040000,NVDA,2027-06-17,P,40.0,0.1,1.0,0.25,211.0,0.834,1250.0,0.0,-0.0024,0.0,0.0142,-0.002,-0.0047,0.1271,0.0,0.0,0.0,0.0,no_change,0.13,2026-09-01T13:55:15,0.0,0.175000000745058,215.81,2026-09-16 15:44:11,2026-09-16 11:45:06
NVDA,NVDA270617P00045000,NVDA,2027-06-17,P,45.0,0.1,28.0,0.25,31.0,0.7774,1377.0,0.0,-0.0029,0.0001,0.0169,-0.0022,-0.0056,0.1474,0.0,0.0,0.0,0.0,down,0.14,2026-09-08T10:01:04,0.0,0.175000000745058,215.81,2026-09-16 15:44:11,2026-09-16 11:45:06
NVDA,NVDA270617P00050000,NVDA,2027-06-17,P,50.0,0.1,150.0,0.26,211.0,0.7296,5020.0,0.0,-0.0035,0.0001,0.02,-0.0025,-0.0067,0.1707,0.0,0.0,0.0,0.0,up,0.23,2026-09-14T09:32:12,0.0,0.179999995976686,215.81,2026-09-16 15:44:11,2026-09-16 11:45:06
NVDA,NVDA270617P00055000,NVDA,2027-06-17,P,55.0,0.15,395.0,0.3,474.0,0.7038,2643.0,0.0,-0.0042,0.0001,0.0237,-0.0028,-0.0081,0.1976,0.0,0.0,0.0,0.0,no_change,0.2,2026-09-11T09:31:48,0.0,0.21000000461936,215.81,2026-09-16 15:44:11,2026-09-16 11:45:06
NVDA,NVDA270617P00060000,NVDA,2027-06-17,P,60.0,0.21,291.0,0.43,966.0,0.6934,1614.0,6.0,-0.0051,0.0001,0.0278,-0.0032,-0.0096,0.2292,-0.055,0.22,0.23,0.21,down,0.21,2026-09-16T11:10:33,-20.7547,0.264999996870756,215.81,2026-09-16 15:44:11,2026-09-16 11:45:06
NVDA,NVDA270617P00065000,NVDA,2027-06-17,P,65.0,0.08,497.0,0.4,430.0,0.628,1310.0,0.0,-0.0061,0.0001,0.0324,-0.0036,-0.0113,0.2665,0.0,0.0,0.0,0.0,no_change,0.28,2026-09-14T10:05:33,0.0,0.245000004768372,215.81,2026-09-16 15:44:11,2026-09-16 11:45:06
NVDA,NVDA270617P00070000,NVDA,2027-06-17,P,70.0,0.27,481.0,0.47,522.0,0.6282,3575.0,19.0,-0.0072,0.0002,0.0381,-0.004,-0.0135,0.3106,0.01,0.33,0.33,0.33,no_change,0.33,2026-09-16T10:02:58,3.125,0.319999992847443,215.81,2026-09-16 15:44:11,2026-09-16 11:45:06
NVDA,NVDA270617P00075000,NVDA,2027-06-17,P,75.0,0.22,522.0,0.53,479.0,0.594,8828.0,0.0,-0.0086,0.0002,0.0445,-0.0046,-0.016,0.3636,0.0,0.0,0.0,0.0,up,0.42,2026-09-14T10:19:23,0.0,0.409999996423721,215.81,2026-09-16 15:44:11,2026-09-16 11:45:06
NVDA,NVDA270617P00080000,NVDA,2027-06-17,P,80.0,0.4,343.0,0.59,433.0,0.5848,8074.0,0.0,-0.0103,0.0003,0.0519,-0.0051,-0.019,0.427,0.0,0.0,0.0,0.0,no_change,0.45,2026-09-15T09:53:30,0.0,0.439999997615814,215.81,2026-09-16 15:44:11,2026-09-16 11:45:06
NVDA,NVDA270617P00085000,NVDA,2027-06-17,P,85.0,0.44,587.0,0.54,83.0,0.5518,9058.0,0.0,-0.0123,0.0003,0.0607,-0.0058,-0.0226,0.503,0.0,0.0,0.0,0.0,no_change,0.55,2026-09-15T10:28:31,0.0,0.489999994635582,215.81,2026-09-16 15:44:11,2026-09-16 11:45:06
NVDA,NVDA270617P00090000,NVDA,2027-06-17,P,90.0,0.58,275.0,0.69,759.0,0.5436,3273.0,0.0,-0.0147,0.0004,0.0707,-0.0066,-0.0269,0.5948,0.0,0.0,0.0,0.0,no_change,0.66,2026-09-15T10:07:54,0.0,0.615000009536743,215.81,2026-09-16 15:44:11,2026-09-16 11:45:06
NVDA,NVDA270617P00095000,NVDA,2027-06-17,P,95.0,0.69,262.0,0.88,825.0,0.5327,4097.0,4.0,-0.0176,0.0004,0.0821,-0.0075,-0.032,0.7052,-0.095,0.7,0.74,0.7,no_change,0.71,2026-09-16T11:16:19,-11.8012,0.805000007152557,215.81,2026-09-16 15:44:11,2026-09-16 11:45:06
NVDA,NVDA270617P00100000,NVDA,2027-06-17,P,100.0,0.81,619.0,0.87,954.0,0.5098,20106.0,2.0,-0.0209,0.0005,0.0957,-0.0085,-0.0381,0.8375,-0.025,0.86,0.86,0.86,down,0.86,2026-09-16T10:37:43,-2.82486,0.885000020265579,215.81,2026-09-16 15:44:11,2026-09-16 11:45:06
NVDA,NVDA270617P00105000,NVDA,2027-06-17,P,105.0,0.95,224.0,1.02,141.0,0.4957,6268.0,0.0,-0.025,0.0006,0.1107,-0.0096,-0.0452,0.9967,0.0,0.0,0.0,0.0,no_change,1.08,2026-09-15T12:42:48,0.0,1.01500001549721,215.81,2026-09-16 15:44:11,2026-09-16 11:45:06
NVDA,NVDA270617P00110000,NVDA,2027-06-17,P,110.0,1.16,571.0,1.28,993.0,0.4887,11781.0,1.0,-0.0297,0.0007,0.1275,-0.0109,-0.0535,1.1875,-0.15,1.2,1.2,1.2,down,1.2,2026-09-16T11:16:41,-11.1111,1.35000002384186,215.81,2026-09-16 15:44:11,2026-09-16 11:45:06
NVDA,NVDA270617P00115000,NVDA,2027-06-17,P,115.0,1.31,609.0,1.47,588.0,0.4741,9566.0,16.0,-0.0352,0.0009,0.1472,-0.0123,-0.0635,1.4151,-0.1,1.44,1.44,1.42,down,1.42,2026-09-16T11:00:46,-6.57895,1.51999998092651,215.81,2026-09-16 15:44:11,2026-09-16 11:45:06
NVDA,NVDA270617P00120000,NVDA,2027-06-17,P,120.0,1.64,942.0,1.71,367.0,0.4655,20965.0,25.0,-0.0418,0.001,0.1686,-0.0139,-0.0749,1.6896,-0.12,1.88,1.88,1.69,down,1.69,2026-09-16T11:00:33,-6.62983,1.81000000238419,215.81,2026-09-16 15:44:11,2026-09-16 11:45:06
NVDA,NVDA270617P00125000,NVDA,2027-06-17,P,125.0,1.9,724.0,2.01,11.0,0.4552,19062.0,77.0,-0.0492,0.0012,0.1928,-0.0156,-0.0881,2.0073,-0.17,2.05,2.07,1.98,down,1.98,2026-09-16T11:11:38,-7.90698,2.15000009536743,215.81,2026-09-16 15:44:11,2026-09-16 11:45:06
NVDA,NVDA270617P00130000,NVDA,2027-06-17,P,130.0,2.35,519.0,2.42,646.0,0.45,17433.0,22.0,-0.0579,0.0014,0.2189,-0.0174,-0.1033,2.389,-0.16,2.43,2.43,2.43,no_change,2.43,2026-09-16T10:00:49,-6.17761,2.5900000333786,215.81,2026-09-16 15:44:11,2026-09-16 11:45:06
NVDA,NVDA270617P00135000,NVDA,2027-06-17,P,135.0,2.79,212.0,3.0,757.0,0.446,6549.0,0.0,-0.0677,0.0016,0.2466,-0.0194,-0.1198,2.829,0.0,0.0,0.0,0.0,down,3.05,2026-09-15T14:58:55,0.0,3.04999995231628,215.81,2026-09-16 15:44:11,2026-09-16 11:45:06
NVDA,NVDA270617P00140000,NVDA,2027-06-17,P,140.0,3.3,715.0,3.45,1146.0,0.4378,144508.0,178.0,-0.0789,0.0018,0.2772,-0.0215,-0.1399,3.3482,-0.1,3.5,3.5,3.5,no_change,3.5,2026-09-16T09:42:31,-2.77778,3.60000002384186,215.81,2026-09-16 15:44:11,2026-09-16 11:45:06
NVDA,NVDA270617P00145000,NVDA,2027-06-17,P,145.0,3.9,173.0,4.1,736.0,0.4329,9210.0,0.0,-0.0913,0.0021,0.308,-0.0237,-0.1608,3.9421,0.0,0.0,0.0,0.0,up,4.35,2026-09-15T11:34:23,0.0,4.27499985694885,215.81,2026-09-16 15:44:11,2026-09-16 11:45:06
NVDA,NVDA270617P00150000,NVDA,2027-06-17,P,150.0,4.55,524.0,4.75,529.0,0.4264,49776.0,197.0,-0.1052,0.0023,0.3423,-0.026,-0.1851,4.6252,-0.385,4.72,4.73,4.55,down,4.64,2026-09-16T11:28:34,-7.66169,5.02499985694885,215.81,2026-09-16 15:44:11,2026-09-16 11:45:06
NVDA,NVDA270617P00155000,NVDA,2027-06-17,P,155.0,5.35,1105.0,5.5,652.0,0.4211,9240.0,1.0,-0.1206,0.0026,0.3764,-0.0284,-0.2109,5.4139,-0.3,5.6,5.6,5.6,down,5.6,2026-09-16T09:51:28,-5.08475,5.90000009536743,215.81,2026-09-16 15:44:11,2026-09-16 11:45:06
NVDA,NVDA270617P00160000,NVDA,2027-06-17,P,160.0,6.25,725.0,6.4,716.0,0.4168,25375.0,11.0,-0.1376,0.0029,0.413,-0.0308,-0.2404,6.3095,-0.5,6.55,6.55,6.35,no_change,6.35,2026-09-16T11:12:16,-7.29927,6.84999990463257,215.81,2026-09-16 15:44:11,2026-09-16 11:45:06
NVDA,NVDA270617P00165000,NVDA,2027-06-17,P,165.0,7.25,1118.0,7.45,792.0,0.4133,9100.0,2.0,-0.1558,0.0032,0.4482,-0.0332,-0.2698,7.3104,-0.6,7.3,7.3,7.3,down,7.3,2026-09-16T11:12:34,-7.59494,7.90000009536743,215.81,2026-09-16 15:44:11,2026-09-16 11:45:06
NVDA,NVDA270617P00170000,NVDA,2027-06-17,P,170.0,8.4,635.0,8.5,2.0,0.4092,17722.0,217.0,-0.1754,0.0034,0.4829,-0.0356,-0.3021,8.4307,-0.675,8.75,8.8,8.45,down,8.45,2026-09-16T11:09:42,-7.39726,9.125,215.81,2026-09-16 15:44:11,2026-09-16 11:45:06
NVDA,NVDA270617P00175000,NVDA,2027-06-17,P,175.0,9.6,713.0,9.85,718.0,0.406,14136.0,13.0,-0.1967,0.0037,0.5182,-0.038,-0.3363,9.6933,-0.55,9.87,9.93,9.87,no_change,9.9,2026-09-16T10:39:57,-5.26316,10.4500002861023,215.81,2026-09-16 15:44:11,2026-09-16 11:45:06
NVDA,NVDA270617P00180000,NVDA,2027-06-17,P,180.0,11.0,895.0,11.25,729.0,0.4033,30793.0,11.0,-0.219,0.004,0.5506,-0.0403,-0.3714,11.0772,-0.6,11.5,11.5,11.35,down,11.35,2026-09-16T10:02:07,-5.02092,11.9500002861023,215.81,2026-09-16 15:44:11,2026-09-16 11:45:06
NVDA,NVDA270617P00185000,NVDA,2027-06-17,P,185.0,12.5,769.0,12.8,828.0,0.4004,9676.0,3.0,-0.2427,0.0043,0.5831,-0.0424,-0.4093,12.6062,-0.8,12.8,12.8,12.8,down,12.8,2026-09-16T10:45:08,-5.88235,13.5999999046326,215.81,2026-09-16 15:44:11,2026-09-16 11:45:06
NVDA,NVDA270617P00190000,NVDA,2027-06-17,P,190.0,14.2,985.0,14.6,566.0,0.3973,23637.0,128.0,-0.2677,0.0046,0.6128,-0.0444,-0.4472,14.2906,-1.0,14.95,14.95,14.3,no_change,14.35,2026-09-16T11:13:35,-6.51466,15.3499999046326,215.81,2026-09-16 15:44:11,2026-09-16 11:45:06
NVDA,NVDA270617P00195000,NVDA,2027-06-17,P,195.0,16.0,863.0,16.25,178.0,0.3951,11110.0,15.0,-0.2934,0.0048,0.6402,-0.0463,-0.4853,16.1101,-1.25,16.75,16.75,16.0,down,16.0,2026-09-16T11:12:30,-7.24638,17.25,215.81,2026-09-16 15:44:11,2026-09-16 11:45:06
NVDA,NVDA270617P00200000,NVDA,2027-06-17,P,200.0,17.85,930.0,18.25,283.0,0.392,19206.0,1186.0,-0.3203,0.0051,0.6646,-0.048,-0.5225,18.1011,-1.175,18.65,18.65,18.2,no_change,18.2,2026-09-16T11:17:20,-6.06452,19.375,215.81,2026-09-16 15:44:11,2026-09-16 11:45:06
NVDA,NVDA270617P00205000,NVDA,2027-06-17,P,205.0,20.05,954.0,20.4,288.0,0.3912,9897.0,15.0,-0.3474,0.0053,0.685,-0.0494,-0.5602,20.2082,-1.2,20.9,20.9,20.4,down,20.4,2026-09-16T10:56:46,-5.55556,21.6000003814697,215.81,2026-09-16 15:44:11,2026-09-16 11:45:06
NVDA,NVDA270617P00210000,NVDA,2027-06-17,P,210.0,22.4,306.0,22.85,304.0,0.3892,12961.0,8.0,-0.3755,0.0055,0.7028,-0.0507,-0.5971,22.5033,-1.55,23.1,23.1,22.5,down,22.5,2026-09-16T11:12:41,-6.44491,24.0500001907349,215.81,2026-09-16 15:44:11,2026-09-16 11:45:06
NVDA,NVDA270617P00215000,NVDA,2027-06-17,P,215.0,24.8,909.0,25.35,732.0,0.3877,3369.0,6.0,-0.4038,0.0057,0.7168,-0.0517,-0.6354,24.9342,-1.625,25.35,25.5,24.9,up,24.95,2026-09-16T11:07:19,-6.11477,26.5750007629395,215.81,2026-09-16 15:44:11,2026-09-16 11:45:06
NVDA,NVDA270617P00220000,NVDA,2027-06-17,P,220.0,27.3,1095.0,27.7,191.0,0.3863,9629.0,8.0,-0.4324,0.0058,0.7266,-0.0525,-0.6685,27.511,-1.48,28.3,28.3,27.82,down,27.82,2026-09-16T10:55:06,-5.0512,29.3000001907349,215.81,2026-09-16 15:44:11,2026-09-16 11:45:06
NVDA,NVDA270617P00225000,NVDA,2027-06-17,P,225.0,30.05,700.0,30.45,263.0,0.3854,5055.0,427.0,-0.4611,0.0059,0.7325,-0.053,-0.6989,30.2416,-1.575,30.78,30.99,30.55,down,30.55,2026-09-16T10:17:54,-4.90272,32.125,215.81,2026-09-16 15:44:11,2026-09-16 11:45:06
NVDA,NVDA270617P00230000,NVDA,2027-06-17,P,230.0,32.95,323.0,33.3,126.0,0.3843,5599.0,428.0,-0.4898,0.006,0.7347,-0.0534,-0.7272,33.1165,-1.975,33.69,33.77,33.15,down,33.15,2026-09-16T11:05:52,-5.62278,35.125,215.81,2026-09-16 15:44:11,2026-09-16 11:45:06
NVDA,NVDA270617P00235000,NVDA,2027-06-17,P,235.0,36.0,177.0,36.55,105.0,0.3836,2863.0,12.0,-0.518,0.0061,0.7331,-0.0535,-0.754,36.1038,-1.18,37.07,37.07,37.07,down,37.07,2026-09-16T09:30:04,-3.08497,38.25,215.81,2026-09-16 15:44:11,2026-09-16 11:45:06
NVDA,NVDA270617P00240000,NVDA,2027-06-17,P,240.0,39.0,271.0,39.5,135.0,0.3819,5863.0,5.0,-0.5466,0.0062,0.7273,-0.0534,-0.7787,39.2899,-2.0,39.5,39.5,39.5,down,39.5,2026-09-16T11:00:22,-4.81928,41.5,215.81,2026-09-16 15:44:11,2026-09-16 11:45:06
NVDA,NVDA270617P00245000,NVDA,2027-06-17,P,245.0,42.35,322.0,42.7,1.0,0.381,1022.0,12.0,-0.5745,0.0062,0.7184,-0.0532,-0.7937,42.5808,-2.05,43.8,43.8,42.75,down,42.75,2026-09-16T11:01:07,-4.5759,44.8000011444092,215.81,2026-09-16 15:44:11,2026-09-16 11:45:06
NVDA,NVDA270617P00250000,NVDA,2027-06-17,P,250.0,45.7,149.0,46.35,133.0,0.3815,1761.0,10.0,-0.602,0.0062,0.7045,-0.0528,-0.8062,46.0006,-2.27,46.03,46.03,46.03,down,46.03,2026-09-16T11:01:07,-4.6998,48.3000011444092,215.81,2026-09-16 15:44:11,2026-09-16 11:45:06
NVDA,NVDA270617P00255000,NVDA,2027-06-17,P,255.0,49.1,91.0,50.4,110.0,0.3836,780.0,0.0,-0.6289,0.0062,0.6892,-0.0522,-0.8192,49.5495,0.0,0.0,0.0,0.0,no_change,52.04,2026-09-15T11:49:59,0.0,51.75,215.81,2026-09-16 15:44:11,2026-09-16 11:45:06
NVDA,NVDA270617P00260000,NVDA,2027-06-17,P,260.0,52.75,116.0,54.1,205.0,0.3778,2202.0,0.0,-0.6553,0.0062,0.6702,-0.0515,-0.8269,53.2174,0.0,0.0,0.0,0.0,no_change,56.5,2026-09-14T15:55:13,0.0,55.6499996185303,215.81,2026-09-16 15:44:11,2026-09-16 11:45:06
NVDA,NVDA270617P00265000,NVDA,2027-06-17,P,265.0,56.65,80.0,57.35,17.0,0.3801,526.0,0.0,-0.681,0.0062,0.646,-0.0507,-0.8184,56.9987,0.0,0.0,0.0,0.0,down,54.0,2026-09-11T10:11:58,0.0,59.4750003814697,215.81,2026-09-16 15:44:11,2026-09-16 11:45:06
NVDA,NVDA270617P00270000,NVDA,2027-06-17,P,270.0,60.05,192.0,61.45,80.0,0.3776,2096.0,0.0,-0.706,0.0061,0.6227,-0.0498,-0.8169,60.8934,0.0,0.0,0.0,0.0,up,66.44,2026-09-14T09:41:12,0.0,63.6749992370606,215.81,2026-09-16 15:44:11,2026-09-16 11:45:06
NVDA,NVDA270617P00275000,NVDA,2027-06-17,P,275.0,64.55,77.0,65.85,172.0,0.385,466.0,0.0,-0.7304,0.0061,0.5939,-0.0488,-0.8061,64.8936,0.0,0.0,0.0,0.0,no_change,64.3,2026-09-10T14:26:31,0.0,67.7749977111816,215.81,2026-09-16 15:44:11,2026-09-16 11:45:06
NVDA,NVDA270617P00280000,NVDA,2027-06-17,P,280.0,68.1,168.0,69.65,20.0,0.3778,2995.0,0.0,-0.7539,0.006,0.5647,-0.0478,-0.7873,68.9874,0.0,0.0,0.0,0.0,no_change,67.19,2026-09-11T12:32:54,0.0,71.8999977111816,215.81,2026-09-16 15:44:11,2026-09-16 11:45:06
NVDA,NVDA270617P00285000,NVDA,2027-06-17,P,285.0,72.5,99.0,74.3,173.0,0.3841,509.0,0.0,-0.7766,0.0059,0.5316,-0.0468,-0.767,73.1827,0.0,0.0,0.0,0.0,down,64.95,2026-09-08T10:06:52,0.0,76.6750030517578,215.81,2026-09-16 15:44:11,2026-09-16 11:45:06
NVDA,NVDA270617P00290000,NVDA,2027-06-17,P,290.0,76.8,100.0,78.05,21.0,0.3793,1171.0,0.0,-0.7985,0.0058,0.4964,-0.0456,-0.7307,77.466,0.0,0.0,0.0,0.0,down,74.5,2026-09-11T09:54:42,0.0,80.6500015258789,215.81,2026-09-16 15:44:11,2026-09-16 11:45:06
NVDA,NVDA270617P00295000,NVDA,2027-06-17,P,295.0,80.9,156.0,83.45,177.0,0.3879,293.0,0.0,-0.8201,0.0058,0.4659,-0.0446,-0.6982,81.8281,0.0,0.0,0.0,0.0,up,74.6,2026-09-09T09:38:01,0.0,84.9250030517578,215.81,2026-09-16 15:44:11,2026-09-16 11:45:06
NVDA,NVDA270617P00300000,NVDA,2027-06-17,P,300.0,85.65,96.0,86.8,17.0,0.3796,1579.0,0.0,-0.8404,0.0057,0.4238,-0.0432,-0.6533,86.2743,0.0,0.0,0.0,0.0,up,89.9,2026-09-14T12:05:20,0.0,89.7249984741211,215.81,2026-09-16 15:44:11,2026-09-16 11:45:06
NVDA,NVDA270617P00310000,NVDA,2027-06-17,P,310.0,94.9,93.0,96.45,167.0,0.3902,720.0,0.0,-0.8789,0.0055,0.3451,-0.04,-0.5414,95.3827,0.0,0.0,0.0,0.0,up,98.55,2026-09-14T14:50:30,0.0,98.375,215.81,2026-09-16 15:44:11,2026-09-16 11:45:06
NVDA,NVDA270617P00320000,NVDA,2027-06-17,P,320.0,103.6,126.0,105.95,165.0,0.3837,487.0,0.0,-0.9143,0.0052,0.2607,-0.0392,-0.4122,104.7552,0.0,0.0,0.0,0.0,no_change,96.55,2026-09-08T14:31:25,0.0,108.549999237061,215.81,2026-09-16 15:44:11,2026-09-16 11:45:06
NVDA,NVDA270617P00330000,NVDA,2027-06-17,P,330.0,113.2,167.0,115.25,158.0,0.3759,194.0,0.0,-0.9476,0.0052,0.1841,-0.038,-0.2875,114.3477,0.0,0.0,0.0,0.0,up,112.23,2026-09-10T12:14:33,0.0,118.225002288818,215.81,2026-09-16 15:44:11,2026-09-16 11:45:06
NVDA,NVDA270617P00340000,NVDA,2027-06-17,P,340.0,122.95,41.0,125.25,51.0,0.0,4.0,0.0,-0.9717,0.0043,0.1027,-0.0278,0.0,124.12,0.0,0.0,0.0,0.0,up,146.55,2026-07-30T13:10:42,0.0,127.974998474121,215.81,2026-09-16 15:44:11,2026-09-16 11:45:06
NVDA,NVDA270617P00350000,NVDA,2027-06-17,P,350.0,133.35,41.0,135.25,41.0,0.4209,0.0,0.0,-0.988,0.0018,0.0,-0.0278,0.0,134.12,0.0,0.0,0.0,0.0,no_change,126.9,2026-09-09T15:04:10,0.0,137.925003051758,215.81,2026-09-16 15:44:11,2026-09-16 11:45:06
NVDA,NVDA270617P00360000,NVDA,2027-06-17,P,360.0,143.15,41.0,145.25,50.0,0.4324,0.0,0.0,-0.9982,0.0003,0.0,-0.0278,0.0,144.12,0.0,0.0,0.0,0.0,no_change,152.85,2026-07-16T11:34:22,0.0,147.974998474121,215.81,2026-09-16 15:44:11,2026-09-16 11:45:06
NVDA,NVDA270617P00370000,NVDA,2027-06-17,P,370.0,152.95,48.0,155.3,54.0,0.4444,0.0,0.0,-1.0,0.0,0.0,-0.0278,0.0,154.12,0.0,0.0,0.0,0.0,up,162.24,2026-07-27T09:30:05,0.0,157.974998474121,215.81,2026-09-16 15:44:11,2026-09-16 11:45:06
NVDA,NVDA270617P00380000,NVDA,2027-06-17,P,380.0,163.1,42.0,164.7,49.0,0.0,0.0,0.0,-1.0,0.0,0.0,-0.0278,0.0,164.12,0.0,0.0,0.0,0.0,down,170.5,2026-07-24T14:14:06,0.0,167.974998474121,215.81,2026-09-16 15:44:11,2026-09-16 11:45:06
NVDA,NVDA270617P00390000,NVDA,2027-06-17,P,390.0,172.9,52.0,175.35,41.0,0.4789,0.0,0.0,-1.0,0.0,0.0,-0.0278,0.0,174.12,0.0,0.0,0.0,0.0,up,171.9,2026-05-21T15:07:52,0.0,177.974998474121,215.81,2026-09-16 15:44:11,2026-09-16 11:45:06
NVDA,NVDA270617P00400000,NVDA,2027-06-17,P,400.0,183.1,41.0,185.35,51.0,0.5036,0.0,0.0,-1.0,0.0,0.0,-0.0278,0.0,184.12,0.0,0.0,0.0,0.0,no_change,179.94,2026-08-31T10:42:56,0.0,187.950004577637,215.81,2026-09-16 15:44:11,2026-09-16 11:45:06
NVDA,NVDA270617P00410000,NVDA,2027-06-17,P,410.0,192.9,55.0,195.35,41.0,0.5115,0.0,0.0,-1.0,0.0,0.0,-0.0278,0.0,194.12,0.0,0.0,0.0,0.0,no_change,196.7,2026-05-07T10:22:38,0.0,198.050003051758,215.81,2026-09-16 15:44:11,2026-09-16 11:45:06
NVDA,NVDA270617P00420000,NVDA,2027-06-17,P,420.0,203.0,48.0,204.9,41.0,0.0,0.0,0.0,-1.0,0.0,0.0,-0.0278,0.0,204.12,0.0,0.0,0.0,0.0,down,210.0,2026-06-18T14:58:58,0.0,208.050003051758,215.81,2026-09-16 15:44:11,2026-09-16 11:45:06
NVDA,NVDA270617P00430000,NVDA,2027-06-17,P,430.0,212.5,30.0,215.6,30.0,0.0,0.0,0.0,-1.0,0.0,0.0,-0.0278,0.0,214.12,0.0,0.0,0.0,0.0,no_change,0.0,,0.0,218.050003051758,215.81,2026-09-16 15:44:11,2026-09-16 11:45:06
NVDA,NVDA270617P00440000,NVDA,2027-06-17,P,440.0,222.5,30.0,225.6,33.0,0.0,0.0,0.0,-1.0,0.0,0.0,-0.0278,0.0,224.12,0.0,0.0,0.0,0.0,up,222.0,2026-05-22T11:30:42,0.0,228.050003051758,215.81,2026-09-16 15:44:11,2026-09-16 11:45:06
NVDA,NVDA270617P00450000,NVDA,2027-06-17,P,450.0,232.5,32.0,235.6,33.0,0.0,0.0,0.0,-1.0,0.0,0.0,-0.0278,0.0,234.12,0.0,0.0,0.0,0.0,up,237.78,2026-08-25T15:14:38,0.0,238.050003051758,215.81,2026-09-16 15:44:11,2026-09-16 11:45:06
NVDA,NVDA270617P00455000,NVDA,2027-06-17,P,455.0,237.5,34.0,240.6,33.0,0.0,0.0,0.0,-1.0,0.0,0.0,-0.0278,0.0,239.12,0.0,0.0,0.0,0.0,no_change,0.0,,0.0,243.050003051758,215.81,2026-09-16 15:44:11,2026-09-16 11:45:06
NVDA,NVDA270617P00460000,NVDA,2027-06-17,P,460.0,242.5,34.0,245.6,33.0,0.0,0.0,0.0,-1.0,0.0,0.0,-0.0278,0.0,244.12,0.0,0.0,0.0,0.0,no_change,242.94,2026-08-31T09:39:17,0.0,247.975006103516,215.81,2026-09-16 15:44:11,2026-09-16 11:45:06
NVDA,NVDA270917C00005000,NVDA,2027-09-17,C,5.0,209.7,26.0,212.6,26.0,0.0,0.0,0.0,1.0,0.0,0.0008,0.0,0.0208,211.417,0.0,0.0,0.0,0.0,no_change,0.0,,0.0,207.224998474121,215.81,2026-09-16 15:44:11,2026-09-16 11:45:06
NVDA,NVDA270917C00010000,NVDA,2027-09-17,C,10.0,204.8,26.0,207.7,26.0,0.0,0.0,0.0,1.0,0.0,0.0031,0.0,0.0564,206.5258,0.0,0.0,0.0,0.0,no_change,0.0,,0.0,202.325004577637,215.81,2026-09-16 15:44:11,2026-09-16 11:45:06
NVDA,NVDA270917C00015000,NVDA,2027-09-17,C,15.0,199.9,26.0,202.9,26.0,0.0,0.0,0.0,1.0,0.0,0.0058,0.0,0.1052,201.6842,0.0,0.0,0.0,0.0,no_change,0.0,,0.0,197.5,215.81,2026-09-16 15:44:11,2026-09-16 11:45:06
NVDA,NVDA270917C00020000,NVDA,2027-09-17,C,20.0,195.2,26.0,198.15,26.0,0.0,2.0,0.0,1.0,0.0,0.0084,0.0,0.1677,196.8895,0.0,0.0,0.0,0.0,down,199.29,2026-09-11T15:41:55,0.0,192.75,215.81,2026-09-16 15:44:11,2026-09-16 11:45:06
NVDA,NVDA270917C00025000,NVDA,2027-09-17,C,25.0,190.4,26.0,193.4,26.0,0.0,0.0,0.0,1.0,0.0,0.0118,0.0,0.2326,192.1362,0.0,0.0,0.0,0.0,no_change,0.0,,0.0,188.025001525879,215.81,2026-09-16 15:44:11,2026-09-16 11:45:06
NVDA,NVDA270917C00030000,NVDA,2027-09-17,C,30.0,185.6,1.0,188.65,26.0,0.0,0.0,0.0,1.0,0.0,0.0143,0.0,0.2778,187.3912,0.0,0.0,0.0,0.0,no_change,0.0,,0.0,183.275001525879,215.81,2026-09-16 15:44:11,2026-09-16 11:45:06
NVDA,NVDA270917C00035000,NVDA,2027-09-17,C,35.0,180.95,26.0,183.95,26.0,0.0,0.0,0.0,1.0,0.0,0.017,0.0,0.3233,182.6483,0.0,0.0,0.0,0.0,no_change,0.0,,0.0,178.525001525879,215.81,2026-09-16 15:44:11,2026-09-16 11:45:06
NVDA,NVDA270917C00040000,NVDA,2027-09-17,C,40.0,176.1,1.0,179.2,26.0,0.5923,0.0,0.0,1.0,0.0001,0.0202,0.0,0.3686,177.9079,0.0,0.0,0.0,0.0,no_change,0.0,,0.0,173.799995422363,215.81,2026-09-16 15:44:11,2026-09-16 11:45:06
NVDA,NVDA270917C00045000,NVDA,2027-09-17,C,45.0,171.35,1.0,174.5,26.0,0.5303,0.0,0.0,0.9998,0.0001,0.0253,0.0,0.4131,173.172,0.0,0.0,0.0,0.0,no_change,0.0,,0.0,168.974998474121,215.81,2026-09-16 15:44:11,2026-09-16 11:45:06
NVDA,NVDA270917C00050000,NVDA,2027-09-17,C,50.0,166.65,1.0,169.75,26.0,0.5302,0.0,0.0,0.999,0.0001,0.0295,0.0,0.4578,168.4421,0.0,0.0,0.0,0.0,no_change,0.0,,0.0,164.275001525879,215.81,2026-09-16 15:44:11,2026-09-16 11:45:06
NVDA,NVDA270917C00055000,NVDA,2027-09-17,C,55.0,161.9,1.0,164.95,50.0,0.5178,272.0,0.0,0.998,0.0001,0.0339,0.0,0.5023,163.7174,0.0,0.0,0.0,0.0,up,173.74,2026-08-17T09:33:08,0.0,159.550003051758,215.81,2026-09-16 15:44:11,2026-09-16 11:45:06
NVDA,NVDA270917C00060000,NVDA,2027-09-17,C,60.0,157.3,26.0,160.25,48.0,0.5342,101.0,1.0,0.9969,0.0001,0.0417,0.0,0.5458,158.9994,3.25,158.0,158.0,158.0,up,158.0,2026-09-16T10:25:43,2.10016,154.75,215.81,2026-09-16 15:44:11,2026-09-16 11:45:06
NVDA,NVDA270917C00065000,NVDA,2027-09-17,C,65.0,152.75,30.0,155.65,30.0,0.5693,81.0,0.0,0.9956,0.0002,0.0483,0.0,0.5891,154.2924,0.0,0.0,0.0,0.0,up,160.0,2026-08-05T14:39:02,0.0,150.199996948242,215.81,2026-09-16 15:44:11,2026-09-16 11:45:06
NVDA,NVDA270917C00070000,NVDA,2027-09-17,C,70.0,148.05,48.0,150.65,72.0,0.5142,119.0,0.0,0.994,0.0002,0.0553,0.0,0.6321,149.5954,0.0,0.0,0.0,0.0,up,145.25,2026-08-25T14:03:24,0.0,145.5,215.81,2026-09-16 15:44:11,2026-09-16 11:45:06
NVDA,NVDA270917C00075000,NVDA,2027-09-17,C,75.0,143.55,46.0,145.95,52.0,0.5242,137.0,1.0,0.9922,0.0002,0.0665,0.0,0.6737,144.9102,1.475,142.5,142.5,142.5,up,142.5,2026-09-16T09:39:34,1.04591,141.025001525879,215.81,2026-09-16 15:44:11,2026-09-16 11:45:06
NVDA,NVDA270917C00080000,NVDA,2027-09-17,C,80.0,138.9,60.0,141.55,69.0,0.5336,130.0,0.0,0.9899,0.0003,0.0768,0.0,0.7148,140.2435,0.0,0.0,0.0,0.0,down,134.0,2026-09-14T10:42:15,0.0,136.224998474121,215.81,2026-09-16 15:44:11,2026-09-16 11:45:06
NVDA,NVDA270917C00085000,NVDA,2027-09-17,C,85.0,134.2,57.0,136.9,64.0,0.5161,179.0,0.0,0.9873,0.0004,0.0874,0.0,0.7554,135.5945,0.0,0.0,0.0,0.0,up,144.93,2026-08-14T12:48:35,0.0,131.724998474121,215.81,2026-09-16 15:44:11,2026-09-16 11:45:06
NVDA,NVDA270917C00090000,NVDA,2027-09-17,C,90.0,129.6,46.0,132.0,65.0,0.4901,221.0,0.0,0.9843,0.0004,0.104,0.0,0.7938,130.9674,0.0,0.0,0.0,0.0,down,133.0,2026-09-10T10:51:11,0.0,126.949996948242,215.81,2026-09-16 15:44:11,2026-09-16 11:45:06
NVDA,NVDA270917C00095000,NVDA,2027-09-17,C,95.0,125.25,101.0,127.35,112.0,0.4899,117.0,1.0,0.9806,0.0005,0.119,0.0,0.8313,126.3693,3.275,125.5,125.5,125.5,up,125.5,2026-09-16T10:45:12,2.67948,122.225002288818,215.81,2026-09-16 15:44:11,2026-09-16 11:45:06
NVDA,NVDA270917C00100000,NVDA,2027-09-17,C,100.0,121.3,8.0,122.65,129.0,0.5012,360.0,0.0,0.9764,0.0006,0.137,0.0,0.8683,121.7998,0.0,0.0,0.0,0.0,down,117.64,2026-09-15T14:10:31,0.0,117.950000762939,215.81,2026-09-16 15:44:11,2026-09-16 11:45:06
NVDA,NVDA270917C00105000,NVDA,2027-09-17,C,105.0,115.85,132.0,118.2,141.0,0.4586,176.0,0.0,0.9715,0.0007,0.158,0.0,0.9014,117.269,0.0,0.0,0.0,0.0,down,124.3,2026-09-09T15:16:08,0.0,113.174999237061,215.81,2026-09-16 15:44:11,2026-09-16 11:45:06
NVDA,NVDA270917C00110000,NVDA,2027-09-17,C,110.0,111.35,120.0,113.75,121.0,0.4527,558.0,9.0,0.9658,0.0008,0.1782,0.0,0.934,112.7799,3.575,112.5,112.5,112.5,up,112.5,2026-09-16T11:17:13,3.28207,108.925003051758,215.81,2026-09-16 15:44:11,2026-09-16 11:45:06
NVDA,NVDA270917C00115000,NVDA,2027-09-17,C,115.0,106.9,122.0,109.25,130.0,0.4447,445.0,0.0,0.9594,0.001,0.205,0.0,0.9639,108.3364,0.0,0.0,0.0,0.0,up,116.84,2026-09-09T10:35:32,0.0,104.299999237061,215.81,2026-09-16 15:44:11,2026-09-16 11:45:06
NVDA,NVDA270917C00120000,NVDA,2027-09-17,C,120.0,102.5,374.0,105.2,304.0,0.4465,507.0,0.0,0.952,0.0011,0.2308,-0.0013,0.9912,103.95,0.0,0.0,0.0,0.0,no_change,99.36,2026-09-14T11:22:49,0.0,100.050003051758,215.81,2026-09-16 15:44:11,2026-09-16 11:45:06
NVDA,NVDA270917C00125000,NVDA,2027-09-17,C,125.0,98.5,255.0,100.75,290.0,0.4445,419.0,15.0,0.9436,0.0012,0.2602,-0.0034,1.0178,99.6199,3.185,98.79,98.81,98.79,up,98.81,2026-09-16T10:39:21,3.33072,95.625,215.81,2026-09-16 15:44:11,2026-09-16 11:45:06
NVDA,NVDA270917C00130000,NVDA,2027-09-17,C,130.0,94.05,349.0,95.75,311.0,0.4217,604.0,25.0,0.9343,0.0014,0.2908,-0.0055,1.0385,95.3607,4.125,95.15,95.15,95.15,no_change,95.15,2026-09-16T10:57:30,4.53172,91.0249977111816,215.81,2026-09-16 15:44:11,2026-09-16 11:45:06
NVDA,NVDA270917C00135000,NVDA,2027-09-17,C,135.0,90.65,193.0,91.85,422.0,0.4353,749.0,5.0,0.9238,0.0016,0.3209,-0.0077,1.0583,91.1732,3.575,90.85,90.85,90.85,up,90.85,2026-09-16T11:10:48,4.09625,87.2749977111816,215.81,2026-09-16 15:44:11,2026-09-16 11:45:06
NVDA,NVDA270917C00140000,NVDA,2027-09-17,C,140.0,86.6,150.0,87.4,269.0,0.4261,1821.0,0.0,0.9124,0.0018,0.3572,-0.01,1.0746,87.0649,0.0,0.0,0.0,0.0,down,83.4,2026-09-15T15:18:43,0.0,83.2749977111816,215.81,2026-09-16 15:44:11,2026-09-16 11:45:06
NVDA,NVDA270917C00145000,NVDA,2027-09-17,C,145.0,81.85,332.0,83.7,294.0,0.4164,508.0,0.0,0.8998,0.002,0.3915,-0.0123,1.0872,83.0447,0.0,0.0,0.0,0.0,up,80.24,2026-09-14T11:36:44,0.0,79.5999984741211,215.81,2026-09-16 15:44:11,2026-09-16 11:45:06
NVDA,NVDA270917C00150000,NVDA,2027-09-17,C,150.0,78.65,216.0,79.4,312.0,0.4173,1917.0,13.0,0.8861,0.0022,0.4284,-0.0147,1.0981,79.1142,2.925,77.05,78.5,77.05,up,78.5,2026-09-16T10:18:42,3.87033,75.5750007629394,215.81,2026-09-16 15:44:11,2026-09-16 11:45:06
NVDA,NVDA270917C00155000,NVDA,2027-09-17,C,155.0,74.5,297.0,75.7,330.0,0.4116,580.0,1.0,0.8713,0.0024,0.4645,-0.017,1.104,75.285,2.445,74.17,74.17,74.17,up,74.17,2026-09-16T09:57:18,3.40886,71.7249984741211,215.81,2026-09-16 15:44:11,2026-09-16 11:45:06
NVDA,NVDA270917C00160000,NVDA,2027-09-17,C,160.0,70.7,437.0,71.75,336.0,0.4117,1456.0,42.0,0.8555,0.0026,0.5004,-0.0194,1.1077,71.5571,3.325,69.5,71.55,69.5,up,71.55,2026-09-16T11:27:15,4.87358,68.2250022888184,215.81,2026-09-16 15:44:11,2026-09-16 11:45:06
NVDA,NVDA270917C00165000,NVDA,2027-09-17,C,165.0,66.85,375.0,68.35,368.0,0.4029,461.0,3.0,0.8387,0.0028,0.5376,-0.0217,1.1082,67.939,2.475,66.25,67.15,66.25,down,67.0,2026-09-16T10:27:45,3.83572,64.5250015258789,215.81,2026-09-16 15:44:11,2026-09-16 11:45:06
NVDA,NVDA270917C00170000,NVDA,2027-09-17,C,170.0,63.55,359.0,65.25,372.0,0.4059,732.0,1.0,0.8209,0.003,0.5729,-0.0239,1.1044,64.4332,2.825,63.7,63.7,63.7,up,63.7,2026-09-16T10:17:35,4.64066,60.875,215.81,2026-09-16 15:44:11,2026-09-16 11:45:06
NVDA,NVDA270917C00175000,NVDA,2027-09-17,C,175.0,60.15,410.0,61.85,339.0,0.4032,801.0,3.0,0.8022,0.0032,0.6083,-0.0261,1.0999,61.043,2.25,60.05,60.5,60.05,up,60.5,2026-09-16T10:41:55,3.86266,58.25,215.81,2026-09-16 15:44:11,2026-09-16 11:45:06
NVDA,NVDA270917C00180000,NVDA,2027-09-17,C,180.0,57.35,355.0,58.15,396.0,0.4012,1127.0,5.0,0.7828,0.0034,0.6414,-0.0282,1.0902,57.7729,2.96,56.6,57.69,56.6,down,57.66,2026-09-16T11:16:58,5.41133,54.7000007629394,215.81,2026-09-16 15:44:11,2026-09-16 11:45:06
NVDA,NVDA270917C00185000,NVDA,2027-09-17,C,185.0,54.4,45.0,54.85,442.0,0.3992,863.0,3.0,0.7627,0.0036,0.6736,-0.0301,1.0804,54.6462,2.83,53.66,54.67,53.66,down,54.58,2026-09-16T11:23:56,5.4686,51.75,215.81,2026-09-16 15:44:11,2026-09-16 11:45:06
NVDA,NVDA270917C00190000,NVDA,2027-09-17,C,190.0,51.25,225.0,51.65,273.0,0.3959,1594.0,12.0,0.7419,0.0038,0.7032,-0.032,1.0654,51.6207,2.775,50.8,51.45,50.8,up,51.45,2026-09-16T11:16:27,5.70108,48.6749992370606,215.81,2026-09-16 15:44:11,2026-09-16 11:45:06
NVDA,NVDA270917C00195000,NVDA,2027-09-17,C,195.0,48.45,113.0,48.9,344.0,0.3956,1183.0,2.0,0.7204,0.004,0.7307,-0.0337,1.0478,48.6946,2.25,47.73,48.2,47.73,up,48.2,2026-09-16T10:29:45,4.89663,45.9500007629394,215.81,2026-09-16 15:44:11,2026-09-16 11:45:06
NVDA,NVDA270917C00200000,NVDA,2027-09-17,C,200.0,45.55,626.0,46.15,813.0,0.3951,3584.0,14.0,0.6987,0.0041,0.7563,-0.0352,1.0309,45.9163,2.65,44.52,46.1,44.15,down,45.9,2026-09-16T11:22:42,6.12717,43.25,215.81,2026-09-16 15:44:11,2026-09-16 11:45:06
NVDA,NVDA270917C00205000,NVDA,2027-09-17,C,205.0,43.05,281.0,43.5,761.0,0.393,2162.0,3.0,0.6766,0.0043,0.7788,-0.0367,1.0217,43.2618,1.875,41.75,42.8,41.75,down,42.6,2026-09-16T10:11:48,4.60405,40.7250003814697,215.81,2026-09-16 15:44:11,2026-09-16 11:45:06
NVDA,NVDA270917C00210000,NVDA,2027-09-17,C,210.0,40.5,618.0,40.95,852.0,0.3913,3296.0,23.0,0.6544,0.0044,0.7988,-0.0379,1.0093,40.751,2.625,39.55,40.9,39.2,up,40.9,2026-09-16T11:10:28,6.85826,38.2749996185303,215.81,2026-09-16 15:44:11,2026-09-16 11:45:06
NVDA,NVDA270917C00215000,NVDA,2027-09-17,C,215.0,38.1,478.0,38.55,910.0,0.3902,1968.0,44.0,0.632,0.0045,0.8161,-0.039,0.9841,38.3416,2.365,36.73,38.5,36.73,down,38.29,2026-09-16T11:13:55,6.58316,35.9249992370606,215.81,2026-09-16 15:44:11,2026-09-16 11:45:06
NVDA,NVDA270917C00220000,NVDA,2027-09-17,C,220.0,35.95,38.0,36.25,881.0,0.39,4707.0,32.0,0.6095,0.0046,0.8305,-0.04,0.9587,36.0507,2.225,34.76,36.0,34.76,no_change,36.0,2026-09-16T11:23:54,6.58771,33.7749996185303,215.81,2026-09-16 15:44:11,2026-09-16 11:45:06
NVDA,NVDA270917C00225000,NVDA,2027-09-17,C,225.0,33.7,444.0,34.1,878.0,0.3894,9676.0,2.0,0.5871,0.0047,0.8421,-0.0407,0.9318,33.875,1.73,33.5,33.5,33.43,down,33.43,2026-09-16T10:34:14,5.45741,31.6999998092651,215.81,2026-09-16 15:44:11,2026-09-16 11:45:06
NVDA,NVDA270917C00230000,NVDA,2027-09-17,C,230.0,31.7,260.0,32.05,912.0,0.3884,2893.0,5.0,0.5649,0.0047,0.851,-0.0414,0.9034,31.8134,2.275,30.77,32.0,30.77,up,32.0,2026-09-16T11:09:32,7.65349,29.7249994277954,215.81,2026-09-16 15:44:11,2026-09-16 11:45:06
NVDA,NVDA270917C00235000,NVDA,2027-09-17,C,235.0,29.7,727.0,30.05,703.0,0.3871,1720.0,12.0,0.5428,0.0048,0.8572,-0.0418,0.8753,29.8622,2.125,29.44,30.05,29.4,up,30.05,2026-09-16T11:16:50,7.60967,27.9250001907349,215.81,2026-09-16 15:44:11,2026-09-16 11:45:06
NVDA,NVDA270917C00240000,NVDA,2027-09-17,C,240.0,27.85,791.0,28.2,770.0,0.3864,3981.0,121.0,0.521,0.0048,0.8607,-0.0422,0.8467,28.0166,1.83,26.88,28.0,26.88,no_change,27.98,2026-09-16T11:19:09,6.99809,26.1500005722046,215.81,2026-09-16 15:44:11,2026-09-16 11:45:06
NVDA,NVDA270917C00245000,NVDA,2027-09-17,C,245.0,26.25,2.0,26.55,339.0,0.3872,1451.0,0.0,0.4996,0.0048,0.8616,-0.0424,0.8169,26.2747,0.0,0.0,0.0,0.0,no_change,24.8,2026-09-15T11:50:29,0.0,24.5,215.81,2026-09-16 15:44:11,2026-09-16 11:45:06
NVDA,NVDA270917C00250000,NVDA,2027-09-17,C,250.0,24.6,75.0,24.8,441.0,0.386,4859.0,125.0,0.4786,0.0048,0.8602,-0.0424,0.7877,24.6328,1.73,23.57,24.68,23.57,up,24.68,2026-09-16T11:24:33,7.53813,22.9499998092651,215.81,2026-09-16 15:44:11,2026-09-16 11:45:06
NVDA,NVDA270917C00255000,NVDA,2027-09-17,C,255.0,22.95,393.0,23.35,619.0,0.3856,1530.0,6.0,0.4581,0.0048,0.8568,-0.0423,0.759,23.0855,0.5,22.05,22.05,22.0,down,22.0,2026-09-16T09:30:53,2.32558,21.5,215.81,2026-09-16 15:44:11,2026-09-16 11:45:06
NVDA,NVDA270917C00260000,NVDA,2027-09-17,C,260.0,21.45,438.0,21.95,707.0,0.3853,3130.0,2.0,0.438,0.0048,0.851,-0.0421,0.7296,21.6293,1.625,20.75,21.7,20.75,up,21.7,2026-09-16T11:17:33,8.09464,20.0750007629395,215.81,2026-09-16 15:44:11,2026-09-16 11:45:06
NVDA,NVDA270917C00265000,NVDA,2027-09-17,C,265.0,20.1,402.0,20.45,610.0,0.3844,2150.0,0.0,0.4185,0.0047,0.8432,-0.0418,0.7005,20.2615,0.0,0.0,0.0,0.0,no_change,19.0,2026-09-15T11:50:03,0.0,18.8000001907349,215.81,2026-09-16 15:44:11,2026-09-16 11:45:06
NVDA,NVDA270917C00270000,NVDA,2027-09-17,C,270.0,18.85,432.0,19.2,655.0,0.3846,2811.0,0.0,0.3996,0.0047,0.834,-0.0415,0.6726,18.977,0.0,0.0,0.0,0.0,down,17.51,2026-09-15T14:03:50,0.0,17.5750007629395,215.81,2026-09-16 15:44:11,2026-09-16 11:45:06
NVDA,NVDA270917C00275000,NVDA,2027-09-17,C,275.0,17.7,353.0,18.05,803.0,0.3851,1820.0,3.0,0.3812,0.0046,0.8232,-0.041,0.645,17.771,1.28,17.75,17.78,17.75,up,17.78,2026-09-16T11:22:29,7.75758,16.5,215.81,2026-09-16 15:44:11,2026-09-16 11:45:06
NVDA,NVDA270917C00280000,NVDA,2027-09-17,C,280.0,16.45,778.0,16.85,674.0,0.3839,3175.0,46.0,0.3635,0.0045,0.8106,-0.0404,0.6173,16.6406,1.225,16.35,16.8,16.3,down,16.75,2026-09-16T11:10:55,7.8905,15.5250000953674,215.81,2026-09-16 15:44:11,2026-09-16 11:45:06
NVDA,NVDA270917C00285000,NVDA,2027-09-17,C,285.0,15.45,671.0,15.8,625.0,0.3842,1860.0,0.0,0.3464,0.0044,0.7969,-0.0398,0.5906,15.5824,0.0,0.0,0.0,0.0,down,14.4,2026-09-15T14:45:10,0.0,14.5250000953674,215.81,2026-09-16 15:44:11,2026-09-16 11:45:06
NVDA,NVDA270917C00290000,NVDA,2027-09-17,C,290.0,14.45,432.0,14.85,592.0,0.3845,2073.0,0.0,0.3299,0.0044,0.7824,-0.0391,0.5651,14.5916,0.0,0.0,0.0,0.0,down,13.5,2026-09-15T15:48:30,0.0,13.4750003814697,215.81,2026-09-16 15:44:11,2026-09-16 11:45:06
NVDA,NVDA270917C00295000,NVDA,2027-09-17,C,295.0,13.55,448.0,14.0,668.0,0.3852,1550.0,0.0,0.3141,0.0043,0.767,-0.0384,0.5402,13.6639,0.0,0.0,0.0,0.0,down,12.62,2026-09-15T15:33:25,0.0,12.6750001907349,215.81,2026-09-16 15:44:11,2026-09-16 11:45:06
NVDA,NVDA270917C00300000,NVDA,2027-09-17,C,300.0,12.7,588.0,13.0,709.0,0.3846,5760.0,137.0,0.2989,0.0042,0.7503,-0.0376,0.5155,12.7968,0.96,12.3,12.81,12.1,up,12.81,2026-09-16T11:16:58,8.10127,11.8499999046326,215.81,2026-09-16 15:44:11,2026-09-16 11:45:06
NVDA,NVDA270917C00310000,NVDA,2027-09-17,C,310.0,11.15,495.0,11.4,455.0,0.3849,2544.0,1.0,0.2704,0.004,0.7156,-0.036,0.4694,11.2306,0.875,11.25,11.25,11.25,up,11.25,2026-09-16T11:13:36,8.43373,10.375,215.81,2026-09-16 15:44:11,2026-09-16 11:45:06
NVDA,NVDA270917C00320000,NVDA,2027-09-17,C,320.0,9.75,670.0,10.0,278.0,0.385,2814.0,1.0,0.2444,0.0038,0.6796,-0.0342,0.4267,9.8639,0.7,9.8,9.8,9.8,up,9.8,2026-09-16T09:53:04,7.69231,9.09999990463257,215.81,2026-09-16 15:44:11,2026-09-16 11:45:06
NVDA,NVDA270917C00330000,NVDA,2027-09-17,C,330.0,8.6,472.0,9.0,673.0,0.3875,1735.0,2.0,0.2208,0.0036,0.6423,-0.0324,0.3871,8.6749,0.74,8.6,8.74,8.6,up,8.74,2026-09-16T11:07:52,9.25,8.00000023841858,215.81,2026-09-16 15:44:11,2026-09-16 11:45:06
NVDA,NVDA270917C00340000,NVDA,2027-09-17,C,340.0,7.6,434.0,7.85,721.0,0.3878,2547.0,5.0,0.1993,0.0033,0.6058,-0.0306,0.3515,7.6397,0.575,7.5,7.65,7.5,up,7.65,2026-09-16T11:00:26,8.12721,7.07499980926514,215.81,2026-09-16 15:44:11,2026-09-16 11:45:06
NVDA,NVDA270917C00350000,NVDA,2027-09-17,C,350.0,6.75,329.0,7.0,681.0,0.3898,1268.0,35.0,0.18,0.0031,0.569,-0.0288,0.3182,6.7397,0.55,6.64,6.8,6.64,up,6.8,2026-09-16T11:04:00,8.8,6.25,215.81,2026-09-16 15:44:11,2026-09-16 11:45:06
NVDA,NVDA270917C00360000,NVDA,2027-09-17,C,360.0,5.85,698.0,6.15,550.0,0.3893,634.0,0.0,0.1626,0.0029,0.5339,-0.0271,0.2888,5.9574,0.0,0.0,0.0,0.0,down,5.57,2026-09-15T13:33:51,0.0,5.52500009536743,215.81,2026-09-16 15:44:11,2026-09-16 11:45:06
NVDA,NVDA270917C00370000,NVDA,2027-09-17,C,370.0,5.15,737.0,5.45,626.0,0.3902,6609.0,3.0,0.147,0.0027,0.5,-0.0254,0.2618,5.2761,0.45,5.25,5.35,5.25,up,5.35,2026-09-16T11:08:11,9.18367,4.90000009536743,215.81,2026-09-16 15:44:11,2026-09-16 11:45:06
NVDA,NVDA270917C00380000,NVDA,2027-09-17,C,380.0,4.6,789.0,4.85,499.0,0.392,615.0,1.0,0.133,0.0025,0.4671,-0.0238,0.2372,4.6838,0.3,4.65,4.65,4.65,up,4.65,2026-09-16T10:13:50,6.89655,4.34999990463257,215.81,2026-09-16 15:44:11,2026-09-16 11:45:06
NVDA,NVDA270917C00390000,NVDA,2027-09-17,C,390.0,4.1,694.0,4.4,647.0,0.3945,874.0,0.0,0.1204,0.0024,0.4364,-0.0223,0.2155,4.1641,0.0,0.0,0.0,0.0,no_change,4.0,2026-09-14T15:18:46,0.0,3.89999997615814,215.81,2026-09-16 15:44:11,2026-09-16 11:45:06
NVDA,NVDA270917C00400000,NVDA,2027-09-17,C,400.0,3.4,444.0,3.95,465.0,0.393,1423.0,0.0,0.1092,0.0022,0.4075,-0.0209,0.1957,3.7137,0.0,0.0,0.0,0.0,up,3.54,2026-09-15T14:39:48,0.0,3.55000007152557,215.81,2026-09-16 15:44:11,2026-09-16 11:45:06
NVDA,NVDA270917C00410000,NVDA,2027-09-17,C,410.0,3.05,254.0,3.45,55.0,0.3937,180.0,0.0,0.0991,0.002,0.3799,-0.0195,0.1778,3.3206,0.0,0.0,0.0,0.0,down,4.25,2026-09-10T10:03:57,0.0,3.17499995231628,215.81,2026-09-16 15:44:11,2026-09-16 11:45:06
NVDA,NVDA270917C00420000,NVDA,2027-09-17,C,420.0,2.79,285.0,3.15,198.0,0.3971,853.0,0.0,0.0901,0.0019,0.3547,-0.0183,0.1622,2.9764,0.0,0.0,0.0,0.0,no_change,3.78,2026-09-10T15:54:11,0.0,2.7849999666214,215.81,2026-09-16 15:44:11,2026-09-16 11:45:06
NVDA,NVDA270917C00430000,NVDA,2027-09-17,C,430.0,2.55,802.0,2.78,213.0,0.3988,264.0,0.0,0.0821,0.0018,0.3312,-0.0171,0.1479,2.6742,0.0,0.0,0.0,0.0,down,2.5,2026-09-15T12:30:36,0.0,2.4449999332428,215.81,2026-09-16 15:44:11,2026-09-16 11:45:06
NVDA,NVDA270917C00440000,NVDA,2027-09-17,C,440.0,2.21,447.0,2.7,497.0,0.4023,315.0,0.0,0.0749,0.0016,0.3091,-0.016,0.135,2.4109,0.0,0.0,0.0,0.0,down,2.3,2026-09-14T10:58:34,0.0,2.18999993801117,215.81,2026-09-16 15:44:11,2026-09-16 11:45:06
NVDA,NVDA270917C00450000,NVDA,2027-09-17,C,450.0,1.95,843.0,2.29,325.0,0.4006,1592.0,1.0,0.0685,0.0015,0.2885,-0.015,0.1235,2.1772,0.04,2.2,2.2,2.2,up,2.2,2026-09-16T09:52:03,1.85185,2.1599999666214,215.81,2026-09-16 15:44:11,2026-09-16 11:45:06
NVDA,NVDA270917C00455000,NVDA,2027-09-17,C,455.0,2.04,343.0,2.34,962.0,0.4079,335.0,1.0,0.0655,0.0015,0.279,-0.0145,0.1183,2.0708,0.06,2.03,2.03,2.03,down,2.03,2026-09-16T09:40:30,3.04569,1.96999996900558,215.81,2026-09-16 15:44:11,2026-09-16 11:45:06
NVDA,NVDA270917C00460000,NVDA,2027-09-17,C,460.0,1.93,645.0,2.05,76.0,0.4052,1880.0,21.0,0.0627,0.0014,0.2698,-0.014,0.1133,1.9706,0.145,1.95,2.04,1.95,up,2.04,2026-09-16T10:02:01,7.65172,1.89499998092651,215.81,2026-09-16 15:44:11,2026-09-16 11:45:06
NVDA,NVDA270917P00005000,NVDA,2027-09-17,P,5.0,0.0,0.0,0.19,203.0,1.5689,10.0,0.0,-0.0004,0.0,0.003,-0.0006,-0.0013,0.0462,0.0,0.0,0.0,0.0,down,0.08,2026-09-15T11:28:20,0.0,0.0949999988079071,215.81,2026-09-16 15:44:11,2026-09-16 11:45:06
NVDA,NVDA270917P00010000,NVDA,2027-09-17,P,10.0,0.0,0.0,0.19,186.0,1.2489,0.0,0.0,-0.0007,0.0,0.0052,-0.0008,-0.0021,0.0659,0.0,0.0,0.0,0.0,no_change,0.0,,0.0,0.0949999988079071,215.81,2026-09-16 15:44:11,2026-09-16 11:45:06
NVDA,NVDA270917P00015000,NVDA,2027-09-17,P,15.0,0.01,7.0,0.21,190.0,1.0921,0.0,0.0,-0.001,0.0,0.0073,-0.001,-0.0029,0.0831,0.0,0.0,0.0,0.0,no_change,0.0,,0.0,0.109999996609986,215.81,2026-09-16 15:44:11,2026-09-16 11:45:06
NVDA,NVDA270917P00020000,NVDA,2027-09-17,P,20.0,0.01,46.0,0.23,201.0,0.9798,0.0,0.0,-0.0013,0.0,0.0096,-0.0012,-0.0038,0.1005,0.0,0.0,0.0,0.0,no_change,0.0,,0.0,0.034999999217689,215.81,2026-09-16 15:44:11,2026-09-16 11:45:06
NVDA,NVDA270917P00025000,NVDA,2027-09-17,P,25.0,0.01,51.0,0.25,213.0,0.8946,0.0,0.0,-0.0017,0.0,0.012,-0.0014,-0.0048,0.1191,0.0,0.0,0.0,0.0,no_change,0.0,,0.0,0.129999999888241,215.81,2026-09-16 15:44:11,2026-09-16 11:45:06
NVDA,NVDA270917P00030000,NVDA,2027-09-17,P,30.0,0.01,51.0,0.28,200.0,0.8296,0.0,0.0,-0.0022,0.0,0.0148,-0.0016,-0.0059,0.1404,0.0,0.0,0.0,0.0,no_change,0.0,,0.0,0.149999995715916,215.81,2026-09-16 15:44:11,2026-09-16 11:45:06
NVDA,NVDA270917P00035000,NVDA,2027-09-17,P,35.0,0.01,50.0,0.32,198.0,0.7776,0.0,0.0,-0.0027,0.0,0.018,-0.0018,-0.0072,0.1638,0.0,0.0,0.0,0.0,no_change,0.0,,0.0,0.164999996311963,215.81,2026-09-16 15:44:11,2026-09-16 11:45:06
NVDA,NVDA270917P00040000,NVDA,2027-09-17,P,40.0,0.01,225.0,0.25,30.0,0.7017,1.0,0.0,-0.0033,0.0001,0.0217,-0.002,-0.0087,0.1906,0.0,0.0,0.0,0.0,down,0.23,2026-09-10T11:17:26,0.0,0.129999999888241,215.81,2026-09-16 15:44:11,2026-09-16 11:45:06
NVDA,NVDA270917P00045000,NVDA,2027-09-17,P,45.0,0.01,211.0,0.3,45.0,0.6681,0.0,0.0,-0.004,0.0001,0.0257,-0.0023,-0.0105,0.2219,0.0,0.0,0.0,0.0,no_change,0.0,,0.0,0.155000005848706,215.81,2026-09-16 15:44:11,2026-09-16 11:45:06
NVDA,NVDA270917P00050000,NVDA,2027-09-17,P,50.0,0.05,226.0,0.35,36.0,0.6451,1.0,0.0,-0.0048,0.0001,0.0304,-0.0026,-0.0125,0.2582,0.0,0.0,0.0,0.0,up,0.19,2026-09-11T09:50:35,0.0,0.199999997392297,215.81,2026-09-16 15:44:11,2026-09-16 11:45:06
NVDA,NVDA270917P00055000,NVDA,2027-09-17,P,55.0,0.1,365.0,0.5,340.0,0.6383,2951.0,0.0,-0.0058,0.0001,0.0358,-0.003,-0.0148,0.3006,0.0,0.0,0.0,0.0,up,0.31,2026-09-15T15:31:03,0.0,0.310000002384186,215.81,2026-09-16 15:44:11,2026-09-16 11:45:06
NVDA,NVDA270917P00060000,NVDA,2027-09-17,P,60.0,0.2,385.0,0.58,365.0,0.6228,345.0,0.0,-0.0069,0.0001,0.0423,-0.0033,-0.0177,0.3507,0.0,0.0,0.0,0.0,no_change,0.42,2026-09-03T12:42:33,0.0,0.394999988377094,215.81,2026-09-16 15:44:11,2026-09-16 11:45:06
NVDA,NVDA270917P00065000,NVDA,2027-09-17,P,65.0,0.21,379.0,0.65,347.0,0.5951,244.0,0.0,-0.0082,0.0002,0.0493,-0.0038,-0.021,0.4103,0.0,0.0,0.0,0.0,up,0.55,2026-08-27T10:25:09,0.0,0.530000016093254,215.81,2026-09-16 15:44:11,2026-09-16 11:45:06
NVDA,NVDA270917P00070000,NVDA,2027-09-17,P,70.0,0.44,189.0,0.56,81.0,0.5743,596.0,0.0,-0.0098,0.0002,0.0574,-0.0042,-0.0249,0.4806,0.0,0.0,0.0,0.0,no_change,0.48,2026-09-14T12:42:47,0.0,0.560000002384186,215.81,2026-09-16 15:44:11,2026-09-16 11:45:06
NVDA,NVDA270917P00075000,NVDA,2027-09-17,P,75.0,0.52,198.0,0.61,27.0,0.5528,170.0,0.0,-0.0117,0.0003,0.0674,-0.0048,-0.0296,0.5643,0.0,0.0,0.0,0.0,down,0.64,2026-09-10T13:31:48,0.0,0.679999977350235,215.81,2026-09-16 15:44:11,2026-09-16 11:45:06
NVDA,NVDA270917P00080000,NVDA,2027-09-17,P,80.0,0.45,458.0,0.71,157.0,0.5247,349.0,1.0,-0.014,0.0003,0.0781,-0.0054,-0.035,0.6647,-0.09,0.68,0.68,0.68,down,0.68,2026-09-16T10:39:32,-11.6883,0.770000010728836,215.81,2026-09-16 15:44:11,2026-09-16 11:45:06
NVDA,NVDA270917P00085000,NVDA,2027-09-17,P,85.0,0.74,390.0,0.85,400.0,0.5228,391.0,2.0,-0.0166,0.0004,0.0904,-0.0061,-0.0414,0.784,-0.03,0.79,0.79,0.79,down,0.79,2026-09-16T10:43:47,-3.65854,0.820000022649765,215.81,2026-09-16 15:44:11,2026-09-16 11:45:06
NVDA,NVDA270917P00090000,NVDA,2027-09-17,P,90.0,0.89,344.0,1.03,429.0,0.5115,770.0,1.0,-0.0198,0.0004,0.1054,-0.0069,-0.0491,0.9262,-0.135,0.93,0.93,0.93,down,0.93,2026-09-16T10:52:52,-12.6761,1.06500002741814,215.81,2026-09-16 15:44:11,2026-09-16 11:45:06
NVDA,NVDA270917P00095000,NVDA,2027-09-17,P,95.0,0.86,507.0,1.37,478.0,0.4977,883.0,0.0,-0.0234,0.0005,0.1211,-0.0078,-0.0579,1.0963,0.0,0.0,0.0,0.0,down,1.02,2026-09-11T10:20:01,0.0,1.15000003576279,215.81,2026-09-16 15:44:11,2026-09-16 11:45:06
NVDA,NVDA270917P00100000,NVDA,2027-09-17,P,100.0,1.24,275.0,1.36,282.0,0.4854,2385.0,0.0,-0.0277,0.0006,0.1392,-0.0088,-0.068,1.2975,0.0,0.0,0.0,0.0,up,1.52,2026-09-15T09:42:21,0.0,1.2950000166893,215.81,2026-09-16 15:44:11,2026-09-16 11:45:06
NVDA,NVDA270917P00105000,NVDA,2027-09-17,P,105.0,1.48,221.0,1.62,713.0,0.4762,668.0,0.0,-0.0327,0.0007,0.1601,-0.0099,-0.0806,1.5363,0.0,0.0,0.0,0.0,down,1.52,2026-09-11T09:50:35,0.0,1.55000001192093,215.81,2026-09-16 15:44:11,2026-09-16 11:45:06
NVDA,NVDA270917P00110000,NVDA,2027-09-17,P,110.0,1.78,160.0,2.04,778.0,0.4716,1283.0,1.0,-0.0385,0.0008,0.1822,-0.0112,-0.0939,1.8178,-0.045,1.84,1.84,1.84,down,1.84,2026-09-16T11:14:41,-2.38727,1.8850000500679,215.81,2026-09-16 15:44:11,2026-09-16 11:45:06
NVDA,NVDA270917P00115000,NVDA,2027-09-17,P,115.0,2.09,148.0,2.32,756.0,0.4612,896.0,0.0,-0.0451,0.001,0.2078,-0.0125,-0.1103,2.1468,0.0,0.0,0.0,0.0,up,2.27,2026-09-14T13:40:28,0.0,2.19999992847443,215.81,2026-09-16 15:44:11,2026-09-16 11:45:06
NVDA,NVDA270917P00120000,NVDA,2027-09-17,P,120.0,2.48,254.0,2.62,832.0,0.4518,3328.0,0.0,-0.0527,0.0011,0.2344,-0.0139,-0.1278,2.5328,0.0,0.0,0.0,0.0,no_change,2.74,2026-09-15T13:26:28,0.0,2.62999999523163,215.81,2026-09-16 15:44:11,2026-09-16 11:45:06
NVDA,NVDA270917P00125000,NVDA,2027-09-17,P,125.0,2.93,267.0,3.1,739.0,0.4457,3838.0,0.0,-0.0613,0.0013,0.263,-0.0155,-0.1479,2.9817,0.0,0.0,0.0,0.0,up,3.15,2026-09-11T15:57:43,0.0,3.17499995231628,215.81,2026-09-16 15:44:11,2026-09-16 11:45:06
NVDA,NVDA270917P00130000,NVDA,2027-09-17,P,130.0,3.4,375.0,3.55,317.0,0.4375,4277.0,0.0,-0.071,0.0014,0.2956,-0.0171,-0.1716,3.5006,0.0,0.0,0.0,0.0,no_change,3.8,2026-09-15T13:05:03,0.0,3.75,215.81,2026-09-16 15:44:11,2026-09-16 11:45:06
NVDA,NVDA270917P00135000,NVDA,2027-09-17,P,135.0,3.85,454.0,4.2,446.0,0.4308,2474.0,0.0,-0.0817,0.0016,0.3276,-0.0188,-0.1957,4.0928,0.0,0.0,0.0,0.0,down,4.3,2026-09-15T10:28:31,0.0,4.375,215.81,2026-09-16 15:44:11,2026-09-16 11:45:06
NVDA,NVDA270917P00140000,NVDA,2027-09-17,P,140.0,4.7,415.0,4.85,1480.0,0.4282,5644.0,84.0,-0.0936,0.0018,0.363,-0.0206,-0.2244,4.7673,-0.25,4.85,4.85,4.8,down,4.8,2026-09-16T11:29:02,-4.95049,5.04999995231628,215.81,2026-09-16 15:44:11,2026-09-16 11:45:06
NVDA,NVDA270917P00145000,NVDA,2027-09-17,P,145.0,5.35,418.0,5.65,488.0,0.4227,4559.0,0.0,-0.1065,0.002,0.3984,-0.0225,-0.2532,5.5296,0.0,0.0,0.0,0.0,no_change,5.85,2026-09-15T10:32:53,0.0,5.90000009536743,215.81,2026-09-16 15:44:11,2026-09-16 11:45:06
NVDA,NVDA270917P00150000,NVDA,2027-09-17,P,150.0,6.3,592.0,6.5,557.0,0.4196,7700.0,0.0,-0.1208,0.0023,0.4341,-0.0244,-0.2855,6.3905,0.0,0.0,0.0,0.0,down,6.86,2026-09-15T11:38:46,0.0,6.84999990463257,215.81,2026-09-16 15:44:11,2026-09-16 11:45:06
NVDA,NVDA270917P00155000,NVDA,2027-09-17,P,155.0,7.3,920.0,7.55,798.0,0.4174,2347.0,2.0,-0.136,0.0025,0.4728,-0.0262,-0.3216,7.3472,-0.425,7.45,7.45,7.45,no_change,7.45,2026-09-16T10:56:00,-5.39683,7.875,215.81,2026-09-16 15:44:11,2026-09-16 11:45:06
NVDA,NVDA270917P00160000,NVDA,2027-09-17,P,160.0,8.35,1012.0,8.55,544.0,0.4132,4735.0,3.0,-0.1523,0.0027,0.5084,-0.0281,-0.3572,8.408,-0.55,8.45,8.45,8.45,down,8.45,2026-09-16T11:05:41,-6.11111,9.0,215.81,2026-09-16 15:44:11,2026-09-16 11:45:06
NVDA,NVDA270917P00165000,NVDA,2027-09-17,P,165.0,9.5,649.0,9.85,708.0,0.4107,1775.0,1.0,-0.17,0.0029,0.5459,-0.03,-0.3957,9.5951,-0.5,9.75,9.75,9.75,down,9.75,2026-09-16T10:05:31,-4.87805,10.25,215.81,2026-09-16 15:44:11,2026-09-16 11:45:06
NVDA,NVDA270917P00170000,NVDA,2027-09-17,P,170.0,10.8,694.0,11.05,480.0,0.4068,4276.0,35.0,-0.1888,0.0032,0.5826,-0.0319,-0.4377,10.9021,-0.575,11.03,11.05,11.03,up,11.05,2026-09-16T10:55:35,-4.94624,11.625,215.81,2026-09-16 15:44:11,2026-09-16 11:45:06
NVDA,NVDA270917P00175000,NVDA,2027-09-17,P,175.0,12.15,556.0,12.55,539.0,0.4045,3381.0,115.0,-0.2083,0.0034,0.6165,-0.0336,-0.4787,12.3171,-0.75,12.75,12.75,12.4,down,12.4,2026-09-16T11:20:18,-5.70342,13.1500000953674,215.81,2026-09-16 15:44:11,2026-09-16 11:45:06
NVDA,NVDA270917P00180000,NVDA,2027-09-17,P,180.0,13.8,562.0,14.05,471.0,0.4026,8523.0,19.0,-0.2288,0.0036,0.652,-0.0354,-0.5229,13.861,-0.875,14.3,14.3,13.9,no_change,13.9,2026-09-16T11:07:38,-5.92216,14.7749996185303,215.81,2026-09-16 15:44:11,2026-09-16 11:45:06
NVDA,NVDA270917P00185000,NVDA,2027-09-17,P,185.0,15.4,1202.0,15.75,653.0,0.4,3291.0,2.0,-0.2503,0.0038,0.6826,-0.037,-0.5661,15.5396,-0.945,15.69,15.69,15.58,down,15.58,2026-09-16T11:07:02,-5.71861,16.5250005722046,215.81,2026-09-16 15:44:11,2026-09-16 11:45:06
NVDA,NVDA270917P00190000,NVDA,2027-09-17,P,190.0,17.3,686.0,17.55,770.0,0.3986,6486.0,5.0,-0.2725,0.004,0.7115,-0.0385,-0.6096,17.3514,-0.845,17.57,17.61,17.57,no_change,17.58,2026-09-16T10:58:39,-4.58616,18.4250001907349,215.81,2026-09-16 15:44:11,2026-09-16 11:45:06
NVDA,NVDA270917P00195000,NVDA,2027-09-17,P,195.0,19.15,680.0,19.5,676.0,0.3965,2064.0,1.0,-0.2953,0.0042,0.74,-0.0399,-0.6568,19.2808,-1.03,19.47,19.47,19.47,down,19.47,2026-09-16T11:03:33,-5.02439,20.5,215.81,2026-09-16 15:44:11,2026-09-16 11:45:06
NVDA,NVDA270917P00200000,NVDA,2027-09-17,P,200.0,21.25,865.0,21.55,63.0,0.3948,6248.0,135.0,-0.3188,0.0044,0.7635,-0.0412,-0.7001,21.3636,-1.25,21.77,21.77,21.4,no_change,21.4,2026-09-16T11:07:17,-5.51876,22.6499996185303,215.81,2026-09-16 15:44:11,2026-09-16 11:45:06
NVDA,NVDA270917P00205000,NVDA,2027-09-17,P,205.0,23.5,923.0,24.0,895.0,0.3936,3804.0,1.0,-0.3427,0.0046,0.7844,-0.0424,-0.7418,23.5654,-1.32,23.63,23.63,23.63,down,23.63,2026-09-16T11:22:29,-5.29058,24.9499998092651,215.81,2026-09-16 15:44:11,2026-09-16 11:45:06
NVDA,NVDA270917P00210000,NVDA,2027-09-17,P,210.0,25.75,527.0,26.35,575.0,0.3917,2440.0,6.0,-0.3669,0.0048,0.8034,-0.0434,-0.7876,25.893,-1.205,26.38,26.38,26.17,down,26.17,2026-09-16T11:00:46,-4.40183,27.375,215.81,2026-09-16 15:44:11,2026-09-16 11:45:06
NVDA,NVDA270917P00215000,NVDA,2027-09-17,P,215.0,28.15,936.0,28.8,944.0,0.3904,2763.0,100.0,-0.3916,0.0049,0.8181,-0.0442,-0.8259,28.3753,-1.55,29.25,29.25,28.4,no_change,28.4,2026-09-16T11:25:51,-5.17529,29.9499998092651,215.81,2026-09-16 15:44:11,2026-09-16 11:45:06
NVDA,NVDA270917P00220000,NVDA,2027-09-17,P,220.0,30.8,681.0,31.25,549.0,0.3897,3607.0,2.0,-0.4163,0.005,0.8294,-0.0449,-0.8644,30.9723,-1.175,31.76,31.76,31.45,down,31.45,2026-09-16T10:33:42,-3.60153,32.625,215.81,2026-09-16 15:44:11,2026-09-16 11:45:06
NVDA,NVDA270917P00225000,NVDA,2027-09-17,P,225.0,33.5,971.0,34.0,225.0,0.389,4691.0,0.0,-0.4412,0.0052,0.8378,-0.0455,-0.9047,33.7019,0.0,0.0,0.0,0.0,down,35.34,2026-09-15T15:59:23,0.0,35.4500007629394,215.81,2026-09-16 15:44:11,2026-09-16 11:45:06
NVDA,NVDA270917P00230000,NVDA,2027-09-17,P,230.0,36.4,944.0,36.85,219.0,0.3886,2496.0,0.0,-0.466,0.0053,0.8427,-0.0459,-0.9353,36.5444,0.0,0.0,0.0,0.0,no_change,38.65,2026-09-15T12:58:10,0.0,38.4750003814697,215.81,2026-09-16 15:44:11,2026-09-16 11:45:06
NVDA,NVDA270917P00235000,NVDA,2027-09-17,P,235.0,39.3,967.0,39.85,213.0,0.3876,1114.0,0.0,-0.4908,0.0054,0.8436,-0.0462,-0.9626,39.5197,0.0,0.0,0.0,0.0,down,41.52,2026-09-14T14:14:15,0.0,41.5,215.81,2026-09-16 15:44:11,2026-09-16 11:45:06
NVDA,NVDA270917P00240000,NVDA,2027-09-17,P,240.0,42.35,822.0,43.15,244.0,0.3861,1223.0,0.0,-0.5156,0.0054,0.8413,-0.0464,-0.9977,42.617,0.0,0.0,0.0,0.0,up,45.31,2026-09-14T09:30:03,0.0,44.7250003814697,215.81,2026-09-16 15:44:11,2026-09-16 11:45:06
NVDA,NVDA270917P00245000,NVDA,2027-09-17,P,245.0,45.5,534.0,46.15,170.0,0.3856,800.0,0.0,-0.5401,0.0055,0.8358,-0.0464,-1.0177,45.8366,0.0,0.0,0.0,0.0,up,49.22,2026-09-14T10:54:40,0.0,48.0499992370606,215.81,2026-09-16 15:44:11,2026-09-16 11:45:06
NVDA,NVDA270917P00250000,NVDA,2027-09-17,P,250.0,48.85,861.0,49.45,126.0,0.3851,1645.0,0.0,-0.5644,0.0055,0.8276,-0.0463,-1.0317,49.1643,0.0,0.0,0.0,0.0,up,52.62,2026-09-14T10:54:40,0.0,51.4500007629394,215.81,2026-09-16 15:44:11,2026-09-16 11:45:06
NVDA,NVDA270917P00255000,NVDA,2027-09-17,P,255.0,52.25,260.0,53.6,133.0,0.3888,362.0,0.0,-0.5885,0.0056,0.8149,-0.0461,-1.0514,52.6027,0.0,0.0,0.0,0.0,up,56.03,2026-09-14T11:12:46,0.0,55.1749992370606,215.81,2026-09-16 15:44:11,2026-09-16 11:45:06
NVDA,NVDA270917P00260000,NVDA,2027-09-17,P,260.0,55.25,497.0,57.2,135.0,0.3854,230.0,0.0,-0.6121,0.0056,0.7987,-0.0458,-1.0582,56.1533,0.0,0.0,0.0,0.0,up,50.3,2026-09-03T10:06:47,0.0,58.7999992370606,215.81,2026-09-16 15:44:11,2026-09-16 11:45:06
NVDA,NVDA270917P00265000,NVDA,2027-09-17,P,265.0,59.25,222.0,60.8,125.0,0.387,134.0,0.0,-0.6354,0.0056,0.784,-0.0454,-1.0673,59.804,0.0,0.0,0.0,0.0,no_change,59.25,2026-09-10T09:36:26,0.0,62.1749992370606,215.81,2026-09-16 15:44:11,2026-09-16 11:45:06
NVDA,NVDA270917P00270000,NVDA,2027-09-17,P,270.0,62.95,408.0,64.3,78.0,0.3849,121.0,0.0,-0.6584,0.0056,0.7617,-0.045,-1.0628,63.5536,0.0,0.0,0.0,0.0,down,65.75,2026-09-15T10:07:01,0.0,66.2750015258789,215.81,2026-09-16 15:44:11,2026-09-16 11:45:06
NVDA,NVDA270917P00275000,NVDA,2027-09-17,P,275.0,66.75,228.0,67.9,26.0,0.3826,148.0,0.0,-0.6808,0.0056,0.7405,-0.0444,-1.0691,67.4172,0.0,0.0,0.0,0.0,up,62.37,2026-09-02T14:41:54,0.0,69.9500007629394,215.81,2026-09-16 15:44:11,2026-09-16 11:45:06
NVDA,NVDA270917P00280000,NVDA,2027-09-17,P,280.0,70.65,201.0,71.7,20.0,0.3814,600.0,0.0,-0.7029,0.0056,0.7106,-0.044,-1.049,71.3404,0.0,0.0,0.0,0.0,up,74.17,2026-09-15T11:23:05,0.0,74.0250015258789,215.81,2026-09-16 15:44:11,2026-09-16 11:45:06
NVDA,NVDA270917P00285000,NVDA,2027-09-17,P,285.0,74.5,197.0,76.0,70.0,0.3817,120.0,0.0,-0.7245,0.0056,0.6859,-0.0433,-1.0302,75.3856,0.0,0.0,0.0,0.0,down,64.64,2026-09-04T10:39:14,0.0,78.2249984741211,215.81,2026-09-16 15:44:11,2026-09-16 11:45:06
NVDA,NVDA270917P00290000,NVDA,2027-09-17,P,290.0,78.3,224.0,80.2,91.0,0.3799,205.0,0.0,-0.7456,0.0056,0.6536,-0.0426,-1.0104,79.4981,0.0,0.0,0.0,0.0,up,81.65,2026-09-15T09:52:17,0.0,82.4500007629394,215.81,2026-09-16 15:44:11,2026-09-16 11:45:06
NVDA,NVDA270917P00295000,NVDA,2027-09-17,P,295.0,83.05,167.0,84.45,91.0,0.3849,935.0,0.0,-0.7661,0.0056,0.6258,-0.0419,-0.9695,83.6856,0.0,0.0,0.0,0.0,up,82.9,2026-09-10T09:44:30,0.0,86.625,215.81,2026-09-16 15:44:11,2026-09-16 11:45:06
NVDA,NVDA270917P00300000,NVDA,2027-09-17,P,300.0,87.1,283.0,89.05,294.0,0.3858,845.0,10.0,-0.7862,0.0055,0.582,-0.0412,-0.9468,87.9644,-2.15,89.4,89.4,89.4,down,89.4,2026-09-16T09:30:00,-2.34844,91.5499992370606,215.81,2026-09-16 15:44:11,2026-09-16 11:45:06
NVDA,NVDA270917P00310000,NVDA,2027-09-17,P,310.0,95.95,164.0,98.45,162.0,0.3937,904.0,0.0,-0.825,0.0055,0.5105,-0.0396,-0.851,96.7215,0.0,0.0,0.0,0.0,down,99.54,2026-09-15T10:47:21,0.0,100.525001525879,215.81,2026-09-16 15:44:11,2026-09-16 11:45:06
NVDA,NVDA270917P00320000,NVDA,2027-09-17,P,320.0,104.85,180.0,106.15,7.0,0.3786,2744.0,0.0,-0.8614,0.0054,0.4249,-0.0375,-0.7364,105.7502,0.0,0.0,0.0,0.0,up,107.95,2026-09-15T09:51:23,0.0,109.0,215.81,2026-09-16 15:44:11,2026-09-16 11:45:06
NVDA,NVDA270917P00330000,NVDA,2027-09-17,P,330.0,114.25,176.0,115.8,114.0,0.3816,1302.0,0.0,-0.8959,0.0053,0.3452,-0.0356,-0.564,115.0179,0.0,0.0,0.0,0.0,up,118.56,2026-09-15T15:38:06,0.0,118.599998474121,215.81,2026-09-16 15:44:11,2026-09-16 11:45:06
NVDA,NVDA270917P00340000,NVDA,2027-09-17,P,340.0,123.7,83.0,126.0,83.0,0.399,2.0,0.0,-0.9304,0.0054,0.2608,-0.0353,-0.4583,124.5172,0.0,0.0,0.0,0.0,up,128.64,2026-09-15T15:47:21,0.0,128.650001525879,215.81,2026-09-16 15:44:11,2026-09-16 11:45:06
NVDA,NVDA270917P00350000,NVDA,2027-09-17,P,350.0,132.95,57.0,135.45,53.0,0.3878,3.0,0.0,-0.9571,0.0048,0.1671,-0.0356,-0.2939,134.1942,0.0,0.0,0.0,0.0,up,137.91,2026-09-15T15:32:01,0.0,138.474998474121,215.81,2026-09-16 15:44:11,2026-09-16 11:45:06
NVDA,NVDA270917P00360000,NVDA,2027-09-17,P,360.0,143.1,41.0,145.25,41.0,0.4032,0.0,0.0,-0.9764,0.0031,0.0093,-0.0319,0.0,144.1094,0.0,0.0,0.0,0.0,up,157.45,2026-06-23T09:50:34,0.0,147.925003051758,215.81,2026-09-16 15:44:11,2026-09-16 11:45:06
NVDA,NVDA270917P00370000,NVDA,2027-09-17,P,370.0,152.9,41.0,155.2,41.0,0.0,0.0,0.0,-0.9904,0.0012,0.0,-0.0319,0.0,154.1094,0.0,0.0,0.0,0.0,down,163.25,2026-06-05T12:31:42,0.0,158.050003051758,215.81,2026-09-16 15:44:11,2026-09-16 11:45:06
NVDA,NVDA270917P00380000,NVDA,2027-09-17,P,380.0,163.1,41.0,165.2,41.0,0.434,0.0,0.0,-0.999,0.0001,0.0,-0.0319,0.0,164.1094,0.0,0.0,0.0,0.0,down,153.2,2026-05-14T09:33:08,0.0,167.900001525879,215.81,2026-09-16 15:44:11,2026-09-16 11:45:06
NVDA,NVDA270917P00390000,NVDA,2027-09-17,P,390.0,172.85,41.0,175.2,61.0,0.0,0.0,0.0,-1.0,0.0,0.0,-0.0319,0.0,174.1094,0.0,0.0,0.0,0.0,up,187.25,2026-07-20T15:14:30,0.0,177.925003051758,215.81,2026-09-16 15:44:11,2026-09-16 11:45:06
NVDA,NVDA270917P00400000,NVDA,2027-09-17,P,400.0,183.0,41.0,185.2,41.0,0.0,0.0,0.0,-1.0,0.0,0.0,-0.0319,0.0,184.1094,0.0,0.0,0.0,0.0,down,178.0,2026-08-27T09:35:10,0.0,187.900001525879,215.81,2026-09-16 15:44:11,2026-09-16 11:45:06
NVDA,NVDA270917P00410000,NVDA,2027-09-17,P,410.0,193.0,51.0,195.2,46.0,0.0,0.0,0.0,-1.0,0.0,0.0,-0.0319,0.0,194.1094,0.0,0.0,0.0,0.0,up,191.37,2026-05-21T15:05:11,0.0,197.900001525879,215.81,2026-09-16 15:44:11,2026-09-16 11:45:06
NVDA,NVDA270917P00420000,NVDA,2027-09-17,P,420.0,202.85,41.0,205.2,48.0,0.0,0.0,0.0,-1.0,0.0,0.0,-0.0319,0.0,204.1094,0.0,0.0,0.0,0.0,no_change,0.0,,0.0,207.900001525879,215.81,2026-09-16 15:44:11,2026-09-16 11:45:06
NVDA,NVDA270917P00430000,NVDA,2027-09-17,P,430.0,212.85,55.0,215.2,48.0,0.0,0.0,0.0,-1.0,0.0,0.0,-0.0319,0.0,214.1094,0.0,0.0,0.0,0.0,no_change,0.0,,0.0,217.900001525879,215.81,2026-09-16 15:44:11,2026-09-16 11:45:06
NVDA,NVDA270917P00440000,NVDA,2027-09-17,P,440.0,222.85,51.0,225.2,41.0,0.0,0.0,0.0,-1.0,0.0,0.0,-0.0319,0.0,224.1094,0.0,0.0,0.0,0.0,no_change,0.0,,0.0,227.900001525879,215.81,2026-09-16 15:44:11,2026-09-16 11:45:06
NVDA,NVDA270917P00450000,NVDA,2027-09-17,P,450.0,232.85,41.0,235.2,56.0,0.0,0.0,0.0,-1.0,0.0,0.0,-0.0319,0.0,234.1094,0.0,0.0,0.0,0.0,no_change,0.0,,0.0,237.900001525879,215.81,2026-09-16 15:44:11,2026-09-16 11:45:06
NVDA,NVDA270917P00455000,NVDA,2027-09-17,P,455.0,237.85,41.0,240.4,56.0,0.5385,0.0,0.0,-1.0,0.0,0.0,-0.0319,0.0,239.1094,0.0,0.0,0.0,0.0,no_change,0.0,,0.0,242.900001525879,215.81,2026-09-16 15:44:11,2026-09-16 11:45:06
NVDA,NVDA270917P00460000,NVDA,2027-09-17,P,460.0,242.85,49.0,245.4,62.0,0.5449,0.0,0.0,-1.0,0.0,0.0,-0.0319,0.0,244.1094,0.0,0.0,0.0,0.0,down,228.35,2026-09-04T12:54:29,0.0,247.900001525879,215.81,2026-09-16 15:44:11,2026-09-16 11:45:06
NVDA,NVDA271217C00005000,NVDA,2027-12-17,C,5.0,207.1,23.0,215.05,23.0,0.0,15780.0,0.0,1.0,0.0,0.0009,0.0,0.0204,211.377,0.0,0.0,0.0,0.0,no_change,207.15,2026-09-15T14:49:25,0.0,207.25,215.81,2026-09-16 15:44:11,2026-09-16 11:45:06
NVDA,NVDA271217C00010000,NVDA,2027-12-17,C,10.0,201.05,4.0,211.0,2.0,0.0,323.0,0.0,1.0,0.0,0.0014,0.0,0.055,206.4744,0.0,0.0,0.0,0.0,down,214.39,2026-09-09T13:08:51,0.0,202.349998474121,215.81,2026-09-16 15:44:11,2026-09-16 11:45:06
NVDA,NVDA271217C00015000,NVDA,2027-12-17,C,15.0,199.7,1.0,203.2,1.0,0.0,439.0,0.0,1.0,0.0,0.0045,0.0,0.1053,201.6262,0.0,0.0,0.0,0.0,down,211.15,2026-09-08T15:44:04,0.0,197.549995422363,215.81,2026-09-16 15:44:11,2026-09-16 11:45:06
NVDA,NVDA271217C00020000,NVDA,2027-12-17,C,20.0,192.0,2.0,202.0,2.0,0.7942,977.0,0.0,1.0,0.0,0.0088,0.0,0.1762,196.8402,0.0,0.0,0.0,0.0,up,199.28,2026-09-10T11:09:15,0.0,192.875,215.81,2026-09-16 15:44:11,2026-09-16 11:45:06
NVDA,NVDA271217C00025000,NVDA,2027-12-17,C,25.0,190.3,1.0,193.8,1.0,0.8036,722.0,1.0,1.0,0.0,0.0129,0.0,0.2777,192.1232,4.205,192.38,192.38,192.38,down,192.38,2026-09-16T11:07:16,2.23462,188.175003051758,215.81,2026-09-16 15:44:11,2026-09-16 11:45:06
NVDA,NVDA271217C00030000,NVDA,2027-12-17,C,30.0,186.45,19.0,189.1,1.0,0.7728,712.0,0.0,1.0,0.0,0.0178,0.0,0.3399,187.4469,0.0,0.0,0.0,0.0,down,183.73,2026-09-15T12:24:38,0.0,183.525001525879,215.81,2026-09-16 15:44:11,2026-09-16 11:45:06
NVDA,NVDA271217C00035000,NVDA,2027-12-17,C,35.0,181.8,19.0,186.8,23.0,0.7396,1088.0,0.0,1.0,0.0,0.0223,0.0,0.3944,182.7787,0.0,0.0,0.0,0.0,down,186.72,2026-09-11T14:38:41,0.0,178.849998474121,215.81,2026-09-16 15:44:11,2026-09-16 11:45:06
NVDA,NVDA271217C00040000,NVDA,2027-12-17,C,40.0,177.1,20.0,182.15,23.0,0.6991,798.0,0.0,0.9999,0.0001,0.028,0.0,0.4487,178.1155,0.0,0.0,0.0,0.0,up,173.73,2026-09-14T15:53:51,0.0,174.224998474121,215.81,2026-09-16 15:44:11,2026-09-16 11:45:06
NVDA,NVDA271217C00045000,NVDA,2027-12-17,C,45.0,172.5,21.0,177.45,23.0,0.6624,601.0,0.0,0.9988,0.0001,0.0348,0.0,0.502,173.4604,0.0,0.0,0.0,0.0,down,186.74,2026-09-04T12:09:47,0.0,169.550003051758,215.81,2026-09-16 15:44:11,2026-09-16 11:45:06
NVDA,NVDA271217C00050000,NVDA,2027-12-17,C,50.0,167.85,22.0,170.3,1.0,0.6355,1178.0,0.0,0.9977,0.0001,0.0413,0.0,0.5552,168.8127,0.0,0.0,0.0,0.0,down,165.22,2026-09-14T13:24:51,0.0,164.875,215.81,2026-09-16 15:44:11,2026-09-16 11:45:06
NVDA,NVDA271217C00055000,NVDA,2027-12-17,C,55.0,163.15,22.0,168.15,23.0,0.6195,1418.0,0.0,0.9963,0.0001,0.0506,0.0,0.6078,164.1727,0.0,0.0,0.0,0.0,down,177.6,2026-09-03T14:31:19,0.0,160.275001525879,215.81,2026-09-16 15:44:11,2026-09-16 11:45:06
NVDA,NVDA271217C00060000,NVDA,2027-12-17,C,60.0,158.5,23.0,160.5,31.0,0.6054,1524.0,1.0,0.9948,0.0002,0.0591,0.0,0.6597,159.5434,2.8,158.4,158.4,158.4,down,158.4,2026-09-16T10:00:15,1.79948,155.600006103516,215.81,2026-09-16 15:44:11,2026-09-16 11:45:06
NVDA,NVDA271217C00065000,NVDA,2027-12-17,C,65.0,153.85,33.0,155.85,30.0,0.586,816.0,0.0,0.993,0.0002,0.0686,0.0,0.7111,154.9231,0.0,0.0,0.0,0.0,up,156.84,2026-08-10T12:40:42,0.0,151.050003051758,215.81,2026-09-16 15:44:11,2026-09-16 11:45:06
NVDA,NVDA271217C00070000,NVDA,2027-12-17,C,70.0,149.5,30.0,151.25,30.0,0.5635,4051.0,0.0,0.991,0.0002,0.081,0.0,0.7617,150.3148,0.0,0.0,0.0,0.0,down,146.52,2026-09-15T12:22:48,0.0,146.449996948242,215.81,2026-09-16 15:44:11,2026-09-16 11:45:06
NVDA,NVDA271217C00075000,NVDA,2027-12-17,C,75.0,144.6,32.0,146.7,30.0,0.5444,1708.0,0.0,0.9886,0.0003,0.0927,0.0,0.8113,145.7212,0.0,0.0,0.0,0.0,down,148.26,2026-08-19T10:03:21,0.0,141.875,215.81,2026-09-16 15:44:11,2026-09-16 11:45:06
NVDA,NVDA271217C00080000,NVDA,2027-12-17,C,80.0,140.3,30.0,142.1,145.0,0.5278,2109.0,0.0,0.986,0.0004,0.1068,0.0,0.86,141.1438,0.0,0.0,0.0,0.0,up,136.95,2026-09-14T11:53:12,0.0,137.275001525879,215.81,2026-09-16 15:44:11,2026-09-16 11:45:06
NVDA,NVDA271217C00085000,NVDA,2027-12-17,C,85.0,135.45,45.0,137.55,1.0,0.5128,995.0,0.0,0.9829,0.0004,0.1227,0.0,0.9073,136.5904,0.0,0.0,0.0,0.0,up,143.79,2026-09-09T15:16:49,0.0,132.849998474121,215.81,2026-09-16 15:44:11,2026-09-16 11:45:06
NVDA,NVDA271217C00090000,NVDA,2027-12-17,C,90.0,131.2,122.0,133.05,384.0,0.5112,3437.0,0.0,0.9793,0.0005,0.1392,0.0,0.9529,132.065,0.0,0.0,0.0,0.0,down,128.44,2026-09-14T12:57:33,0.0,128.300003051758,215.81,2026-09-16 15:44:11,2026-09-16 11:45:06
NVDA,NVDA271217C00095000,NVDA,2027-12-17,C,95.0,126.9,79.0,128.6,208.0,0.4927,4292.0,0.0,0.9752,0.0006,0.1598,0.0,0.9976,127.5732,0.0,0.0,0.0,0.0,down,123.7,2026-09-14T15:38:17,0.0,123.849998474121,215.81,2026-09-16 15:44:11,2026-09-16 11:45:06
NVDA,NVDA271217C00100000,NVDA,2027-12-17,C,100.0,122.5,87.0,124.15,99.0,0.469,15817.0,10.0,0.9704,0.0007,0.1813,0.0,1.0386,123.124,3.265,122.69,122.69,122.69,up,122.69,2026-09-16T10:51:03,2.73393,119.424999237061,215.81,2026-09-16 15:44:11,2026-09-16 11:45:06
NVDA,NVDA271217C00105000,NVDA,2027-12-17,C,105.0,118.05,105.0,119.65,60.0,0.468,7389.0,0.0,0.9648,0.0008,0.2057,0.0,1.0799,118.7214,0.0,0.0,0.0,0.0,no_change,115.08,2026-09-15T15:46:11,0.0,115.125,215.81,2026-09-16 15:44:11,2026-09-16 11:45:06
NVDA,NVDA271217C00110000,NVDA,2027-12-17,C,110.0,113.75,61.0,115.45,123.0,0.4649,9622.0,0.0,0.9584,0.0009,0.2322,0.0,1.1219,114.3739,0.0,0.0,0.0,0.0,down,110.9,2026-09-14T11:13:25,0.0,110.799999237061,215.81,2026-09-16 15:44:11,2026-09-16 11:45:06
NVDA,NVDA271217C00115000,NVDA,2027-12-17,C,115.0,109.45,194.0,110.65,155.0,0.4459,3667.0,0.0,0.9512,0.001,0.2611,0.0,1.1934,110.0912,0.0,0.0,0.0,0.0,up,127.0,2026-09-04T09:34:53,0.0,106.474998474121,215.81,2026-09-16 15:44:11,2026-09-16 11:45:06
NVDA,NVDA271217C00120000,NVDA,2027-12-17,C,120.0,105.35,179.0,106.8,134.0,0.4484,7949.0,0.0,0.9432,0.0011,0.2918,-0.0018,1.2249,105.8793,0.0,0.0,0.0,0.0,up,102.49,2026-09-14T13:12:50,0.0,102.275001525879,215.81,2026-09-16 15:44:11,2026-09-16 11:45:06
NVDA,NVDA271217C00125000,NVDA,2027-12-17,C,125.0,101.35,181.0,102.4,139.0,0.4407,3971.0,0.0,0.9342,0.0013,0.3248,-0.0036,1.2525,101.7386,0.0,0.0,0.0,0.0,up,105.82,2026-09-11T11:36:08,0.0,98.0999984741211,215.81,2026-09-16 15:44:11,2026-09-16 11:45:06
NVDA,NVDA271217C00130000,NVDA,2027-12-17,C,130.0,97.45,186.0,98.05,277.0,0.434,7408.0,1.0,0.9243,0.0014,0.359,-0.0056,1.277,97.6747,1.8,95.9,95.9,95.9,up,95.9,2026-09-16T09:30:00,1.91286,94.0999984741211,215.81,2026-09-16 15:44:11,2026-09-16 11:45:06
NVDA,NVDA271217C00135000,NVDA,2027-12-17,C,135.0,93.45,36.0,94.05,126.0,0.4292,4216.0,0.0,0.9135,0.0016,0.3947,-0.0076,1.298,93.6914,0.0,0.0,0.0,0.0,up,90.25,2026-09-14T15:43:50,0.0,90.125,215.81,2026-09-16 15:44:11,2026-09-16 11:45:06
NVDA,NVDA271217C00140000,NVDA,2027-12-17,C,140.0,89.55,61.0,90.15,142.0,0.4253,5066.0,0.0,0.9018,0.0018,0.4316,-0.0096,1.315,89.7943,0.0,0.0,0.0,0.0,down,86.5,2026-09-15T14:28:03,0.0,86.3000030517578,215.81,2026-09-16 15:44:11,2026-09-16 11:45:06
NVDA,NVDA271217C00145000,NVDA,2027-12-17,C,145.0,85.75,70.0,86.35,185.0,0.422,4977.0,0.0,0.8892,0.0019,0.4687,-0.0116,1.329,85.9873,0.0,0.0,0.0,0.0,up,83.79,2026-09-15T09:48:19,0.0,82.5500030517578,215.81,2026-09-16 15:44:11,2026-09-16 11:45:06
NVDA,NVDA271217C00150000,NVDA,2027-12-17,C,150.0,82.0,213.0,82.6,251.0,0.4181,13299.0,2.0,0.8757,0.0021,0.5067,-0.0136,1.3391,82.2734,2.83,81.09,81.63,81.09,up,81.63,2026-09-16T10:26:28,3.59137,78.7999992370606,215.81,2026-09-16 15:44:11,2026-09-16 11:45:06
NVDA,NVDA271217C00155000,NVDA,2027-12-17,C,155.0,78.4,145.0,79.0,192.0,0.4156,9106.0,0.0,0.8614,0.0023,0.5445,-0.0156,1.3455,78.6574,0.0,0.0,0.0,0.0,down,75.38,2026-09-14T15:50:22,0.0,75.3499984741211,215.81,2026-09-16 15:44:11,2026-09-16 11:45:06
NVDA,NVDA271217C00160000,NVDA,2027-12-17,C,160.0,74.9,167.0,75.5,411.0,0.4132,4336.0,1.0,0.8463,0.0024,0.5817,-0.0176,1.3492,75.1412,2.6,74.5,74.5,74.5,up,74.5,2026-09-16T10:02:40,3.61613,71.9000015258789,215.81,2026-09-16 15:44:11,2026-09-16 11:45:06
NVDA,NVDA271217C00165000,NVDA,2027-12-17,C,165.0,71.5,187.0,72.05,214.0,0.4107,1847.0,1.0,0.8305,0.0026,0.6188,-0.0195,1.3489,71.7272,1.4,69.95,69.95,69.95,up,69.95,2026-09-16T09:39:07,2.04231,68.5499992370606,215.81,2026-09-16 15:44:11,2026-09-16 11:45:06
NVDA,NVDA271217C00170000,NVDA,2027-12-17,C,170.0,68.2,207.0,68.75,216.0,0.4086,4399.0,1.0,0.814,0.0028,0.6547,-0.0213,1.3455,68.419,2.675,68.0,68.0,68.0,up,68.0,2026-09-16T10:09:02,4.09491,65.3250007629394,215.81,2026-09-16 15:44:11,2026-09-16 11:45:06
NVDA,NVDA271217C00175000,NVDA,2027-12-17,C,175.0,64.95,176.0,65.55,219.0,0.4063,5691.0,0.0,0.7969,0.0029,0.6891,-0.0231,1.3398,65.2166,0.0,0.0,0.0,0.0,down,62.22,2026-09-15T15:55:37,0.0,62.1750011444092,215.81,2026-09-16 15:44:11,2026-09-16 11:45:06
NVDA,NVDA271217C00180000,NVDA,2027-12-17,C,180.0,61.9,240.0,62.45,341.0,0.4047,7236.0,7.0,0.7792,0.0031,0.7226,-0.0248,1.3302,62.1216,3.0,60.83,62.5,60.5,down,62.2,2026-09-16T11:13:29,5.06757,59.2000007629394,215.81,2026-09-16 15:44:11,2026-09-16 11:45:06
NVDA,NVDA271217C00185000,NVDA,2027-12-17,C,185.0,58.9,245.0,59.45,236.0,0.4028,4880.0,1.0,0.7611,0.0032,0.7542,-0.0265,1.3182,59.1361,2.43,58.68,58.68,58.68,up,58.68,2026-09-16T10:47:21,4.32,56.25,215.81,2026-09-16 15:44:11,2026-09-16 11:45:06
NVDA,NVDA271217C00190000,NVDA,2027-12-17,C,190.0,56.0,282.0,56.6,336.0,0.4013,6755.0,16.0,0.7425,0.0034,0.7836,-0.028,1.3045,56.2587,2.905,55.75,56.38,55.75,no_change,56.38,2026-09-16T11:06:46,5.43244,53.4750003814697,215.81,2026-09-16 15:44:11,2026-09-16 11:45:06
NVDA,NVDA271217C00195000,NVDA,2027-12-17,C,195.0,53.25,253.0,53.8,345.0,0.3998,4594.0,2.0,0.7236,0.0035,0.8114,-0.0294,1.2874,53.4896,1.225,51.93,51.93,51.9,down,51.9,2026-09-16T09:45:25,2.41736,50.6750011444092,215.81,2026-09-16 15:44:11,2026-09-16 11:45:06
NVDA,NVDA271217C00200000,NVDA,2027-12-17,C,200.0,50.6,327.0,51.1,401.0,0.3983,37316.0,64.0,0.7044,0.0036,0.8369,-0.0307,1.2682,50.8299,2.8,49.13,51.0,49.13,up,51.0,2026-09-16T11:07:52,5.80913,48.1999988555908,215.81,2026-09-16 15:44:11,2026-09-16 11:45:06
NVDA,NVDA271217C00205000,NVDA,2027-12-17,C,205.0,48.0,229.0,48.9,402.0,0.3988,888.0,2.0,0.685,0.0037,0.8599,-0.032,1.2481,48.2772,2.125,46.7,47.85,46.7,up,47.85,2026-09-16T10:55:36,4.64735,45.7250003814697,215.81,2026-09-16 15:44:11,2026-09-16 11:45:06
NVDA,NVDA271217C00210000,NVDA,2027-12-17,C,210.0,45.75,220.0,46.1,670.0,0.3968,23287.0,17.0,0.6654,0.0038,0.8807,-0.033,1.2256,45.8299,2.13,44.39,45.5,44.39,down,45.48,2026-09-16T10:51:04,4.91349,43.3500003814697,215.81,2026-09-16 15:44:11,2026-09-16 11:45:06
NVDA,NVDA271217C00215000,NVDA,2027-12-17,C,215.0,43.3,212.0,43.85,781.0,0.3962,6189.0,3.0,0.6458,0.0039,0.8992,-0.034,1.201,43.4882,2.56,42.71,43.66,42.65,up,43.66,2026-09-16T11:10:28,6.22871,41.1000003814697,215.81,2026-09-16 15:44:11,2026-09-16 11:45:06
NVDA,NVDA271217C00220000,NVDA,2027-12-17,C,220.0,41.05,342.0,41.55,422.0,0.3944,9931.0,3.0,0.6262,0.004,0.9151,-0.0349,1.176,41.2496,1.75,40.75,40.75,40.75,no_change,40.75,2026-09-16T10:53:02,4.48718,39.0,215.81,2026-09-16 15:44:11,2026-09-16 11:45:06
NVDA,NVDA271217C00225000,NVDA,2027-12-17,C,225.0,38.9,722.0,39.35,728.0,0.3931,4617.0,6.0,0.6066,0.0041,0.9286,-0.0356,1.15,39.1107,2.315,38.69,39.18,38.65,down,39.14,2026-09-16T11:24:30,6.28649,36.8250007629394,215.81,2026-09-16 15:44:11,2026-09-16 11:45:06
NVDA,NVDA271217C00230000,NVDA,2027-12-17,C,230.0,37.0,41.0,37.2,200.0,0.3934,17775.0,29.0,0.5871,0.0041,0.9397,-0.0363,1.1221,37.0704,2.17,36.15,37.08,36.1,down,37.07,2026-09-16T11:24:30,6.21777,34.8999996185303,215.81,2026-09-16 15:44:11,2026-09-16 11:45:06
NVDA,NVDA271217C00235000,NVDA,2027-12-17,C,235.0,35.0,309.0,35.45,903.0,0.3926,913.0,94.0,0.5678,0.0042,0.9484,-0.0368,1.0936,35.1269,2.11,34.7,35.16,34.7,up,35.16,2026-09-16T11:14:23,6.38427,33.0499992370606,215.81,2026-09-16 15:44:11,2026-09-16 11:45:06
NVDA,NVDA271217C00240000,NVDA,2027-12-17,C,240.0,33.1,447.0,33.6,950.0,0.3917,9220.0,1.0,0.5486,0.0042,0.9549,-0.0372,1.0654,33.2762,1.62,32.87,32.87,32.87,up,32.87,2026-09-16T10:25:49,5.184,31.25,215.81,2026-09-16 15:44:11,2026-09-16 11:45:06
NVDA,NVDA271217C00245000,NVDA,2027-12-17,C,245.0,31.3,803.0,31.75,702.0,0.3905,452.0,0.0,0.5298,0.0042,0.9591,-0.0375,1.0364,31.515,0.0,0.0,0.0,0.0,up,29.59,2026-09-15T15:04:48,0.0,29.625,215.81,2026-09-16 15:44:11,2026-09-16 11:45:06
NVDA,NVDA271217C00250000,NVDA,2027-12-17,C,250.0,29.7,637.0,30.05,716.0,0.3903,8923.0,1.0,0.5112,0.0043,0.9611,-0.0377,1.0062,29.8417,2.125,30.1,30.1,30.1,up,30.1,2026-09-16T11:13:12,7.59607,27.9750003814697,215.81,2026-09-16 15:44:11,2026-09-16 11:45:06
NVDA,NVDA271217C00255000,NVDA,2027-12-17,C,255.0,28.1,256.0,28.5,531.0,0.3898,1563.0,14.0,0.4931,0.0043,0.9613,-0.0378,0.9768,28.2584,1.825,27.5,28.3,27.5,up,28.3,2026-09-16T11:13:16,6.8933,26.4749994277954,215.81,2026-09-16 15:44:11,2026-09-16 11:45:06
NVDA,NVDA271217C00260000,NVDA,2027-12-17,C,260.0,26.75,1.0,26.95,505.0,0.3903,5884.0,3.0,0.4751,0.0042,0.9594,-0.0379,0.9473,26.7459,1.745,26.5,26.77,26.5,up,26.77,2026-09-16T11:29:10,6.97303,25.0249996185303,215.81,2026-09-16 15:44:11,2026-09-16 11:45:06
NVDA,NVDA271217C00265000,NVDA,2027-12-17,C,265.0,25.15,381.0,25.55,403.0,0.3892,1421.0,0.0,0.4576,0.0042,0.9558,-0.0379,0.9178,25.3158,0.0,0.0,0.0,0.0,no_change,23.8,2026-09-15T12:44:59,0.0,23.6499996185303,215.81,2026-09-16 15:44:11,2026-09-16 11:45:06
NVDA,NVDA271217C00270000,NVDA,2027-12-17,C,270.0,23.8,369.0,24.2,655.0,0.389,9306.0,1.0,0.4405,0.0042,0.9503,-0.0378,0.8877,23.9611,1.315,23.69,23.69,23.69,up,23.69,2026-09-16T10:51:26,5.87709,22.375,215.81,2026-09-16 15:44:11,2026-09-16 11:45:06
NVDA,NVDA271217C00275000,NVDA,2027-12-17,C,275.0,22.5,528.0,22.85,533.0,0.3884,1379.0,1.0,0.4239,0.0042,0.9434,-0.0376,0.8583,22.679,0.3,21.5,21.5,21.5,up,21.5,2026-09-16T09:30:00,1.4151,21.1999998092651,215.81,2026-09-16 15:44:11,2026-09-16 11:45:06
NVDA,NVDA271217C00280000,NVDA,2027-12-17,C,280.0,21.3,502.0,21.65,540.0,0.3884,7199.0,0.0,0.4076,0.0042,0.9353,-0.0373,0.83,21.4651,0.0,0.0,0.0,0.0,up,19.99,2026-09-15T15:53:48,0.0,20.0,215.81,2026-09-16 15:44:11,2026-09-16 11:45:06
NVDA,NVDA271217C00285000,NVDA,2027-12-17,C,285.0,20.15,404.0,20.5,630.0,0.3883,2429.0,1.0,0.3919,0.0041,0.9258,-0.037,0.8019,20.3162,1.05,20.0,20.0,20.0,up,20.0,2026-09-16T10:28:17,5.5409,18.9499998092651,215.81,2026-09-16 15:44:11,2026-09-16 11:45:06
NVDA,NVDA271217C00290000,NVDA,2027-12-17,C,290.0,19.05,360.0,19.3,161.0,0.3883,5516.0,5.0,0.3766,0.0041,0.9149,-0.0366,0.7736,19.2299,0.825,18.75,18.75,18.75,up,18.75,2026-09-16T09:56:54,4.60251,17.9250001907349,215.81,2026-09-16 15:44:11,2026-09-16 11:45:06
NVDA,NVDA271217C00295000,NVDA,2027-12-17,C,295.0,18.0,436.0,18.45,626.0,0.3883,2015.0,1.0,0.3618,0.004,0.9029,-0.0362,0.7458,18.204,0.6,17.5,17.5,17.5,up,17.5,2026-09-16T09:30:00,3.5503,16.8999996185303,215.81,2026-09-16 15:44:11,2026-09-16 11:45:06
NVDA,NVDA271217C00300000,NVDA,2027-12-17,C,300.0,17.05,601.0,17.4,600.0,0.388,14023.0,384.0,0.3475,0.004,0.8902,-0.0358,0.7193,17.2349,1.18,16.6,17.28,16.3,up,17.28,2026-09-16T11:27:59,7.3292,16.0999994277954,215.81,2026-09-16 15:44:11,2026-09-16 11:45:06
NVDA,NVDA271217C00310000,NVDA,2027-12-17,C,310.0,15.25,415.0,15.55,278.0,0.3876,3423.0,389.0,0.3203,0.0038,0.8626,-0.0348,0.6682,15.4541,0.78,14.65,15.13,14.65,up,15.13,2026-09-16T10:34:35,5.43554,14.3499999046326,215.81,2026-09-16 15:44:11,2026-09-16 11:45:06
NVDA,NVDA271217C00320000,NVDA,2027-12-17,C,320.0,13.7,600.0,14.0,563.0,0.388,4949.0,0.0,0.295,0.0037,0.8322,-0.0336,0.6191,13.8656,0.0,0.0,0.0,0.0,down,12.82,2026-09-15T15:58:46,0.0,12.875,215.81,2026-09-16 15:44:11,2026-09-16 11:45:06
NVDA,NVDA271217C00330000,NVDA,2027-12-17,C,330.0,12.35,334.0,12.6,589.0,0.3889,4414.0,0.0,0.2715,0.0035,0.8004,-0.0324,0.5738,12.4528,0.0,0.0,0.0,0.0,up,11.8,2026-09-15T10:52:06,0.0,11.5749998092651,215.81,2026-09-16 15:44:11,2026-09-16 11:45:06
NVDA,NVDA271217C00340000,NVDA,2027-12-17,C,340.0,11.1,347.0,11.35,600.0,0.3896,4867.0,0.0,0.2498,0.0034,0.7672,-0.0311,0.5304,11.1953,0.0,0.0,0.0,0.0,up,10.62,2026-09-15T12:27:11,0.0,10.4000000953674,215.81,2026-09-16 15:44:11,2026-09-16 11:45:06
NVDA,NVDA271217C00350000,NVDA,2027-12-17,C,350.0,9.95,548.0,10.2,470.0,0.3898,9795.0,36.0,0.2298,0.0032,0.7331,-0.0298,0.49,10.0783,0.7,9.92,10.07,9.92,down,10.05,2026-09-16T11:20:25,7.48663,9.34999990463257,215.81,2026-09-16 15:44:11,2026-09-16 11:45:06
NVDA,NVDA271217C00360000,NVDA,2027-12-17,C,360.0,9.0,424.0,9.25,663.0,0.3912,9943.0,4.0,0.2114,0.0031,0.6998,-0.0285,0.4534,9.0844,0.8,8.7,9.25,8.7,up,9.25,2026-09-16T11:02:12,9.46745,8.4500002861023,215.81,2026-09-16 15:44:11,2026-09-16 11:45:06
NVDA,NVDA271217C00380000,NVDA,2027-12-17,C,380.0,7.3,873.0,7.55,375.0,0.3928,1566.0,3.0,0.1793,0.0028,0.6331,-0.0259,0.3865,7.4227,0.585,7.46,7.46,7.46,up,7.46,2026-09-16T11:28:55,8.50909,6.875,215.81,2026-09-16 15:44:11,2026-09-16 11:45:06
NVDA,NVDA271217C00390000,NVDA,2027-12-17,C,390.0,6.65,415.0,6.85,95.0,0.394,4507.0,0.0,0.1651,0.0026,0.6017,-0.0247,0.3577,6.7158,0.0,0.0,0.0,0.0,up,6.35,2026-09-14T15:31:45,0.0,6.25,215.81,2026-09-16 15:44:11,2026-09-16 11:45:06
NVDA,NVDA271217C00400000,NVDA,2027-12-17,C,400.0,6.05,361.0,6.25,535.0,0.3956,3226.0,2.0,0.1522,0.0025,0.5709,-0.0234,0.3305,6.0929,0.4,6.1,6.1,6.05,down,6.05,2026-09-16T11:27:17,7.07964,5.65000009536743,215.81,2026-09-16 15:44:11,2026-09-16 11:45:06
NVDA,NVDA271217C00410000,NVDA,2027-12-17,C,410.0,5.45,627.0,5.7,594.0,0.3964,862.0,0.0,0.1405,0.0023,0.5409,-0.0223,0.3055,5.5386,0.0,0.0,0.0,0.0,up,5.4,2026-09-15T09:59:39,0.0,5.125,215.81,2026-09-16 15:44:11,2026-09-16 11:45:06
NVDA,NVDA271217C00420000,NVDA,2027-12-17,C,420.0,5.0,391.0,5.15,90.0,0.3975,4528.0,2.0,0.1299,0.0022,0.5132,-0.0212,0.2834,5.0486,0.35,5.05,5.05,5.05,no_change,5.05,2026-09-16T11:21:22,7.44681,4.70000004768372,215.81,2026-09-16 15:44:11,2026-09-16 11:45:06
NVDA,NVDA271217C00430000,NVDA,2027-12-17,C,430.0,4.4,729.0,4.7,210.0,0.3972,596.0,0.0,0.12,0.0021,0.4862,-0.0201,0.2625,4.6028,0.0,0.0,0.0,0.0,down,4.38,2026-09-15T11:59:08,0.0,4.34999990463257,215.81,2026-09-16 15:44:11,2026-09-16 11:45:06
NVDA,NVDA271217C00440000,NVDA,2027-12-17,C,440.0,4.05,136.0,4.3,40.0,0.399,470.0,0.0,0.1111,0.002,0.4604,-0.0191,0.2432,4.2084,0.0,0.0,0.0,0.0,no_change,5.7,2026-09-09T13:28:10,0.0,3.89999997615814,215.81,2026-09-16 15:44:11,2026-09-16 11:45:06
NVDA,NVDA271217C00450000,NVDA,2027-12-17,C,450.0,3.7,163.0,4.0,68.0,0.401,450.0,0.0,0.103,0.0018,0.4359,-0.0181,0.2258,3.8561,0.0,0.0,0.0,0.0,down,3.6,2026-09-14T15:59:24,0.0,3.57500004768372,215.81,2026-09-16 15:44:11,2026-09-16 11:45:06
NVDA,NVDA271217C00455000,NVDA,2027-12-17,C,455.0,3.55,200.0,3.8,86.0,0.4014,518.0,0.0,0.0994,0.0018,0.4248,-0.0177,0.218,3.7015,0.0,0.0,0.0,0.0,no_change,3.47,2026-09-14T11:08:02,0.0,3.39999997615814,215.81,2026-09-16 15:44:11,2026-09-16 11:45:06
NVDA,NVDA271217C00460000,NVDA,2027-12-17,C,460.0,3.45,350.0,3.65,300.0,0.4031,4767.0,0.0,0.0958,0.0017,0.4136,-0.0173,0.2103,3.5498,0.0,0.0,0.0,0.0,up,3.36,2026-09-15T11:54:55,0.0,3.30000007152557,215.81,2026-09-16 15:44:11,2026-09-16 11:45:06
NVDA,NVDA271217P00005000,NVDA,2027-12-17,P,5.0,0.01,500.0,0.02,77.0,1.1604,30608.0,0.0,-0.0002,0.0,0.0022,-0.0003,-0.0009,0.025,0.0,0.0,0.0,0.0,no_change,0.01,2026-09-15T09:30:04,0.0,0.00499999988824129,215.81,2026-09-16 15:44:11,2026-09-16 11:45:06
NVDA,NVDA271217P00010000,NVDA,2027-12-17,P,10.0,0.02,470.0,0.04,16.0,0.9934,1174.0,0.0,-0.0005,0.0,0.0044,-0.0005,-0.0019,0.0449,0.0,0.0,0.0,0.0,down,0.02,2026-09-04T09:30:04,0.0,0.0299999993294477,215.81,2026-09-16 15:44:11,2026-09-16 11:45:06
NVDA,NVDA271217P00015000,NVDA,2027-12-17,P,15.0,0.03,50.0,0.09,86.0,0.9181,24066.0,0.0,-0.0008,0.0,0.007,-0.0007,-0.0031,0.068,0.0,0.0,0.0,0.0,down,0.04,2026-09-15T15:28:53,0.0,0.0449999989941716,215.81,2026-09-16 15:44:11,2026-09-16 11:45:06
NVDA,NVDA271217P00020000,NVDA,2027-12-17,P,20.0,0.01,71.0,0.12,68.0,0.8234,2802.0,0.0,-0.0013,0.0,0.0102,-0.0009,-0.0045,0.0949,0.0,0.0,0.0,0.0,up,0.06,2026-09-15T10:29:15,0.0,0.0649999985471368,215.81,2026-09-16 15:44:11,2026-09-16 11:45:06
NVDA,NVDA271217P00025000,NVDA,2027-12-17,P,25.0,0.05,80.0,0.2,232.0,0.8013,1317.0,0.0,-0.0018,0.0,0.014,-0.0012,-0.0062,0.1266,0.0,0.0,0.0,0.0,no_change,0.1,2026-09-14T11:23:20,0.0,0.125000001862645,215.81,2026-09-16 15:44:11,2026-09-16 11:45:06
NVDA,NVDA271217P00030000,NVDA,2027-12-17,P,30.0,0.1,67.0,0.25,220.0,0.7639,977.0,0.0,-0.0024,0.0,0.0183,-0.0014,-0.0083,0.1632,0.0,0.0,0.0,0.0,down,0.16,2026-08-31T14:43:23,0.0,0.200000002980232,215.81,2026-09-16 15:44:11,2026-09-16 11:45:06
NVDA,NVDA271217P00035000,NVDA,2027-12-17,P,35.0,0.1,39.0,0.3,36.0,0.717,2228.0,0.0,-0.0032,0.0001,0.0234,-0.0017,-0.0108,0.2059,0.0,0.0,0.0,0.0,down,0.21,2026-08-31T12:30:23,0.0,0.205000005662441,215.81,2026-09-16 15:44:11,2026-09-16 11:45:06
NVDA,NVDA271217P00040000,NVDA,2027-12-17,P,40.0,0.25,16.0,0.29,27.0,0.6923,4728.0,0.0,-0.004,0.0001,0.0291,-0.0021,-0.0136,0.255,0.0,0.0,0.0,0.0,down,0.26,2026-09-11T15:57:12,0.0,0.280000001192093,215.81,2026-09-16 15:44:11,2026-09-16 11:45:06
NVDA,NVDA271217P00045000,NVDA,2027-12-17,P,45.0,0.26,37.0,0.37,36.0,0.6594,5057.0,0.0,-0.005,0.0001,0.0356,-0.0024,-0.0169,0.3107,0.0,0.0,0.0,0.0,down,0.31,2026-09-11T09:30:00,0.0,0.310000002384186,215.81,2026-09-16 15:44:11,2026-09-16 11:45:06
NVDA,NVDA271217P00050000,NVDA,2027-12-17,P,50.0,0.38,1.0,0.42,25.0,0.6385,10152.0,0.0,-0.0062,0.0001,0.0432,-0.0028,-0.0207,0.375,0.0,0.0,0.0,0.0,down,0.4,2026-09-14T09:47:12,0.0,0.409999996423721,215.81,2026-09-16 15:44:11,2026-09-16 11:45:06
NVDA,NVDA271217P00055000,NVDA,2027-12-17,P,55.0,0.4,62.0,0.51,51.0,0.6108,4171.0,0.0,-0.0076,0.0001,0.0512,-0.0032,-0.025,0.4466,0.0,0.0,0.0,0.0,up,0.49,2026-09-04T11:19:56,0.0,0.454999998211861,215.81,2026-09-16 15:44:11,2026-09-16 11:45:06
NVDA,NVDA271217P00060000,NVDA,2027-12-17,P,60.0,0.47,155.0,0.59,66.0,0.5881,17949.0,0.0,-0.0092,0.0002,0.0605,-0.0037,-0.0299,0.5283,0.0,0.0,0.0,0.0,no_change,0.56,2026-09-14T15:53:31,0.0,0.555000007152557,215.81,2026-09-16 15:44:11,2026-09-16 11:45:06
NVDA,NVDA271217P00065000,NVDA,2027-12-17,P,65.0,0.5,254.0,0.73,195.0,0.5675,1141.0,0.0,-0.011,0.0002,0.0708,-0.0042,-0.0356,0.6206,0.0,0.0,0.0,0.0,no_change,0.65,2026-09-10T14:36:01,0.0,0.640000015497208,215.81,2026-09-16 15:44:11,2026-09-16 11:45:06
NVDA,NVDA271217P00070000,NVDA,2027-12-17,P,70.0,0.66,27.0,0.78,24.0,0.5496,7963.0,0.0,-0.013,0.0002,0.0818,-0.0047,-0.0418,0.7234,0.0,0.0,0.0,0.0,up,0.79,2026-09-08T13:32:58,0.0,0.724999994039536,215.81,2026-09-16 15:44:11,2026-09-16 11:45:06
NVDA,NVDA271217P00075000,NVDA,2027-12-17,P,75.0,0.78,50.0,0.89,57.0,0.5326,10972.0,0.0,-0.0154,0.0003,0.0946,-0.0052,-0.0491,0.8422,0.0,0.0,0.0,0.0,down,0.86,2026-09-15T15:28:22,0.0,0.844999998807907,215.81,2026-09-16 15:44:11,2026-09-16 11:45:06
NVDA,NVDA271217P00080000,NVDA,2027-12-17,P,80.0,0.9,233.0,0.97,3.0,0.5139,9011.0,5.0,-0.0181,0.0004,0.1087,-0.0058,-0.0574,0.978,-0.025,0.98,0.98,0.96,no_change,0.96,2026-09-16T11:05:54,-2.53807,0.984999984502792,215.81,2026-09-16 15:44:11,2026-09-16 11:45:06
NVDA,NVDA271217P00085000,NVDA,2027-12-17,P,85.0,1.07,306.0,1.19,278.0,0.5035,9536.0,0.0,-0.0212,0.0004,0.1241,-0.0065,-0.0669,1.1371,0.0,0.0,0.0,0.0,up,1.17,2026-09-15T10:14:34,0.0,1.15500003099442,215.81,2026-09-16 15:44:11,2026-09-16 11:45:06
NVDA,NVDA271217P00090000,NVDA,2027-12-17,P,90.0,1.27,387.0,1.38,739.0,0.4916,25586.0,0.0,-0.0248,0.0005,0.142,-0.0073,-0.0782,1.3247,0.0,0.0,0.0,0.0,down,1.34,2026-09-15T10:03:14,0.0,1.3850000500679,215.81,2026-09-16 15:44:11,2026-09-16 11:45:06
NVDA,NVDA271217P00095000,NVDA,2027-12-17,P,95.0,1.5,116.0,1.62,520.0,0.481,4432.0,1.0,-0.0291,0.0006,0.162,-0.0081,-0.0909,1.5474,-0.065,1.55,1.55,1.55,down,1.55,2026-09-16T11:19:26,-4.02477,1.61500000953674,215.81,2026-09-16 15:44:11,2026-09-16 11:45:06
NVDA,NVDA271217P00100000,NVDA,2027-12-17,P,100.0,1.75,563.0,1.85,389.0,0.4701,23734.0,1.0,-0.034,0.0007,0.1835,-0.0091,-0.1056,1.8112,-0.045,1.83,1.83,1.83,down,1.83,2026-09-16T10:41:55,-2.4,1.875,215.81,2026-09-16 15:44:11,2026-09-16 11:45:06
NVDA,NVDA271217P00105000,NVDA,2027-12-17,P,105.0,2.07,329.0,2.16,42.0,0.4615,2903.0,0.0,-0.0397,0.0008,0.2084,-0.0101,-0.1232,2.1262,0.0,0.0,0.0,0.0,down,2.18,2026-09-15T14:57:19,0.0,2.17999994754791,215.81,2026-09-16 15:44:11,2026-09-16 11:45:06
NVDA,NVDA271217P00110000,NVDA,2027-12-17,P,110.0,2.45,407.0,2.52,147.0,0.454,12263.0,52.0,-0.0462,0.0009,0.2357,-0.0113,-0.1431,2.4941,-0.125,2.58,2.58,2.48,down,2.49,2026-09-16T11:23:41,-4.78012,2.61500000953674,215.81,2026-09-16 15:44:11,2026-09-16 11:45:06
NVDA,NVDA271217P00115000,NVDA,2027-12-17,P,115.0,2.89,116.0,3.05,621.0,0.4494,6364.0,14.0,-0.0536,0.001,0.265,-0.0125,-0.1646,2.9217,-0.11,2.95,3.0,2.9,up,2.99,2026-09-16T11:23:41,-3.54839,3.10000002384186,215.81,2026-09-16 15:44:11,2026-09-16 11:45:06
NVDA,NVDA271217P00120000,NVDA,2027-12-17,P,120.0,3.35,589.0,3.55,526.0,0.4429,18054.0,0.0,-0.0619,0.0012,0.296,-0.0138,-0.1897,3.4186,0.0,0.0,0.0,0.0,down,3.6,2026-09-15T14:54:32,0.0,3.60000002384186,215.81,2026-09-16 15:44:11,2026-09-16 11:45:06
NVDA,NVDA271217P00125000,NVDA,2027-12-17,P,125.0,3.9,410.0,4.1,440.0,0.4371,9486.0,0.0,-0.0711,0.0013,0.3296,-0.0152,-0.2174,3.9926,0.0,0.0,0.0,0.0,down,4.25,2026-09-15T15:56:46,0.0,4.25,215.81,2026-09-16 15:44:11,2026-09-16 11:45:06
NVDA,NVDA271217P00130000,NVDA,2027-12-17,P,130.0,4.55,449.0,4.7,85.0,0.4317,5311.0,0.0,-0.0813,0.0015,0.3651,-0.0167,-0.2484,4.6357,0.0,0.0,0.0,0.0,down,5.04,2026-09-14T11:08:30,0.0,4.95000004768372,215.81,2026-09-16 15:44:11,2026-09-16 11:45:06
NVDA,NVDA271217P00135000,NVDA,2027-12-17,P,135.0,5.3,451.0,5.5,399.0,0.4287,4402.0,0.0,-0.0925,0.0016,0.4016,-0.0183,-0.2809,5.3724,0.0,0.0,0.0,0.0,no_change,5.67,2026-09-15T14:37:07,0.0,5.67499995231628,215.81,2026-09-16 15:44:11,2026-09-16 11:45:06
NVDA,NVDA271217P00140000,NVDA,2027-12-17,P,140.0,6.1,874.0,6.3,693.0,0.4238,16140.0,0.0,-0.1046,0.0018,0.4381,-0.0198,-0.316,6.1894,0.0,0.0,0.0,0.0,down,6.57,2026-09-15T15:43:01,0.0,6.54999995231628,215.81,2026-09-16 15:44:11,2026-09-16 11:45:06
NVDA,NVDA271217P00145000,NVDA,2027-12-17,P,145.0,7.05,597.0,7.3,988.0,0.4221,1845.0,0.0,-0.1179,0.002,0.4765,-0.0214,-0.3555,7.1103,0.0,0.0,0.0,0.0,up,7.05,2026-09-11T15:55:09,0.0,7.57499980926514,215.81,2026-09-16 15:44:11,2026-09-16 11:45:06
NVDA,NVDA271217P00150000,NVDA,2027-12-17,P,150.0,8.05,583.0,8.25,548.0,0.4178,17012.0,0.0,-0.1319,0.0022,0.516,-0.023,-0.3955,8.1176,0.0,0.0,0.0,0.0,no_change,8.62,2026-09-15T14:36:04,0.0,8.59999990463257,215.81,2026-09-16 15:44:11,2026-09-16 11:45:06
NVDA,NVDA271217P00155000,NVDA,2027-12-17,P,155.0,9.15,625.0,9.35,241.0,0.4149,4473.0,1.0,-0.1471,0.0024,0.5538,-0.0247,-0.4378,9.2459,-0.375,9.4,9.4,9.4,down,9.4,2026-09-16T10:33:34,-3.83631,9.77499961853027,215.81,2026-09-16 15:44:11,2026-09-16 11:45:06
NVDA,NVDA271217P00160000,NVDA,2027-12-17,P,160.0,10.35,728.0,10.6,598.0,0.4124,5212.0,3.0,-0.1629,0.0026,0.5918,-0.0262,-0.483,10.4635,-0.55,10.59,10.59,10.5,down,10.5,2026-09-16T11:12:10,-4.97737,11.0499997138977,215.81,2026-09-16 15:44:11,2026-09-16 11:45:06
NVDA,NVDA271217P00165000,NVDA,2027-12-17,P,165.0,11.7,618.0,11.9,176.0,0.4097,4003.0,0.0,-0.1799,0.0027,0.6303,-0.0278,-0.5283,11.8113,0.0,0.0,0.0,0.0,up,12.6,2026-09-14T15:31:57,0.0,12.4500002861023,215.81,2026-09-16 15:44:11,2026-09-16 11:45:06
NVDA,NVDA271217P00170000,NVDA,2027-12-17,P,170.0,13.1,836.0,13.4,683.0,0.4078,8958.0,389.0,-0.1973,0.0029,0.6666,-0.0293,-0.5782,13.2435,-0.575,13.52,13.52,13.4,no_change,13.4,2026-09-16T10:43:08,-4.11449,13.9750003814697,215.81,2026-09-16 15:44:11,2026-09-16 11:45:06
NVDA,NVDA271217P00175000,NVDA,2027-12-17,P,175.0,14.65,687.0,14.95,663.0,0.4056,3818.0,1.0,-0.2158,0.0031,0.7014,-0.0308,-0.6248,14.8141,-0.6,15.0,15.0,15.0,down,15.0,2026-09-16T09:50:35,-3.84615,15.5999999046326,215.81,2026-09-16 15:44:11,2026-09-16 11:45:06
NVDA,NVDA271217P00180000,NVDA,2027-12-17,P,180.0,16.3,776.0,16.65,692.0,0.4037,4493.0,2.0,-0.2348,0.0033,0.7348,-0.0322,-0.6751,16.4911,-0.43,16.92,16.92,16.92,down,16.92,2026-09-16T09:33:16,-2.47838,17.3499994277954,215.81,2026-09-16 15:44:11,2026-09-16 11:45:06
NVDA,NVDA271217P00185000,NVDA,2027-12-17,P,185.0,18.1,644.0,18.4,195.0,0.4019,2908.0,0.0,-0.2543,0.0035,0.7664,-0.0336,-0.7292,18.2811,0.0,0.0,0.0,0.0,no_change,19.3,2026-09-15T11:50:10,0.0,19.2249994277954,215.81,2026-09-16 15:44:11,2026-09-16 11:45:06
NVDA,NVDA271217P00190000,NVDA,2027-12-17,P,190.0,19.95,721.0,20.35,690.0,0.4002,4734.0,4.0,-0.2744,0.0036,0.7952,-0.0348,-0.7754,20.1904,-0.75,20.5,20.5,20.45,no_change,20.45,2026-09-16T09:57:21,-3.53773,21.1999998092651,215.81,2026-09-16 15:44:11,2026-09-16 11:45:06
NVDA,NVDA271217P00195000,NVDA,2027-12-17,P,195.0,21.95,697.0,22.4,587.0,0.3985,3384.0,1.0,-0.2951,0.0038,0.8225,-0.036,-0.8239,22.2219,-0.65,22.65,22.65,22.65,down,22.65,2026-09-16T09:33:53,-2.7897,23.3000001907349,215.81,2026-09-16 15:44:11,2026-09-16 11:45:06
NVDA,NVDA271217P00200000,NVDA,2027-12-17,P,200.0,24.15,497.0,24.75,915.0,0.3978,6987.0,105.0,-0.3158,0.004,0.8464,-0.037,-0.8789,24.3319,-1.05,24.5,24.5,24.5,no_change,24.5,2026-09-16T11:00:17,-4.10959,25.5500001907349,215.81,2026-09-16 15:44:11,2026-09-16 11:45:06
NVDA,NVDA271217P00205000,NVDA,2027-12-17,P,205.0,26.25,609.0,26.8,468.0,0.3953,1642.0,0.0,-0.3375,0.0041,0.8682,-0.038,-0.9254,26.6309,0.0,0.0,0.0,0.0,down,27.87,2026-09-15T14:45:57,0.0,27.875,215.81,2026-09-16 15:44:11,2026-09-16 11:45:06
NVDA,NVDA271217P00210000,NVDA,2027-12-17,P,210.0,28.8,424.0,29.25,1.0,0.3952,3323.0,89.0,-0.359,0.0042,0.887,-0.0389,-0.965,28.9879,-1.005,29.75,29.75,29.32,down,29.32,2026-09-16T10:03:09,-3.3141,30.3249998092651,215.81,2026-09-16 15:44:11,2026-09-16 11:45:06
NVDA,NVDA271217P00215000,NVDA,2027-12-17,P,215.0,31.3,470.0,31.7,429.0,0.3942,3634.0,0.0,-0.3812,0.0044,0.9031,-0.0397,-1.0196,31.5189,0.0,0.0,0.0,0.0,up,33.05,2026-09-15T12:40:40,0.0,32.9750003814697,215.81,2026-09-16 15:44:11,2026-09-16 11:45:06
NVDA,NVDA271217P00220000,NVDA,2027-12-17,P,220.0,33.85,1038.0,34.55,1081.0,0.3932,5039.0,1.0,-0.4029,0.0045,0.9162,-0.0403,-1.0615,34.0954,-1.2,34.45,34.45,34.45,down,34.45,2026-09-16T10:34:19,-3.36606,35.6499996185303,215.81,2026-09-16 15:44:11,2026-09-16 11:45:06
NVDA,NVDA271217P00225000,NVDA,2027-12-17,P,225.0,36.6,891.0,37.3,786.0,0.3921,1626.0,0.0,-0.4253,0.0046,0.9243,-0.0409,-1.0885,36.8585,0.0,0.0,0.0,0.0,up,38.55,2026-09-15T15:37:51,0.0,38.4500007629394,215.81,2026-09-16 15:44:11,2026-09-16 11:45:06
NVDA,NVDA271217P00230000,NVDA,2027-12-17,P,230.0,39.4,797.0,39.9,261.0,0.3916,1912.0,0.0,-0.4477,0.0047,0.9314,-0.0414,-1.1356,39.7079,0.0,0.0,0.0,0.0,down,41.3,2026-09-15T12:39:30,0.0,41.3249988555908,215.81,2026-09-16 15:44:11,2026-09-16 11:45:06
NVDA,NVDA271217P00235000,NVDA,2027-12-17,P,235.0,42.25,597.0,43.1,181.0,0.3902,359.0,0.0,-0.4698,0.0048,0.9382,-0.0418,-1.1853,42.6505,0.0,0.0,0.0,0.0,no_change,44.57,2026-09-15T12:58:10,0.0,44.3999996185303,215.81,2026-09-16 15:44:11,2026-09-16 11:45:06
NVDA,NVDA271217P00240000,NVDA,2027-12-17,P,240.0,45.3,798.0,45.85,89.0,0.3895,5734.0,0.0,-0.4919,0.0049,0.9367,-0.0421,-1.2076,45.7074,0.0,0.0,0.0,0.0,down,48.7,2026-09-14T10:30:51,0.0,47.5499992370606,215.81,2026-09-16 15:44:11,2026-09-16 11:45:06
NVDA,NVDA271217P00245000,NVDA,2027-12-17,P,245.0,48.2,272.0,49.45,114.0,0.3901,378.0,0.0,-0.514,0.005,0.9304,-0.0423,-1.2197,48.8375,0.0,0.0,0.0,0.0,up,47.48,2026-09-11T10:43:09,0.0,50.5749988555908,215.81,2026-09-16 15:44:11,2026-09-16 11:45:06
NVDA,NVDA271217P00250000,NVDA,2027-12-17,P,250.0,51.85,620.0,52.3,146.0,0.3891,1519.0,3.0,-0.5361,0.005,0.9287,-0.0424,-1.2642,52.1505,-2.19,52.7,52.7,51.91,down,51.91,2026-09-16T11:11:44,-4.04806,54.1000003814697,215.81,2026-09-16 15:44:11,2026-09-16 11:45:06
NVDA,NVDA271217P00255000,NVDA,2027-12-17,P,255.0,54.9,565.0,55.8,146.0,0.3879,784.0,0.0,-0.5577,0.0051,0.9227,-0.0424,-1.2816,55.5036,0.0,0.0,0.0,0.0,no_change,49.35,2026-09-03T14:38:28,0.0,57.5750007629394,215.81,2026-09-16 15:44:11,2026-09-16 11:45:06
NVDA,NVDA271217P00260000,NVDA,2027-12-17,P,260.0,58.45,685.0,59.25,213.0,0.3879,3083.0,0.0,-0.5793,0.0051,0.9084,-0.0424,-1.2774,58.9673,0.0,0.0,0.0,0.0,up,61.15,2026-09-14T15:10:02,0.0,61.1000003814697,215.81,2026-09-16 15:44:11,2026-09-16 11:45:06
NVDA,NVDA271217P00265000,NVDA,2027-12-17,P,265.0,61.8,411.0,63.1,91.0,0.3879,52.0,0.0,-0.6007,0.0052,0.8886,-0.0422,-1.2899,62.5381,0.0,0.0,0.0,0.0,down,56.75,2026-09-03T13:07:10,0.0,64.5499992370606,215.81,2026-09-16 15:44:11,2026-09-16 11:45:06
NVDA,NVDA271217P00270000,NVDA,2027-12-17,P,270.0,65.65,252.0,66.45,54.0,0.387,1851.0,0.0,-0.6217,0.0052,0.8792,-0.042,-1.3227,66.1898,0.0,0.0,0.0,0.0,down,68.67,2026-09-14T15:50:00,0.0,68.4749984741211,215.81,2026-09-16 15:44:11,2026-09-16 11:45:06
NVDA,NVDA271217P00275000,NVDA,2027-12-17,P,275.0,69.45,263.0,70.4,87.0,0.3886,70.0,0.0,-0.6424,0.0052,0.8648,-0.0418,-1.3117,69.9104,0.0,0.0,0.0,0.0,up,65.5,2026-09-02T15:51:19,0.0,72.5249977111816,215.81,2026-09-16 15:44:11,2026-09-16 11:45:06
NVDA,NVDA271217P00280000,NVDA,2027-12-17,P,280.0,72.95,222.0,74.8,130.0,0.39,775.0,0.0,-0.663,0.0052,0.836,-0.0416,-1.2839,73.7346,0.0,0.0,0.0,0.0,up,77.68,2026-09-14T13:24:20,0.0,76.0999984741211,215.81,2026-09-16 15:44:11,2026-09-16 11:45:06
NVDA,NVDA271217P00285000,NVDA,2027-12-17,P,285.0,76.8,364.0,78.65,124.0,0.389,47.0,0.0,-0.6833,0.0053,0.8025,-0.0413,-1.2732,77.6556,0.0,0.0,0.0,0.0,up,72.45,2026-09-08T13:06:09,0.0,80.6750030517578,215.81,2026-09-16 15:44:11,2026-09-16 11:45:06
NVDA,NVDA271217P00290000,NVDA,2027-12-17,P,290.0,81.05,195.0,82.1,79.0,0.385,1010.0,0.0,-0.703,0.0053,0.7856,-0.0408,-1.2846,81.6455,0.0,0.0,0.0,0.0,up,73.9,2026-08-27T13:15:08,0.0,84.3499984741211,215.81,2026-09-16 15:44:11,2026-09-16 11:45:06
NVDA,NVDA271217P00295000,NVDA,2027-12-17,P,295.0,84.7,203.0,86.8,125.0,0.3889,602.0,0.0,-0.7225,0.0053,0.7716,-0.0406,-1.2766,85.6897,0.0,0.0,0.0,0.0,down,78.3,2026-09-03T13:07:03,0.0,88.2999992370606,215.81,2026-09-16 15:44:11,2026-09-16 11:45:06
NVDA,NVDA271217P00300000,NVDA,2027-12-17,P,300.0,89.3,150.0,90.35,70.0,0.3846,1452.0,0.0,-0.7417,0.0053,0.7237,-0.0402,-1.2113,89.8243,0.0,0.0,0.0,0.0,up,94.23,2026-09-14T10:23:15,0.0,92.5500030517578,215.81,2026-09-16 15:44:11,2026-09-16 11:45:06
NVDA,NVDA271217P00310000,NVDA,2027-12-17,P,310.0,97.55,157.0,98.8,48.0,0.3831,3294.0,0.0,-0.7793,0.0053,0.6527,-0.0393,-1.1511,98.3338,0.0,0.0,0.0,0.0,up,102.0,2026-09-14T10:06:41,0.0,101.299999237061,215.81,2026-09-16 15:44:11,2026-09-16 11:45:06
NVDA,NVDA271217P00320000,NVDA,2027-12-17,P,320.0,106.3,150.0,107.55,44.0,0.3821,3073.0,0.0,-0.8157,0.0054,0.5968,-0.0387,-1.0585,107.0598,0.0,0.0,0.0,0.0,down,110.75,2026-09-14T11:20:13,0.0,110.125,215.81,2026-09-16 15:44:11,2026-09-16 11:45:06
NVDA,NVDA271217P00330000,NVDA,2027-12-17,P,330.0,115.25,144.0,116.55,48.0,0.3818,2638.0,0.0,-0.8499,0.0053,0.4822,-0.0373,-0.8671,116.0768,0.0,0.0,0.0,0.0,up,119.26,2026-09-15T15:47:21,0.0,119.299999237061,215.81,2026-09-16 15:44:11,2026-09-16 11:45:06
NVDA,NVDA271217P00340000,NVDA,2027-12-17,P,340.0,124.55,161.0,125.75,85.0,0.3823,3831.0,0.0,-0.8828,0.0053,0.4312,-0.0363,-0.7513,125.291,0.0,0.0,0.0,0.0,down,128.35,2026-09-14T14:39:20,0.0,128.674995422363,215.81,2026-09-16 15:44:11,2026-09-16 11:45:06
NVDA,NVDA271217P00350000,NVDA,2027-12-17,P,350.0,133.35,175.0,135.95,133.0,0.373,561.0,0.0,-0.9165,0.0053,0.3206,-0.0367,-0.6092,134.7221,0.0,0.0,0.0,0.0,no_change,137.55,2026-09-15T11:22:42,0.0,138.125,215.81,2026-09-16 15:44:11,2026-09-16 11:45:06
NVDA,NVDA271217P00360000,NVDA,2027-12-17,P,360.0,143.05,145.0,145.3,137.0,0.3802,173.0,0.0,-0.9428,0.0049,0.2036,-0.0329,-0.368,144.3566,0.0,0.0,0.0,0.0,down,147.97,2026-09-14T15:50:00,0.0,148.049995422363,215.81,2026-09-16 15:44:11,2026-09-16 11:45:06
NVDA,NVDA271217P00380000,NVDA,2027-12-17,P,380.0,163.35,41.0,164.8,10.0,0.0,0.0,0.0,-0.9807,0.0022,0.0,-0.0297,0.0,164.12,0.0,0.0,0.0,0.0,down,150.68,2026-09-03T14:11:14,0.0,168.025001525879,215.81,2026-09-16 15:44:11,2026-09-16 11:45:06
NVDA,NVDA271217P00390000,NVDA,2027-12-17,P,390.0,173.35,5.0,175.05,5.0,0.0,0.0,0.0,-0.9915,0.001,0.0,-0.0297,0.0,174.12,0.0,0.0,0.0,0.0,up,172.8,2026-09-01T10:04:16,0.0,178.049995422363,215.81,2026-09-16 15:44:11,2026-09-16 11:45:06
NVDA,NVDA271217P00400000,NVDA,2027-12-17,P,400.0,183.35,5.0,185.05,5.0,0.0,1.0,0.0,-0.9986,0.0002,0.0,-0.0297,0.0,184.12,0.0,0.0,0.0,0.0,down,180.4,2026-09-10T14:50:35,0.0,188.049995422363,215.81,2026-09-16 15:44:11,2026-09-16 11:45:06
NVDA,NVDA271217P00410000,NVDA,2027-12-17,P,410.0,193.35,6.0,195.0,6.0,0.0,0.0,0.0,-1.0,0.0,0.0,-0.0297,0.0,194.12,0.0,0.0,0.0,0.0,down,202.26,2026-06-18T09:49:44,0.0,198.025001525879,215.81,2026-09-16 15:44:11,2026-09-16 11:45:06
NVDA,NVDA271217P00420000,NVDA,2027-12-17,P,420.0,203.35,6.0,205.05,7.0,0.0,0.0,0.0,-1.0,0.0,0.0,-0.0297,0.0,204.12,0.0,0.0,0.0,0.0,up,204.6,2026-05-22T14:48:12,0.0,208.025001525879,215.81,2026-09-16 15:44:11,2026-09-16 11:45:06
NVDA,NVDA271217P00430000,NVDA,2027-12-17,P,430.0,213.35,6.0,214.75,5.0,0.0,0.0,0.0,-1.0,0.0,0.0,-0.0297,0.0,214.12,0.0,0.0,0.0,0.0,no_change,0.0,,0.0,218.025001525879,215.81,2026-09-16 15:44:11,2026-09-16 11:45:06
NVDA,NVDA271217P00440000,NVDA,2027-12-17,P,440.0,223.35,5.0,224.75,5.0,0.0,0.0,0.0,-1.0,0.0,0.0,-0.0297,0.0,224.12,0.0,0.0,0.0,0.0,no_change,0.0,,0.0,228.025001525879,215.81,2026-09-16 15:44:11,2026-09-16 11:45:06
NVDA,NVDA271217P00450000,NVDA,2027-12-17,P,450.0,233.35,5.0,234.75,5.0,0.0,0.0,0.0,-1.0,0.0,0.0,-0.0297,0.0,234.12,0.0,0.0,0.0,0.0,up,243.7,2026-07-21T11:24:04,0.0,238.025001525879,215.81,2026-09-16 15:44:11,2026-09-16 11:45:06
NVDA,NVDA271217P00455000,NVDA,2027-12-17,P,455.0,238.35,5.0,239.75,5.0,0.0,0.0,0.0,-1.0,0.0,0.0,-0.0297,0.0,239.12,0.0,0.0,0.0,0.0,no_change,0.0,,0.0,243.025001525879,215.81,2026-09-16 15:44:11,2026-09-16 11:45:06
NVDA,NVDA271217P00460000,NVDA,2027-12-17,P,460.0,243.35,5.0,244.75,5.0,0.0,0.0,0.0,-1.0,0.0,0.0,-0.0297,0.0,244.12,0.0,0.0,0.0,0.0,no_change,0.0,,0.0,248.025001525879,215.81,2026-09-16 15:44:11,2026-09-16 11:45:06
NVDA,NVDA280121C00005000,NVDA,2028-01-21,C,5.0,209.9,1.0,212.35,25.0,0.0,1273.0,0.0,1.0,0.0,0.001,0.0,0.0239,211.4106,0.0,0.0,0.0,0.0,down,206.34,2026-09-14T15:57:52,0.0,207.275001525879,215.81,2026-09-16 15:44:11,2026-09-16 11:45:06
NVDA,NVDA280121C00010000,NVDA,2028-01-21,C,10.0,205.05,1.0,207.55,26.0,0.0,290.0,0.0,1.0,0.0,0.0017,0.0,0.0581,206.5172,0.0,0.0,0.0,0.0,up,215.75,2026-09-08T13:24:05,0.0,202.424995422363,215.81,2026-09-16 15:44:11,2026-09-16 11:45:06
NVDA,NVDA280121C00015000,NVDA,2028-01-21,C,15.0,200.3,23.0,202.8,25.0,0.0,107.0,0.0,1.0,0.0,0.005,0.0,0.1162,201.7299,0.0,0.0,0.0,0.0,down,204.0,2026-09-10T11:04:03,0.0,197.674995422363,215.81,2026-09-16 15:44:11,2026-09-16 11:45:06
NVDA,NVDA280121C00020000,NVDA,2028-01-21,C,20.0,195.6,23.0,198.1,25.0,0.8532,3088.0,0.0,1.0,0.0,0.0098,0.0,0.201,196.9105,0.0,0.0,0.0,0.0,up,206.43,2026-09-08T13:25:18,0.0,192.949996948242,215.81,2026-09-16 15:44:11,2026-09-16 11:45:06
NVDA,NVDA280121C00025000,NVDA,2028-01-21,C,25.0,190.95,23.0,193.45,25.0,0.7912,769.0,0.0,1.0,0.0,0.0147,0.0,0.2873,192.2162,0.0,0.0,0.0,0.0,no_change,194.0,2026-09-10T15:11:44,0.0,188.275001525879,215.81,2026-09-16 15:44:11,2026-09-16 11:45:06
NVDA,NVDA280121C00030000,NVDA,2028-01-21,C,30.0,186.25,25.0,188.85,25.0,0.7661,500.0,0.0,1.0,0.0,0.0199,0.0,0.3435,187.5491,0.0,0.0,0.0,0.0,down,189.88,2026-09-10T11:04:37,0.0,183.650001525879,215.81,2026-09-16 15:44:11,2026-09-16 11:45:06
NVDA,NVDA280121C00035000,NVDA,2028-01-21,C,35.0,181.6,25.0,184.2,25.0,0.7276,498.0,0.0,1.0,0.0001,0.0257,0.0,0.4017,182.8898,0.0,0.0,0.0,0.0,up,196.44,2026-09-03T14:38:07,0.0,179.0,215.81,2026-09-16 15:44:11,2026-09-16 11:45:06
NVDA,NVDA280121C00040000,NVDA,2028-01-21,C,40.0,176.9,1.0,179.6,26.0,0.6908,246.0,0.0,0.9998,0.0001,0.0322,0.0,0.4749,178.2432,0.0,0.0,0.0,0.0,down,187.65,2026-09-08T13:25:56,0.0,174.275001525879,215.81,2026-09-16 15:44:11,2026-09-16 11:45:06
NVDA,NVDA280121C00045000,NVDA,2028-01-21,C,45.0,172.25,1.0,175.0,26.0,0.6583,141.0,0.0,0.9988,0.0001,0.0394,0.0,0.5604,173.6254,0.0,0.0,0.0,0.0,up,186.35,2026-09-03T14:42:18,0.0,169.674995422363,215.81,2026-09-16 15:44:11,2026-09-16 11:45:06
NVDA,NVDA280121C00050000,NVDA,2028-01-21,C,50.0,167.65,1.0,170.4,26.0,0.6322,433.0,0.0,0.9975,0.0001,0.0475,0.0,0.6192,169.0213,0.0,0.0,0.0,0.0,up,185.93,2026-09-08T09:30:00,0.0,165.050003051758,215.81,2026-09-16 15:44:11,2026-09-16 11:45:06
NVDA,NVDA280121C00055000,NVDA,2028-01-21,C,55.0,163.05,1.0,165.8,26.0,0.6071,334.0,0.0,0.9961,0.0001,0.0563,0.0,0.6773,164.4264,0.0,0.0,0.0,0.0,down,160.02,2026-09-14T10:12:17,0.0,160.474998474121,215.81,2026-09-16 15:44:11,2026-09-16 11:45:06
NVDA,NVDA280121C00060000,NVDA,2028-01-21,C,60.0,158.4,1.0,161.1,30.0,0.5753,288.0,0.0,0.9944,0.0002,0.0663,0.0,0.7346,159.8412,0.0,0.0,0.0,0.0,up,156.23,2026-09-15T15:54:53,0.0,155.875,215.81,2026-09-16 15:44:11,2026-09-16 11:45:06
NVDA,NVDA280121C00065000,NVDA,2028-01-21,C,65.0,154.1,56.0,156.55,71.0,0.5664,649.0,8.0,0.9925,0.0002,0.0773,0.0,0.7911,155.2673,3.885,153.43,155.31,153.43,up,155.31,2026-09-16T11:27:22,2.56563,151.424995422363,215.81,2026-09-16 15:44:11,2026-09-16 11:45:06
NVDA,NVDA280121C00070000,NVDA,2028-01-21,C,70.0,149.55,65.0,152.0,71.0,0.5492,371.0,0.0,0.9904,0.0003,0.0894,0.0,0.8468,150.7061,0.0,0.0,0.0,0.0,up,165.73,2026-09-04T13:28:21,0.0,146.875,215.81,2026-09-16 15:44:11,2026-09-16 11:45:06
NVDA,NVDA280121C00075000,NVDA,2028-01-21,C,75.0,144.95,49.0,147.45,73.0,0.5293,367.0,0.0,0.988,0.0003,0.1028,0.0,0.9013,146.1603,0.0,0.0,0.0,0.0,no_change,142.43,2026-09-15T15:59:44,0.0,142.325004577637,215.81,2026-09-16 15:44:11,2026-09-16 11:45:06
NVDA,NVDA280121C00080000,NVDA,2028-01-21,C,80.0,140.6,65.0,142.9,76.0,0.5205,798.0,0.0,0.9851,0.0004,0.1179,0.0,0.9545,141.6342,0.0,0.0,0.0,0.0,down,136.78,2026-09-14T11:01:56,0.0,137.900001525879,215.81,2026-09-16 15:44:11,2026-09-16 11:45:06
NVDA,NVDA280121C00085000,NVDA,2028-01-21,C,85.0,136.1,61.0,138.35,69.0,0.5043,426.0,0.0,0.9819,0.0004,0.1345,0.0,1.0061,137.1329,0.0,0.0,0.0,0.0,down,139.27,2026-09-10T10:49:50,0.0,133.349998474121,215.81,2026-09-16 15:44:11,2026-09-16 11:45:06
NVDA,NVDA280121C00090000,NVDA,2028-01-21,C,90.0,131.65,91.0,133.7,96.0,0.4864,1893.0,0.0,0.9782,0.0005,0.1531,0.0,1.0559,132.6621,0.0,0.0,0.0,0.0,down,127.78,2026-09-14T15:59:18,0.0,128.875,215.81,2026-09-16 15:44:11,2026-09-16 11:45:06
NVDA,NVDA280121C00095000,NVDA,2028-01-21,C,95.0,127.2,76.0,129.5,73.0,0.482,202.0,0.0,0.9738,0.0006,0.1742,0.0,1.1033,128.2282,0.0,0.0,0.0,0.0,up,142.3,2026-09-04T15:47:26,0.0,124.450000762939,215.81,2026-09-16 15:44:11,2026-09-16 11:45:06
NVDA,NVDA280121C00100000,NVDA,2028-01-21,C,100.0,122.8,119.0,124.95,131.0,0.4676,3157.0,3.0,0.9688,0.0007,0.1972,0.0,1.1483,123.8379,2.7,121.75,122.8,121.75,up,122.8,2026-09-16T09:56:51,2.24813,120.099998474121,215.81,2026-09-16 15:44:11,2026-09-16 11:45:06
NVDA,NVDA280121C00105000,NVDA,2028-01-21,C,105.0,118.45,145.0,120.65,115.0,0.46,1012.0,6.0,0.9631,0.0008,0.2227,0.0,1.1906,119.4969,3.135,118.89,119.3,118.89,no_change,118.91,2026-09-16T10:57:26,2.70784,115.775001525879,215.81,2026-09-16 15:44:11,2026-09-16 11:45:06
NVDA,NVDA280121C00110000,NVDA,2028-01-21,C,110.0,114.15,96.0,116.55,99.0,0.456,693.0,0.0,0.9566,0.0009,0.2507,0.0,1.2296,115.2119,0.0,0.0,0.0,0.0,no_change,111.52,2026-09-15T15:46:11,0.0,111.5,215.81,2026-09-16 15:44:11,2026-09-16 11:45:06
NVDA,NVDA280121C00115000,NVDA,2028-01-21,C,115.0,109.9,314.0,112.35,305.0,0.449,1211.0,1.0,0.9493,0.001,0.2805,0.0,1.2656,110.9888,3.65,111.0,111.0,111.0,up,111.0,2026-09-16T11:04:25,3.40009,107.349998474121,215.81,2026-09-16 15:44:11,2026-09-16 11:45:06
NVDA,NVDA280121C00120000,NVDA,2028-01-21,C,120.0,106.0,214.0,107.6,201.0,0.4375,1929.0,10.0,0.9411,0.0011,0.3126,-0.0007,1.2982,106.8324,2.9,106.1,106.1,106.1,up,106.1,2026-09-16T10:38:29,2.81008,103.199996948242,215.81,2026-09-16 15:44:11,2026-09-16 11:45:06
NVDA,NVDA280121C00125000,NVDA,2028-01-21,C,125.0,101.65,301.0,103.3,203.0,0.4255,605.0,1.0,0.9321,0.0013,0.3465,-0.0026,1.3269,102.7487,3.05,102.0,102.0,102.0,up,102.0,2026-09-16T10:26:21,3.08236,98.9500007629394,215.81,2026-09-16 15:44:11,2026-09-16 11:45:06
NVDA,NVDA280121C00130000,NVDA,2028-01-21,C,130.0,98.35,120.0,99.2,229.0,0.4302,2331.0,0.0,0.9222,0.0014,0.3815,-0.0044,1.3526,98.7421,0.0,0.0,0.0,0.0,up,95.25,2026-09-15T14:10:37,0.0,95.25,215.81,2026-09-16 15:44:11,2026-09-16 11:45:06
NVDA,NVDA280121C00135000,NVDA,2028-01-21,C,135.0,93.8,302.0,95.35,232.0,0.4195,838.0,0.0,0.9114,0.0016,0.4182,-0.0064,1.3742,94.8168,0.0,0.0,0.0,0.0,down,91.35,2026-09-15T14:00:04,0.0,91.1500015258789,215.81,2026-09-16 15:44:11,2026-09-16 11:45:06
NVDA,NVDA280121C00140000,NVDA,2028-01-21,C,140.0,90.6,125.0,91.45,230.0,0.4229,4001.0,0.0,0.8997,0.0017,0.4556,-0.0083,1.3921,90.9779,0.0,0.0,0.0,0.0,up,87.25,2026-09-15T13:38:45,0.0,87.5999984741211,215.81,2026-09-16 15:44:11,2026-09-16 11:45:06
NVDA,NVDA280121C00145000,NVDA,2028-01-21,C,145.0,86.85,208.0,87.7,319.0,0.4196,1513.0,5.0,0.8873,0.0019,0.4933,-0.0102,1.4069,87.2279,3.315,87.49,87.49,87.19,no_change,87.19,2026-09-16T11:17:58,3.95231,83.875,215.81,2026-09-16 15:44:11,2026-09-16 11:45:06
NVDA,NVDA280121C00150000,NVDA,2028-01-21,C,150.0,83.2,217.0,83.95,309.0,0.4158,5985.0,4.0,0.874,0.002,0.5319,-0.0122,1.4174,83.5707,2.7,83.01,83.22,83.0,down,83.0,2026-09-16T10:49:23,3.36239,80.2999992370606,215.81,2026-09-16 15:44:11,2026-09-16 11:45:06
NVDA,NVDA280121C00155000,NVDA,2028-01-21,C,155.0,79.5,95.0,80.4,159.0,0.412,974.0,0.0,0.86,0.0022,0.5699,-0.0141,1.4246,80.01,0.0,0.0,0.0,0.0,up,77.04,2026-09-14T14:13:46,0.0,76.7750015258789,215.81,2026-09-16 15:44:11,2026-09-16 11:45:06
NVDA,NVDA280121C00160000,NVDA,2028-01-21,C,160.0,76.2,220.0,76.9,358.0,0.4107,2265.0,6.0,0.8452,0.0024,0.6074,-0.016,1.4288,76.5469,3.625,75.2,77.0,75.2,up,77.0,2026-09-16T11:11:58,4.94037,73.375,215.81,2026-09-16 15:44:11,2026-09-16 11:45:06
NVDA,NVDA280121C00165000,NVDA,2028-01-21,C,165.0,72.85,144.0,73.55,253.0,0.4087,1290.0,1.0,0.8298,0.0025,0.6448,-0.0178,1.4288,73.1843,3.375,73.4,73.4,73.4,up,73.4,2026-09-16T11:12:31,4.81971,70.0250015258789,215.81,2026-09-16 15:44:11,2026-09-16 11:45:06
NVDA,NVDA280121C00170000,NVDA,2028-01-21,C,170.0,69.65,119.0,70.4,400.0,0.4079,4899.0,3.0,0.8138,0.0027,0.6808,-0.0196,1.426,69.9248,2.695,69.05,69.57,69.05,up,69.57,2026-09-16T10:55:39,4.02991,66.875,215.81,2026-09-16 15:44:11,2026-09-16 11:45:06
NVDA,NVDA280121C00175000,NVDA,2028-01-21,C,175.0,66.4,288.0,67.1,323.0,0.4042,8280.0,4.0,0.7972,0.0028,0.7154,-0.0213,1.4207,66.768,3.1,65.12,67.0,65.12,down,66.8,2026-09-16T11:04:50,4.86656,63.7000007629394,215.81,2026-09-16 15:44:11,2026-09-16 11:45:06
NVDA,NVDA280121C00180000,NVDA,2028-01-21,C,180.0,63.3,362.0,64.1,384.0,0.4046,14099.0,9.0,0.7801,0.003,0.7491,-0.0229,1.4114,63.7157,2.9,62.25,63.7,62.25,up,63.7,2026-09-16T11:20:37,4.76974,60.7999992370606,215.81,2026-09-16 15:44:11,2026-09-16 11:45:06
NVDA,NVDA280121C00185000,NVDA,2028-01-21,C,185.0,60.5,223.0,61.1,365.0,0.4016,9402.0,1.0,0.7625,0.0031,0.7808,-0.0245,1.3999,60.7693,1.225,59.25,59.25,59.25,up,59.25,2026-09-16T09:37:17,2.11116,58.0249996185303,215.81,2026-09-16 15:44:11,2026-09-16 11:45:06
NVDA,NVDA280121C00190000,NVDA,2028-01-21,C,190.0,57.65,172.0,58.25,383.0,0.4,8676.0,1.0,0.7446,0.0032,0.8105,-0.026,1.3865,57.9273,1.375,56.5,56.5,56.5,up,56.5,2026-09-16T09:41:14,2.49433,55.125,215.81,2026-09-16 15:44:11,2026-09-16 11:45:06
NVDA,NVDA280121C00195000,NVDA,2028-01-21,C,195.0,55.0,123.0,55.5,432.0,0.3991,6986.0,7.0,0.7264,0.0034,0.8386,-0.0273,1.3698,55.1899,2.275,54.25,54.75,54.25,down,54.7,2026-09-16T10:31:53,4.33953,52.4249992370606,215.81,2026-09-16 15:44:11,2026-09-16 11:45:06
NVDA,NVDA280121C00200000,NVDA,2028-01-21,C,200.0,52.5,4.0,52.85,480.0,0.3985,27812.0,68.0,0.7079,0.0035,0.8645,-0.0286,1.3509,52.5578,2.525,52.0,52.5,51.82,up,52.5,2026-09-16T11:03:54,5.05253,49.9750003814697,215.81,2026-09-16 15:44:11,2026-09-16 11:45:06
NVDA,NVDA280121C00205000,NVDA,2028-01-21,C,205.0,49.8,156.0,50.45,287.0,0.397,1019.0,0.0,0.6892,0.0036,0.8879,-0.0298,1.3311,50.0287,0.0,0.0,0.0,0.0,down,47.45,2026-09-15T10:24:19,0.0,47.3999996185303,215.81,2026-09-16 15:44:11,2026-09-16 11:45:06
NVDA,NVDA280121C00210000,NVDA,2028-01-21,C,210.0,47.4,151.0,47.8,1.0,0.3952,9684.0,26.0,0.6704,0.0037,0.9092,-0.0308,1.309,47.6009,2.35,45.8,47.5,45.8,up,47.5,2026-09-16T11:00:33,5.20487,45.1499996185303,215.81,2026-09-16 15:44:11,2026-09-16 11:45:06
NVDA,NVDA280121C00215000,NVDA,2028-01-21,C,215.0,45.1,187.0,45.75,466.0,0.3956,1588.0,30.0,0.6516,0.0038,0.9282,-0.0318,1.2845,45.2744,2.485,43.85,45.31,43.85,up,45.31,2026-09-16T11:05:24,5.80268,42.8250007629394,215.81,2026-09-16 15:44:11,2026-09-16 11:45:06
NVDA,NVDA280121C00220000,NVDA,2028-01-21,C,220.0,42.85,402.0,43.35,766.0,0.3936,9815.0,60.0,0.6327,0.0039,0.9448,-0.0327,1.2595,43.0472,1.925,42.65,42.8,42.51,down,42.6,2026-09-16T10:41:32,4.73264,40.6749992370606,215.81,2026-09-16 15:44:11,2026-09-16 11:45:06
NVDA,NVDA280121C00225000,NVDA,2028-01-21,C,225.0,40.8,238.0,41.3,458.0,0.3936,5556.0,20.0,0.6139,0.0039,0.9591,-0.0334,1.2339,40.9159,2.55,39.6,41.2,39.6,up,41.2,2026-09-16T11:09:32,6.59767,38.6499996185303,215.81,2026-09-16 15:44:11,2026-09-16 11:45:06
NVDA,NVDA280121C00230000,NVDA,2028-01-21,C,230.0,38.75,271.0,39.2,823.0,0.3925,15120.0,15.0,0.5952,0.004,0.971,-0.0341,1.2062,38.8788,2.325,37.45,39.0,37.45,up,39.0,2026-09-16T11:11:12,6.33947,36.6749992370606,215.81,2026-09-16 15:44:11,2026-09-16 11:45:06
NVDA,NVDA280121C00235000,NVDA,2028-01-21,C,235.0,36.75,682.0,37.2,714.0,0.3913,1402.0,25.0,0.5766,0.004,0.9807,-0.0346,1.1775,36.9349,1.1,35.9,35.9,35.9,no_change,35.9,2026-09-16T09:45:59,3.16092,34.8000011444092,215.81,2026-09-16 15:44:11,2026-09-16 11:45:06
NVDA,NVDA280121C00240000,NVDA,2028-01-21,C,240.0,35.0,230.0,35.35,775.0,0.3912,10149.0,37.0,0.5582,0.0041,0.9882,-0.0351,1.1491,35.0806,1.9,33.87,35.0,33.83,no_change,35.0,2026-09-16T10:59:54,5.74018,33.1000003814697,215.81,2026-09-16 15:44:11,2026-09-16 11:45:06
NVDA,NVDA280121C00245000,NVDA,2028-01-21,C,245.0,33.15,250.0,33.7,632.0,0.3909,2747.0,1.0,0.54,0.0041,0.9935,-0.0355,1.1203,33.3123,0.925,32.3,32.3,32.3,up,32.3,2026-09-16T09:45:59,2.94821,31.375,215.81,2026-09-16 15:44:11,2026-09-16 11:45:06
NVDA,NVDA280121C00250000,NVDA,2028-01-21,C,250.0,31.5,636.0,31.85,684.0,0.3898,37828.0,80.0,0.5221,0.0041,0.9967,-0.0357,1.0902,31.6281,2.035,30.5,31.79,30.5,up,31.76,2026-09-16T11:27:43,6.84609,29.7250003814697,215.81,2026-09-16 15:44:11,2026-09-16 11:45:06
NVDA,NVDA280121C00255000,NVDA,2028-01-21,C,255.0,29.9,626.0,30.3,736.0,0.3896,986.0,7.0,0.5045,0.0041,0.9978,-0.0359,1.0597,30.0262,0.75,29.05,29.05,29.05,up,29.05,2026-09-16T09:43:09,2.65018,28.3000001907349,215.81,2026-09-16 15:44:11,2026-09-16 11:45:06
NVDA,NVDA280121C00260000,NVDA,2028-01-21,C,260.0,28.4,256.0,28.75,618.0,0.3892,9902.0,1.0,0.4872,0.0041,0.9973,-0.036,1.0301,28.5027,1.5,28.2,28.2,28.2,up,28.2,2026-09-16T11:04:49,5.61798,26.6999998092651,215.81,2026-09-16 15:44:11,2026-09-16 11:45:06
NVDA,NVDA280121C00265000,NVDA,2028-01-21,C,265.0,26.85,454.0,27.35,524.0,0.3887,1640.0,0.0,0.4703,0.0041,0.995,-0.0361,1.0007,27.0539,0.0,0.0,0.0,0.0,up,25.45,2026-09-15T15:41:24,0.0,25.375,215.81,2026-09-16 15:44:11,2026-09-16 11:45:06
NVDA,NVDA280121C00270000,NVDA,2028-01-21,C,270.0,25.55,241.0,25.95,573.0,0.3887,8372.0,0.0,0.4537,0.0041,0.9909,-0.036,0.9705,25.6775,0.0,0.0,0.0,0.0,down,23.82,2026-09-15T13:09:15,0.0,24.1000003814697,215.81,2026-09-16 15:44:11,2026-09-16 11:45:06
NVDA,NVDA280121C00275000,NVDA,2028-01-21,C,275.0,24.15,964.0,24.6,700.0,0.3878,1361.0,9.0,0.4375,0.0041,0.9852,-0.0359,0.9402,24.3715,1.26,23.52,24.01,23.52,up,24.01,2026-09-16T10:14:16,5.53846,22.75,215.81,2026-09-16 15:44:11,2026-09-16 11:45:06
NVDA,NVDA280121C00280000,NVDA,2028-01-21,C,280.0,22.95,345.0,23.4,605.0,0.388,8648.0,3.0,0.4218,0.004,0.9782,-0.0358,0.9109,23.1326,1.2,22.22,22.8,22.22,up,22.8,2026-09-16T10:14:16,5.55555,21.6000003814697,215.81,2026-09-16 15:44:11,2026-09-16 11:45:06
NVDA,NVDA280121C00285000,NVDA,2028-01-21,C,285.0,21.75,328.0,22.2,601.0,0.3877,1048.0,4.0,0.4064,0.004,0.9701,-0.0356,0.8825,21.957,0.88,21.43,21.43,21.43,up,21.43,2026-09-16T09:48:16,4.28224,20.5500001907349,215.81,2026-09-16 15:44:11,2026-09-16 11:45:06
NVDA,NVDA280121C00290000,NVDA,2028-01-21,C,290.0,20.6,299.0,21.0,262.0,0.387,5103.0,4.0,0.3915,0.004,0.9606,-0.0353,0.854,20.8418,0.5,20.15,20.15,20.0,no_change,20.0,2026-09-16T09:45:47,2.5641,19.5,215.81,2026-09-16 15:44:11,2026-09-16 11:45:06
NVDA,NVDA280121C00295000,NVDA,2028-01-21,C,295.0,19.75,83.0,19.95,286.0,0.388,2155.0,1.0,0.377,0.0039,0.9498,-0.035,0.8253,19.7853,1.375,19.85,19.85,19.85,up,19.85,2026-09-16T11:28:49,7.44249,18.4749994277954,215.81,2026-09-16 15:44:11,2026-09-16 11:45:06
NVDA,NVDA280121C00300000,NVDA,2028-01-21,C,300.0,18.7,251.0,19.0,568.0,0.388,96707.0,6.0,0.3629,0.0039,0.938,-0.0346,0.7974,18.785,1.3,18.15,18.85,18.15,up,18.85,2026-09-16T11:13:21,7.40741,17.5500001907349,215.81,2026-09-16 15:44:11,2026-09-16 11:45:06
NVDA,NVDA280121C00310000,NVDA,2028-01-21,C,310.0,16.75,409.0,17.15,642.0,0.3876,10539.0,1.0,0.3361,0.0038,0.9127,-0.0338,0.7448,16.94,0.675,16.4,16.4,16.4,up,16.4,2026-09-16T09:30:02,4.29253,15.7249999046326,215.81,2026-09-16 15:44:11,2026-09-16 11:45:06
NVDA,NVDA280121C00320000,NVDA,2028-01-21,C,320.0,15.1,435.0,15.45,542.0,0.3875,6768.0,105.0,0.311,0.0036,0.8841,-0.0328,0.6935,15.2856,1.03,15.0,15.28,15.0,up,15.28,2026-09-16T11:27:00,7.22807,14.25,215.81,2026-09-16 15:44:11,2026-09-16 11:45:06
NVDA,NVDA280121C00330000,NVDA,2028-01-21,C,330.0,13.6,459.0,14.0,612.0,0.3879,4459.0,1.0,0.2877,0.0035,0.8535,-0.0318,0.6452,13.8054,0.825,13.7,13.7,13.7,up,13.7,2026-09-16T10:24:29,6.40777,12.875,215.81,2026-09-16 15:44:11,2026-09-16 11:45:06
NVDA,NVDA280121C00340000,NVDA,2028-01-21,C,340.0,12.35,453.0,12.75,871.0,0.3893,3060.0,29.0,0.266,0.0034,0.8222,-0.0307,0.6005,12.4793,0.925,11.92,12.5,11.92,no_change,12.5,2026-09-16T11:04:00,7.99136,11.5749998092651,215.81,2026-09-16 15:44:11,2026-09-16 11:45:06
NVDA,NVDA280121C00350000,NVDA,2028-01-21,C,350.0,11.25,223.0,11.45,551.0,0.3897,29439.0,135.0,0.2459,0.0032,0.7891,-0.0296,0.5573,11.2928,0.8,11.15,11.4,11.15,down,11.35,2026-09-16T11:24:27,7.58294,10.5499997138977,215.81,2026-09-16 15:44:11,2026-09-16 11:45:06
NVDA,NVDA280121C00360000,NVDA,2028-01-21,C,360.0,10.2,224.0,10.4,688.0,0.3905,7644.0,5.0,0.2274,0.0031,0.7561,-0.0284,0.5177,10.2319,0.725,9.75,10.3,9.75,down,10.25,2026-09-16T11:23:41,7.61155,9.52500009536743,215.81,2026-09-16 15:44:11,2026-09-16 11:45:06
NVDA,NVDA280121C00370000,NVDA,2028-01-21,C,370.0,9.15,694.0,9.45,520.0,0.3906,5339.0,1.0,0.2102,0.003,0.7236,-0.0272,0.4811,9.2814,0.285,8.91,8.91,8.91,up,8.91,2026-09-16T09:34:40,3.30435,8.625,215.81,2026-09-16 15:44:11,2026-09-16 11:45:06
NVDA,NVDA280121C00380000,NVDA,2028-01-21,C,380.0,8.3,727.0,8.6,523.0,0.3914,9000.0,5.0,0.1944,0.0028,0.6907,-0.026,0.4461,8.4308,0.675,8.3,8.5,8.3,up,8.5,2026-09-16T11:07:55,8.6262,7.82499980926514,215.81,2026-09-16 15:44:11,2026-09-16 11:45:06
NVDA,NVDA280121C00390000,NVDA,2028-01-21,C,390.0,7.55,811.0,7.8,324.0,0.3921,8452.0,6.0,0.1799,0.0027,0.6585,-0.0249,0.4142,7.6697,0.225,7.4,7.4,7.4,up,7.4,2026-09-16T09:40:22,3.13589,7.17499995231628,215.81,2026-09-16 15:44:11,2026-09-16 11:45:06
NVDA,NVDA280121C00400000,NVDA,2028-01-21,C,400.0,6.9,590.0,7.15,595.0,0.3935,51700.0,29.0,0.1666,0.0025,0.6278,-0.0238,0.3852,6.987,0.475,7.0,7.0,6.75,no_change,7.0,2026-09-16T11:09:24,7.2797,6.52499985694885,215.81,2026-09-16 15:44:11,2026-09-16 11:45:06
NVDA,NVDA280121C00410000,NVDA,2028-01-21,C,410.0,6.25,921.0,6.5,469.0,0.3939,21576.0,1.0,0.1543,0.0024,0.5976,-0.0227,0.3576,6.3747,0.325,6.3,6.3,6.3,up,6.3,2026-09-16T10:18:13,5.43933,5.97500014305115,215.81,2026-09-16 15:44:11,2026-09-16 11:45:06
NVDA,NVDA280121C00420000,NVDA,2028-01-21,C,420.0,5.8,307.0,5.95,137.0,0.3958,21595.0,8.0,0.1431,0.0023,0.5681,-0.0216,0.3321,5.8258,0.35,5.8,5.8,5.8,no_change,5.8,2026-09-16T09:59:43,6.42202,5.45000004768372,215.81,2026-09-16 15:44:11,2026-09-16 11:45:06
NVDA,NVDA280121C00430000,NVDA,2028-01-21,C,430.0,5.2,542.0,5.55,623.0,0.3969,2009.0,0.0,0.1328,0.0022,0.5403,-0.0206,0.3091,5.3329,0.0,0.0,0.0,0.0,down,5.0,2026-09-15T13:12:06,0.0,5.04999995231628,215.81,2026-09-16 15:44:11,2026-09-16 11:45:06
NVDA,NVDA280121C00440000,NVDA,2028-01-21,C,440.0,4.8,886.0,5.05,522.0,0.3979,3056.0,1.0,0.1234,0.002,0.514,-0.0196,0.288,4.8892,0.325,4.9,4.9,4.9,down,4.9,2026-09-16T11:09:24,7.10382,4.57500004768372,215.81,2026-09-16 15:44:11,2026-09-16 11:45:06
NVDA,NVDA280121C00450000,NVDA,2028-01-21,C,450.0,4.4,823.0,4.6,294.0,0.3986,10738.0,162.0,0.1147,0.0019,0.4884,-0.0187,0.268,4.49,0.4,4.48,4.6,4.35,no_change,4.6,2026-09-16T10:08:20,9.52381,4.20000004768372,215.81,2026-09-16 15:44:11,2026-09-16 11:45:06
NVDA,NVDA280121C00455000,NVDA,2028-01-21,C,455.0,4.2,455.0,4.45,309.0,0.3994,355.0,0.0,0.1106,0.0019,0.4759,-0.0182,0.2585,4.3057,0.0,0.0,0.0,0.0,up,4.12,2026-09-14T13:08:26,0.0,4.0,215.81,2026-09-16 15:44:11,2026-09-16 11:45:06
NVDA,NVDA280121C00460000,NVDA,2028-01-21,C,460.0,4.05,758.0,4.25,345.0,0.4001,6075.0,17.0,0.1067,0.0018,0.4638,-0.0178,0.2496,4.1308,0.255,4.0,4.15,4.0,down,4.13,2026-09-16T10:44:58,6.58065,3.875,215.81,2026-09-16 15:44:11,2026-09-16 11:45:06
NVDA,NVDA280121P00005000,NVDA,2028-01-21,P,5.0,0.0,0.0,0.03,16.0,1.1198,6939.0,0.0,-0.0003,0.0,0.0024,-0.0003,-0.0011,0.0279,0.0,0.0,0.0,0.0,no_change,0.02,2026-09-04T11:20:54,0.0,0.0149999996647239,215.81,2026-09-16 15:44:11,2026-09-16 11:45:06
NVDA,NVDA280121P00010000,NVDA,2028-01-21,P,10.0,0.01,10.0,0.05,27.0,0.9591,5947.0,0.0,-0.0006,0.0,0.005,-0.0005,-0.0022,0.0503,0.0,0.0,0.0,0.0,no_change,0.05,2026-08-20T11:21:23,0.0,0.0300000002607703,215.81,2026-09-16 15:44:11,2026-09-16 11:45:06
NVDA,NVDA280121P00015000,NVDA,2028-01-21,P,15.0,0.01,43.0,0.1,33.0,0.8784,1857.0,0.0,-0.0009,0.0,0.0079,-0.0007,-0.0036,0.0761,0.0,0.0,0.0,0.0,up,0.1,2026-09-14T12:08:27,0.0,0.0550000006332994,215.81,2026-09-16 15:44:11,2026-09-16 11:45:06
NVDA,NVDA280121P00020000,NVDA,2028-01-21,P,20.0,0.06,15.0,0.11,78.0,0.8183,2760.0,0.0,-0.0014,0.0,0.0115,-0.0009,-0.0052,0.1063,0.0,0.0,0.0,0.0,no_change,0.08,2026-09-15T10:38:40,0.0,0.0750000011175871,215.81,2026-09-16 15:44:11,2026-09-16 11:45:06
NVDA,NVDA280121P00025000,NVDA,2028-01-21,P,25.0,0.01,41.0,0.16,36.0,0.741,561.0,0.0,-0.002,0.0,0.0156,-0.0012,-0.0072,0.1417,0.0,0.0,0.0,0.0,down,0.15,2026-09-14T15:52:02,0.0,0.0899999979883432,215.81,2026-09-16 15:44:11,2026-09-16 11:45:06
NVDA,NVDA280121P00030000,NVDA,2028-01-21,P,30.0,0.1,144.0,0.3,562.0,0.7503,756.0,0.0,-0.0026,0.0,0.0206,-0.0015,-0.0096,0.1828,0.0,0.0,0.0,0.0,no_change,0.16,2026-09-15T10:38:03,0.0,0.135000001639128,215.81,2026-09-16 15:44:11,2026-09-16 11:45:06
NVDA,NVDA280121P00035000,NVDA,2028-01-21,P,35.0,0.11,47.0,0.35,97.0,0.7051,662.0,0.0,-0.0034,0.0001,0.0261,-0.0018,-0.0124,0.2306,0.0,0.0,0.0,0.0,up,0.25,2026-09-14T15:50:59,0.0,0.234999995678663,215.81,2026-09-16 15:44:11,2026-09-16 11:45:06
NVDA,NVDA280121P00040000,NVDA,2028-01-21,P,40.0,0.25,34.0,0.39,36.0,0.6845,730.0,0.0,-0.0044,0.0001,0.0325,-0.0021,-0.0157,0.2854,0.0,0.0,0.0,0.0,up,0.3,2026-09-14T15:50:02,0.0,0.284999996423721,215.81,2026-09-16 15:44:11,2026-09-16 11:45:06
NVDA,NVDA280121P00045000,NVDA,2028-01-21,P,45.0,0.33,15.0,0.4,35.0,0.6505,3635.0,0.0,-0.0055,0.0001,0.0398,-0.0025,-0.0195,0.3477,0.0,0.0,0.0,0.0,up,0.45,2026-09-14T15:49:46,0.0,0.375,215.81,2026-09-16 15:44:11,2026-09-16 11:45:06
NVDA,NVDA280121P00050000,NVDA,2028-01-21,P,50.0,0.4,26.0,0.49,319.0,0.6266,7283.0,0.0,-0.0068,0.0001,0.0478,-0.0028,-0.0239,0.419,0.0,0.0,0.0,0.0,up,0.48,2026-09-15T11:51:55,0.0,0.459999993443489,215.81,2026-09-16 15:44:11,2026-09-16 11:45:06
NVDA,NVDA280121P00055000,NVDA,2028-01-21,P,55.0,0.36,32.0,0.6,31.0,0.5952,360.0,0.0,-0.0082,0.0001,0.0569,-0.0033,-0.0288,0.499,0.0,0.0,0.0,0.0,no_change,0.57,2026-09-10T10:28:22,0.0,0.559999987483025,215.81,2026-09-16 15:44:11,2026-09-16 11:45:06
NVDA,NVDA280121P00060000,NVDA,2028-01-21,P,60.0,0.52,214.0,0.72,359.0,0.5828,2561.0,0.0,-0.0099,0.0002,0.0671,-0.0037,-0.0345,0.5891,0.0,0.0,0.0,0.0,up,0.6,2026-09-15T14:01:57,0.0,0.650000005960464,215.81,2026-09-16 15:44:11,2026-09-16 11:45:06
NVDA,NVDA280121P00065000,NVDA,2028-01-21,P,65.0,0.61,178.0,0.82,325.0,0.5621,366.0,0.0,-0.0118,0.0002,0.0781,-0.0042,-0.041,0.6913,0.0,0.0,0.0,0.0,down,0.74,2026-09-03T09:49:17,0.0,0.680000007152557,215.81,2026-09-16 15:44:11,2026-09-16 11:45:06
NVDA,NVDA280121P00070000,NVDA,2028-01-21,P,70.0,0.64,318.0,0.92,326.0,0.5386,1577.0,0.0,-0.014,0.0003,0.0903,-0.0047,-0.0482,0.8058,0.0,0.0,0.0,0.0,no_change,0.8,2026-09-15T13:49:05,0.0,0.810000002384186,215.81,2026-09-16 15:44:11,2026-09-16 11:45:06
NVDA,NVDA280121P00075000,NVDA,2028-01-21,P,75.0,0.9,1.0,0.96,13.0,0.5247,1589.0,0.0,-0.0165,0.0003,0.1042,-0.0053,-0.0566,0.9369,0.0,0.0,0.0,0.0,down,1.01,2026-09-10T14:30:38,0.0,0.949999988079071,215.81,2026-09-16 15:44:11,2026-09-16 11:45:06
NVDA,NVDA280121P00080000,NVDA,2028-01-21,P,80.0,0.99,193.0,1.15,118.0,0.5094,8307.0,0.0,-0.0193,0.0004,0.1193,-0.0059,-0.0659,1.0868,0.0,0.0,0.0,0.0,down,1.04,2026-09-15T11:17:06,0.0,1.11999994516373,215.81,2026-09-16 15:44:11,2026-09-16 11:45:06
NVDA,NVDA280121P00085000,NVDA,2028-01-21,P,85.0,1.09,398.0,1.38,334.0,0.4951,654.0,3.0,-0.0227,0.0004,0.1363,-0.0066,-0.0769,1.2648,-0.085,1.26,1.26,1.26,up,1.26,2026-09-16T11:04:43,-6.3197,1.34500002861023,215.81,2026-09-16 15:44:11,2026-09-16 11:45:06
NVDA,NVDA280121P00090000,NVDA,2028-01-21,P,90.0,1.34,348.0,1.64,411.0,0.487,2319.0,0.0,-0.0265,0.0005,0.1553,-0.0073,-0.0891,1.4687,0.0,0.0,0.0,0.0,up,1.6,2026-09-14T15:49:12,0.0,1.5450000166893,215.81,2026-09-16 15:44:11,2026-09-16 11:45:06
NVDA,NVDA280121P00095000,NVDA,2028-01-21,P,95.0,1.54,870.0,1.75,264.0,0.4706,1701.0,1.0,-0.031,0.0006,0.1767,-0.0081,-0.1042,1.7187,0.025,1.73,1.73,1.73,down,1.73,2026-09-16T11:01:15,1.46627,1.70500004291534,215.81,2026-09-16 15:44:11,2026-09-16 11:45:06
NVDA,NVDA280121P00100000,NVDA,2028-01-21,P,100.0,1.94,240.0,2.1,603.0,0.4662,8518.0,0.0,-0.0361,0.0007,0.2004,-0.0091,-0.1207,2.0091,0.0,0.0,0.0,0.0,down,2.09,2026-09-15T10:49:43,0.0,2.07499992847443,215.81,2026-09-16 15:44:11,2026-09-16 11:45:06
NVDA,NVDA280121P00105000,NVDA,2028-01-21,P,105.0,2.28,265.0,2.46,597.0,0.4587,4750.0,0.0,-0.042,0.0008,0.2266,-0.0101,-0.1401,2.3467,0.0,0.0,0.0,0.0,up,2.51,2026-09-15T10:39:56,0.0,2.45500004291534,215.81,2026-09-16 15:44:11,2026-09-16 11:45:06
NVDA,NVDA280121P00110000,NVDA,2028-01-21,P,110.0,2.7,66.0,2.86,717.0,0.4519,7764.0,3.0,-0.0486,0.0009,0.2546,-0.0112,-0.1618,2.7451,-0.085,2.76,2.76,2.76,down,2.76,2026-09-16T11:04:43,-2.9877,2.84500002861023,215.81,2026-09-16 15:44:11,2026-09-16 11:45:06
NVDA,NVDA280121P00115000,NVDA,2028-01-21,P,115.0,3.1,347.0,3.3,429.0,0.4438,3317.0,0.0,-0.0563,0.001,0.2855,-0.0124,-0.1867,3.2095,0.0,0.0,0.0,0.0,no_change,3.4,2026-09-15T15:56:47,0.0,3.35000002384186,215.81,2026-09-16 15:44:11,2026-09-16 11:45:06
NVDA,NVDA280121P00120000,NVDA,2028-01-21,P,120.0,3.65,379.0,3.85,425.0,0.4388,10129.0,0.0,-0.0648,0.0012,0.3188,-0.0137,-0.2142,3.7435,0.0,0.0,0.0,0.0,up,4.0,2026-09-15T14:24:49,0.0,3.92499995231628,215.81,2026-09-16 15:44:11,2026-09-16 11:45:06
NVDA,NVDA280121P00125000,NVDA,2028-01-21,P,125.0,4.25,417.0,4.5,413.0,0.4346,11819.0,0.0,-0.0741,0.0013,0.3527,-0.015,-0.2436,4.3465,0.0,0.0,0.0,0.0,up,4.7,2026-09-15T13:55:22,0.0,4.59999990463257,215.81,2026-09-16 15:44:11,2026-09-16 11:45:06
NVDA,NVDA280121P00130000,NVDA,2028-01-21,P,130.0,4.95,326.0,5.2,393.0,0.4302,11627.0,0.0,-0.0845,0.0015,0.389,-0.0164,-0.2768,5.0395,0.0,0.0,0.0,0.0,no_change,5.35,2026-09-15T13:52:38,0.0,5.32499980926514,215.81,2026-09-16 15:44:11,2026-09-16 11:45:06
NVDA,NVDA280121P00135000,NVDA,2028-01-21,P,135.0,5.7,424.0,5.95,405.0,0.4257,5239.0,0.0,-0.0958,0.0016,0.4267,-0.0179,-0.3132,5.8133,0.0,0.0,0.0,0.0,no_change,6.15,2026-09-15T13:49:15,0.0,6.15000009536743,215.81,2026-09-16 15:44:11,2026-09-16 11:45:06
NVDA,NVDA280121P00140000,NVDA,2028-01-21,P,140.0,6.5,1097.0,6.75,459.0,0.4207,22482.0,0.0,-0.1079,0.0018,0.4645,-0.0194,-0.3512,6.6766,0.0,0.0,0.0,0.0,down,7.0,2026-09-15T10:42:17,0.0,7.0,215.81,2026-09-16 15:44:11,2026-09-16 11:45:06
NVDA,NVDA280121P00145000,NVDA,2028-01-21,P,145.0,7.45,534.0,7.85,541.0,0.419,6621.0,0.0,-0.121,0.002,0.5037,-0.0209,-0.3931,7.6335,0.0,0.0,0.0,0.0,down,8.0,2026-09-15T10:42:46,0.0,8.09999990463257,215.81,2026-09-16 15:44:11,2026-09-16 11:45:06
NVDA,NVDA280121P00150000,NVDA,2028-01-21,P,150.0,8.55,812.0,8.75,130.0,0.4151,26969.0,3.0,-0.1349,0.0021,0.5424,-0.0224,-0.4362,8.6853,-0.49,8.65,8.68,8.65,down,8.66,2026-09-16T11:24:27,-5.35519,9.15000009536743,215.81,2026-09-16 15:44:11,2026-09-16 11:45:06
NVDA,NVDA280121P00155000,NVDA,2028-01-21,P,155.0,9.75,548.0,9.95,482.0,0.413,5654.0,0.0,-0.15,0.0023,0.5824,-0.0239,-0.4808,9.8542,0.0,0.0,0.0,0.0,down,10.4,2026-09-15T11:55:58,0.0,10.4000000953674,215.81,2026-09-16 15:44:11,2026-09-16 11:45:06
NVDA,NVDA280121P00160000,NVDA,2028-01-21,P,160.0,10.95,720.0,11.35,773.0,0.4112,4873.0,5.0,-0.1657,0.0025,0.6206,-0.0254,-0.529,11.1162,-0.4,11.25,11.25,11.25,down,11.25,2026-09-16T10:05:34,-3.43348,11.6500000953674,215.81,2026-09-16 15:44:11,2026-09-16 11:45:06
NVDA,NVDA280121P00165000,NVDA,2028-01-21,P,165.0,12.3,633.0,12.7,629.0,0.4086,8910.0,0.0,-0.1821,0.0027,0.6584,-0.0268,-0.5768,12.4864,0.0,0.0,0.0,0.0,down,13.05,2026-09-15T10:41:41,0.0,13.1500000953674,215.81,2026-09-16 15:44:11,2026-09-16 11:45:06
NVDA,NVDA280121P00170000,NVDA,2028-01-21,P,170.0,13.75,789.0,14.15,640.0,0.4062,4855.0,101.0,-0.1993,0.0029,0.695,-0.0282,-0.6274,13.9656,-0.45,14.25,14.25,14.2,no_change,14.2,2026-09-16T10:01:50,-3.07167,14.6500000953674,215.81,2026-09-16 15:44:11,2026-09-16 11:45:06
NVDA,NVDA280121P00175000,NVDA,2028-01-21,P,175.0,15.4,709.0,15.8,708.0,0.4051,7760.0,2.0,-0.2172,0.003,0.7303,-0.0296,-0.6801,15.5558,-0.6,15.75,15.75,15.75,down,15.75,2026-09-16T10:31:08,-3.66973,16.3500003814697,215.81,2026-09-16 15:44:11,2026-09-16 11:45:06
NVDA,NVDA280121P00180000,NVDA,2028-01-21,P,180.0,17.15,707.0,17.5,844.0,0.4036,16040.0,184.0,-0.2356,0.0032,0.7637,-0.0309,-0.7305,17.2601,-0.775,17.62,17.65,17.2,no_change,17.35,2026-09-16T11:23:36,-4.27586,18.125,215.81,2026-09-16 15:44:11,2026-09-16 11:45:06
NVDA,NVDA280121P00185000,NVDA,2028-01-21,P,185.0,18.85,908.0,19.2,214.0,0.4007,7165.0,4.0,-0.2545,0.0034,0.7949,-0.0321,-0.7828,19.0633,-1.175,19.34,19.34,19.0,down,19.0,2026-09-16T11:11:12,-5.82404,20.1750001907349,215.81,2026-09-16 15:44:11,2026-09-16 11:45:06
NVDA,NVDA280121P00190000,NVDA,2028-01-21,P,190.0,20.8,567.0,21.4,621.0,0.3992,12587.0,0.0,-0.2741,0.0035,0.8246,-0.0333,-0.8378,20.9942,0.0,0.0,0.0,0.0,up,22.05,2026-09-15T11:28:05,0.0,22.0,215.81,2026-09-16 15:44:11,2026-09-16 11:45:06
NVDA,NVDA280121P00195000,NVDA,2028-01-21,P,195.0,22.85,619.0,23.35,673.0,0.3988,3028.0,0.0,-0.2942,0.0037,0.8516,-0.0344,-0.8867,23.0582,0.0,0.0,0.0,0.0,up,24.3,2026-09-15T15:37:46,0.0,24.25,215.81,2026-09-16 15:44:11,2026-09-16 11:45:06
NVDA,NVDA280121P00200000,NVDA,2028-01-21,P,200.0,25.05,829.0,25.6,952.0,0.3971,27342.0,6.0,-0.3144,0.0038,0.8759,-0.0353,-0.9387,25.2032,-1.225,25.71,25.71,25.2,down,25.2,2026-09-16T11:15:21,-4.63576,26.4249992370605,215.81,2026-09-16 15:44:11,2026-09-16 11:45:06
NVDA,NVDA280121P00205000,NVDA,2028-01-21,P,205.0,27.2,571.0,27.7,582.0,0.3951,6215.0,0.0,-0.3354,0.004,0.8976,-0.0363,-0.989,27.4998,0.0,0.0,0.0,0.0,down,28.7,2026-09-15T14:28:02,0.0,28.8249998092651,215.81,2026-09-16 15:44:11,2026-09-16 11:45:06
NVDA,NVDA280121P00210000,NVDA,2028-01-21,P,210.0,29.75,368.0,29.95,1.0,0.3939,5787.0,4.0,-0.3564,0.0041,0.9172,-0.0371,-1.0383,29.8903,-1.05,30.6,30.6,30.2,down,30.2,2026-09-16T10:05:33,-3.36,31.25,215.81,2026-09-16 15:44:11,2026-09-16 11:45:06
NVDA,NVDA280121P00215000,NVDA,2028-01-21,P,215.0,32.15,611.0,32.6,614.0,0.394,6889.0,7.0,-0.3774,0.0042,0.9331,-0.0378,-1.0835,32.3742,-1.375,32.72,32.73,32.45,down,32.45,2026-09-16T11:02:05,-4.06504,33.8250007629394,215.81,2026-09-16 15:44:11,2026-09-16 11:45:06
NVDA,NVDA280121P00220000,NVDA,2028-01-21,P,220.0,34.8,616.0,35.35,957.0,0.394,7110.0,4.0,-0.3988,0.0044,0.9459,-0.0385,-1.1241,34.99,-0.725,36.3,36.3,35.85,no_change,35.85,2026-09-16T09:45:13,-1.98223,36.5750007629394,215.81,2026-09-16 15:44:11,2026-09-16 11:45:06
NVDA,NVDA280121P00225000,NVDA,2028-01-21,P,225.0,37.4,1006.0,37.9,191.0,0.3913,2133.0,5.0,-0.4205,0.0045,0.9566,-0.039,-1.1738,37.7391,-1.08,38.1,38.22,38.1,up,38.22,2026-09-16T10:32:30,-2.74809,39.2999992370606,215.81,2026-09-16 15:44:11,2026-09-16 11:45:06
NVDA,NVDA280121P00230000,NVDA,2028-01-21,P,230.0,40.25,255.0,40.8,204.0,0.3908,7069.0,7.0,-0.4421,0.0046,0.9638,-0.0395,-1.2101,40.5745,-0.995,41.33,41.33,41.33,down,41.33,2026-09-16T09:35:24,-2.35085,42.3249988555908,215.81,2026-09-16 15:44:11,2026-09-16 11:45:06
NVDA,NVDA280121P00235000,NVDA,2028-01-21,P,235.0,43.2,254.0,43.85,259.0,0.391,2522.0,0.0,-0.4636,0.0046,0.9681,-0.0398,-1.2441,43.5167,0.0,0.0,0.0,0.0,down,45.0,2026-09-15T10:42:18,0.0,45.2749996185303,215.81,2026-09-16 15:44:11,2026-09-16 11:45:06
NVDA,NVDA280121P00240000,NVDA,2028-01-21,P,240.0,46.2,233.0,46.95,407.0,0.3907,1003.0,0.0,-0.485,0.0047,0.9693,-0.0402,-1.2824,46.5376,0.0,0.0,0.0,0.0,no_change,48.35,2026-09-14T15:02:37,0.0,48.4249992370606,215.81,2026-09-16 15:44:11,2026-09-16 11:45:06
NVDA,NVDA280121P00245000,NVDA,2028-01-21,P,245.0,49.2,170.0,50.05,253.0,0.3889,468.0,0.0,-0.5067,0.0048,0.9679,-0.0404,-1.3057,49.7115,0.0,0.0,0.0,0.0,up,52.95,2026-09-14T11:08:00,0.0,51.8000011444092,215.81,2026-09-16 15:44:11,2026-09-16 11:45:06
NVDA,NVDA280121P00250000,NVDA,2028-01-21,P,250.0,52.55,500.0,53.5,402.0,0.3885,1943.0,4.0,-0.5278,0.0049,0.9624,-0.0405,-1.3353,52.9297,-1.525,54.1,54.1,53.4,down,53.4,2026-09-16T10:21:42,-2.77652,54.9250011444092,215.81,2026-09-16 15:44:11,2026-09-16 11:45:06
NVDA,NVDA280121P00255000,NVDA,2028-01-21,P,255.0,55.8,109.0,56.7,67.0,0.3883,361.0,0.0,-0.5492,0.0049,0.9543,-0.0406,-1.3508,56.3067,0.0,0.0,0.0,0.0,down,50.6,2026-09-04T15:53:50,0.0,58.5500011444092,215.81,2026-09-16 15:44:11,2026-09-16 11:45:06
NVDA,NVDA280121P00260000,NVDA,2028-01-21,P,260.0,59.35,365.0,60.0,192.0,0.3881,3900.0,0.0,-0.5701,0.005,0.9448,-0.0406,-1.3781,59.7164,0.0,0.0,0.0,0.0,up,61.95,2026-09-15T11:47:58,0.0,61.8000011444092,215.81,2026-09-16 15:44:11,2026-09-16 11:45:06
NVDA,NVDA280121P00265000,NVDA,2028-01-21,P,265.0,62.3,138.0,64.0,95.0,0.3868,328.0,0.0,-0.5912,0.005,0.9313,-0.0405,-1.3811,63.2789,0.0,0.0,0.0,0.0,no_change,54.8,2026-09-04T10:31:05,0.0,65.8250007629394,215.81,2026-09-16 15:44:11,2026-09-16 11:45:06
NVDA,NVDA280121P00270000,NVDA,2028-01-21,P,270.0,66.4,113.0,67.75,105.0,0.3899,450.0,0.0,-0.6118,0.0051,0.9153,-0.0403,-1.3869,66.9008,0.0,0.0,0.0,0.0,down,69.2,2026-09-15T15:51:29,0.0,69.1500015258789,215.81,2026-09-16 15:44:11,2026-09-16 11:45:06
NVDA,NVDA280121P00275000,NVDA,2028-01-21,P,275.0,70.15,108.0,71.0,62.0,0.3874,229.0,0.0,-0.6322,0.0051,0.8974,-0.0402,-1.3828,70.6098,0.0,0.0,0.0,0.0,up,68.85,2026-09-11T09:57:27,0.0,73.375,215.81,2026-09-16 15:44:11,2026-09-16 11:45:06
NVDA,NVDA280121P00280000,NVDA,2028-01-21,P,280.0,74.0,251.0,75.0,255.0,0.3887,927.0,2.0,-0.6523,0.0051,0.8734,-0.0399,-1.3854,74.4055,-1.875,74.95,74.95,74.95,no_change,74.95,2026-09-16T10:04:54,-2.44061,76.8250007629394,215.81,2026-09-16 15:44:11,2026-09-16 11:45:06
NVDA,NVDA280121P00285000,NVDA,2028-01-21,P,285.0,77.45,128.0,79.7,382.0,0.391,476.0,0.0,-0.6723,0.0052,0.8531,-0.0397,-1.3784,78.276,0.0,0.0,0.0,0.0,down,77.6,2026-09-10T11:44:48,0.0,80.7750015258789,215.81,2026-09-16 15:44:11,2026-09-16 11:45:06
NVDA,NVDA280121P00290000,NVDA,2028-01-21,P,290.0,81.8,92.0,82.55,48.0,0.3868,257.0,0.0,-0.6917,0.0052,0.8286,-0.0393,-1.355,82.2265,0.0,0.0,0.0,0.0,up,78.3,2026-09-09T11:13:07,0.0,84.8499984741211,215.81,2026-09-16 15:44:11,2026-09-16 11:45:06
NVDA,NVDA280121P00295000,NVDA,2028-01-21,P,295.0,84.95,115.0,87.7,204.0,0.3882,154.0,0.0,-0.711,0.0052,0.7963,-0.039,-1.3339,86.258,0.0,0.0,0.0,0.0,no_change,83.68,2026-09-11T10:18:55,0.0,89.2000007629394,215.81,2026-09-16 15:44:11,2026-09-16 11:45:06
NVDA,NVDA280121P00300000,NVDA,2028-01-21,P,300.0,89.8,126.0,90.65,36.0,0.3856,1489.0,49.0,-0.7299,0.0052,0.7691,-0.0386,-1.3131,90.3593,-2.15,90.92,91.1,90.92,up,91.1,2026-09-16T10:03:33,-2.30563,93.25,215.81,2026-09-16 15:44:11,2026-09-16 11:45:06
NVDA,NVDA280121P00310000,NVDA,2028-01-21,P,310.0,97.9,248.0,99.4,205.0,0.3856,909.0,51.0,-0.7675,0.0053,0.7009,-0.038,-1.2503,98.7742,-2.025,99.52,99.57,99.35,down,99.35,2026-09-16T10:05:12,-1.99753,101.375,215.81,2026-09-16 15:44:11,2026-09-16 11:45:06
NVDA,NVDA280121P00320000,NVDA,2028-01-21,P,320.0,106.15,111.0,108.95,173.0,0.3893,758.0,0.0,-0.8032,0.0053,0.6263,-0.0365,-1.1376,107.4481,0.0,0.0,0.0,0.0,up,111.3,2026-09-14T11:33:22,0.0,110.674999237061,215.81,2026-09-16 15:44:11,2026-09-16 11:45:06
NVDA,NVDA280121P00330000,NVDA,2028-01-21,P,330.0,115.4,100.0,117.05,22.0,0.381,1364.0,0.0,-0.8379,0.0053,0.5389,-0.0361,-0.977,116.3744,0.0,0.0,0.0,0.0,down,103.7,2026-09-04T09:45:56,0.0,119.224998474121,215.81,2026-09-16 15:44:11,2026-09-16 11:45:06
NVDA,NVDA280121P00340000,NVDA,2028-01-21,P,340.0,124.95,95.0,126.2,23.0,0.3868,1024.0,0.0,-0.872,0.0053,0.4703,-0.0356,-0.8871,125.521,0.0,0.0,0.0,0.0,up,124.19,2026-09-10T15:18:19,0.0,128.900001525879,215.81,2026-09-16 15:44:11,2026-09-16 11:45:06
NVDA,NVDA280121P00350000,NVDA,2028-01-21,P,350.0,133.9,164.0,136.2,161.0,0.3937,572.0,0.0,-0.9051,0.0054,0.3591,-0.0366,-0.7072,134.8854,0.0,0.0,0.0,0.0,up,128.45,2026-09-09T11:22:10,0.0,138.650001525879,215.81,2026-09-16 15:44:11,2026-09-16 11:45:06
NVDA,NVDA280121P00360000,NVDA,2028-01-21,P,360.0,142.7,78.0,145.55,77.0,0.3713,98.0,0.0,-0.9339,0.0051,0.2449,-0.0335,-0.4035,144.4529,0.0,0.0,0.0,0.0,up,147.98,2026-09-14T15:52:49,0.0,148.0,215.81,2026-09-16 15:44:11,2026-09-16 11:45:06
NVDA,NVDA280121P00370000,NVDA,2028-01-21,P,370.0,153.1,51.0,155.4,47.0,0.394,45.0,0.0,-0.9573,0.0043,0.179,-0.0332,-0.37,154.1865,0.0,0.0,0.0,0.0,down,145.95,2026-09-02T13:38:29,0.0,158.074996948242,215.81,2026-09-16 15:44:11,2026-09-16 11:45:06
NVDA,NVDA280121P00380000,NVDA,2028-01-21,P,380.0,163.05,41.0,165.2,41.0,0.4011,16.0,0.0,-0.9751,0.0028,0.0051,-0.0317,0.0,164.12,0.0,0.0,0.0,0.0,up,167.64,2026-09-15T15:27:18,0.0,167.974998474121,215.81,2026-09-16 15:44:11,2026-09-16 11:45:06
NVDA,NVDA280121P00390000,NVDA,2028-01-21,P,390.0,172.95,41.0,175.15,56.0,0.0,0.0,0.0,-0.988,0.0013,0.0,-0.0317,0.0,174.12,0.0,0.0,0.0,0.0,down,177.9,2026-09-15T14:33:39,0.0,178.125,215.81,2026-09-16 15:44:11,2026-09-16 11:45:06
NVDA,NVDA280121P00400000,NVDA,2028-01-21,P,400.0,182.95,41.0,185.15,8.0,0.0,0.0,0.0,-0.9957,0.0005,0.0,-0.0317,0.0,184.12,0.0,0.0,0.0,0.0,up,180.4,2026-09-11T12:20:28,0.0,188.050003051758,215.81,2026-09-16 15:44:11,2026-09-16 11:45:06
NVDA,NVDA280121P00410000,NVDA,2028-01-21,P,410.0,192.95,41.0,195.45,41.0,0.0,0.0,0.0,-1.0,0.0,0.0,-0.0317,0.0,194.12,0.0,0.0,0.0,0.0,down,180.52,2026-08-27T13:41:49,0.0,198.050003051758,215.81,2026-09-16 15:44:11,2026-09-16 11:45:06
NVDA,NVDA280121P00420000,NVDA,2028-01-21,P,420.0,202.95,35.0,205.15,5.0,0.0,0.0,0.0,-1.0,0.0,0.0,-0.0317,0.0,204.12,0.0,0.0,0.0,0.0,up,207.82,2026-08-25T14:03:32,0.0,208.050003051758,215.81,2026-09-16 15:44:11,2026-09-16 11:45:06
NVDA,NVDA280121P00430000,NVDA,2028-01-21,P,430.0,212.95,41.0,215.15,5.0,0.0,0.0,0.0,-1.0,0.0,0.0,-0.0317,0.0,214.12,0.0,0.0,0.0,0.0,down,209.72,2026-08-31T15:53:44,0.0,218.050003051758,215.81,2026-09-16 15:44:11,2026-09-16 11:45:06
NVDA,NVDA280121P00440000,NVDA,2028-01-21,P,440.0,222.95,41.0,225.45,41.0,0.0,0.0,0.0,-1.0,0.0,0.0,-0.0317,0.0,224.12,0.0,0.0,0.0,0.0,down,216.91,2026-08-12T15:24:16,0.0,228.050003051758,215.81,2026-09-16 15:44:11,2026-09-16 11:45:06
NVDA,NVDA280121P00450000,NVDA,2028-01-21,P,450.0,232.95,7.0,235.15,5.0,0.0,0.0,0.0,-1.0,0.0,0.0,-0.0317,0.0,234.12,0.0,0.0,0.0,0.0,up,241.01,2026-06-08T15:06:46,0.0,238.050003051758,215.81,2026-09-16 15:44:11,2026-09-16 11:45:06
NVDA,NVDA280121P00455000,NVDA,2028-01-21,P,455.0,237.95,5.0,240.15,5.0,0.0,0.0,0.0,-1.0,0.0,0.0,-0.0317,0.0,239.12,0.0,0.0,0.0,0.0,down,226.5,2026-09-03T10:20:48,0.0,243.050003051758,215.81,2026-09-16 15:44:11,2026-09-16 11:45:06
NVDA,NVDA280121P00460000,NVDA,2028-01-21,P,460.0,242.95,5.0,245.45,7.0,0.0,0.0,0.0,-1.0,0.0,0.0,-0.0317,0.0,244.12,0.0,0.0,0.0,0.0,up,240.25,2026-09-10T14:50:28,0.0,248.050003051758,215.81,2026-09-16 15:44:11,2026-09-16 11:45:06
NVDA,NVDA280616C00005000,NVDA,2028-06-16,C,5.0,207.15,24.0,212.8,25.0,0.0,178.0,0.0,1.0,0.0,0.0018,0.0,0.0279,211.5401,0.0,0.0,0.0,0.0,no_change,207.0,2026-09-15T14:18:12,0.0,207.425003051758,215.81,2026-09-16 15:44:11,2026-09-16 11:45:06
NVDA,NVDA280616C00010000,NVDA,2028-06-16,C,10.0,201.0,2.0,207.9,25.0,0.9,2.0,0.0,1.0,0.0,0.002,0.0,0.0683,206.6039,0.0,0.0,0.0,0.0,up,215.0,2026-08-28T10:39:27,0.0,202.625,215.81,2026-09-16 15:44:11,2026-09-16 11:45:06
NVDA,NVDA280616C00015000,NVDA,2028-06-16,C,15.0,197.0,2.0,203.2,25.0,0.9234,5.0,0.0,1.0,0.0,0.0066,0.0,0.1395,201.7912,0.0,0.0,0.0,0.0,up,213.1,2026-09-08T10:21:56,0.0,197.925003051758,215.81,2026-09-16 15:44:11,2026-09-16 11:45:06
NVDA,NVDA280616C00020000,NVDA,2028-06-16,C,20.0,192.95,24.0,198.75,25.0,0.8848,115.0,0.0,1.0,0.0,0.014,0.0,0.2617,197.1452,0.0,0.0,0.0,0.0,down,200.5,2026-09-02T09:48:30,0.0,193.349998474121,215.81,2026-09-16 15:44:11,2026-09-16 11:45:06
NVDA,NVDA280616C00025000,NVDA,2028-06-16,C,25.0,188.6,24.0,194.25,25.0,0.817,100.0,0.0,1.0,0.0,0.0207,0.0,0.3929,192.5229,0.0,0.0,0.0,0.0,up,202.03,2026-09-09T09:43:30,0.0,188.825004577637,215.81,2026-09-16 15:44:11,2026-09-16 11:45:06
NVDA,NVDA280616C00030000,NVDA,2028-06-16,C,30.0,186.75,1.0,189.7,1.0,0.7681,55.0,0.0,1.0,0.0,0.0284,0.0,0.4679,188.0408,0.0,0.0,0.0,0.0,down,168.33,2026-07-27T14:19:21,0.0,184.300003051758,215.81,2026-09-16 15:44:11,2026-09-16 11:45:06
NVDA,NVDA280616C00035000,NVDA,2028-06-16,C,35.0,182.2,20.0,185.2,1.0,0.7217,30.0,0.0,1.0,0.0001,0.0354,0.0,0.5415,183.5184,0.0,0.0,0.0,0.0,down,185.93,2026-09-11T15:34:15,0.0,179.675003051758,215.81,2026-09-16 15:44:11,2026-09-16 11:45:06
NVDA,NVDA280616C00040000,NVDA,2028-06-16,C,40.0,177.55,1.0,180.7,26.0,0.6777,59.0,0.0,1.0,0.0001,0.0445,0.0,0.6146,178.9511,0.0,0.0,0.0,0.0,no_change,192.57,2026-09-03T14:16:54,0.0,175.175003051758,215.81,2026-09-16 15:44:11,2026-09-16 11:45:06
NVDA,NVDA280616C00045000,NVDA,2028-06-16,C,45.0,173.15,1.0,176.25,26.0,0.6463,235.0,0.0,0.9986,0.0001,0.0546,0.0,0.6855,174.4494,0.0,0.0,0.0,0.0,up,187.39,2026-09-03T14:47:58,0.0,170.675003051758,215.81,2026-09-16 15:44:11,2026-09-16 11:45:06
NVDA,NVDA280616C00050000,NVDA,2028-06-16,C,50.0,168.55,1.0,171.75,26.0,0.6203,242.0,0.0,0.997,0.0001,0.0643,0.0,0.7567,169.9587,0.0,0.0,0.0,0.0,up,173.54,2026-08-18T09:31:46,0.0,166.175003051758,215.81,2026-09-16 15:44:11,2026-09-16 11:45:06
NVDA,NVDA280616C00055000,NVDA,2028-06-16,C,55.0,164.15,1.0,167.3,26.0,0.5959,335.0,0.0,0.9952,0.0002,0.0786,0.0,0.8259,165.4803,0.0,0.0,0.0,0.0,up,175.0,2026-08-27T10:11:12,0.0,161.699996948242,215.81,2026-09-16 15:44:11,2026-09-16 11:45:06
NVDA,NVDA280616C00060000,NVDA,2028-06-16,C,60.0,159.55,1.0,162.5,45.0,0.5522,301.0,0.0,0.9932,0.0002,0.0912,0.0,0.8946,161.019,0.0,0.0,0.0,0.0,up,157.48,2026-09-15T15:54:53,0.0,157.150001525879,215.81,2026-09-16 15:44:11,2026-09-16 11:45:06
NVDA,NVDA280616C00065000,NVDA,2028-06-16,C,65.0,155.4,52.0,158.4,30.0,0.563,449.0,0.0,0.9908,0.0002,0.105,0.0,0.9626,156.5723,0.0,0.0,0.0,0.0,up,159.15,2026-09-01T13:07:48,0.0,152.824996948242,215.81,2026-09-16 15:44:11,2026-09-16 11:45:06
NVDA,NVDA280616C00070000,NVDA,2028-06-16,C,70.0,150.95,68.0,154.0,73.0,0.5407,307.0,4.0,0.9882,0.0003,0.1235,0.0,1.0277,152.1462,3.71,152.21,152.21,152.21,down,152.21,2026-09-16T11:27:22,2.49832,148.5,215.81,2026-09-16 15:44:11,2026-09-16 11:45:06
NVDA,NVDA280616C00075000,NVDA,2028-06-16,C,75.0,146.55,63.0,149.45,77.0,0.5196,328.0,1.0,0.9851,0.0003,0.1405,0.0,1.0918,147.7461,1.8,145.95,145.95,145.95,up,145.95,2026-09-16T09:38:44,1.2487,144.150001525879,215.81,2026-09-16 15:44:11,2026-09-16 11:45:06
NVDA,NVDA280616C00080000,NVDA,2028-06-16,C,80.0,142.15,48.0,145.15,54.0,0.5068,591.0,0.0,0.9817,0.0004,0.1608,0.0,1.1548,143.3736,0.0,0.0,0.0,0.0,up,140.26,2026-09-15T11:40:35,0.0,139.599998474121,215.81,2026-09-16 15:44:11,2026-09-16 11:45:06
NVDA,NVDA280616C00085000,NVDA,2028-06-16,C,85.0,138.0,37.0,140.75,49.0,0.4973,276.0,0.0,0.9777,0.0005,0.1838,0.0,1.2135,139.0397,0.0,0.0,0.0,0.0,down,141.4,2026-08-11T15:23:11,0.0,135.074996948242,215.81,2026-09-16 15:44:11,2026-09-16 11:45:06
NVDA,NVDA280616C00090000,NVDA,2028-06-16,C,90.0,133.7,53.0,136.4,55.0,0.4845,441.0,0.0,0.9732,0.0005,0.2068,0.0,1.2705,134.7484,0.0,0.0,0.0,0.0,down,144.55,2026-09-08T14:13:30,0.0,131.224998474121,215.81,2026-09-16 15:44:11,2026-09-16 11:45:06
NVDA,NVDA280616C00095000,NVDA,2028-06-16,C,95.0,129.45,113.0,132.1,132.0,0.4734,192.0,0.0,0.968,0.0006,0.235,0.0,1.3252,130.5039,0.0,0.0,0.0,0.0,down,139.0,2026-08-28T10:47:38,0.0,126.974998474121,215.81,2026-09-16 15:44:11,2026-09-16 11:45:06
NVDA,NVDA280616C00100000,NVDA,2028-06-16,C,100.0,125.25,84.0,127.9,147.0,0.4646,463.0,6.0,0.9622,0.0007,0.2636,0.0,1.3752,126.317,4.965,127.79,127.79,127.79,up,127.79,2026-09-16T11:05:07,4.04234,122.825000762939,215.81,2026-09-16 15:44:11,2026-09-16 11:45:06
NVDA,NVDA280616C00105000,NVDA,2028-06-16,C,105.0,121.1,237.0,122.9,119.0,0.4419,216.0,0.0,0.9557,0.0008,0.294,0.0,1.423,122.1888,0.0,0.0,0.0,0.0,down,125.4,2026-09-11T13:10:35,0.0,118.724998474121,215.81,2026-09-16 15:44:11,2026-09-16 11:45:06
NVDA,NVDA280616C00110000,NVDA,2028-06-16,C,110.0,117.0,271.0,119.5,239.0,0.4468,610.0,0.0,0.9485,0.0009,0.3278,0.0,1.4686,118.1268,0.0,0.0,0.0,0.0,up,115.59,2026-09-15T09:43:23,0.0,114.475002288818,215.81,2026-09-16 15:44:11,2026-09-16 11:45:06
NVDA,NVDA280616C00115000,NVDA,2028-06-16,C,115.0,113.25,78.0,115.05,22.0,0.4386,268.0,0.0,0.9406,0.001,0.3622,0.0,1.511,114.1354,0.0,0.0,0.0,0.0,down,124.33,2026-09-02T12:42:25,0.0,110.5,215.81,2026-09-16 15:44:11,2026-09-16 11:45:06
NVDA,NVDA280616C00120000,NVDA,2028-06-16,C,120.0,109.1,81.0,110.9,18.0,0.4283,333.0,0.0,0.932,0.0011,0.399,0.0,1.5599,110.2191,0.0,0.0,0.0,0.0,down,113.1,2026-09-10T09:44:21,0.0,106.625,215.81,2026-09-16 15:44:11,2026-09-16 11:45:06
NVDA,NVDA280616C00125000,NVDA,2028-06-16,C,125.0,105.2,268.0,107.1,181.0,0.4247,484.0,0.0,0.9227,0.0012,0.4364,-0.0008,1.6172,106.3834,0.0,0.0,0.0,0.0,down,113.91,2026-09-09T13:04:33,0.0,102.824996948242,215.81,2026-09-16 15:44:11,2026-09-16 11:45:06
NVDA,NVDA280616C00130000,NVDA,2028-06-16,C,130.0,101.45,339.0,103.35,284.0,0.4218,496.0,6.0,0.9127,0.0014,0.4751,-0.0025,1.6454,102.6328,4.1,103.05,103.05,103.05,no_change,103.05,2026-09-16T10:45:15,4.14351,98.9500007629394,215.81,2026-09-16 15:44:11,2026-09-16 11:45:06
NVDA,NVDA280616C00135000,NVDA,2028-06-16,C,135.0,98.4,222.0,99.5,140.0,0.4234,519.0,0.0,0.9021,0.0015,0.5138,-0.0042,1.6698,98.9657,0.0,0.0,0.0,0.0,no_change,96.0,2026-09-15T11:41:47,0.0,95.8250007629394,215.81,2026-09-16 15:44:11,2026-09-16 11:45:06
NVDA,NVDA280616C00140000,NVDA,2028-06-16,C,140.0,94.3,272.0,96.05,160.0,0.4171,475.0,0.0,0.8908,0.0016,0.5532,-0.0058,1.6902,95.3834,0.0,0.0,0.0,0.0,down,92.0,2026-09-15T12:46:06,0.0,91.9250030517578,215.81,2026-09-16 15:44:11,2026-09-16 11:45:06
NVDA,NVDA280616C00145000,NVDA,2028-06-16,C,145.0,91.25,314.0,93.0,301.0,0.4225,212.0,4.0,0.8789,0.0018,0.593,-0.0075,1.706,91.8892,2.29,90.84,90.84,90.84,up,90.84,2026-09-16T09:59:27,2.58611,88.5500030517578,215.81,2026-09-16 15:44:11,2026-09-16 11:45:06
NVDA,NVDA280616C00150000,NVDA,2028-06-16,C,150.0,87.35,250.0,89.15,173.0,0.4125,486.0,0.0,0.8664,0.0019,0.632,-0.0091,1.7188,88.4847,0.0,0.0,0.0,0.0,down,85.35,2026-09-15T11:29:28,0.0,85.1500015258789,215.81,2026-09-16 15:44:11,2026-09-16 11:45:06
NVDA,NVDA280616C00155000,NVDA,2028-06-16,C,155.0,84.75,124.0,85.9,209.0,0.4165,278.0,0.0,0.8534,0.002,0.6706,-0.0107,1.7282,85.1698,0.0,0.0,0.0,0.0,down,81.8,2026-09-15T13:59:32,0.0,81.7999992370606,215.81,2026-09-16 15:44:11,2026-09-16 11:45:06
NVDA,NVDA280616C00160000,NVDA,2028-06-16,C,160.0,81.15,264.0,82.4,140.0,0.4098,309.0,0.0,0.8399,0.0021,0.7091,-0.0123,1.733,81.9467,0.0,0.0,0.0,0.0,no_change,78.75,2026-09-15T15:50:49,0.0,78.7249984741211,215.81,2026-09-16 15:44:11,2026-09-16 11:45:06
NVDA,NVDA280616C00165000,NVDA,2028-06-16,C,165.0,78.1,258.0,79.25,137.0,0.4086,380.0,0.0,0.826,0.0022,0.7462,-0.0138,1.7351,78.8166,0.0,0.0,0.0,0.0,up,76.05,2026-09-14T13:24:32,0.0,76.0999984741211,215.81,2026-09-16 15:44:11,2026-09-16 11:45:06
NVDA,NVDA280616C00170000,NVDA,2028-06-16,C,170.0,74.6,350.0,76.8,311.0,0.4079,391.0,1.0,0.8116,0.0024,0.782,-0.0153,1.7347,75.7783,1.4,74.4,74.4,74.4,up,74.4,2026-09-16T09:31:02,1.91781,73.0,215.81,2026-09-16 15:44:11,2026-09-16 11:45:06
NVDA,NVDA280616C00175000,NVDA,2028-06-16,C,175.0,72.0,263.0,73.85,186.0,0.4086,428.0,0.0,0.7969,0.0025,0.8169,-0.0167,1.7303,72.8323,0.0,0.0,0.0,0.0,down,69.71,2026-09-15T15:53:29,0.0,70.0750007629394,215.81,2026-09-16 15:44:11,2026-09-16 11:45:06
NVDA,NVDA280616C00180000,NVDA,2028-06-16,C,180.0,68.75,348.0,70.5,233.0,0.4019,492.0,1.0,0.7819,0.0026,0.8504,-0.0181,1.7228,69.9797,1.98,69.03,69.03,69.03,up,69.03,2026-09-16T09:49:30,2.95302,67.0499992370606,215.81,2026-09-16 15:44:11,2026-09-16 11:45:06
NVDA,NVDA280616C00185000,NVDA,2028-06-16,C,185.0,66.4,328.0,68.15,305.0,0.4055,480.0,1.0,0.7666,0.0027,0.8819,-0.0194,1.7138,67.2192,2.46,66.71,66.71,66.71,up,66.71,2026-09-16T10:51:16,3.82879,64.2500019073486,215.81,2026-09-16 15:44:11,2026-09-16 11:45:06
NVDA,NVDA280616C00190000,NVDA,2028-06-16,C,190.0,64.25,211.0,64.95,386.0,0.4043,657.0,9.0,0.751,0.0028,0.9119,-0.0206,1.7021,64.549,2.82,63.15,64.57,63.15,up,64.57,2026-09-16T11:04:00,4.5668,61.75,215.81,2026-09-16 15:44:11,2026-09-16 11:45:06
NVDA,NVDA280616C00195000,NVDA,2028-06-16,C,195.0,61.2,242.0,62.7,199.0,0.4024,508.0,0.0,0.7353,0.0029,0.9403,-0.0217,1.6871,61.9696,0.0,0.0,0.0,0.0,up,59.5,2026-09-15T12:24:31,0.0,59.2750015258789,215.81,2026-09-16 15:44:11,2026-09-16 11:45:06
NVDA,NVDA280616C00200000,NVDA,2028-06-16,C,200.0,59.2,79.0,60.0,363.0,0.4029,1051.0,6.0,0.7195,0.003,0.9667,-0.0228,1.6703,59.4805,1.775,58.0,58.6,58.0,up,58.6,2026-09-16T10:13:29,3.12363,56.8249988555908,215.81,2026-09-16 15:44:11,2026-09-16 11:45:06
NVDA,NVDA280616C00205000,NVDA,2028-06-16,C,205.0,56.8,60.0,57.65,333.0,0.4022,561.0,6.0,0.7035,0.0031,0.991,-0.0239,1.6527,57.079,2.485,56.25,57.01,56.25,up,57.01,2026-09-16T11:04:00,4.55754,54.5249996185303,215.81,2026-09-16 15:44:11,2026-09-16 11:45:06
NVDA,NVDA280616C00210000,NVDA,2028-06-16,C,210.0,54.5,190.0,55.1,254.0,0.4002,1598.0,7.0,0.6875,0.0032,1.0134,-0.0248,1.6328,54.7634,2.55,53.0,54.7,53.0,no_change,54.7,2026-09-16T11:18:59,4.88974,52.1499996185303,215.81,2026-09-16 15:44:11,2026-09-16 11:45:06
NVDA,NVDA280616C00215000,NVDA,2028-06-16,C,215.0,52.15,158.0,52.9,560.0,0.399,4362.0,5.0,0.6715,0.0032,1.034,-0.0257,1.6103,52.5332,2.85,51.5,52.85,51.5,up,52.85,2026-09-16T11:10:03,5.7,50.0,215.81,2026-09-16 15:44:11,2026-09-16 11:45:06
NVDA,NVDA280616C00220000,NVDA,2028-06-16,C,220.0,50.15,55.0,50.75,327.0,0.399,3582.0,9.0,0.6554,0.0033,1.0526,-0.0265,1.5869,50.3872,2.15,50.0,50.1,49.8,down,50.0,2026-09-16T10:49:42,4.49321,47.8500003814697,215.81,2026-09-16 15:44:11,2026-09-16 11:45:06
NVDA,NVDA280616C00225000,NVDA,2028-06-16,C,225.0,48.0,131.0,48.7,259.0,0.398,1603.0,1.0,0.6395,0.0033,1.069,-0.0272,1.5632,48.3224,2.165,48.04,48.04,48.04,up,48.04,2026-09-16T10:45:21,4.71935,45.875,215.81,2026-09-16 15:44:11,2026-09-16 11:45:06
NVDA,NVDA280616C00230000,NVDA,2028-06-16,C,230.0,46.1,251.0,46.75,293.0,0.398,2648.0,0.0,0.6236,0.0034,1.0836,-0.0279,1.5381,46.3363,0.0,0.0,0.0,0.0,down,43.7,2026-09-15T13:06:02,0.0,44.0,215.81,2026-09-16 15:44:11,2026-09-16 11:45:06
NVDA,NVDA280616C00235000,NVDA,2028-06-16,C,235.0,44.05,337.0,45.2,486.0,0.3984,550.0,2.0,0.6078,0.0034,1.0962,-0.0285,1.511,44.4279,1.25,43.4,43.4,43.4,up,43.4,2026-09-16T09:57:21,2.9656,42.1500015258789,215.81,2026-09-16 15:44:11,2026-09-16 11:45:06
NVDA,NVDA280616C00240000,NVDA,2028-06-16,C,240.0,42.45,265.0,43.1,491.0,0.3977,1743.0,13.0,0.5921,0.0035,1.107,-0.029,1.4831,42.596,1.65,42.1,42.1,42.1,no_change,42.1,2026-09-16T10:36:30,4.07911,40.4500007629394,215.81,2026-09-16 15:44:11,2026-09-16 11:45:06
NVDA,NVDA280616C00245000,NVDA,2028-06-16,C,245.0,40.55,687.0,41.15,570.0,0.3957,1291.0,0.0,0.5766,0.0035,1.1159,-0.0295,1.4555,40.8375,0.0,0.0,0.0,0.0,no_change,38.65,2026-09-15T15:50:57,0.0,38.625,215.81,2026-09-16 15:44:11,2026-09-16 11:45:06
NVDA,NVDA280616C00250000,NVDA,2028-06-16,C,250.0,38.85,414.0,39.65,440.0,0.3961,4166.0,20.0,0.5613,0.0035,1.1231,-0.0299,1.4277,39.1494,1.82,38.82,39.0,38.79,down,38.92,2026-09-16T10:49:48,4.90566,37.1000003814697,215.81,2026-09-16 15:44:11,2026-09-16 11:45:06
NVDA,NVDA280616C00255000,NVDA,2028-06-16,C,255.0,37.45,195.0,38.05,492.0,0.3968,867.0,0.0,0.5462,0.0036,1.1285,-0.0302,1.3987,37.53,0.0,0.0,0.0,0.0,down,35.6,2026-09-15T12:09:55,0.0,35.5750007629394,215.81,2026-09-16 15:44:11,2026-09-16 11:45:06
NVDA,NVDA280616C00260000,NVDA,2028-06-16,C,260.0,35.7,522.0,36.35,410.0,0.3949,1349.0,0.0,0.5313,0.0036,1.1322,-0.0305,1.3686,35.9779,0.0,0.0,0.0,0.0,down,34.25,2026-09-15T10:22:38,0.0,34.0999984741211,215.81,2026-09-16 15:44:11,2026-09-16 11:45:06
NVDA,NVDA280616C00265000,NVDA,2028-06-16,C,265.0,33.95,382.0,35.0,400.0,0.3941,469.0,0.0,0.5166,0.0036,1.1343,-0.0307,1.3387,34.4911,0.0,0.0,0.0,0.0,down,32.55,2026-09-15T13:00:07,0.0,32.7000007629394,215.81,2026-09-16 15:44:11,2026-09-16 11:45:06
NVDA,NVDA280616C00270000,NVDA,2028-06-16,C,270.0,32.7,534.0,33.45,553.0,0.394,473.0,8.0,0.5022,0.0036,1.1351,-0.0309,1.3096,33.0665,1.575,31.95,32.7,31.95,no_change,32.7,2026-09-16T10:30:15,5.06024,31.125,215.81,2026-09-16 15:44:11,2026-09-16 11:45:06
NVDA,NVDA280616C00275000,NVDA,2028-06-16,C,275.0,31.35,477.0,32.15,490.0,0.3942,594.0,4.0,0.488,0.0036,1.1346,-0.031,1.2805,31.7014,1.775,30.75,31.75,30.75,up,31.75,2026-09-16T11:01:00,5.9216,29.9749994277954,215.81,2026-09-16 15:44:11,2026-09-16 11:45:06
NVDA,NVDA280616C00280000,NVDA,2028-06-16,C,280.0,30.0,557.0,30.95,557.0,0.3942,366.0,9.0,0.4741,0.0036,1.1325,-0.0311,1.2507,30.3941,1.355,30.1,30.1,30.08,down,30.08,2026-09-16T10:00:50,4.71715,28.7249994277954,215.81,2026-09-16 15:44:11,2026-09-16 11:45:06
NVDA,NVDA280616C00285000,NVDA,2028-06-16,C,285.0,28.75,451.0,29.75,562.0,0.3943,461.0,0.0,0.4606,0.0036,1.129,-0.0311,1.2204,29.1431,0.0,0.0,0.0,0.0,up,27.88,2026-09-14T13:25:17,0.0,27.5999994277954,215.81,2026-09-16 15:44:11,2026-09-16 11:45:06
NVDA,NVDA280616C00290000,NVDA,2028-06-16,C,290.0,27.85,273.0,28.25,329.0,0.3942,991.0,0.0,0.4472,0.0036,1.1244,-0.0311,1.1905,27.9465,0.0,0.0,0.0,0.0,no_change,26.7,2026-09-15T10:21:58,0.0,26.2749996185303,215.81,2026-09-16 15:44:11,2026-09-16 11:45:06
NVDA,NVDA280616C00295000,NVDA,2028-06-16,C,295.0,26.4,547.0,27.4,559.0,0.394,367.0,0.0,0.4342,0.0035,1.1189,-0.031,1.1616,26.8015,0.0,0.0,0.0,0.0,down,25.15,2026-09-15T14:35:29,0.0,25.3000001907349,215.81,2026-09-16 15:44:11,2026-09-16 11:45:06
NVDA,NVDA280616C00300000,NVDA,2028-06-16,C,300.0,25.65,198.0,26.1,377.0,0.3946,5749.0,3.0,0.4215,0.0035,1.1125,-0.031,1.1333,25.7057,1.62,25.35,25.87,25.35,up,25.87,2026-09-16T11:27:37,6.68041,24.25,215.81,2026-09-16 15:44:11,2026-09-16 11:45:06
NVDA,NVDA280616C00305000,NVDA,2028-06-16,C,305.0,24.2,794.0,24.95,218.0,0.3922,398.0,0.0,0.4091,0.0035,1.105,-0.0308,1.1049,24.6571,0.0,0.0,0.0,0.0,down,23.55,2026-09-14T11:49:19,0.0,23.1750001907349,215.81,2026-09-16 15:44:11,2026-09-16 11:45:06
NVDA,NVDA280616C00310000,NVDA,2028-06-16,C,310.0,23.4,521.0,23.95,446.0,0.3932,2328.0,0.0,0.397,0.0035,1.0964,-0.0307,1.0762,23.6543,0.0,0.0,0.0,0.0,down,22.2,2026-09-15T14:07:22,0.0,22.2250003814697,215.81,2026-09-16 15:44:11,2026-09-16 11:45:06
NVDA,NVDA280616C00315000,NVDA,2028-06-16,C,315.0,22.25,441.0,23.15,491.0,0.393,194.0,0.0,0.3852,0.0034,1.0869,-0.0305,1.0477,22.6959,0.0,0.0,0.0,0.0,no_change,21.25,2026-09-15T14:27:05,0.0,21.4499998092651,215.81,2026-09-16 15:44:11,2026-09-16 11:45:06
NVDA,NVDA280616C00320000,NVDA,2028-06-16,C,320.0,21.35,455.0,22.35,374.0,0.3936,472.0,0.0,0.3737,0.0034,1.0768,-0.0303,1.0201,21.7799,0.0,0.0,0.0,0.0,down,20.48,2026-09-15T13:53:59,0.0,20.5249996185303,215.81,2026-09-16 15:44:11,2026-09-16 11:45:06
NVDA,NVDA280616C00325000,NVDA,2028-06-16,C,325.0,20.5,943.0,21.15,284.0,0.3923,560.0,1.0,0.3626,0.0034,1.0663,-0.0301,0.9936,20.9039,0.985,20.51,20.51,20.51,up,20.51,2026-09-16T09:50:09,5.04482,19.5249996185303,215.81,2026-09-16 15:44:11,2026-09-16 11:45:06
NVDA,NVDA280616C00330000,NVDA,2028-06-16,C,330.0,19.95,297.0,20.3,272.0,0.3936,2051.0,0.0,0.3517,0.0033,1.0553,-0.0298,0.9677,20.066,0.0,0.0,0.0,0.0,no_change,19.2,2026-09-14T12:04:28,0.0,18.8249998092651,215.81,2026-09-16 15:44:11,2026-09-16 11:45:06
NVDA,NVDA280616C00335000,NVDA,2028-06-16,C,335.0,19.1,343.0,19.55,312.0,0.3937,334.0,10.0,0.3411,0.0033,1.0436,-0.0296,0.9419,19.2645,1.14,19.24,19.24,19.24,up,19.24,2026-09-16T10:45:13,6.29834,18.1000003814697,215.81,2026-09-16 15:44:11,2026-09-16 11:45:06
NVDA,NVDA280616C00340000,NVDA,2028-06-16,C,340.0,18.25,572.0,18.8,513.0,0.3935,640.0,0.0,0.3308,0.0032,1.0312,-0.0293,0.9161,18.4984,0.0,0.0,0.0,0.0,up,17.79,2026-09-14T14:21:00,0.0,17.4499998092651,215.81,2026-09-16 15:44:11,2026-09-16 11:45:06
NVDA,NVDA280616C00345000,NVDA,2028-06-16,C,345.0,17.45,415.0,18.3,469.0,0.3944,342.0,0.0,0.3208,0.0032,1.0182,-0.029,0.8906,17.7664,0.0,0.0,0.0,0.0,down,20.9,2026-09-11T10:48:32,0.0,16.9249992370605,215.81,2026-09-16 15:44:11,2026-09-16 11:45:06
NVDA,NVDA280616C00350000,NVDA,2028-06-16,C,350.0,16.85,616.0,17.35,566.0,0.3938,7683.0,1.0,0.3112,0.0032,1.0049,-0.0286,0.866,17.0669,0.86,16.86,16.86,16.86,up,16.86,2026-09-16T10:36:44,5.375,16.0000004768372,215.81,2026-09-16 15:44:11,2026-09-16 11:45:06
NVDA,NVDA280616C00360000,NVDA,2028-06-16,C,360.0,15.45,649.0,16.05,611.0,0.3937,834.0,0.0,0.2926,0.0031,0.9781,-0.028,0.8195,15.7584,0.0,0.0,0.0,0.0,no_change,15.0,2026-09-14T13:16:41,0.0,14.75,215.81,2026-09-16 15:44:11,2026-09-16 11:45:06
NVDA,NVDA280616C00370000,NVDA,2028-06-16,C,370.0,14.2,668.0,14.85,597.0,0.3937,500.0,15.0,0.2752,0.003,0.9504,-0.0272,0.775,14.561,0.75,14.4,14.4,14.4,up,14.4,2026-09-16T10:38:07,5.4945,13.6500000953674,215.81,2026-09-16 15:44:11,2026-09-16 11:45:06
NVDA,NVDA280616C00380000,NVDA,2028-06-16,C,380.0,13.3,485.0,13.85,468.0,0.3957,1862.0,0.0,0.2588,0.0029,0.9212,-0.0265,0.7316,13.4664,0.0,0.0,0.0,0.0,up,12.88,2026-09-14T12:25:11,0.0,12.8000001907349,215.81,2026-09-16 15:44:11,2026-09-16 11:45:06
NVDA,NVDA280616C00390000,NVDA,2028-06-16,C,390.0,12.15,422.0,12.75,295.0,0.3948,680.0,0.0,0.2435,0.0028,0.892,-0.0257,0.6911,12.4656,0.0,0.0,0.0,0.0,down,14.1,2026-09-11T10:53:07,0.0,11.875,215.81,2026-09-16 15:44:11,2026-09-16 11:45:06
NVDA,NVDA280616C00400000,NVDA,2028-06-16,C,400.0,11.5,492.0,11.85,550.0,0.3969,4931.0,0.0,0.2291,0.0027,0.8633,-0.0249,0.6535,11.5489,0.0,0.0,0.0,0.0,no_change,11.07,2026-09-15T11:24:27,0.0,10.9000000953674,215.81,2026-09-16 15:44:11,2026-09-16 11:45:06
NVDA,NVDA280616C00410000,NVDA,2028-06-16,C,410.0,10.45,391.0,11.1,414.0,0.3968,603.0,0.0,0.2156,0.0026,0.8344,-0.0242,0.6172,10.7087,0.0,0.0,0.0,0.0,down,10.39,2026-09-14T10:09:39,0.0,10.0250000953674,215.81,2026-09-16 15:44:11,2026-09-16 11:45:06
NVDA,NVDA280616C00420000,NVDA,2028-06-16,C,420.0,9.9,175.0,10.25,445.0,0.3982,389.0,1.0,0.2029,0.0025,0.8051,-0.0234,0.5824,9.9393,0.45,9.9,9.9,9.9,up,9.9,2026-09-16T11:03:40,4.76191,9.44999980926514,215.81,2026-09-16 15:44:11,2026-09-16 11:45:06
NVDA,NVDA280616C00430000,NVDA,2028-06-16,C,430.0,9.15,624.0,9.55,422.0,0.3986,2554.0,0.0,0.1911,0.0024,0.7764,-0.0226,0.5502,9.2341,0.0,0.0,0.0,0.0,down,8.75,2026-09-15T11:18:34,0.0,8.75,215.81,2026-09-16 15:44:11,2026-09-16 11:45:06
NVDA,NVDA280616C00440000,NVDA,2028-06-16,C,440.0,8.4,395.0,8.95,415.0,0.3989,231.0,0.0,0.18,0.0023,0.7489,-0.0218,0.5204,8.5864,0.0,0.0,0.0,0.0,down,8.2,2026-09-15T15:54:16,0.0,8.125,215.81,2026-09-16 15:44:11,2026-09-16 11:45:06
NVDA,NVDA280616C00450000,NVDA,2028-06-16,C,450.0,7.85,811.0,8.25,173.0,0.3992,1547.0,0.0,0.1696,0.0022,0.7218,-0.0211,0.4919,7.9911,0.0,0.0,0.0,0.0,down,7.6,2026-09-15T13:00:19,0.0,7.625,215.81,2026-09-16 15:44:11,2026-09-16 11:45:06
NVDA,NVDA280616C00460000,NVDA,2028-06-16,C,460.0,7.45,448.0,7.75,402.0,0.4013,5011.0,0.0,0.1599,0.0021,0.6948,-0.0203,0.4646,7.4442,0.0,0.0,0.0,0.0,no_change,7.1,2026-09-15T15:33:20,0.0,7.15000009536743,215.81,2026-09-16 15:44:11,2026-09-16 11:45:06
NVDA,NVDA280616P00005000,NVDA,2028-06-16,P,5.0,0.0,0.0,0.13,31.0,1.1474,1.0,0.0,-0.0003,0.0,0.0033,-0.0003,-0.0018,0.0358,0.0,0.0,0.0,0.0,up,0.04,2026-06-16T13:14:56,0.0,0.0649999976158142,215.81,2026-09-16 15:44:11,2026-09-16 11:45:06
NVDA,NVDA280616P00010000,NVDA,2028-06-16,P,10.0,0.01,6.0,0.1,48.0,0.9008,115.0,0.0,-0.0007,0.0,0.0068,-0.0005,-0.0037,0.067,0.0,0.0,0.0,0.0,down,0.06,2026-08-27T10:11:18,0.0,0.0550000006332994,215.81,2026-09-16 15:44:11,2026-09-16 11:45:06
NVDA,NVDA280616P00015000,NVDA,2028-06-16,P,15.0,0.01,47.0,0.19,48.0,0.8292,261.0,0.0,-0.0012,0.0,0.0112,-0.0007,-0.006,0.1037,0.0,0.0,0.0,0.0,up,0.08,2026-09-03T14:33:01,0.0,0.0999999986961484,215.81,2026-09-16 15:44:11,2026-09-16 11:45:06
NVDA,NVDA280616P00020000,NVDA,2028-06-16,P,20.0,0.01,37.0,0.24,33.0,0.7568,408.0,0.0,-0.0018,0.0,0.0162,-0.0009,-0.0089,0.1472,0.0,0.0,0.0,0.0,down,0.12,2026-08-31T11:19:46,0.0,0.124999997206032,215.81,2026-09-16 15:44:11,2026-09-16 11:45:06
NVDA,NVDA280616P00025000,NVDA,2028-06-16,P,25.0,0.05,28.0,0.29,32.0,0.7113,8.0,0.0,-0.0025,0.0,0.0223,-0.0012,-0.0125,0.1986,0.0,0.0,0.0,0.0,up,0.24,2026-09-03T13:49:09,0.0,0.169999996200204,215.81,2026-09-16 15:44:11,2026-09-16 11:45:06
NVDA,NVDA280616P00030000,NVDA,2028-06-16,P,30.0,0.11,96.0,0.37,48.0,0.681,11.0,0.0,-0.0034,0.0,0.029,-0.0015,-0.0167,0.2585,0.0,0.0,0.0,0.0,up,0.32,2026-06-15T11:28:22,0.0,0.240000002086163,215.81,2026-09-16 15:44:11,2026-09-16 11:45:06
NVDA,NVDA280616P00035000,NVDA,2028-06-16,P,35.0,0.18,145.0,0.45,98.0,0.6525,19.0,0.0,-0.0044,0.0001,0.0372,-0.0018,-0.0216,0.3276,0.0,0.0,0.0,0.0,up,0.4,2026-08-28T13:06:02,0.0,0.314999997615814,215.81,2026-09-16 15:44:11,2026-09-16 11:45:06
NVDA,NVDA280616P00040000,NVDA,2028-06-16,P,40.0,0.27,364.0,0.43,14.0,0.6153,755.0,0.0,-0.0056,0.0001,0.046,-0.0021,-0.0271,0.4072,0.0,0.0,0.0,0.0,down,0.4,2026-09-15T15:27:34,0.0,0.379999995231628,215.81,2026-09-16 15:44:11,2026-09-16 11:45:06
NVDA,NVDA280616P00045000,NVDA,2028-06-16,P,45.0,0.4,35.0,0.63,193.0,0.6079,298.0,0.0,-0.007,0.0001,0.0561,-0.0025,-0.0335,0.4976,0.0,0.0,0.0,0.0,up,0.57,2026-09-02T11:50:11,0.0,0.459999993443489,215.81,2026-09-16 15:44:11,2026-09-16 11:45:06
NVDA,NVDA280616P00050000,NVDA,2028-06-16,P,50.0,0.55,27.0,0.74,422.0,0.5899,163.0,0.0,-0.0086,0.0001,0.0675,-0.0029,-0.0409,0.6004,0.0,0.0,0.0,0.0,down,0.59,2026-09-15T14:23:38,0.0,0.615000009536743,215.81,2026-09-16 15:44:11,2026-09-16 11:45:06
NVDA,NVDA280616P00055000,NVDA,2028-06-16,P,55.0,0.54,158.0,0.75,26.0,0.5542,225.0,0.0,-0.0104,0.0002,0.0797,-0.0033,-0.0492,0.7168,0.0,0.0,0.0,0.0,down,0.75,2026-09-01T13:15:00,0.0,0.719999998807907,215.81,2026-09-16 15:44:11,2026-09-16 11:45:06
NVDA,NVDA280616P00060000,NVDA,2028-06-16,P,60.0,0.72,21.0,0.95,21.0,0.5448,258.0,0.0,-0.0125,0.0002,0.0935,-0.0038,-0.0584,0.8474,0.0,0.0,0.0,0.0,no_change,0.86,2026-09-02T15:16:34,0.0,0.889999985694885,215.81,2026-09-16 15:44:11,2026-09-16 11:45:06
NVDA,NVDA280616P00065000,NVDA,2028-06-16,P,65.0,0.88,186.0,1.0,10.0,0.5247,25.0,0.0,-0.0149,0.0002,0.109,-0.0042,-0.0693,0.9957,0.0,0.0,0.0,0.0,up,1.01,2026-09-15T10:44:19,0.0,0.959999978542328,215.81,2026-09-16 15:44:11,2026-09-16 11:45:06
NVDA,NVDA280616P00070000,NVDA,2028-06-16,P,70.0,0.98,388.0,1.23,53.0,0.5104,805.0,0.0,-0.0176,0.0003,0.1253,-0.0048,-0.0812,1.1647,0.0,0.0,0.0,0.0,down,1.25,2026-09-14T09:35:35,0.0,1.18000000715256,215.81,2026-09-16 15:44:11,2026-09-16 11:45:06
NVDA,NVDA280616P00075000,NVDA,2028-06-16,P,75.0,1.25,422.0,1.39,91.0,0.4993,1156.0,0.0,-0.0207,0.0004,0.1438,-0.0053,-0.0947,1.3578,0.0,0.0,0.0,0.0,down,1.4,2026-09-14T11:49:04,0.0,1.38000005483627,215.81,2026-09-16 15:44:11,2026-09-16 11:45:06
NVDA,NVDA280616P00080000,NVDA,2028-06-16,P,80.0,1.51,423.0,1.63,117.0,0.4893,642.0,0.0,-0.0243,0.0004,0.1647,-0.006,-0.1107,1.5824,0.0,0.0,0.0,0.0,down,1.64,2026-09-03T11:04:12,0.0,1.60999995470047,215.81,2026-09-16 15:44:11,2026-09-16 11:45:06
NVDA,NVDA280616P00085000,NVDA,2028-06-16,P,85.0,1.7,237.0,2.06,257.0,0.4815,836.0,0.0,-0.0284,0.0005,0.1866,-0.0066,-0.1281,1.8448,0.0,0.0,0.0,0.0,no_change,1.92,2026-09-08T13:06:03,0.0,1.97499996423721,215.81,2026-09-16 15:44:11,2026-09-16 11:45:06
NVDA,NVDA280616P00090000,NVDA,2028-06-16,P,90.0,2.0,224.0,2.22,60.0,0.4683,250.0,0.0,-0.033,0.0006,0.2117,-0.0074,-0.1482,2.1493,0.0,0.0,0.0,0.0,up,2.36,2026-09-10T13:02:43,0.0,2.14499998092651,215.81,2026-09-16 15:44:11,2026-09-16 11:45:06
NVDA,NVDA280616P00095000,NVDA,2028-06-16,P,95.0,2.4,609.0,2.59,167.0,0.4616,849.0,0.0,-0.0383,0.0006,0.2395,-0.0082,-0.1718,2.5052,0.0,0.0,0.0,0.0,up,2.6,2026-09-14T13:17:13,0.0,2.57000005245209,215.81,2026-09-16 15:44:11,2026-09-16 11:45:06
NVDA,NVDA280616P00100000,NVDA,2028-06-16,P,100.0,2.86,134.0,3.15,604.0,0.4582,2197.0,0.0,-0.0443,0.0007,0.268,-0.0091,-0.1974,2.9179,0.0,0.0,0.0,0.0,up,3.05,2026-09-15T13:40:42,0.0,3.05000007152557,215.81,2026-09-16 15:44:11,2026-09-16 11:45:06
NVDA,NVDA280616P00105000,NVDA,2028-06-16,P,105.0,3.25,343.0,3.65,354.0,0.4506,941.0,0.0,-0.051,0.0008,0.3006,-0.01,-0.2259,3.3906,0.0,0.0,0.0,0.0,no_change,3.5,2026-09-10T14:52:28,0.0,3.47500002384186,215.81,2026-09-16 15:44:11,2026-09-16 11:45:06
NVDA,NVDA280616P00110000,NVDA,2028-06-16,P,110.0,3.85,143.0,4.05,155.0,0.4436,1332.0,0.0,-0.0584,0.0009,0.3348,-0.0111,-0.2592,3.933,0.0,0.0,0.0,0.0,no_change,4.25,2026-09-14T14:01:33,0.0,4.09999990463257,215.81,2026-09-16 15:44:11,2026-09-16 11:45:06
NVDA,NVDA280616P00115000,NVDA,2028-06-16,P,115.0,4.3,538.0,4.65,228.0,0.4362,226.0,0.0,-0.0667,0.0011,0.369,-0.0121,-0.2933,4.5482,0.0,0.0,0.0,0.0,no_change,4.8,2026-09-15T14:19:07,0.0,4.77500009536743,215.81,2026-09-16 15:44:11,2026-09-16 11:45:06
NVDA,NVDA280616P00120000,NVDA,2028-06-16,P,120.0,5.15,166.0,5.4,675.0,0.4348,3947.0,0.0,-0.0757,0.0012,0.4072,-0.0132,-0.3332,5.2402,0.0,0.0,0.0,0.0,down,5.48,2026-09-15T15:38:33,0.0,5.47500014305115,215.81,2026-09-16 15:44:11,2026-09-16 11:45:06
NVDA,NVDA280616P00125000,NVDA,2028-06-16,P,125.0,5.75,618.0,6.1,159.0,0.4279,2271.0,0.0,-0.0856,0.0013,0.4473,-0.0144,-0.3746,6.0242,0.0,0.0,0.0,0.0,no_change,6.35,2026-09-14T13:33:12,0.0,6.20000004768372,215.81,2026-09-16 15:44:11,2026-09-16 11:45:06
NVDA,NVDA280616P00130000,NVDA,2028-06-16,P,130.0,6.8,315.0,7.0,277.0,0.4271,3356.0,4.0,-0.0962,0.0014,0.4845,-0.0156,-0.418,6.8842,-0.3,6.95,7.0,6.9,down,6.9,2026-09-16T11:00:26,-4.16667,7.20000004768372,215.81,2026-09-16 15:44:11,2026-09-16 11:45:06
NVDA,NVDA280616P00135000,NVDA,2028-06-16,P,135.0,7.7,217.0,8.0,645.0,0.4241,3118.0,0.0,-0.1075,0.0016,0.5257,-0.0168,-0.4662,7.8301,0.0,0.0,0.0,0.0,up,8.4,2026-09-14T15:59:28,0.0,8.17500019073486,215.81,2026-09-16 15:44:11,2026-09-16 11:45:06
NVDA,NVDA280616P00140000,NVDA,2028-06-16,P,140.0,8.7,329.0,9.05,342.0,0.4213,928.0,0.0,-0.1193,0.0017,0.5673,-0.018,-0.5154,8.8598,0.0,0.0,0.0,0.0,no_change,9.35,2026-09-15T13:06:04,0.0,9.25,215.81,2026-09-16 15:44:11,2026-09-16 11:45:06
NVDA,NVDA280616P00145000,NVDA,2028-06-16,P,145.0,9.85,251.0,10.45,383.0,0.4209,919.0,0.0,-0.1322,0.0019,0.6061,-0.0192,-0.5656,10.0033,0.0,0.0,0.0,0.0,up,10.9,2026-09-14T11:12:14,0.0,10.5,215.81,2026-09-16 15:44:11,2026-09-16 11:45:06
NVDA,NVDA280616P00150000,NVDA,2028-06-16,P,150.0,11.1,483.0,11.4,537.0,0.4165,6316.0,0.0,-0.1456,0.002,0.6474,-0.0204,-0.6224,11.2298,0.0,0.0,0.0,0.0,down,11.64,2026-09-15T15:32:00,0.0,11.7250003814697,215.81,2026-09-16 15:44:11,2026-09-16 11:45:06
NVDA,NVDA280616P00155000,NVDA,2028-06-16,P,155.0,12.4,648.0,12.75,540.0,0.4146,6676.0,0.0,-0.1595,0.0022,0.6884,-0.0216,-0.6742,12.5486,0.0,0.0,0.0,0.0,no_change,12.26,2026-09-11T14:35:41,0.0,13.125,215.81,2026-09-16 15:44:11,2026-09-16 11:45:06
NVDA,NVDA280616P00160000,NVDA,2028-06-16,P,160.0,13.8,635.0,14.2,572.0,0.4125,5568.0,3.0,-0.1742,0.0023,0.7255,-0.0227,-0.7328,13.9847,-0.275,14.25,14.25,14.25,down,14.25,2026-09-16T09:30:15,-1.89328,14.5249996185303,215.81,2026-09-16 15:44:11,2026-09-16 11:45:06
NVDA,NVDA280616P00165000,NVDA,2028-06-16,P,165.0,15.3,371.0,15.85,411.0,0.4116,955.0,0.0,-0.1893,0.0024,0.764,-0.0239,-0.7909,15.4967,0.0,0.0,0.0,0.0,down,16.12,2026-09-15T14:55:31,0.0,16.0999999046326,215.81,2026-09-16 15:44:11,2026-09-16 11:45:06
NVDA,NVDA280616P00170000,NVDA,2028-06-16,P,170.0,16.95,848.0,17.3,594.0,0.4088,4104.0,0.0,-0.2051,0.0026,0.8019,-0.025,-0.8502,17.1374,0.0,0.0,0.0,0.0,down,17.83,2026-09-15T14:49:52,0.0,17.8000001907349,215.81,2026-09-16 15:44:11,2026-09-16 11:45:06
NVDA,NVDA280616P00175000,NVDA,2028-06-16,P,175.0,18.6,473.0,19.2,422.0,0.408,1076.0,0.0,-0.2212,0.0027,0.8356,-0.026,-0.9131,18.8562,0.0,0.0,0.0,0.0,down,19.67,2026-09-15T12:35:56,0.0,19.5,215.81,2026-09-16 15:44:11,2026-09-16 11:45:06
NVDA,NVDA280616P00180000,NVDA,2028-06-16,P,180.0,20.45,501.0,21.0,514.0,0.4064,2822.0,2.0,-0.238,0.0029,0.8686,-0.027,-0.9707,20.7008,-0.675,20.9,20.9,20.8,down,20.8,2026-09-16T10:53:12,-3.14319,21.4750003814697,215.81,2026-09-16 15:44:11,2026-09-16 11:45:06
NVDA,NVDA280616P00185000,NVDA,2028-06-16,P,185.0,22.35,413.0,22.95,394.0,0.4051,1482.0,0.0,-0.255,0.003,0.9009,-0.028,-1.032,22.6329,0.0,0.0,0.0,0.0,no_change,23.7,2026-09-15T13:06:02,0.0,23.4499998092651,215.81,2026-09-16 15:44:11,2026-09-16 11:45:06
NVDA,NVDA280616P00190000,NVDA,2028-06-16,P,190.0,24.3,1010.0,24.8,442.0,0.4024,3367.0,0.0,-0.2724,0.0031,0.9313,-0.0289,-1.0913,24.6748,0.0,0.0,0.0,0.0,up,25.58,2026-09-15T15:01:19,0.0,25.5749998092651,215.81,2026-09-16 15:44:11,2026-09-16 11:45:06
NVDA,NVDA280616P00195000,NVDA,2028-06-16,P,195.0,26.35,598.0,27.05,655.0,0.4014,2792.0,0.0,-0.2901,0.0032,0.9574,-0.0298,-1.1457,26.8157,0.0,0.0,0.0,0.0,up,27.95,2026-09-15T14:34:16,0.0,27.75,215.81,2026-09-16 15:44:11,2026-09-16 11:45:06
NVDA,NVDA280616P00200000,NVDA,2028-06-16,P,200.0,28.8,942.0,29.2,303.0,0.4008,6504.0,256.0,-0.3081,0.0034,0.9818,-0.0306,-1.2109,29.0544,-1.025,29.1,29.1,29.05,down,29.05,2026-09-16T11:21:43,-3.40815,30.0749998092651,215.81,2026-09-16 15:44:11,2026-09-16 11:45:06
NVDA,NVDA280616P00205000,NVDA,2028-06-16,P,205.0,31.1,924.0,31.4,1.0,0.3995,1181.0,51.0,-0.3261,0.0035,1.0049,-0.0313,-1.2628,31.3752,-1.085,31.37,31.39,31.37,no_change,31.39,2026-09-16T11:23:40,-3.34103,32.4750003814697,215.81,2026-09-16 15:44:11,2026-09-16 11:45:06
NVDA,NVDA280616P00210000,NVDA,2028-06-16,P,210.0,33.5,637.0,34.1,515.0,0.3995,1380.0,1.0,-0.3448,0.0036,1.0252,-0.032,-1.325,33.8421,-1.155,33.82,33.82,33.82,down,33.82,2026-09-16T11:03:29,-3.30236,34.9750003814697,215.81,2026-09-16 15:44:11,2026-09-16 11:45:06
NVDA,NVDA280616P00215000,NVDA,2028-06-16,P,215.0,36.0,939.0,36.55,345.0,0.3981,888.0,1.0,-0.3634,0.0037,1.042,-0.0326,-1.3712,36.3846,-1.5,36.15,36.15,36.15,down,36.15,2026-09-16T11:10:03,-3.98407,37.6500015258789,215.81,2026-09-16 15:44:11,2026-09-16 11:45:06
NVDA,NVDA280616P00220000,NVDA,2028-06-16,P,220.0,38.35,1057.0,39.3,883.0,0.3968,6408.0,3.0,-0.3819,0.0038,1.0575,-0.0332,-1.4266,38.9947,-1.3,39.35,39.35,39.0,down,39.0,2026-09-16T11:14:52,-3.2258,40.2999992370606,215.81,2026-09-16 15:44:11,2026-09-16 11:45:06
NVDA,NVDA280616P00225000,NVDA,2028-06-16,P,225.0,41.25,543.0,42.05,562.0,0.397,585.0,0.0,-0.4008,0.0039,1.0687,-0.0337,-1.4691,41.728,0.0,0.0,0.0,0.0,down,43.2,2026-09-15T12:26:47,0.0,43.0249996185303,215.81,2026-09-16 15:44:11,2026-09-16 11:45:06
NVDA,NVDA280616P00230000,NVDA,2028-06-16,P,230.0,44.25,499.0,44.85,572.0,0.3968,2857.0,0.0,-0.4199,0.004,1.0786,-0.0342,-1.52,44.5861,0.0,0.0,0.0,0.0,up,44.5,2026-09-10T15:57:18,0.0,45.9750003814697,215.81,2026-09-16 15:44:11,2026-09-16 11:45:06
NVDA,NVDA280616P00235000,NVDA,2028-06-16,P,235.0,46.95,531.0,48.05,549.0,0.3965,2733.0,0.0,-0.4389,0.0041,1.0849,-0.0346,-1.5539,47.5113,0.0,0.0,0.0,0.0,no_change,46.9,2026-09-11T15:34:04,0.0,49.0249996185303,215.81,2026-09-16 15:44:11,2026-09-16 11:45:06
NVDA,NVDA280616P00240000,NVDA,2028-06-16,P,240.0,50.0,785.0,51.3,194.0,0.3972,258.0,0.0,-0.4579,0.0042,1.0903,-0.0349,-1.6017,50.522,0.0,0.0,0.0,0.0,no_change,49.45,2026-09-11T11:04:20,0.0,51.8249988555908,215.81,2026-09-16 15:44:11,2026-09-16 11:45:06
NVDA,NVDA280616P00245000,NVDA,2028-06-16,P,245.0,53.2,703.0,54.4,158.0,0.3972,51.0,0.0,-0.4769,0.0043,1.0887,-0.0352,-1.6224,53.6219,0.0,0.0,0.0,0.0,down,48.05,2026-09-04T12:09:03,0.0,55.2999992370606,215.81,2026-09-16 15:44:11,2026-09-16 11:45:06
NVDA,NVDA280616P00250000,NVDA,2028-06-16,P,250.0,56.25,713.0,57.55,160.0,0.396,218.0,0.0,-0.4958,0.0043,1.0889,-0.0354,-1.66,56.8178,0.0,0.0,0.0,0.0,up,55.72,2026-09-11T14:53:28,0.0,58.4749984741211,215.81,2026-09-16 15:44:11,2026-09-16 11:45:06
NVDA,NVDA280616P00255000,NVDA,2028-06-16,P,255.0,59.55,392.0,60.85,111.0,0.3958,329.0,0.0,-0.5146,0.0044,1.0838,-0.0356,-1.6812,60.0958,0.0,0.0,0.0,0.0,up,59.8,2026-09-10T15:57:19,0.0,61.9249992370606,215.81,2026-09-16 15:44:11,2026-09-16 11:45:06
NVDA,NVDA280616P00260000,NVDA,2028-06-16,P,260.0,63.05,22.0,64.1,31.0,0.3956,110.0,0.0,-0.5335,0.0045,1.0802,-0.0357,-1.7008,63.4571,0.0,0.0,0.0,0.0,up,57.0,2026-09-04T12:09:16,0.0,65.75,215.81,2026-09-16 15:44:11,2026-09-16 11:45:06
NVDA,NVDA280616P00265000,NVDA,2028-06-16,P,265.0,66.25,392.0,67.45,45.0,0.3938,350.0,0.0,-0.5522,0.0045,1.0741,-0.0358,-1.7242,66.8931,0.0,0.0,0.0,0.0,up,61.1,2026-09-04T15:22:05,0.0,68.7249984741211,215.81,2026-09-16 15:44:11,2026-09-16 11:45:06
NVDA,NVDA280616P00270000,NVDA,2028-06-16,P,270.0,69.6,373.0,71.2,78.0,0.3938,901.0,0.0,-0.5709,0.0046,1.0558,-0.0358,-1.7349,70.4202,0.0,0.0,0.0,0.0,no_change,72.5,2026-09-15T11:15:06,0.0,72.5249977111816,215.81,2026-09-16 15:44:11,2026-09-16 11:45:06
NVDA,NVDA280616P00275000,NVDA,2028-06-16,P,275.0,73.4,359.0,74.4,75.0,0.3925,855.0,0.0,-0.5893,0.0046,1.0441,-0.0358,-1.7548,74.0233,0.0,0.0,0.0,0.0,down,76.0,2026-09-15T15:53:11,0.0,76.2249984741211,215.81,2026-09-16 15:44:11,2026-09-16 11:45:06
NVDA,NVDA280616P00280000,NVDA,2028-06-16,P,280.0,76.9,350.0,78.2,25.0,0.392,2858.0,0.0,-0.6075,0.0047,1.0258,-0.0357,-1.7462,77.7002,0.0,0.0,0.0,0.0,up,76.33,2026-09-11T15:22:22,0.0,80.0500030517578,215.81,2026-09-16 15:44:11,2026-09-16 11:45:06
NVDA,NVDA280616P00285000,NVDA,2028-06-16,P,285.0,80.75,358.0,82.15,84.0,0.3911,2030.0,0.0,-0.6259,0.0047,1.0089,-0.0357,-1.7334,81.4521,0.0,0.0,0.0,0.0,up,85.85,2026-09-14T09:36:47,0.0,83.7999992370606,215.81,2026-09-16 15:44:11,2026-09-16 11:45:06
NVDA,NVDA280616P00290000,NVDA,2028-06-16,P,290.0,84.7,73.0,85.8,9.0,0.393,246.0,0.0,-0.6439,0.0048,0.9949,-0.0356,-1.7375,85.2676,0.0,0.0,0.0,0.0,down,79.25,2026-09-03T10:34:18,0.0,88.0,215.81,2026-09-16 15:44:11,2026-09-16 11:45:06
NVDA,NVDA280616P00295000,NVDA,2028-06-16,P,295.0,88.0,212.0,90.85,127.0,0.3958,41.0,0.0,-0.6618,0.0048,0.9594,-0.0354,-1.7077,89.1649,0.0,0.0,0.0,0.0,up,92.5,2026-09-15T15:50:36,0.0,91.125,215.81,2026-09-16 15:44:11,2026-09-16 11:45:06
NVDA,NVDA280616P00300000,NVDA,2028-06-16,P,300.0,92.5,271.0,94.05,112.0,0.3946,246.0,0.0,-0.6797,0.0049,0.9388,-0.0353,-1.7082,93.1285,0.0,0.0,0.0,0.0,down,91.45,2026-09-11T15:22:22,0.0,95.8499984741211,215.81,2026-09-16 15:44:11,2026-09-16 11:45:06
NVDA,NVDA280616P00305000,NVDA,2028-06-16,P,305.0,96.25,203.0,98.9,197.0,0.3977,87.0,0.0,-0.6971,0.0049,0.916,-0.0351,-1.6839,97.1516,0.0,0.0,0.0,0.0,down,96.55,2026-08-31T09:41:08,0.0,99.2999992370606,215.81,2026-09-16 15:44:11,2026-09-16 11:45:06
NVDA,NVDA280616P00310000,NVDA,2028-06-16,P,310.0,100.1,106.0,102.7,98.0,0.3947,43.0,0.0,-0.7145,0.005,0.8795,-0.035,-1.6134,101.2468,0.0,0.0,0.0,0.0,up,94.25,2026-08-27T13:57:44,0.0,104.274997711182,215.81,2026-09-16 15:44:11,2026-09-16 11:45:06
NVDA,NVDA280616P00315000,NVDA,2028-06-16,P,315.0,103.95,105.0,106.75,107.0,0.3923,76.0,0.0,-0.7321,0.005,0.8477,-0.0349,-1.6281,105.4047,0.0,0.0,0.0,0.0,down,97.25,2026-08-27T13:27:58,0.0,108.574996948242,215.81,2026-09-16 15:44:11,2026-09-16 11:45:06
NVDA,NVDA280616P00320000,NVDA,2028-06-16,P,320.0,108.0,179.0,111.4,172.0,0.4011,384.0,0.0,-0.749,0.005,0.8223,-0.0346,-1.5541,109.6114,0.0,0.0,0.0,0.0,down,103.25,2026-09-03T09:30:09,0.0,112.875,215.81,2026-09-16 15:44:11,2026-09-16 11:45:06
NVDA,NVDA280616P00325000,NVDA,2028-06-16,P,325.0,113.2,181.0,115.55,168.0,0.3993,115.0,0.0,-0.7658,0.005,0.7738,-0.0346,-1.4981,113.8935,0.0,0.0,0.0,0.0,down,102.0,2026-09-04T09:46:43,0.0,117.150001525879,215.81,2026-09-16 15:44:11,2026-09-16 11:45:06
NVDA,NVDA280616P00330000,NVDA,2028-06-16,P,330.0,116.8,184.0,119.65,185.0,0.393,194.0,0.0,-0.7827,0.0051,0.7411,-0.0346,-1.4755,118.2281,0.0,0.0,0.0,0.0,up,127.75,2026-07-23T10:49:30,0.0,121.399997711182,215.81,2026-09-16 15:44:11,2026-09-16 11:45:06
NVDA,NVDA280616P00335000,NVDA,2028-06-16,P,335.0,121.15,173.0,124.35,184.0,0.3952,374.0,0.0,-0.799,0.0051,0.7135,-0.0343,-1.4373,122.6066,0.0,0.0,0.0,0.0,no_change,130.45,2026-07-14T15:10:02,0.0,125.875,215.81,2026-09-16 15:44:11,2026-09-16 11:45:06
NVDA,NVDA280616P00340000,NVDA,2028-06-16,P,340.0,125.8,179.0,128.35,159.0,0.3935,270.0,0.0,-0.8155,0.0052,0.6564,-0.0341,-1.2435,127.0564,0.0,0.0,0.0,0.0,down,119.9,2026-09-02T13:21:17,0.0,130.675003051758,215.81,2026-09-16 15:44:11,2026-09-16 11:45:06
NVDA,NVDA280616P00345000,NVDA,2028-06-16,P,345.0,130.35,161.0,133.45,146.0,0.3989,26.0,0.0,-0.8324,0.0052,0.6042,-0.034,-1.2546,131.5643,0.0,0.0,0.0,0.0,up,132.1,2026-08-06T10:38:54,0.0,134.824996948242,215.81,2026-09-16 15:44:11,2026-09-16 11:45:06
NVDA,NVDA280616P00350000,NVDA,2028-06-16,P,350.0,134.8,158.0,137.8,150.0,0.397,119.0,0.0,-0.8484,0.0053,0.5874,-0.0338,-1.1883,136.0979,0.0,0.0,0.0,0.0,down,126.25,2026-08-27T13:27:44,0.0,139.5,215.81,2026-09-16 15:44:11,2026-09-16 11:45:06
NVDA,NVDA280616P00360000,NVDA,2028-06-16,P,360.0,144.2,146.0,146.95,154.0,0.3989,63.0,0.0,-0.8799,0.0053,0.4702,-0.032,-0.9451,145.3444,0.0,0.0,0.0,0.0,down,135.39,2026-08-27T13:51:04,0.0,148.775001525879,215.81,2026-09-16 15:44:11,2026-09-16 11:45:06
NVDA,NVDA280616P00370000,NVDA,2028-06-16,P,370.0,153.2,80.0,156.25,80.0,0.3936,21.0,0.0,-0.9105,0.0054,0.4083,-0.0316,-0.6623,154.7459,0.0,0.0,0.0,0.0,down,155.75,2026-08-06T11:37:38,0.0,158.5,215.81,2026-09-16 15:44:11,2026-09-16 11:45:06
NVDA,NVDA280616P00380000,NVDA,2028-06-16,P,380.0,162.65,42.0,165.65,2.0,0.3824,17.0,0.0,-0.9352,0.0047,0.2374,-0.0314,-0.5341,164.4098,0.0,0.0,0.0,0.0,down,162.15,2026-08-05T14:08:08,0.0,168.125,215.81,2026-09-16 15:44:11,2026-09-16 11:45:06
NVDA,NVDA280616P00390000,NVDA,2028-06-16,P,390.0,172.8,51.0,175.45,29.0,0.3943,0.0,0.0,-0.9564,0.0041,0.2039,-0.0303,-0.1662,174.1366,0.0,0.0,0.0,0.0,up,184.75,2026-07-13T12:09:05,0.0,178.049995422363,215.81,2026-09-16 15:44:11,2026-09-16 11:45:06
NVDA,NVDA280616P00400000,NVDA,2028-06-16,P,400.0,182.85,41.0,185.55,41.0,0.0,0.0,2.0,-0.9728,0.0026,0.0,-0.0339,0.0,184.12,-3.08,184.97,184.97,184.97,up,184.97,2026-09-16T10:26:00,-1.63786,188.050003051758,215.81,2026-09-16 15:44:11,2026-09-16 11:45:06
NVDA,NVDA280616P00410000,NVDA,2028-06-16,P,410.0,192.85,6.0,195.25,3.0,0.0,0.0,0.0,-0.9855,0.0014,0.0,-0.0339,0.0,194.12,0.0,0.0,0.0,0.0,up,197.87,2026-09-15T14:28:22,0.0,198.050003051758,215.81,2026-09-16 15:44:11,2026-09-16 11:45:06
NVDA,NVDA280616P00420000,NVDA,2028-06-16,P,420.0,202.85,3.0,205.55,6.0,0.0,0.0,0.0,-0.9933,0.0006,0.0,-0.0339,0.0,204.12,0.0,0.0,0.0,0.0,down,196.99,2026-08-12T11:15:18,0.0,208.050003051758,215.81,2026-09-16 15:44:11,2026-09-16 11:45:06
NVDA,NVDA280616P00430000,NVDA,2028-06-16,P,430.0,212.85,6.0,215.55,6.0,0.0,0.0,0.0,-0.9997,0.0,0.0,-0.0339,0.0,214.12,0.0,0.0,0.0,0.0,down,199.51,2026-05-14T14:42:25,0.0,218.050003051758,215.81,2026-09-16 15:44:11,2026-09-16 11:45:06
NVDA,NVDA280616P00440000,NVDA,2028-06-16,P,440.0,222.85,3.0,225.25,5.0,0.0,0.0,0.0,-1.0,0.0,0.0,-0.0339,0.0,224.12,0.0,0.0,0.0,0.0,down,216.71,2026-08-12T11:15:18,0.0,228.050003051758,215.81,2026-09-16 15:44:11,2026-09-16 11:45:06
NVDA,NVDA280616P00450000,NVDA,2028-06-16,P,450.0,232.85,3.0,235.25,5.0,0.0,0.0,0.0,-1.0,0.0,0.0,-0.0339,0.0,234.12,0.0,0.0,0.0,0.0,down,216.3,2026-09-04T10:13:49,0.0,238.050003051758,215.81,2026-09-16 15:44:11,2026-09-16 11:45:06
NVDA,NVDA280616P00460000,NVDA,2028-06-16,P,460.0,242.85,3.0,245.25,5.0,0.0,0.0,0.0,-1.0,0.0,0.0,-0.0339,0.0,244.12,0.0,0.0,0.0,0.0,down,232.26,2026-09-03T10:08:29,0.0,248.050003051758,215.81,2026-09-16 15:44:11,2026-09-16 11:45:06
NVDA,NVDA281215C00005000,NVDA,2028-12-15,C,5.0,207.2,24.0,213.5,25.0,0.8308,623.0,0.0,1.0,0.0,0.0032,0.0,0.0334,211.5608,0.0,0.0,0.0,0.0,up,207.21,2026-09-15T15:48:19,0.0,207.5,215.81,2026-09-16 15:44:11,2026-09-16 11:45:06
NVDA,NVDA281215C00010000,NVDA,2028-12-15,C,10.0,204.65,1.0,208.7,26.0,0.9667,110.0,1.0,1.0,0.0,0.0031,0.0,0.0814,206.6948,2.875,205.55,205.55,205.55,up,205.55,2026-09-16T09:58:21,1.41853,202.675003051758,215.81,2026-09-16 15:44:11,2026-09-16 11:45:06
NVDA,NVDA281215C00015000,NVDA,2028-12-15,C,15.0,199.95,1.0,204.1,26.0,0.8959,121.0,1.0,1.0,0.0,0.0072,0.0,0.1736,201.9636,2.5,200.55,200.55,200.55,down,200.55,2026-09-16T09:58:21,1.26231,198.050003051758,215.81,2026-09-16 15:44:11,2026-09-16 11:45:06
NVDA,NVDA281215C00020000,NVDA,2028-12-15,C,20.0,195.25,1.0,199.65,25.0,0.8146,1396.0,0.0,1.0,0.0,0.0174,0.0,0.3466,197.2901,0.0,0.0,0.0,0.0,up,193.25,2026-09-14T15:47:01,0.0,193.574996948242,215.81,2026-09-16 15:44:11,2026-09-16 11:45:06
NVDA,NVDA281215C00025000,NVDA,2028-12-15,C,25.0,191.0,1.0,195.05,61.0,0.7326,678.0,20.0,1.0,0.0,0.0278,0.0,0.4838,192.8324,4.425,192.9,192.9,192.9,up,192.9,2026-09-16T11:09:32,2.34779,188.474998474121,215.81,2026-09-16 15:44:11,2026-09-16 11:45:06
NVDA,NVDA281215C00030000,NVDA,2028-12-15,C,30.0,184.5,24.0,190.9,25.0,0.7157,763.0,0.0,1.0,0.0001,0.0357,0.0,0.5945,188.4814,0.0,0.0,0.0,0.0,down,184.5,2026-09-14T12:27:01,0.0,184.824996948242,215.81,2026-09-16 15:44:11,2026-09-16 11:45:06
NVDA,NVDA281215C00035000,NVDA,2028-12-15,C,35.0,180.05,24.0,186.4,26.0,0.661,1057.0,0.0,1.0,0.0001,0.0485,0.0,0.684,184.0497,0.0,0.0,0.0,0.0,up,180.5,2026-09-14T12:24:36,0.0,180.375,215.81,2026-09-16 15:44:11,2026-09-16 11:45:06
NVDA,NVDA281215C00040000,NVDA,2028-12-15,C,40.0,177.75,1.0,182.15,28.0,0.6346,468.0,0.0,1.0,0.0001,0.0589,0.0,0.7739,179.6865,0.0,0.0,0.0,0.0,up,185.03,2026-09-11T10:31:26,0.0,175.549995422363,215.81,2026-09-16 15:44:11,2026-09-16 11:45:06
NVDA,NVDA281215C00045000,NVDA,2028-12-15,C,45.0,173.4,25.0,177.7,48.0,0.5985,1091.0,0.0,0.9988,0.0001,0.0749,0.0,0.8604,175.3391,0.0,0.0,0.0,0.0,up,170.0,2026-09-14T10:35:16,0.0,171.650001525879,215.81,2026-09-16 15:44:11,2026-09-16 11:45:06
NVDA,NVDA281215C00050000,NVDA,2028-12-15,C,50.0,167.0,24.0,173.4,41.0,0.5768,727.0,0.0,0.9968,0.0002,0.0887,0.0,0.9468,171.0127,0.0,0.0,0.0,0.0,down,165.06,2026-09-14T09:35:23,0.0,166.650001525879,215.81,2026-09-16 15:44:11,2026-09-16 11:45:06
NVDA,NVDA281215C00055000,NVDA,2028-12-15,C,55.0,163.5,25.0,168.5,54.0,0.5276,957.0,0.0,0.9946,0.0002,0.1067,0.0,1.0328,166.7028,0.0,0.0,0.0,0.0,down,169.5,2026-09-10T12:46:59,0.0,163.0,215.81,2026-09-16 15:44:11,2026-09-16 11:45:06
NVDA,NVDA281215C00060000,NVDA,2028-12-15,C,60.0,158.35,24.0,164.8,52.0,0.5374,1948.0,0.0,0.992,0.0002,0.125,0.0,1.1129,162.4194,0.0,0.0,0.0,0.0,down,157.7,2026-09-14T09:55:48,0.0,158.700004577637,215.81,2026-09-16 15:44:11,2026-09-16 11:45:06
NVDA,NVDA281215C00065000,NVDA,2028-12-15,C,65.0,156.35,30.0,160.55,47.0,0.528,928.0,0.0,0.9891,0.0003,0.143,0.0,1.194,158.1597,0.0,0.0,0.0,0.0,no_change,154.5,2026-09-15T11:12:15,0.0,154.449996948242,215.81,2026-09-16 15:44:11,2026-09-16 11:45:06
NVDA,NVDA281215C00070000,NVDA,2028-12-15,C,70.0,152.1,48.0,156.35,47.0,0.5141,1234.0,0.0,0.9859,0.0003,0.1673,0.0,1.2716,153.9267,0.0,0.0,0.0,0.0,down,150.55,2026-09-14T13:15:16,0.0,150.25,215.81,2026-09-16 15:44:11,2026-09-16 11:45:06
NVDA,NVDA281215C00075000,NVDA,2028-12-15,C,75.0,148.05,49.0,152.15,45.0,0.505,1694.0,0.0,0.9822,0.0004,0.1904,0.0,1.3466,149.7307,0.0,0.0,0.0,0.0,no_change,145.83,2026-09-15T15:59:44,0.0,145.974998474121,215.81,2026-09-16 15:44:11,2026-09-16 11:45:06
NVDA,NVDA281215C00080000,NVDA,2028-12-15,C,80.0,143.9,71.0,147.45,66.0,0.4814,1701.0,0.0,0.9781,0.0004,0.214,0.0,1.4203,145.5713,0.0,0.0,0.0,0.0,down,141.95,2026-09-14T15:18:50,0.0,141.825004577637,215.81,2026-09-16 15:44:11,2026-09-16 11:45:06
NVDA,NVDA281215C00085000,NVDA,2028-12-15,C,85.0,139.85,102.0,143.75,119.0,0.482,716.0,2.0,0.9735,0.0005,0.2442,0.0,1.4889,141.4561,3.39,141.09,141.09,141.09,up,141.09,2026-09-16T11:02:09,2.46188,137.699996948242,215.81,2026-09-16 15:44:11,2026-09-16 11:45:06
NVDA,NVDA281215C00090000,NVDA,2028-12-15,C,90.0,135.65,89.0,139.35,82.0,0.4645,5719.0,0.0,0.9683,0.0006,0.2733,0.0,1.5546,137.3929,0.0,0.0,0.0,0.0,up,134.5,2026-09-14T14:09:11,0.0,133.674995422363,215.81,2026-09-16 15:44:11,2026-09-16 11:45:06
NVDA,NVDA281215C00095000,NVDA,2028-12-15,C,95.0,131.65,71.0,135.3,69.0,0.4569,2420.0,0.0,0.9627,0.0006,0.3052,0.0,1.6186,133.3826,0.0,0.0,0.0,0.0,up,128.8,2026-09-14T09:51:21,0.0,129.5,215.81,2026-09-16 15:44:11,2026-09-16 11:45:06
NVDA,NVDA281215C00100000,NVDA,2028-12-15,C,100.0,128.35,142.0,130.15,51.0,0.4424,5465.0,15.0,0.9564,0.0007,0.3391,0.0,1.6768,129.435,2.955,127.79,128.83,127.79,up,128.83,2026-09-16T10:30:08,2.34757,125.875,215.81,2026-09-16 15:44:11,2026-09-16 11:45:06
NVDA,NVDA281215C00105000,NVDA,2028-12-15,C,105.0,123.75,225.0,126.85,39.0,0.4358,813.0,0.0,0.9496,0.0008,0.3738,0.0,1.7314,125.5522,0.0,0.0,0.0,0.0,up,135.0,2026-09-08T13:53:19,0.0,121.849998474121,215.81,2026-09-16 15:44:11,2026-09-16 11:45:06
NVDA,NVDA281215C00110000,NVDA,2028-12-15,C,110.0,119.95,252.0,123.05,35.0,0.4323,1040.0,1.0,0.9422,0.0009,0.4115,0.0,1.7862,121.7378,2.5,120.7,120.7,120.7,up,120.7,2026-09-16T09:51:46,2.11506,118.200000762939,215.81,2026-09-16 15:44:11,2026-09-16 11:45:06
NVDA,NVDA281215C00115000,NVDA,2028-12-15,C,115.0,117.1,121.0,119.25,61.0,0.4381,858.0,1.0,0.9342,0.001,0.4492,0.0,1.8372,117.998,3.525,117.75,117.75,117.75,down,117.75,2026-09-16T11:00:28,3.08602,114.224998474121,215.81,2026-09-16 15:44:11,2026-09-16 11:45:06
NVDA,NVDA281215C00120000,NVDA,2028-12-15,C,120.0,113.75,81.0,114.85,82.0,0.4298,6250.0,3.0,0.9256,0.0011,0.4887,0.0,1.8922,114.3338,2.75,113.32,113.32,113.0,up,113.3,2026-09-16T10:11:29,2.48756,110.549999237061,215.81,2026-09-16 15:44:11,2026-09-16 11:45:06
NVDA,NVDA281215C00125000,NVDA,2028-12-15,C,125.0,110.25,57.0,111.75,86.0,0.432,623.0,5.0,0.9165,0.0012,0.5285,-0.0005,1.9399,110.7518,4.075,109.71,110.65,109.71,up,110.65,2026-09-16T11:04:40,3.8236,106.575000762939,215.81,2026-09-16 15:44:11,2026-09-16 11:45:06
NVDA,NVDA281215C00130000,NVDA,2028-12-15,C,130.0,107.0,5.0,108.2,101.0,0.4288,1566.0,1.0,0.9069,0.0013,0.5684,-0.0019,1.9727,107.2502,3.3,107.0,107.0,107.0,up,107.0,2026-09-16T11:00:30,3.18226,103.700000762939,215.81,2026-09-16 15:44:11,2026-09-16 11:45:06
NVDA,NVDA281215C00135000,NVDA,2028-12-15,C,135.0,103.4,87.0,104.7,165.0,0.4255,561.0,0.0,0.8968,0.0014,0.6092,-0.0032,2.0006,103.8289,0.0,0.0,0.0,0.0,no_change,100.25,2026-09-15T14:43:44,0.0,100.224998474121,215.81,2026-09-16 15:44:11,2026-09-16 11:45:06
NVDA,NVDA281215C00140000,NVDA,2028-12-15,C,140.0,100.0,171.0,100.9,190.0,0.4189,5643.0,1.0,0.8862,0.0015,0.65,-0.0046,2.0239,100.4906,3.29,100.44,100.44,100.44,up,100.44,2026-09-16T11:23:46,3.38651,97.1500015258789,215.81,2026-09-16 15:44:11,2026-09-16 11:45:06
NVDA,NVDA281215C00145000,NVDA,2028-12-15,C,145.0,96.7,98.0,97.95,152.0,0.4191,1395.0,0.0,0.8752,0.0016,0.69,-0.006,2.0441,97.2354,0.0,0.0,0.0,0.0,down,93.37,2026-09-15T13:32:45,0.0,93.7750015258789,215.81,2026-09-16 15:44:11,2026-09-16 11:45:06
NVDA,NVDA281215C00150000,NVDA,2028-12-15,C,150.0,93.6,87.0,94.5,81.0,0.4153,3985.0,0.0,0.8637,0.0017,0.7297,-0.0073,2.0605,94.063,0.0,0.0,0.0,0.0,up,90.67,2026-09-15T15:04:11,0.0,90.6500015258789,215.81,2026-09-16 15:44:11,2026-09-16 11:45:06
NVDA,NVDA281215C00155000,NVDA,2028-12-15,C,155.0,90.4,126.0,91.85,107.0,0.416,1048.0,0.0,0.8519,0.0018,0.7693,-0.0086,2.072,90.9747,0.0,0.0,0.0,0.0,up,88.1,2026-09-15T10:19:06,0.0,87.6500015258789,215.81,2026-09-16 15:44:11,2026-09-16 11:45:06
NVDA,NVDA281215C00160000,NVDA,2028-12-15,C,160.0,87.45,112.0,88.8,87.0,0.4144,2901.0,1.0,0.8398,0.0019,0.8077,-0.0098,2.0804,87.9712,2.89,87.49,87.49,87.49,up,87.49,2026-09-16T10:08:34,3.41608,84.5999984741211,215.81,2026-09-16 15:44:11,2026-09-16 11:45:06
NVDA,NVDA281215C00165000,NVDA,2028-12-15,C,165.0,84.55,145.0,85.5,206.0,0.4104,1349.0,2.0,0.8273,0.002,0.8447,-0.0111,2.0865,85.0509,1.8,83.5,83.5,83.5,up,83.5,2026-09-16T10:04:31,2.20318,81.7000007629394,215.81,2026-09-16 15:44:11,2026-09-16 11:45:06
NVDA,NVDA281215C00170000,NVDA,2028-12-15,C,170.0,81.75,217.0,82.65,278.0,0.4093,4107.0,1.0,0.8146,0.0021,0.881,-0.0122,2.0886,82.2131,2.975,82.1,82.1,82.1,up,82.1,2026-09-16T11:00:59,3.75987,79.125,215.81,2026-09-16 15:44:11,2026-09-16 11:45:06
NVDA,NVDA281215C00175000,NVDA,2028-12-15,C,175.0,79.0,220.0,79.9,267.0,0.4081,2473.0,1.0,0.8016,0.0022,0.9162,-0.0134,2.0869,79.4587,2.6,78.85,78.85,78.85,up,78.85,2026-09-16T10:46:25,3.40984,76.25,215.81,2026-09-16 15:44:11,2026-09-16 11:45:06
NVDA,NVDA281215C00180000,NVDA,2028-12-15,C,180.0,76.25,225.0,77.35,269.0,0.4072,5373.0,2.0,0.7884,0.0023,0.9498,-0.0145,2.083,76.7869,2.955,76.05,76.43,76.05,up,76.43,2026-09-16T10:44:08,4.02177,73.4750022888184,215.81,2026-09-16 15:44:11,2026-09-16 11:45:06
NVDA,NVDA281215C00185000,NVDA,2028-12-15,C,185.0,73.7,187.0,74.95,255.0,0.4074,6142.0,4.0,0.7751,0.0024,0.9816,-0.0156,2.0774,74.1954,3.165,74.05,74.24,74.05,up,74.24,2026-09-16T11:15:01,4.45304,71.0750007629394,215.81,2026-09-16 15:44:11,2026-09-16 11:45:06
NVDA,NVDA281215C00190000,NVDA,2028-12-15,C,190.0,71.2,156.0,72.3,304.0,0.4058,5762.0,2.0,0.7616,0.0024,1.0122,-0.0166,2.0686,71.683,2.625,71.25,71.25,71.2,down,71.2,2026-09-16T10:55:45,3.82792,68.5750007629394,215.81,2026-09-16 15:44:11,2026-09-16 11:45:06
NVDA,NVDA281215C00195000,NVDA,2028-12-15,C,195.0,68.3,145.0,69.55,77.0,0.4045,2434.0,2.0,0.748,0.0025,1.0414,-0.0175,2.0565,69.2498,2.92,68.7,69.27,68.7,up,69.27,2026-09-16T11:27:37,4.40091,66.3499984741211,215.81,2026-09-16 15:44:11,2026-09-16 11:45:06
NVDA,NVDA281215C00200000,NVDA,2028-12-15,C,200.0,66.45,355.0,67.2,303.0,0.4028,31352.0,94.0,0.7344,0.0026,1.0687,-0.0184,2.0427,66.8948,2.905,65.3,66.83,65.24,up,66.83,2026-09-16T11:00:54,4.54439,63.9250011444092,215.81,2026-09-16 15:44:11,2026-09-16 11:45:06
NVDA,NVDA281215C00205000,NVDA,2028-12-15,C,205.0,64.15,110.0,65.1,141.0,0.403,3612.0,0.0,0.7207,0.0026,1.0942,-0.0193,2.0281,64.6153,0.0,0.0,0.0,0.0,up,61.83,2026-09-15T15:44:26,0.0,61.8500003814697,215.81,2026-09-16 15:44:11,2026-09-16 11:45:06
NVDA,NVDA281215C00210000,NVDA,2028-12-15,C,210.0,61.9,312.0,62.95,398.0,0.4037,7660.0,24.0,0.7069,0.0027,1.118,-0.0201,2.0115,62.4094,2.73,61.77,62.38,61.5,up,62.38,2026-09-16T11:13:46,4.57669,59.6500015258789,215.81,2026-09-16 15:44:11,2026-09-16 11:45:06
NVDA,NVDA281215C00215000,NVDA,2028-12-15,C,215.0,59.4,375.0,60.65,294.0,0.402,2941.0,22.0,0.6932,0.0028,1.1403,-0.0209,1.9922,60.2764,3.0,58.89,60.5,58.59,up,60.5,2026-09-16T11:09:04,5.21739,57.5,215.81,2026-09-16 15:44:11,2026-09-16 11:45:06
NVDA,NVDA281215C00220000,NVDA,2028-12-15,C,220.0,57.75,442.0,58.45,413.0,0.4019,10829.0,817.0,0.6794,0.0028,1.1608,-0.0216,1.971,58.2155,2.725,57.15,58.6,56.5,no_change,58.25,2026-09-16T11:29:09,4.9077,55.5249996185303,215.81,2026-09-16 15:44:11,2026-09-16 11:45:06
NVDA,NVDA281215C00225000,NVDA,2028-12-15,C,225.0,56.0,145.0,56.55,411.0,0.4006,8169.0,2.0,0.6658,0.0029,1.1796,-0.0222,1.9494,56.2246,2.73,56.28,56.28,56.28,up,56.28,2026-09-16T11:26:44,5.09804,53.5499992370606,215.81,2026-09-16 15:44:11,2026-09-16 11:45:06
NVDA,NVDA281215C00230000,NVDA,2028-12-15,C,230.0,54.0,271.0,54.7,710.0,0.4001,7704.0,3.0,0.6522,0.0029,1.1966,-0.0228,1.9274,54.3009,2.375,54.15,54.15,54.15,up,54.15,2026-09-16T10:20:05,4.58716,51.7749996185303,215.81,2026-09-16 15:44:11,2026-09-16 11:45:06
NVDA,NVDA281215C00235000,NVDA,2028-12-15,C,235.0,52.15,141.0,53.0,245.0,0.4009,3143.0,15.0,0.6386,0.003,1.2121,-0.0234,1.9038,52.4428,2.475,52.1,52.5,52.1,up,52.5,2026-09-16T11:04:25,4.94753,50.0249996185303,215.81,2026-09-16 15:44:11,2026-09-16 11:45:06
NVDA,NVDA281215C00240000,NVDA,2028-12-15,C,240.0,50.35,187.0,50.95,257.0,0.3988,4081.0,21.0,0.6252,0.003,1.2259,-0.0239,1.8782,50.6492,2.295,49.5,50.62,49.5,up,50.62,2026-09-16T11:20:13,4.74909,48.3250007629394,215.81,2026-09-16 15:44:11,2026-09-16 11:45:06
NVDA,NVDA281215C00245000,NVDA,2028-12-15,C,245.0,48.6,120.0,49.55,814.0,0.3997,1863.0,1.0,0.6119,0.003,1.2381,-0.0244,1.8516,48.919,1.75,48.3,48.3,48.3,up,48.3,2026-09-16T10:13:00,3.7594,46.5499992370606,215.81,2026-09-16 15:44:11,2026-09-16 11:45:06
NVDA,NVDA281215C00250000,NVDA,2028-12-15,C,250.0,47.05,199.0,47.5,478.0,0.3985,18533.0,15.0,0.5987,0.0031,1.2488,-0.0248,1.8251,47.2501,2.14,46.0,47.09,46.0,up,47.09,2026-09-16T11:02:04,4.76085,44.9499988555908,215.81,2026-09-16 15:44:11,2026-09-16 11:45:06
NVDA,NVDA281215C00255000,NVDA,2028-12-15,C,255.0,45.25,570.0,45.95,551.0,0.3975,1511.0,10.0,0.5857,0.0031,1.258,-0.0252,1.7988,45.6398,1.825,45.25,45.25,45.25,up,45.25,2026-09-16T10:42:39,4.20265,43.4250011444092,215.81,2026-09-16 15:44:11,2026-09-16 11:45:06
NVDA,NVDA281215C00260000,NVDA,2028-12-15,C,260.0,43.75,355.0,44.55,473.0,0.398,4447.0,64.0,0.5728,0.0031,1.2658,-0.0256,1.7717,44.0861,1.7,42.75,43.65,42.75,up,43.65,2026-09-16T10:35:06,4.05244,41.9500007629394,215.81,2026-09-16 15:44:11,2026-09-16 11:45:06
NVDA,NVDA281215C00265000,NVDA,2028-12-15,C,265.0,42.4,55.0,42.95,276.0,0.3979,984.0,1.0,0.5601,0.0031,1.2721,-0.0259,1.7433,42.588,2.0,42.5,42.5,42.5,up,42.5,2026-09-16T10:11:08,4.93827,40.5,215.81,2026-09-16 15:44:11,2026-09-16 11:45:06
NVDA,NVDA281215C00270000,NVDA,2028-12-15,C,270.0,40.75,454.0,41.45,332.0,0.3966,3130.0,1.0,0.5475,0.0031,1.277,-0.0262,1.714,41.1442,1.84,40.99,40.99,40.99,up,40.99,2026-09-16T09:54:34,4.69987,39.1499996185303,215.81,2026-09-16 15:44:11,2026-09-16 11:45:06
NVDA,NVDA281215C00275000,NVDA,2028-12-15,C,275.0,39.25,440.0,40.3,428.0,0.397,3059.0,3.0,0.5352,0.0031,1.2807,-0.0264,1.6848,39.7532,1.3,39.0,39.0,39.0,up,39.0,2026-09-16T09:47:28,3.44828,37.6999988555908,215.81,2026-09-16 15:44:11,2026-09-16 11:45:06
NVDA,NVDA281215C00280000,NVDA,2028-12-15,C,280.0,38.05,342.0,38.75,299.0,0.3965,4718.0,0.0,0.523,0.0032,1.2832,-0.0266,1.6562,38.4127,0.0,0.0,0.0,0.0,down,36.37,2026-09-15T13:04:22,0.0,36.5,215.81,2026-09-16 15:44:11,2026-09-16 11:45:06
NVDA,NVDA281215C00285000,NVDA,2028-12-15,C,285.0,36.9,246.0,37.65,926.0,0.3977,2097.0,8.0,0.511,0.0032,1.2846,-0.0268,1.628,37.1204,1.625,36.9,36.9,36.9,up,36.9,2026-09-16T10:54:02,4.60666,35.2749996185303,215.81,2026-09-16 15:44:11,2026-09-16 11:45:06
NVDA,NVDA281215C00290000,NVDA,2028-12-15,C,290.0,35.45,877.0,36.1,304.0,0.3956,6695.0,10.0,0.4993,0.0032,1.2849,-0.0269,1.5993,35.8746,1.95,36.0,36.0,36.0,up,36.0,2026-09-16T11:02:30,5.72687,34.0500011444092,215.81,2026-09-16 15:44:11,2026-09-16 11:45:06
NVDA,NVDA281215C00295000,NVDA,2028-12-15,C,295.0,34.5,326.0,35.0,325.0,0.3968,875.0,0.0,0.4877,0.0032,1.284,-0.027,1.5699,34.6745,0.0,0.0,0.0,0.0,down,33.12,2026-09-14T15:31:12,0.0,32.8999996185303,215.81,2026-09-16 15:44:11,2026-09-16 11:45:06
NVDA,NVDA281215C00300000,NVDA,2028-12-15,C,300.0,33.4,369.0,33.75,289.0,0.3966,19041.0,33.0,0.4764,0.0032,1.2819,-0.0271,1.54,33.5187,1.725,32.5,33.55,32.5,no_change,33.55,2026-09-16T11:25:42,5.42026,31.8250007629394,215.81,2026-09-16 15:44:11,2026-09-16 11:45:06
NVDA,NVDA281215C00310000,NVDA,2028-12-15,C,310.0,31.15,324.0,31.7,373.0,0.3967,3807.0,10.0,0.4544,0.0031,1.2753,-0.0271,1.4818,31.3341,1.62,30.4,31.37,30.3,up,31.37,2026-09-16T11:01:00,5.44538,29.75,215.81,2026-09-16 15:44:11,2026-09-16 11:45:06
NVDA,NVDA281215C00320000,NVDA,2028-12-15,C,320.0,28.95,841.0,29.6,618.0,0.3957,2222.0,3.0,0.4332,0.0031,1.2657,-0.0271,1.4261,29.3062,1.525,29.0,29.45,29.0,up,29.45,2026-09-16T11:14:59,5.46106,27.9250001907349,215.81,2026-09-16 15:44:11,2026-09-16 11:45:06
NVDA,NVDA281215C00330000,NVDA,2028-12-15,C,330.0,27.3,307.0,27.75,664.0,0.3968,8798.0,1.0,0.413,0.0031,1.2528,-0.027,1.3696,27.424,1.15,27.15,27.15,27.15,up,27.15,2026-09-16T10:27:36,4.42308,26.0,215.81,2026-09-16 15:44:11,2026-09-16 11:45:06
NVDA,NVDA281215C00340000,NVDA,2028-12-15,C,340.0,25.55,378.0,25.95,375.0,0.3966,8882.0,242.0,0.3936,0.003,1.237,-0.0268,1.3138,25.6792,1.275,24.8,25.75,24.8,down,25.6,2026-09-16T11:17:40,5.24152,24.3250007629395,215.81,2026-09-16 15:44:11,2026-09-16 11:45:06
NVDA,NVDA281215C00350000,NVDA,2028-12-15,C,350.0,23.6,708.0,24.7,775.0,0.3987,7794.0,40.0,0.3751,0.003,1.2197,-0.0266,1.2611,24.0605,1.325,23.32,24.1,22.95,up,24.1,2026-09-16T11:27:35,5.81778,22.7749996185303,215.81,2026-09-16 15:44:11,2026-09-16 11:45:06
NVDA,NVDA281215C00360000,NVDA,2028-12-15,C,360.0,22.35,471.0,22.85,352.0,0.3967,3607.0,0.0,0.3574,0.0029,1.2007,-0.0263,1.2101,22.5571,0.0,0.0,0.0,0.0,down,21.63,2026-09-15T10:16:41,0.0,21.4499998092651,215.81,2026-09-16 15:44:11,2026-09-16 11:45:06
NVDA,NVDA281215C00370000,NVDA,2028-12-15,C,370.0,21.0,404.0,21.4,212.0,0.3969,5497.0,2.0,0.3406,0.0029,1.1795,-0.0259,1.1591,21.1615,0.95,20.91,21.0,20.91,up,21.0,2026-09-16T10:24:40,4.73815,20.0500001907349,215.81,2026-09-16 15:44:11,2026-09-16 11:45:06
NVDA,NVDA281215C00380000,NVDA,2028-12-15,C,380.0,19.55,793.0,20.1,202.0,0.3964,17577.0,9.0,0.3246,0.0028,1.1568,-0.0255,1.1098,19.8667,0.865,19.2,19.75,19.2,down,19.69,2026-09-16T10:08:45,4.59495,18.8250007629395,215.81,2026-09-16 15:44:11,2026-09-16 11:45:06
NVDA,NVDA281215C00390000,NVDA,2028-12-15,C,390.0,18.6,77.0,19.0,769.0,0.3983,418.0,1.0,0.3093,0.0028,1.1339,-0.0251,1.0638,18.6639,0.775,18.6,18.6,18.6,up,18.6,2026-09-16T11:24:16,4.34783,17.8249998092651,215.81,2026-09-16 15:44:11,2026-09-16 11:45:06
NVDA,NVDA281215C00400000,NVDA,2028-12-15,C,400.0,17.45,467.0,17.85,808.0,0.3984,10119.0,2.0,0.2948,0.0027,1.1104,-0.0246,1.0196,17.545,0.975,17.6,17.6,17.6,no_change,17.6,2026-09-16T11:23:35,5.86466,16.625,215.81,2026-09-16 15:44:11,2026-09-16 11:45:06
NVDA,NVDA281215C00410000,NVDA,2028-12-15,C,410.0,16.2,996.0,16.8,423.0,0.3977,911.0,0.0,0.2811,0.0026,1.0857,-0.0242,0.9759,16.5045,0.0,0.0,0.0,0.0,up,15.7,2026-09-15T13:35:31,0.0,15.6750001907349,215.81,2026-09-16 15:44:11,2026-09-16 11:45:06
NVDA,NVDA281215C00420000,NVDA,2028-12-15,C,420.0,15.35,484.0,15.85,458.0,0.3987,9238.0,0.0,0.268,0.0026,1.0602,-0.0237,0.9337,15.5373,0.0,0.0,0.0,0.0,down,14.6,2026-09-15T13:28:19,0.0,14.7000002861023,215.81,2026-09-16 15:44:11,2026-09-16 11:45:06
NVDA,NVDA281215C00430000,NVDA,2028-12-15,C,430.0,14.1,413.0,15.15,424.0,0.3984,365.0,0.0,0.2556,0.0025,1.0349,-0.0232,0.8941,14.6373,0.0,0.0,0.0,0.0,down,16.18,2026-09-11T12:51:56,0.0,13.875,215.81,2026-09-16 15:44:11,2026-09-16 11:45:06
NVDA,NVDA281215C00440000,NVDA,2028-12-15,C,440.0,13.65,717.0,14.05,634.0,0.3995,4166.0,3.0,0.2439,0.0024,1.01,-0.0227,0.8569,13.7985,0.6,13.7,13.7,13.7,up,13.7,2026-09-16T10:31:08,4.58015,13.0999999046326,215.81,2026-09-16 15:44:11,2026-09-16 11:45:06
NVDA,NVDA281215C00450000,NVDA,2028-12-15,C,450.0,12.85,795.0,13.2,16.0,0.3995,6877.0,3.0,0.2327,0.0024,0.985,-0.0222,0.8208,13.0161,0.425,12.7,12.8,12.7,up,12.8,2026-09-16T11:00:59,3.43434,12.375,215.81,2026-09-16 15:44:11,2026-09-16 11:45:06
NVDA,NVDA281215C00460000,NVDA,2028-12-15,C,460.0,12.25,279.0,12.5,179.0,0.4008,23080.0,20.0,0.2221,0.0023,0.9595,-0.0216,0.7855,12.2866,0.65,11.95,12.3,11.95,up,12.3,2026-09-16T11:03:08,5.5794,11.6500000953674,215.81,2026-09-16 15:44:11,2026-09-16 11:45:06
NVDA,NVDA281215P00005000,NVDA,2028-12-15,P,5.0,0.03,50.0,0.04,114.0,0.953,5867.0,0.0,-0.0003,0.0,0.0038,-0.0002,-0.0023,0.0363,0.0,0.0,0.0,0.0,down,0.03,2026-09-10T12:58:39,0.0,0.034999999217689,215.81,2026-09-16 15:44:11,2026-09-16 11:45:06
NVDA,NVDA281215P00010000,NVDA,2028-12-15,P,10.0,0.05,465.0,0.12,135.0,0.841,3062.0,35.0,-0.0007,0.0,0.0083,-0.0004,-0.0051,0.0739,-0.035,0.05,0.05,0.05,down,0.05,2026-09-16T09:58:20,-41.1765,0.0849999990314245,215.81,2026-09-16 15:44:11,2026-09-16 11:45:06
NVDA,NVDA281215P00015000,NVDA,2028-12-15,P,15.0,0.05,24.0,0.16,15.0,0.7427,3987.0,0.0,-0.0013,0.0,0.0139,-0.0006,-0.0088,0.1215,0.0,0.0,0.0,0.0,no_change,0.12,2026-09-14T15:54:09,0.0,0.109999997541308,215.81,2026-09-16 15:44:11,2026-09-16 11:45:06
NVDA,NVDA281215P00020000,NVDA,2028-12-15,P,20.0,0.13,22.0,0.17,12.0,0.6897,2493.0,3.0,-0.002,0.0,0.021,-0.0008,-0.0136,0.1802,0.02,0.17,0.17,0.17,down,0.17,2026-09-16T09:30:00,13.3333,0.149999998509884,215.81,2026-09-16 15:44:11,2026-09-16 11:45:06
NVDA,NVDA281215P00025000,NVDA,2028-12-15,P,25.0,0.24,35.0,0.42,172.0,0.693,951.0,0.0,-0.0029,0.0,0.029,-0.0011,-0.0193,0.2514,0.0,0.0,0.0,0.0,down,0.24,2026-09-15T09:32:37,0.0,0.294999994337559,215.81,2026-09-16 15:44:11,2026-09-16 11:45:06
NVDA,NVDA281215P00030000,NVDA,2028-12-15,P,30.0,0.14,180.0,0.57,187.0,0.6417,1619.0,0.0,-0.004,0.0001,0.0388,-0.0014,-0.0264,0.3359,0.0,0.0,0.0,0.0,up,0.56,2026-09-14T13:47:52,0.0,0.355000004172325,215.81,2026-09-16 15:44:11,2026-09-16 11:45:06
NVDA,NVDA281215P00035000,NVDA,2028-12-15,P,35.0,0.4,25.0,0.65,209.0,0.6284,520.0,0.0,-0.0053,0.0001,0.0496,-0.0017,-0.0341,0.4352,0.0,0.0,0.0,0.0,up,0.52,2026-09-02T12:40:12,0.0,0.470000013709068,215.81,2026-09-16 15:44:11,2026-09-16 11:45:06
NVDA,NVDA281215P00040000,NVDA,2028-12-15,P,40.0,0.53,20.0,0.66,14.0,0.5957,358.0,0.0,-0.0068,0.0001,0.0622,-0.0021,-0.0434,0.55,0.0,0.0,0.0,0.0,down,0.62,2026-09-14T13:47:52,0.0,0.590000003576279,215.81,2026-09-16 15:44:11,2026-09-16 11:45:06
NVDA,NVDA281215P00045000,NVDA,2028-12-15,P,45.0,0.53,212.0,0.84,154.0,0.5691,197.0,0.0,-0.0086,0.0001,0.0762,-0.0025,-0.0543,0.6829,0.0,0.0,0.0,0.0,no_change,0.7,2026-09-15T10:29:08,0.0,0.604999989271164,215.81,2026-09-16 15:44:11,2026-09-16 11:45:06
NVDA,NVDA281215P00050000,NVDA,2028-12-15,P,50.0,0.77,24.0,0.96,152.0,0.5548,3400.0,6.0,-0.0106,0.0002,0.0913,-0.0029,-0.0663,0.8343,-0.065,0.77,0.78,0.77,up,0.78,2026-09-16T09:59:01,-7.69231,0.844999998807907,215.81,2026-09-16 15:44:11,2026-09-16 11:45:06
NVDA,NVDA281215P00055000,NVDA,2028-12-15,P,55.0,0.97,13.0,1.26,224.0,0.5456,297.0,0.0,-0.0129,0.0002,0.1089,-0.0033,-0.0804,1.0062,0.0,0.0,0.0,0.0,up,1.05,2026-09-14T13:56:53,0.0,1.11500000953674,215.81,2026-09-16 15:44:11,2026-09-16 11:45:06
NVDA,NVDA281215P00060000,NVDA,2028-12-15,P,60.0,1.01,125.0,1.38,108.0,0.5208,442.0,0.0,-0.0156,0.0002,0.1272,-0.0038,-0.0958,1.2019,0.0,0.0,0.0,0.0,no_change,1.2,2026-09-15T11:27:52,0.0,1.25,215.81,2026-09-16 15:44:11,2026-09-16 11:45:06
NVDA,NVDA281215P00065000,NVDA,2028-12-15,P,65.0,1.31,73.0,1.55,373.0,0.509,388.0,10.0,-0.0185,0.0003,0.1473,-0.0043,-0.1129,1.4226,-0.05,1.45,1.45,1.45,down,1.45,2026-09-16T11:15:55,-3.33333,1.5,215.81,2026-09-16 15:44:11,2026-09-16 11:45:06
NVDA,NVDA281215P00070000,NVDA,2028-12-15,P,70.0,1.54,85.0,1.75,91.0,0.4951,667.0,0.0,-0.0219,0.0003,0.1702,-0.0048,-0.1328,1.6719,0.0,0.0,0.0,0.0,down,1.68,2026-09-15T14:43:38,0.0,1.66500002145767,215.81,2026-09-16 15:44:11,2026-09-16 11:45:06
NVDA,NVDA281215P00075000,NVDA,2028-12-15,P,75.0,1.88,47.0,2.01,51.0,0.4854,1452.0,0.0,-0.0257,0.0004,0.1942,-0.0054,-0.1546,1.9587,0.0,0.0,0.0,0.0,up,2.02,2026-09-15T15:17:25,0.0,1.9899999499321,215.81,2026-09-16 15:44:11,2026-09-16 11:45:06
NVDA,NVDA281215P00080000,NVDA,2028-12-15,P,80.0,2.2,295.0,2.33,93.0,0.4756,978.0,1.0,-0.03,0.0004,0.2202,-0.006,-0.179,2.2854,0.0,2.32,2.32,2.32,no_change,2.32,2026-09-16T11:20:18,-2.26087e-06,2.32000005245209,215.81,2026-09-16 15:44:11,2026-09-16 11:45:06
NVDA,NVDA281215P00085000,NVDA,2028-12-15,P,85.0,2.43,232.0,2.7,35.0,0.4644,1054.0,0.0,-0.0347,0.0005,0.2493,-0.0067,-0.2071,2.6547,0.0,0.0,0.0,0.0,down,2.56,2026-09-04T10:52:26,0.0,2.72000002861023,215.81,2026-09-16 15:44:11,2026-09-16 11:45:06
NVDA,NVDA281215P00090000,NVDA,2028-12-15,P,90.0,3.05,1.0,3.4,318.0,0.4659,1506.0,0.0,-0.04,0.0006,0.2792,-0.0074,-0.2368,3.0777,0.0,0.0,0.0,0.0,up,3.09,2026-09-15T14:10:13,0.0,3.14999997615814,215.81,2026-09-16 15:44:11,2026-09-16 11:45:06
NVDA,NVDA281215P00095000,NVDA,2028-12-15,P,95.0,3.15,261.0,3.7,112.0,0.4496,2002.0,0.0,-0.0459,0.0007,0.3116,-0.0082,-0.2702,3.5576,0.0,0.0,0.0,0.0,no_change,3.75,2026-09-15T10:02:36,0.0,3.625,215.81,2026-09-16 15:44:11,2026-09-16 11:45:06
NVDA,NVDA281215P00100000,NVDA,2028-12-15,P,100.0,4.0,50.0,4.35,563.0,0.4503,5668.0,1.0,-0.0524,0.0008,0.3468,-0.009,-0.3086,4.0992,-0.05,4.2,4.2,4.2,down,4.2,2026-09-16T10:15:10,-1.17647,4.25,215.81,2026-09-16 15:44:11,2026-09-16 11:45:06
NVDA,NVDA281215P00105000,NVDA,2028-12-15,P,105.0,4.5,565.0,4.85,289.0,0.4415,2041.0,0.0,-0.0598,0.0008,0.383,-0.0098,-0.3489,4.7209,0.0,0.0,0.0,0.0,up,5.2,2026-09-14T09:53:29,0.0,4.82499980926514,215.81,2026-09-16 15:44:11,2026-09-16 11:45:06
NVDA,NVDA281215P00110000,NVDA,2028-12-15,P,110.0,5.25,105.0,5.5,178.0,0.4377,3494.0,0.0,-0.0674,0.001,0.421,-0.0107,-0.3909,5.3974,0.0,0.0,0.0,0.0,up,5.65,2026-09-15T13:25:44,0.0,5.5,215.81,2026-09-16 15:44:11,2026-09-16 11:45:06
NVDA,NVDA281215P00115000,NVDA,2028-12-15,P,115.0,6.1,98.0,6.25,123.0,0.4343,5073.0,1.0,-0.0761,0.001,0.4615,-0.0116,-0.4411,6.1668,-0.125,6.25,6.25,6.25,down,6.25,2026-09-16T10:31:53,-1.96078,6.375,215.81,2026-09-16 15:44:11,2026-09-16 11:45:06
NVDA,NVDA281215P00120000,NVDA,2028-12-15,P,120.0,6.9,139.0,7.15,298.0,0.4309,10301.0,0.0,-0.0851,0.0012,0.5008,-0.0126,-0.49,7.0052,0.0,0.0,0.0,0.0,down,7.25,2026-09-15T15:44:48,0.0,7.25,215.81,2026-09-16 15:44:11,2026-09-16 11:45:06
NVDA,NVDA281215P00125000,NVDA,2028-12-15,P,125.0,7.7,549.0,8.05,213.0,0.4263,2139.0,0.0,-0.0948,0.0013,0.5425,-0.0135,-0.5418,7.9284,0.0,0.0,0.0,0.0,down,8.17,2026-09-15T12:35:56,0.0,8.19999980926514,215.81,2026-09-16 15:44:11,2026-09-16 11:45:06
NVDA,NVDA281215P00130000,NVDA,2028-12-15,P,130.0,8.85,375.0,9.05,398.0,0.4245,16345.0,0.0,-0.1053,0.0014,0.5859,-0.0145,-0.5981,8.9426,0.0,0.0,0.0,0.0,down,9.15,2026-09-15T15:21:35,0.0,9.25,215.81,2026-09-16 15:44:11,2026-09-16 11:45:06
NVDA,NVDA281215P00135000,NVDA,2028-12-15,P,135.0,9.9,394.0,10.4,517.0,0.4235,2730.0,0.0,-0.1162,0.0015,0.627,-0.0155,-0.6598,10.0432,0.0,0.0,0.0,0.0,up,10.5,2026-09-15T13:04:39,0.0,10.375,215.81,2026-09-16 15:44:11,2026-09-16 11:45:06
NVDA,NVDA281215P00140000,NVDA,2028-12-15,P,140.0,10.95,894.0,11.4,598.0,0.4187,4539.0,17.0,-0.1277,0.0016,0.6689,-0.0164,-0.7192,11.2301,-0.3,11.35,11.35,11.3,down,11.3,2026-09-16T10:26:57,-2.58621,11.5999999046326,215.81,2026-09-16 15:44:11,2026-09-16 11:45:06
NVDA,NVDA281215P00145000,NVDA,2028-12-15,P,145.0,12.4,292.0,12.75,711.0,0.4184,3139.0,0.0,-0.1398,0.0017,0.7095,-0.0174,-0.7817,12.5079,0.0,0.0,0.0,0.0,down,13.05,2026-09-14T15:31:59,0.0,12.8999996185303,215.81,2026-09-16 15:44:11,2026-09-16 11:45:06
NVDA,NVDA281215P00150000,NVDA,2028-12-15,P,150.0,13.75,345.0,14.1,629.0,0.4161,20916.0,14.0,-0.1524,0.0019,0.7523,-0.0184,-0.8469,13.8799,-0.535,14.0,14.35,13.84,down,13.84,2026-09-16T11:11:13,-3.72174,14.375,215.81,2026-09-16 15:44:11,2026-09-16 11:45:06
NVDA,NVDA281215P00155000,NVDA,2028-12-15,P,155.0,15.2,652.0,15.55,355.0,0.4142,4945.0,8.0,-0.1654,0.002,0.7921,-0.0193,-0.9151,15.3435,-0.455,15.6,15.6,15.37,down,15.37,2026-09-16T11:17:01,-2.8752,15.8249998092651,215.81,2026-09-16 15:44:11,2026-09-16 11:45:06
NVDA,NVDA281215P00160000,NVDA,2028-12-15,P,160.0,16.75,368.0,17.05,203.0,0.4122,4060.0,1.0,-0.179,0.0021,0.8313,-0.0203,-0.9809,16.9017,-0.625,16.9,16.9,16.9,down,16.9,2026-09-16T11:24:15,-3.56633,17.5249996185303,215.81,2026-09-16 15:44:11,2026-09-16 11:45:06
NVDA,NVDA281215P00165000,NVDA,2028-12-15,P,165.0,18.4,685.0,18.7,222.0,0.4107,5488.0,1.0,-0.1929,0.0022,0.8713,-0.0212,-1.0478,18.5498,-0.455,18.72,18.72,18.72,down,18.72,2026-09-16T10:32:13,-2.37288,19.1750001907349,215.81,2026-09-16 15:44:11,2026-09-16 11:45:06
NVDA,NVDA281215P00170000,NVDA,2028-12-15,P,170.0,20.1,805.0,20.5,309.0,0.4094,14219.0,5.0,-0.2072,0.0023,0.9076,-0.0221,-1.1211,20.2975,-0.675,20.4,20.4,20.25,up,20.3,2026-09-16T11:25:42,-3.21812,20.9750003814697,215.81,2026-09-16 15:44:11,2026-09-16 11:45:06
NVDA,NVDA281215P00175000,NVDA,2028-12-15,P,175.0,21.9,948.0,22.35,252.0,0.4081,4935.0,2.0,-0.2219,0.0024,0.9427,-0.0229,-1.1882,22.1365,-0.55,22.45,22.45,22.45,down,22.45,2026-09-16T09:52:06,-2.3913,23.0,215.81,2026-09-16 15:44:11,2026-09-16 11:45:06
NVDA,NVDA281215P00180000,NVDA,2028-12-15,P,180.0,23.9,338.0,24.4,732.0,0.4079,15294.0,13.0,-0.2369,0.0026,0.9751,-0.0238,-1.2581,24.0704,-0.675,24.25,24.3,24.2,down,24.2,2026-09-16T10:30:23,-2.71357,24.875,215.81,2026-09-16 15:44:11,2026-09-16 11:45:06
NVDA,NVDA281215P00185000,NVDA,2028-12-15,P,185.0,25.8,902.0,26.3,265.0,0.4056,7669.0,2.0,-0.2522,0.0027,1.0092,-0.0246,-1.3251,26.0936,-0.685,26.26,26.26,26.24,down,26.24,2026-09-16T10:19:24,-2.5441,26.9250001907349,215.81,2026-09-16 15:44:11,2026-09-16 11:45:06
NVDA,NVDA281215P00190000,NVDA,2028-12-15,P,190.0,28.05,264.0,28.45,660.0,0.4054,5824.0,0.0,-0.2678,0.0028,1.0382,-0.0253,-1.3938,28.2144,0.0,0.0,0.0,0.0,up,29.01,2026-09-15T14:45:11,0.0,29.0999994277954,215.81,2026-09-16 15:44:11,2026-09-16 11:45:06
NVDA,NVDA281215P00195000,NVDA,2028-12-15,P,195.0,30.2,420.0,30.6,257.0,0.404,5462.0,0.0,-0.2837,0.0029,1.0655,-0.026,-1.4596,30.4265,0.0,0.0,0.0,0.0,down,31.3,2026-09-15T15:24:27,0.0,31.375,215.81,2026-09-16 15:44:11,2026-09-16 11:45:06
NVDA,NVDA281215P00200000,NVDA,2028-12-15,P,200.0,32.5,768.0,33.35,919.0,0.4027,11514.0,36.0,-0.2997,0.003,1.0906,-0.0267,-1.5261,32.7297,-0.6,32.9,33.1,32.9,up,33.1,2026-09-16T10:15:10,-1.78041,33.6999988555908,215.81,2026-09-16 15:44:11,2026-09-16 11:45:06
NVDA,NVDA281215P00205000,NVDA,2028-12-15,P,205.0,34.9,266.0,35.6,940.0,0.4038,2958.0,0.0,-0.316,0.0031,1.1138,-0.0274,-1.587,35.1191,0.0,0.0,0.0,0.0,down,35.77,2026-09-15T15:28:21,0.0,36.1499996185303,215.81,2026-09-16 15:44:11,2026-09-16 11:45:06
NVDA,NVDA281215P00210000,NVDA,2028-12-15,P,210.0,37.25,573.0,37.85,292.0,0.4015,4628.0,11.0,-0.3324,0.0032,1.1354,-0.028,-1.6486,37.6025,-1.06,38.0,38.0,37.59,down,37.59,2026-09-16T11:27:26,-2.74257,38.6500015258789,215.81,2026-09-16 15:44:11,2026-09-16 11:45:06
NVDA,NVDA281215P00215000,NVDA,2028-12-15,P,215.0,39.8,622.0,40.35,3.0,0.4005,1253.0,9.0,-0.349,0.0033,1.1541,-0.0286,-1.7073,40.1719,-1.4,40.4,40.4,40.0,up,40.1,2026-09-16T11:27:26,-3.37349,41.5,215.81,2026-09-16 15:44:11,2026-09-16 11:45:06
NVDA,NVDA281215P00220000,NVDA,2028-12-15,P,220.0,42.65,168.0,43.05,192.0,0.4007,5217.0,2.0,-0.3657,0.0034,1.1705,-0.0291,-1.7699,42.8316,-0.965,43.4,43.4,43.06,down,43.06,2026-09-16T10:40:16,-2.19194,44.0249996185303,215.81,2026-09-16 15:44:11,2026-09-16 11:45:06
NVDA,NVDA281215P00225000,NVDA,2028-12-15,P,225.0,45.25,405.0,45.95,492.0,0.4004,1479.0,0.0,-0.3825,0.0035,1.1847,-0.0296,-1.8166,45.5699,0.0,0.0,0.0,0.0,down,46.68,2026-09-15T15:34:10,0.0,47.0250015258789,215.81,2026-09-16 15:44:11,2026-09-16 11:45:06
NVDA,NVDA281215P00230000,NVDA,2028-12-15,P,230.0,48.2,353.0,48.85,731.0,0.4006,4161.0,3.0,-0.3994,0.0036,1.1948,-0.0301,-1.8639,48.396,-1.115,49.0,49.0,48.56,down,48.56,2026-09-16T10:11:31,-2.24459,49.6750011444092,215.81,2026-09-16 15:44:11,2026-09-16 11:45:06
NVDA,NVDA281215P00235000,NVDA,2028-12-15,P,235.0,50.95,341.0,51.85,885.0,0.4,754.0,0.0,-0.4163,0.0037,1.205,-0.0306,-1.9216,51.3057,0.0,0.0,0.0,0.0,no_change,53.7,2026-09-14T11:05:15,0.0,52.7000007629394,215.81,2026-09-16 15:44:11,2026-09-16 11:45:06
NVDA,NVDA281215P00240000,NVDA,2028-12-15,P,240.0,53.9,411.0,54.55,300.0,0.3982,1106.0,0.0,-0.4333,0.0038,1.2103,-0.0309,-1.9559,54.2976,0.0,0.0,0.0,0.0,up,55.86,2026-09-15T14:07:24,0.0,55.7250003814697,215.81,2026-09-16 15:44:11,2026-09-16 11:45:06
NVDA,NVDA281215P00245000,NVDA,2028-12-15,P,245.0,57.1,183.0,57.45,1.0,0.3977,1737.0,2.0,-0.4502,0.0038,1.2163,-0.0313,-2.0037,57.3414,-1.885,57.14,57.14,57.14,down,57.14,2026-09-16T11:26:44,-3.19356,59.0249996185303,215.81,2026-09-16 15:44:11,2026-09-16 11:45:06
NVDA,NVDA281215P00250000,NVDA,2028-12-15,P,250.0,60.15,547.0,61.15,364.0,0.3974,2818.0,30.0,-0.4673,0.0039,1.219,-0.0316,-2.0336,60.5148,-1.035,61.14,61.19,61.14,up,61.19,2026-09-16T09:35:28,-1.66332,62.2249984741211,215.81,2026-09-16 15:44:11,2026-09-16 11:45:06
NVDA,NVDA281215P00255000,NVDA,2028-12-15,P,255.0,63.15,607.0,64.9,213.0,0.4001,436.0,0.0,-0.4844,0.004,1.2136,-0.0319,-2.0548,63.7431,0.0,0.0,0.0,0.0,up,66.6,2026-09-14T10:34:22,0.0,65.3000030517578,215.81,2026-09-16 15:44:11,2026-09-16 11:45:06
NVDA,NVDA281215P00260000,NVDA,2028-12-15,P,260.0,66.75,190.0,67.5,249.0,0.3979,2353.0,0.0,-0.5014,0.004,1.2138,-0.0322,-2.1036,67.0451,0.0,0.0,0.0,0.0,down,68.9,2026-09-15T12:49:24,0.0,68.9749984741211,215.81,2026-09-16 15:44:11,2026-09-16 11:45:06
NVDA,NVDA281215P00265000,NVDA,2028-12-15,P,265.0,69.8,287.0,70.8,100.0,0.3962,247.0,0.0,-0.5183,0.0041,1.2071,-0.0324,-2.1017,70.4197,0.0,0.0,0.0,0.0,up,69.2,2026-09-11T13:14:22,0.0,72.2999992370606,215.81,2026-09-16 15:44:11,2026-09-16 11:45:06
NVDA,NVDA281215P00270000,NVDA,2028-12-15,P,270.0,73.6,1.0,74.1,128.0,0.3966,1100.0,0.0,-0.5354,0.0042,1.1974,-0.0326,-2.1359,73.8739,0.0,0.0,0.0,0.0,no_change,76.75,2026-09-14T10:04:48,0.0,75.875,215.81,2026-09-16 15:44:11,2026-09-16 11:45:06
NVDA,NVDA281215P00275000,NVDA,2028-12-15,P,275.0,76.6,535.0,78.05,106.0,0.3963,470.0,0.0,-0.5522,0.0043,1.1921,-0.0328,-2.1719,77.3884,0.0,0.0,0.0,0.0,down,79.19,2026-09-15T15:53:11,0.0,79.3499984741211,215.81,2026-09-16 15:44:11,2026-09-16 11:45:06
NVDA,NVDA281215P00280000,NVDA,2028-12-15,P,280.0,80.45,210.0,81.35,143.0,0.396,1537.0,0.0,-0.569,0.0043,1.1758,-0.0329,-2.1285,80.973,0.0,0.0,0.0,0.0,up,83.25,2026-09-14T12:26:53,0.0,83.0999984741211,215.81,2026-09-16 15:44:11,2026-09-16 11:45:06
NVDA,NVDA281215P00285000,NVDA,2028-12-15,P,285.0,84.35,13.0,85.15,86.0,0.3972,314.0,0.0,-0.5859,0.0044,1.159,-0.033,-2.1646,84.6349,0.0,0.0,0.0,0.0,up,81.0,2026-09-08T15:54:40,0.0,86.8500022888184,215.81,2026-09-16 15:44:11,2026-09-16 11:45:06
NVDA,NVDA281215P00290000,NVDA,2028-12-15,P,290.0,87.3,310.0,89.05,96.0,0.3948,1364.0,0.0,-0.6026,0.0044,1.1492,-0.0331,-2.1568,88.3526,0.0,0.0,0.0,0.0,up,89.35,2026-09-15T10:48:58,0.0,90.6749992370606,215.81,2026-09-16 15:44:11,2026-09-16 11:45:06
NVDA,NVDA281215P00295000,NVDA,2028-12-15,P,295.0,90.85,379.0,93.4,134.0,0.3961,476.0,64.0,-0.619,0.0045,1.1242,-0.0331,-2.12,92.1405,-1.09,93.24,93.26,93.24,up,93.26,2026-09-16T09:41:50,-1.15527,94.3499984741211,215.81,2026-09-16 15:44:11,2026-09-16 11:45:06
NVDA,NVDA281215P00300000,NVDA,2028-12-15,P,300.0,95.75,3.0,96.25,84.0,0.396,6420.0,64.0,-0.6356,0.0046,1.0998,-0.0333,-2.1261,95.9594,-1.03,97.16,97.17,97.16,up,97.17,2026-09-16T09:41:50,-1.04888,98.2000007629394,215.81,2026-09-16 15:44:11,2026-09-16 11:45:06
NVDA,NVDA281215P00310000,NVDA,2028-12-15,P,310.0,103.1,257.0,104.3,83.0,0.3943,1080.0,0.0,-0.6685,0.0047,1.0578,-0.0333,-2.0583,103.8729,0.0,0.0,0.0,0.0,up,106.4,2026-09-14T10:45:19,0.0,106.225002288818,215.81,2026-09-16 15:44:11,2026-09-16 11:45:06
NVDA,NVDA281215P00320000,NVDA,2028-12-15,P,320.0,110.7,170.0,112.4,60.0,0.3949,941.0,0.0,-0.7013,0.0048,0.9981,-0.0334,-2.0494,112.0037,0.0,0.0,0.0,0.0,up,114.0,2026-09-15T10:32:10,0.0,114.349998474121,215.81,2026-09-16 15:44:11,2026-09-16 11:45:06
NVDA,NVDA281215P00330000,NVDA,2028-12-15,P,330.0,119.15,201.0,121.05,71.0,0.3931,4289.0,0.0,-0.7331,0.0049,0.9195,-0.0334,-1.8656,120.3512,0.0,0.0,0.0,0.0,up,114.73,2026-09-08T12:56:18,0.0,123.0,215.81,2026-09-16 15:44:11,2026-09-16 11:45:06
NVDA,NVDA281215P00340000,NVDA,2028-12-15,P,340.0,127.65,188.0,131.05,114.0,0.4011,846.0,0.0,-0.7654,0.005,0.8674,-0.0336,-1.8458,128.9139,0.0,0.0,0.0,0.0,down,122.69,2026-08-27T10:15:02,0.0,132.150001525879,215.81,2026-09-16 15:44:11,2026-09-16 11:45:06
NVDA,NVDA281215P00350000,NVDA,2028-12-15,P,350.0,136.4,307.0,137.9,36.0,0.3888,6529.0,0.0,-0.7962,0.0051,0.7634,-0.0333,-1.5962,137.6857,0.0,0.0,0.0,0.0,down,140.71,2026-09-14T12:12:39,0.0,140.474998474121,215.81,2026-09-16 15:44:11,2026-09-16 11:45:06
NVDA,NVDA281215P00360000,NVDA,2028-12-15,P,360.0,145.6,192.0,147.25,65.0,0.3932,7411.0,0.0,-0.8275,0.0052,0.7071,-0.0335,-1.5444,146.6378,0.0,0.0,0.0,0.0,up,150.0,2026-09-14T15:38:33,0.0,149.724998474121,215.81,2026-09-16 15:44:11,2026-09-16 11:45:06
NVDA,NVDA281215P00370000,NVDA,2028-12-15,P,370.0,154.15,153.0,156.85,12.0,0.3904,875.0,0.0,-0.8582,0.0052,0.5549,-0.0333,-1.2046,155.8194,0.0,0.0,0.0,0.0,no_change,148.25,2026-09-08T14:29:22,0.0,158.824996948242,215.81,2026-09-16 15:44:11,2026-09-16 11:45:06
NVDA,NVDA281215P00380000,NVDA,2028-12-15,P,380.0,163.8,14.0,165.85,4.0,0.3896,1368.0,0.0,-0.8886,0.0054,0.5134,-0.0333,-1.1719,165.1365,0.0,0.0,0.0,0.0,up,162.45,2026-09-11T15:41:17,0.0,168.474998474121,215.81,2026-09-16 15:44:11,2026-09-16 11:45:06
NVDA,NVDA281215P00390000,NVDA,2028-12-15,P,390.0,173.45,18.0,175.5,16.0,0.3862,2567.0,0.0,-0.9145,0.0051,0.3706,-0.0325,-0.6915,174.6359,0.0,0.0,0.0,0.0,down,172.85,2026-09-10T14:17:15,0.0,178.324996948242,215.81,2026-09-16 15:44:11,2026-09-16 11:45:06
NVDA,NVDA281215P00400000,NVDA,2028-12-15,P,400.0,182.35,117.0,186.1,448.0,0.3906,1772.0,0.0,-0.9371,0.0046,0.2832,-0.0326,-0.6746,184.2952,0.0,0.0,0.0,0.0,up,186.8,2026-09-15T09:55:43,0.0,188.050003051758,215.81,2026-09-16 15:44:11,2026-09-16 11:45:06
NVDA,NVDA281215P00410000,NVDA,2028-12-15,P,410.0,192.35,41.0,195.95,28.0,0.0,3.0,0.0,-0.9554,0.0037,0.133,-0.0314,0.0,194.12,0.0,0.0,0.0,0.0,down,186.55,2026-09-09T13:19:08,0.0,198.050003051758,215.81,2026-09-16 15:44:11,2026-09-16 11:45:06
NVDA,NVDA281215P00420000,NVDA,2028-12-15,P,420.0,202.35,1.0,206.0,18.0,0.436,1.0,0.0,-0.9705,0.0025,0.0,-0.0314,0.0,204.12,0.0,0.0,0.0,0.0,up,209.18,2026-09-14T09:48:32,0.0,208.075004577637,215.81,2026-09-16 15:44:11,2026-09-16 11:45:06
NVDA,NVDA281215P00430000,NVDA,2028-12-15,P,430.0,212.35,1.0,215.8,6.0,0.0,0.0,0.0,-0.9836,0.0014,0.0,-0.0314,0.0,214.12,0.0,0.0,0.0,0.0,up,209.78,2026-09-11T10:42:34,0.0,218.049995422363,215.81,2026-09-16 15:44:11,2026-09-16 11:45:06
NVDA,NVDA281215P00440000,NVDA,2028-12-15,P,440.0,222.35,1.0,225.8,3.0,0.0,0.0,0.0,-0.9914,0.0007,0.0,-0.0314,0.0,224.12,0.0,0.0,0.0,0.0,down,218.43,2026-09-11T10:21:47,0.0,228.024993896484,215.81,2026-09-16 15:44:11,2026-09-16 11:45:06
NVDA,NVDA281215P00450000,NVDA,2028-12-15,P,450.0,232.25,1.0,235.85,6.0,0.0,0.0,0.0,-0.9983,0.0001,0.0,-0.0314,0.0,234.12,0.0,0.0,0.0,0.0,up,232.1,2026-09-10T14:46:47,0.0,238.049995422363,215.81,2026-09-16 15:44:11,2026-09-16 11:45:06
NVDA,NVDA281215P00460000,NVDA,2028-12-15,P,460.0,242.2,6.0,246.1,6.0,0.0,1.0,0.0,-1.0,0.0,0.0,-0.0314,0.0,244.12,0.0,0.0,0.0,0.0,down,230.28,2026-09-08T09:56:20,0.0,248.049995422363,215.81,2026-09-16 15:44:11,2026-09-16 11:45:06
NVDA,NVDA290119C00005000,NVDA,2029-01-19,C,5.0,206.0,2.0,213.35,26.0,0.6884,0.0,2.0,1.0,0.0,0.0034,0.0,0.0345,211.5508,2.6,210.05,210.1,210.05,up,210.1,2026-09-16T10:33:44,1.25301,207.5,215.81,2026-09-16 15:44:11,2026-09-16 11:45:06
NVDA,NVDA290119C00010000,NVDA,2029-01-19,C,10.0,204.7,1.0,208.6,1.0,0.9815,0.0,0.0,1.0,0.0,0.0033,0.0,0.0809,206.679,0.0,0.0,0.0,0.0,no_change,0.0,,0.0,202.650001525879,215.81,2026-09-16 15:44:11,2026-09-16 11:45:06
NVDA,NVDA290119C00015000,NVDA,2029-01-19,C,15.0,200.05,1.0,204.0,26.0,0.89,0.0,0.0,1.0,0.0,0.0075,0.0,0.1706,201.893,0.0,0.0,0.0,0.0,no_change,0.0,,0.0,198.025001525879,215.81,2026-09-16 15:44:11,2026-09-16 11:45:06
NVDA,NVDA290119C00020000,NVDA,2029-01-19,C,20.0,192.0,2.0,199.55,25.0,0.8182,0.0,0.0,1.0,0.0,0.0202,0.0,0.3521,197.2819,0.0,0.0,0.0,0.0,no_change,0.0,,0.0,193.549995422363,215.81,2026-09-16 15:44:11,2026-09-16 11:45:06
NVDA,NVDA290119C00025000,NVDA,2029-01-19,C,25.0,191.1,1.0,195.15,1.0,0.7608,0.0,0.0,1.0,0.0,0.0302,0.0,0.4912,192.8281,0.0,0.0,0.0,0.0,no_change,0.0,,0.0,189.125,215.81,2026-09-16 15:44:11,2026-09-16 11:45:06
NVDA,NVDA290119C00030000,NVDA,2029-01-19,C,30.0,186.7,1.0,190.8,26.0,0.0,0.0,1.0,1.0,0.0001,0.0402,0.0,0.6028,188.4349,3.98,188.73,188.73,188.73,up,188.73,2026-09-16T11:07:16,2.15426,184.75,215.81,2026-09-16 15:44:11,2026-09-16 11:45:06
NVDA,NVDA290119C00035000,NVDA,2029-01-19,C,35.0,182.3,1.0,186.3,30.0,0.6488,0.0,0.0,1.0,0.0001,0.0518,0.0,0.7011,184.0688,0.0,0.0,0.0,0.0,no_change,0.0,,0.0,180.375,215.81,2026-09-16 15:44:11,2026-09-16 11:45:06
NVDA,NVDA290119C00040000,NVDA,2029-01-19,C,40.0,177.9,1.0,182.1,26.0,0.6273,0.0,0.0,1.0,0.0001,0.0648,0.0,0.8019,179.7232,0.0,0.0,0.0,0.0,no_change,0.0,,0.0,176.025001525879,215.81,2026-09-16 15:44:11,2026-09-16 11:45:06
NVDA,NVDA290119C00045000,NVDA,2029-01-19,C,45.0,173.6,22.0,177.8,27.0,0.5996,0.0,0.0,0.9987,0.0001,0.0788,0.0,0.9147,175.4044,0.0,0.0,0.0,0.0,no_change,0.0,,0.0,171.674995422363,215.81,2026-09-16 15:44:11,2026-09-16 11:45:06
NVDA,NVDA290119C00050000,NVDA,2029-01-19,C,50.0,169.2,1.0,173.5,30.0,0.5734,0.0,0.0,0.9967,0.0002,0.0942,0.0,1.0063,171.1121,0.0,0.0,0.0,0.0,no_change,0.0,,0.0,167.375,215.81,2026-09-16 15:44:11,2026-09-16 11:45:06
NVDA,NVDA290119C00055000,NVDA,2029-01-19,C,55.0,164.95,25.0,169.2,30.0,0.5533,0.0,4.0,0.9944,0.0002,0.1113,0.0,1.0954,166.8396,1.55,164.65,164.65,164.65,up,164.65,2026-09-16T09:30:32,0.950333,163.100006103516,215.81,2026-09-16 15:44:11,2026-09-16 11:45:06
NVDA,NVDA290119C00060000,NVDA,2029-01-19,C,60.0,160.65,25.0,164.95,26.0,0.5357,0.0,0.0,0.9919,0.0002,0.13,0.0,1.1823,162.59,0.0,0.0,0.0,0.0,no_change,0.0,,0.0,158.825004577637,215.81,2026-09-16 15:44:11,2026-09-16 11:45:06
NVDA,NVDA290119C00065000,NVDA,2029-01-19,C,65.0,156.6,26.0,160.75,27.0,0.5232,0.0,0.0,0.989,0.0003,0.1503,0.0,1.2671,158.3671,0.0,0.0,0.0,0.0,no_change,0.0,,0.0,154.649993896484,215.81,2026-09-16 15:44:11,2026-09-16 11:45:06
NVDA,NVDA290119C00070000,NVDA,2029-01-19,C,70.0,152.4,26.0,156.4,26.0,0.5032,0.0,0.0,0.9857,0.0003,0.1727,0.0,1.3492,154.1754,0.0,0.0,0.0,0.0,no_change,0.0,,0.0,150.525001525879,215.81,2026-09-16 15:44:11,2026-09-16 11:45:06
NVDA,NVDA290119C00075000,NVDA,2029-01-19,C,75.0,148.2,27.0,152.4,28.0,0.4942,0.0,0.0,0.982,0.0004,0.1972,0.0,1.428,150.0208,0.0,0.0,0.0,0.0,no_change,0.0,,0.0,146.0,215.81,2026-09-16 15:44:11,2026-09-16 11:45:06
NVDA,NVDA290119C00080000,NVDA,2029-01-19,C,80.0,144.25,29.0,147.75,39.0,0.4753,0.0,0.0,0.9778,0.0004,0.2235,0.0,1.5037,145.9086,0.0,0.0,0.0,0.0,no_change,0.0,,0.0,142.25,215.81,2026-09-16 15:44:11,2026-09-16 11:45:06
NVDA,NVDA290119C00085000,NVDA,2029-01-19,C,85.0,140.25,29.0,144.1,40.0,0.4763,0.0,2.0,0.9731,0.0005,0.2522,0.0,1.5758,141.8439,3.34,141.44,141.44,141.44,up,141.44,2026-09-16T11:02:09,2.41853,138.100006103516,215.81,2026-09-16 15:44:11,2026-09-16 11:45:06
NVDA,NVDA290119C00090000,NVDA,2029-01-19,C,90.0,136.1,39.0,140.1,40.0,0.4658,0.0,0.0,0.9679,0.0006,0.2832,0.0,1.6436,137.8323,0.0,0.0,0.0,0.0,no_change,0.0,,0.0,134.075004577637,215.81,2026-09-16 15:44:11,2026-09-16 11:45:06
NVDA,NVDA290119C00095000,NVDA,2029-01-19,C,95.0,132.15,33.0,135.6,37.0,0.4501,0.0,1.0,0.9621,0.0006,0.3156,0.0,1.7076,133.8787,2.625,132.6,132.6,132.6,up,132.6,2026-09-16T09:30:02,2.01962,129.974998474121,215.81,2026-09-16 15:44:11,2026-09-16 11:45:06
NVDA,NVDA290119C00100000,NVDA,2029-01-19,C,100.0,128.3,42.0,130.65,15.0,0.4296,0.0,0.0,0.9558,0.0007,0.3501,0.0,1.7675,129.9864,0.0,0.0,0.0,0.0,no_change,0.0,,0.0,126.375,215.81,2026-09-16 15:44:11,2026-09-16 11:45:06
NVDA,NVDA290119C00105000,NVDA,2029-01-19,C,105.0,123.95,95.0,126.7,13.0,0.4386,0.0,0.0,0.9489,0.0008,0.3866,0.0,1.8222,126.1601,0.0,0.0,0.0,0.0,no_change,0.0,,0.0,122.399997711182,215.81,2026-09-16 15:44:11,2026-09-16 11:45:06
NVDA,NVDA290119C00110000,NVDA,2029-01-19,C,110.0,120.6,43.0,123.95,42.0,0.4329,0.0,0.0,0.9415,0.0009,0.424,0.0,1.873,122.4032,0.0,0.0,0.0,0.0,no_change,0.0,,0.0,118.900001525879,215.81,2026-09-16 15:44:11,2026-09-16 11:45:06
NVDA,NVDA290119C00115000,NVDA,2029-01-19,C,115.0,116.9,41.0,120.3,38.0,0.4296,1.0,0.0,0.9335,0.001,0.4626,0.0,1.9196,118.7177,0.0,0.0,0.0,0.0,up,115.08,2026-09-15T14:43:44,0.0,115.349998474121,215.81,2026-09-16 15:44:11,2026-09-16 11:45:06
NVDA,NVDA290119C00120000,NVDA,2029-01-19,C,120.0,113.45,70.0,117.5,60.0,0.4368,0.0,0.0,0.9249,0.0011,0.5026,0.0,1.9609,115.1066,0.0,0.0,0.0,0.0,no_change,0.0,,0.0,111.650001525879,215.81,2026-09-16 15:44:11,2026-09-16 11:45:06
NVDA,NVDA290119C00125000,NVDA,2029-01-19,C,125.0,109.75,71.0,112.5,19.0,0.4175,3.0,0.0,0.9159,0.0012,0.5428,0.0,1.9981,111.5725,0.0,0.0,0.0,0.0,up,108.16,2026-09-15T15:59:23,0.0,107.625,215.81,2026-09-16 15:44:11,2026-09-16 11:45:06
NVDA,NVDA290119C00130000,NVDA,2029-01-19,C,130.0,106.4,75.0,109.05,107.0,0.4134,0.0,0.0,0.9063,0.0013,0.5833,-0.0011,2.0316,108.116,0.0,0.0,0.0,0.0,no_change,0.0,,0.0,104.724998474121,215.81,2026-09-16 15:44:11,2026-09-16 11:45:06
NVDA,NVDA290119C00135000,NVDA,2029-01-19,C,135.0,102.9,69.0,106.2,64.0,0.4178,0.0,0.0,0.8963,0.0014,0.6245,-0.0024,2.0599,104.7386,0.0,0.0,0.0,0.0,no_change,0.0,,0.0,101.850002288818,215.81,2026-09-16 15:44:11,2026-09-16 11:45:06
NVDA,NVDA290119C00140000,NVDA,2029-01-19,C,140.0,99.6,165.0,103.25,187.0,0.4184,2.0,0.0,0.8858,0.0015,0.6654,-0.0038,2.084,101.4425,0.0,0.0,0.0,0.0,up,98.33,2026-09-15T11:36:15,0.0,97.5250015258789,215.81,2026-09-16 15:44:11,2026-09-16 11:45:06
NVDA,NVDA290119C00145000,NVDA,2029-01-19,C,145.0,96.9,186.0,99.45,145.0,0.4159,1.0,0.0,0.8749,0.0016,0.7056,-0.0051,2.105,98.2274,0.0,0.0,0.0,0.0,up,96.0,2026-09-15T12:41:43,0.0,95.2250022888184,215.81,2026-09-16 15:44:11,2026-09-16 11:45:06
NVDA,NVDA290119C00150000,NVDA,2029-01-19,C,150.0,93.8,195.0,96.2,89.0,0.4135,6.0,0.0,0.8637,0.0017,0.7456,-0.0064,2.122,95.0931,0.0,0.0,0.0,0.0,down,91.9,2026-09-15T15:49:32,0.0,91.6749992370606,215.81,2026-09-16 15:44:11,2026-09-16 11:45:06
NVDA,NVDA290119C00155000,NVDA,2029-01-19,C,155.0,90.2,81.0,93.4,62.0,0.41,0.0,0.0,0.8521,0.0018,0.7853,-0.0076,2.1342,92.0411,0.0,0.0,0.0,0.0,no_change,0.0,,0.0,88.7000007629394,215.81,2026-09-16 15:44:11,2026-09-16 11:45:06
NVDA,NVDA290119C00160000,NVDA,2029-01-19,C,160.0,87.2,80.0,90.45,68.0,0.4086,0.0,0.0,0.8401,0.0019,0.8237,-0.0089,2.1435,89.0716,0.0,0.0,0.0,0.0,no_change,0.0,,0.0,85.5499992370606,215.81,2026-09-16 15:44:11,2026-09-16 11:45:06
NVDA,NVDA290119C00165000,NVDA,2029-01-19,C,165.0,85.35,105.0,87.5,129.0,0.413,48.0,0.0,0.8279,0.002,0.8608,-0.0101,2.1503,86.1829,0.0,0.0,0.0,0.0,down,83.12,2026-09-15T15:54:28,0.0,83.1500015258789,215.81,2026-09-16 15:44:11,2026-09-16 11:45:06
NVDA,NVDA290119C00170000,NVDA,2029-01-19,C,170.0,82.0,196.0,84.0,27.0,0.4047,21.0,0.0,0.8155,0.002,0.8972,-0.0112,2.1531,83.3748,0.0,0.0,0.0,0.0,down,80.0,2026-09-14T15:53:30,0.0,80.1749992370606,215.81,2026-09-16 15:44:11,2026-09-16 11:45:06
NVDA,NVDA290119C00175000,NVDA,2029-01-19,C,175.0,80.0,37.0,81.9,119.0,0.4109,179.0,0.0,0.8028,0.0021,0.9326,-0.0124,2.1521,80.6478,0.0,0.0,0.0,0.0,no_change,77.84,2026-09-15T12:08:04,0.0,77.875,215.81,2026-09-16 15:44:11,2026-09-16 11:45:06
NVDA,NVDA290119C00180000,NVDA,2029-01-19,C,180.0,77.2,211.0,79.05,248.0,0.4079,29.0,1.0,0.7899,0.0022,0.9662,-0.0134,2.149,78.0011,2.25,77.0,77.0,77.0,up,77.0,2026-09-16T09:48:10,3.01003,74.75,215.81,2026-09-16 15:44:11,2026-09-16 11:45:06
NVDA,NVDA290119C00185000,NVDA,2029-01-19,C,185.0,74.3,170.0,76.65,154.0,0.406,4.0,0.0,0.7769,0.0023,0.9982,-0.0145,2.1442,75.4325,0.0,0.0,0.0,0.0,down,71.8,2026-09-14T10:41:12,0.0,72.7999992370606,215.81,2026-09-16 15:44:11,2026-09-16 11:45:06
NVDA,NVDA290119C00190000,NVDA,2029-01-19,C,190.0,72.2,174.0,73.55,81.0,0.4039,32.0,3.0,0.7637,0.0024,1.029,-0.0155,2.1362,72.9409,2.25,71.2,72.15,71.2,up,72.15,2026-09-16T10:23:47,3.21889,69.8999977111816,215.81,2026-09-16 15:44:11,2026-09-16 11:45:06
NVDA,NVDA290119C00195000,NVDA,2029-01-19,C,195.0,68.8,237.0,71.65,170.0,0.4009,2.0,0.0,0.7505,0.0024,1.0583,-0.0164,2.1248,70.5265,0.0,0.0,0.0,0.0,down,68.0,2026-09-15T13:51:21,0.0,67.5,215.81,2026-09-16 15:44:11,2026-09-16 11:45:06
NVDA,NVDA290119C00200000,NVDA,2029-01-19,C,200.0,67.0,148.0,69.35,142.0,0.4055,125.0,106.0,0.7371,0.0025,1.0859,-0.0173,2.1117,68.1881,2.725,67.05,68.19,66.74,down,68.0,2026-09-16T11:19:20,4.17464,65.2750015258789,215.81,2026-09-16 15:44:11,2026-09-16 11:45:06
NVDA,NVDA290119C00205000,NVDA,2029-01-19,C,205.0,64.7,186.0,66.9,15.0,0.401,2.0,0.0,0.7237,0.0026,1.1117,-0.0182,2.0977,65.9233,0.0,0.0,0.0,0.0,up,63.73,2026-09-15T14:59:47,0.0,63.2750015258789,215.81,2026-09-16 15:44:11,2026-09-16 11:45:06
NVDA,NVDA290119C00210000,NVDA,2029-01-19,C,210.0,62.65,282.0,64.95,267.0,0.402,198.0,16.0,0.7103,0.0026,1.1358,-0.019,2.0819,63.7303,2.15,62.6,64.1,62.6,up,63.3,2026-09-16T10:58:39,3.51594,61.1499996185303,215.81,2026-09-16 15:44:11,2026-09-16 11:45:06
NVDA,NVDA290119C00215000,NVDA,2029-01-19,C,215.0,60.65,293.0,62.7,292.0,0.4014,28.0,18.0,0.6969,0.0027,1.1584,-0.0197,2.0633,61.6081,2.145,60.31,61.5,60.0,down,61.07,2026-09-16T10:24:40,3.64022,58.9249992370606,215.81,2026-09-16 15:44:11,2026-09-16 11:45:06
NVDA,NVDA290119C00220000,NVDA,2029-01-19,C,220.0,59.0,128.0,60.35,272.0,0.4012,101.0,16.0,0.6835,0.0028,1.1794,-0.0204,2.0427,59.5561,2.355,58.0,59.7,58.0,down,59.63,2026-09-16T11:19:12,4.11174,57.2749996185303,215.81,2026-09-16 15:44:11,2026-09-16 11:45:06
NVDA,NVDA290119C00225000,NVDA,2029-01-19,C,225.0,56.5,339.0,58.6,266.0,0.3994,10.0,2.0,0.6702,0.0028,1.1986,-0.0211,2.0215,57.5725,2.475,58.0,58.0,57.5,down,57.5,2026-09-16T10:53:39,4.49796,55.0249996185303,215.81,2026-09-16 15:44:11,2026-09-16 11:45:06
NVDA,NVDA290119C00230000,NVDA,2029-01-19,C,230.0,54.65,365.0,56.15,212.0,0.3966,47.0,2.0,0.6569,0.0028,1.2162,-0.0217,2.0,55.6547,2.81,54.25,55.56,54.25,up,55.56,2026-09-16T11:13:37,5.32701,52.75,215.81,2026-09-16 15:44:11,2026-09-16 11:45:06
NVDA,NVDA290119C00235000,NVDA,2029-01-19,C,235.0,52.9,167.0,54.8,199.0,0.399,37.0,0.0,0.6437,0.0029,1.2321,-0.0223,1.9771,53.8006,0.0,0.0,0.0,0.0,down,51.51,2026-09-15T11:56:04,0.0,51.1999988555908,215.81,2026-09-16 15:44:11,2026-09-16 11:45:06
NVDA,NVDA290119C00240000,NVDA,2029-01-19,C,240.0,51.1,272.0,53.0,257.0,0.3985,40.0,2.0,0.6305,0.0029,1.2464,-0.0228,1.9522,52.0094,1.9,51.8,51.8,51.65,down,51.65,2026-09-16T10:10:31,3.8191,49.75,215.81,2026-09-16 15:44:11,2026-09-16 11:45:06
NVDA,NVDA290119C00245000,NVDA,2029-01-19,C,245.0,49.65,91.0,50.95,61.0,0.398,0.0,0.0,0.6175,0.003,1.2592,-0.0233,1.9259,50.2801,0.0,0.0,0.0,0.0,no_change,0.0,,0.0,47.6749992370606,215.81,2026-09-16 15:44:11,2026-09-16 11:45:06
NVDA,NVDA290119C00250000,NVDA,2029-01-19,C,250.0,48.05,54.0,49.5,647.0,0.3989,161.0,5.0,0.6046,0.003,1.2705,-0.0237,1.8995,48.6108,1.975,47.87,48.55,47.87,up,48.55,2026-09-16T09:58:56,4.24047,46.5749988555908,215.81,2026-09-16 15:44:11,2026-09-16 11:45:06
NVDA,NVDA290119C00255000,NVDA,2029-01-19,C,255.0,46.3,116.0,47.75,202.0,0.3973,0.0,70.0,0.5919,0.003,1.2804,-0.0241,1.8734,46.999,1.925,46.5,46.55,46.5,up,46.55,2026-09-16T10:42:39,4.31373,44.625,215.81,2026-09-16 15:44:11,2026-09-16 11:45:06
NVDA,NVDA290119C00260000,NVDA,2029-01-19,C,260.0,44.75,271.0,46.3,377.0,0.3974,157.0,74.0,0.5793,0.003,1.2888,-0.0245,1.8469,45.4425,2.225,45.0,45.5,45.0,up,45.5,2026-09-16T11:01:52,5.14154,43.2749996185303,215.81,2026-09-16 15:44:11,2026-09-16 11:45:06
NVDA,NVDA290119C00265000,NVDA,2029-01-19,C,265.0,43.05,741.0,44.45,167.0,0.3951,0.0,1.0,0.5668,0.0031,1.2958,-0.0248,1.819,43.9402,1.575,43.35,43.35,43.35,up,43.35,2026-09-16T10:11:08,3.7702,41.7749996185303,215.81,2026-09-16 15:44:11,2026-09-16 11:45:06
NVDA,NVDA290119C00270000,NVDA,2029-01-19,C,270.0,41.6,415.0,43.2,375.0,0.3956,36.0,4.0,0.5546,0.0031,1.3014,-0.0251,1.79,42.4909,1.45,40.4,42.05,40.4,no_change,42.05,2026-09-16T10:27:49,3.57143,40.6000003814697,215.81,2026-09-16 15:44:11,2026-09-16 11:45:06
NVDA,NVDA290119C00275000,NVDA,2029-01-19,C,275.0,40.2,405.0,41.7,258.0,0.395,4.0,21.0,0.5424,0.0031,1.3057,-0.0253,1.7607,41.0933,2.05,39.92,41.25,39.92,no_change,41.25,2026-09-16T11:08:05,5.22959,39.1999988555908,215.81,2026-09-16 15:44:11,2026-09-16 11:45:06
NVDA,NVDA290119C00280000,NVDA,2029-01-19,C,280.0,39.15,19.0,40.6,604.0,0.3968,24.0,0.0,0.5305,0.0031,1.3089,-0.0255,1.732,39.7455,0.0,0.0,0.0,0.0,up,37.65,2026-09-15T15:46:15,0.0,37.7000007629394,215.81,2026-09-16 15:44:11,2026-09-16 11:45:06
NVDA,NVDA290119C00285000,NVDA,2029-01-19,C,285.0,37.6,96.0,39.25,102.0,0.3955,0.0,0.0,0.5188,0.0031,1.311,-0.0257,1.7037,38.4452,0.0,0.0,0.0,0.0,no_change,0.0,,0.0,36.7750015258789,215.81,2026-09-16 15:44:11,2026-09-16 11:45:06
NVDA,NVDA290119C00290000,NVDA,2029-01-19,C,290.0,36.3,332.0,38.0,338.0,0.3952,44.0,0.0,0.5072,0.0031,1.3121,-0.0259,1.6754,37.1905,0.0,0.0,0.0,0.0,down,35.15,2026-09-15T13:31:37,0.0,35.5250015258789,215.81,2026-09-16 15:44:11,2026-09-16 11:45:06
NVDA,NVDA290119C00295000,NVDA,2029-01-19,C,295.0,35.1,333.0,36.8,340.0,0.3952,0.0,0.0,0.4959,0.0031,1.312,-0.026,1.6463,35.9803,0.0,0.0,0.0,0.0,no_change,0.0,,0.0,34.2749996185303,215.81,2026-09-16 15:44:11,2026-09-16 11:45:06
NVDA,NVDA290119C00300000,NVDA,2029-01-19,C,300.0,34.4,99.0,35.55,638.0,0.3965,632.0,3.0,0.4847,0.0031,1.3107,-0.0261,1.6166,34.8135,1.025,34.22,34.5,34.22,up,34.5,2026-09-16T10:05:10,3.06199,33.4750003814697,215.81,2026-09-16 15:44:11,2026-09-16 11:45:06
NVDA,NVDA290119C00310000,NVDA,2029-01-19,C,310.0,32.15,226.0,33.5,789.0,0.397,87.0,1.0,0.463,0.0031,1.3053,-0.0262,1.5576,32.605,0.405,31.63,31.63,31.63,up,31.63,2026-09-16T09:32:21,1.29704,31.2250003814697,215.81,2026-09-16 15:44:11,2026-09-16 11:45:06
NVDA,NVDA290119C00320000,NVDA,2029-01-19,C,320.0,29.9,8.0,31.35,662.0,0.3958,20.0,0.0,0.4422,0.0031,1.2971,-0.0263,1.5014,30.5518,0.0,0.0,0.0,0.0,up,29.1,2026-09-15T15:57:01,0.0,28.8500003814697,215.81,2026-09-16 15:44:11,2026-09-16 11:45:06
NVDA,NVDA290119C00330000,NVDA,2029-01-19,C,330.0,28.05,203.0,29.3,181.0,0.3966,16.0,11.0,0.4221,0.003,1.2858,-0.0262,1.4452,28.6417,0.675,28.0,28.0,28.0,up,28.0,2026-09-16T09:46:40,2.47026,27.3250007629395,215.81,2026-09-16 15:44:11,2026-09-16 11:45:06
NVDA,NVDA290119C00340000,NVDA,2029-01-19,C,340.0,26.05,742.0,27.6,324.0,0.3946,1.0,0.0,0.403,0.003,1.2713,-0.0261,1.3885,26.8669,0.0,0.0,0.0,0.0,up,25.25,2026-09-15T13:44:55,0.0,25.5749998092651,215.81,2026-09-16 15:44:11,2026-09-16 11:45:06
NVDA,NVDA290119C00350000,NVDA,2029-01-19,C,350.0,24.4,514.0,25.5,4.0,0.3929,106.0,101.0,0.3846,0.003,1.2549,-0.0259,1.3344,25.2177,1.21,24.15,25.01,24.15,up,25.01,2026-09-16T10:17:53,5.08403,23.8000001907349,215.81,2026-09-16 15:44:11,2026-09-16 11:45:06
NVDA,NVDA290119C00360000,NVDA,2029-01-19,C,360.0,22.9,491.0,24.4,463.0,0.3949,10.0,2.0,0.3671,0.0029,1.2371,-0.0256,1.2829,23.683,0.975,22.83,23.5,22.83,up,23.5,2026-09-16T10:51:48,4.32852,22.5250005722046,215.81,2026-09-16 15:44:11,2026-09-16 11:45:06
NVDA,NVDA290119C00370000,NVDA,2029-01-19,C,370.0,21.5,428.0,22.95,455.0,0.3951,2.0,1.0,0.3503,0.0029,1.2173,-0.0253,1.2316,22.2548,1.5,22.7,22.7,22.7,up,22.7,2026-09-16T10:12:10,7.07547,21.1999998092651,215.81,2026-09-16 15:44:11,2026-09-16 11:45:06
NVDA,NVDA290119C00380000,NVDA,2029-01-19,C,380.0,20.25,113.0,21.55,16.0,0.3953,3.0,7.0,0.3343,0.0028,1.1956,-0.025,1.181,20.9267,0.95,20.75,20.75,20.75,no_change,20.75,2026-09-16T10:07:43,4.79798,19.8000001907349,215.81,2026-09-16 15:44:11,2026-09-16 11:45:06
NVDA,NVDA290119C00390000,NVDA,2029-01-19,C,390.0,19.0,77.0,20.35,358.0,0.3956,26.0,0.0,0.3191,0.0028,1.1731,-0.0246,1.1331,19.6912,0.0,0.0,0.0,0.0,down,18.68,2026-09-15T11:19:44,0.0,18.6750001907349,215.81,2026-09-16 15:44:11,2026-09-16 11:45:06
NVDA,NVDA290119C00400000,NVDA,2029-01-19,C,400.0,17.9,360.0,19.25,473.0,0.3963,7.0,14.0,0.3046,0.0027,1.1504,-0.0242,1.0879,18.5399,0.895,18.2,18.5,18.2,down,18.37,2026-09-16T10:24:40,5.1216,17.4750003814697,215.81,2026-09-16 15:44:11,2026-09-16 11:45:06
NVDA,NVDA290119C00410000,NVDA,2029-01-19,C,410.0,16.8,107.0,18.05,12.0,0.3959,3.0,0.0,0.2908,0.0026,1.1268,-0.0238,1.0438,17.4665,0.0,0.0,0.0,0.0,down,16.23,2026-09-15T14:20:40,0.0,16.4750003814697,215.81,2026-09-16 15:44:11,2026-09-16 11:45:06
NVDA,NVDA290119C00420000,NVDA,2029-01-19,C,420.0,16.1,452.0,17.1,304.0,0.3978,121.0,3.0,0.2777,0.0026,1.102,-0.0233,1.0002,16.4663,1.05,15.9,16.65,15.9,no_change,16.65,2026-09-16T11:28:13,6.73077,15.5999999046326,215.81,2026-09-16 15:44:11,2026-09-16 11:45:06
NVDA,NVDA290119P00005000,NVDA,2029-01-19,P,5.0,0.0,0.0,0.19,2.0,1.0465,0.0,0.0,-0.0004,0.0,0.0043,-0.0002,-0.0027,0.043,0.0,0.0,0.0,0.0,no_change,0.0,,0.0,0.0949999988079071,215.81,2026-09-16 15:44:11,2026-09-16 11:45:06
NVDA,NVDA290119P00010000,NVDA,2029-01-19,P,10.0,0.0,0.0,0.23,26.0,0.8547,0.0,0.0,-0.0008,0.0,0.0093,-0.0004,-0.0059,0.085,0.0,0.0,0.0,0.0,no_change,0.0,,0.0,0.139999998733401,215.81,2026-09-16 15:44:11,2026-09-16 11:45:06
NVDA,NVDA290119P00015000,NVDA,2029-01-19,P,15.0,0.0,0.0,0.29,2.0,0.7571,0.0,0.0,-0.0014,0.0,0.0154,-0.0006,-0.01,0.1365,0.0,0.0,0.0,0.0,no_change,0.0,,0.0,0.144999995827675,215.81,2026-09-16 15:44:11,2026-09-16 11:45:06
NVDA,NVDA290119P00020000,NVDA,2029-01-19,P,20.0,0.0,0.0,0.37,2.0,0.6943,0.0,0.0,-0.0022,0.0,0.0228,-0.0009,-0.0151,0.1991,0.0,0.0,0.0,0.0,no_change,0.0,,0.0,0.210000002756715,215.81,2026-09-16 15:44:11,2026-09-16 11:45:06
NVDA,NVDA290119P00025000,NVDA,2029-01-19,P,25.0,0.07,26.0,0.46,26.0,0.6594,0.0,0.0,-0.0031,0.0,0.0314,-0.0011,-0.0212,0.2737,0.0,0.0,0.0,0.0,no_change,0.0,,0.0,0.265000004321337,215.81,2026-09-16 15:44:11,2026-09-16 11:45:06
NVDA,NVDA290119P00030000,NVDA,2029-01-19,P,30.0,0.15,26.0,0.56,26.0,0.6294,0.0,0.0,-0.0042,0.0001,0.0414,-0.0014,-0.0286,0.3614,0.0,0.0,0.0,0.0,no_change,0.0,,0.0,0.359999999403954,215.81,2026-09-16 15:44:11,2026-09-16 11:45:06
NVDA,NVDA290119P00035000,NVDA,2029-01-19,P,35.0,0.25,26.0,0.66,26.0,0.6031,0.0,0.0,-0.0055,0.0001,0.0527,-0.0017,-0.037,0.4632,0.0,0.0,0.0,0.0,no_change,0.0,,0.0,0.465000003576279,215.81,2026-09-16 15:44:11,2026-09-16 11:45:06
NVDA,NVDA290119P00040000,NVDA,2029-01-19,P,40.0,0.36,1.0,0.78,26.0,0.5804,0.0,0.0,-0.0071,0.0001,0.0654,-0.0021,-0.0468,0.5807,0.0,0.0,0.0,0.0,no_change,0.0,,0.0,0.570000007748604,215.81,2026-09-16 15:44:11,2026-09-16 11:45:06
NVDA,NVDA290119P00045000,NVDA,2029-01-19,P,45.0,0.47,27.0,0.92,26.0,0.5597,0.0,0.0,-0.0088,0.0001,0.0796,-0.0024,-0.0578,0.7145,0.0,0.0,0.0,0.0,no_change,0.0,,0.0,0.704999998211861,215.81,2026-09-16 15:44:11,2026-09-16 11:45:06
NVDA,NVDA290119P00050000,NVDA,2029-01-19,P,50.0,0.6,26.0,1.08,26.0,0.5417,9.0,0.0,-0.0109,0.0002,0.0954,-0.0028,-0.0704,0.8669,0.0,0.0,0.0,0.0,up,1.05,2026-09-15T13:50:09,0.0,0.839999973773956,215.81,2026-09-16 15:44:11,2026-09-16 11:45:06
NVDA,NVDA290119P00055000,NVDA,2029-01-19,P,55.0,0.76,26.0,1.25,26.0,0.5256,2.0,0.0,-0.0132,0.0002,0.1128,-0.0033,-0.0848,1.0401,0.0,0.0,0.0,0.0,down,1.08,2026-09-15T14:52:49,0.0,1.01500001549721,215.81,2026-09-16 15:44:11,2026-09-16 11:45:06
NVDA,NVDA290119P00060000,NVDA,2029-01-19,P,60.0,0.93,207.0,1.45,26.0,0.5109,4.0,0.0,-0.0158,0.0002,0.1319,-0.0037,-0.101,1.2367,0.0,0.0,0.0,0.0,down,1.25,2026-09-15T15:55:49,0.0,1.20999997854233,215.81,2026-09-16 15:44:11,2026-09-16 11:45:06
NVDA,NVDA290119P00065000,NVDA,2029-01-19,P,65.0,1.16,180.0,1.66,94.0,0.4983,0.0,0.0,-0.0188,0.0003,0.1529,-0.0042,-0.1192,1.4609,0.0,0.0,0.0,0.0,no_change,0.0,,0.0,1.43500000238419,215.81,2026-09-16 15:44:11,2026-09-16 11:45:06
NVDA,NVDA290119P00070000,NVDA,2029-01-19,P,70.0,1.41,250.0,1.95,104.0,0.4882,0.0,0.0,-0.0222,0.0003,0.1756,-0.0047,-0.1398,1.718,0.0,0.0,0.0,0.0,no_change,0.0,,0.0,1.7150000333786,215.81,2026-09-16 15:44:11,2026-09-16 11:45:06
NVDA,NVDA290119P00075000,NVDA,2029-01-19,P,75.0,1.7,276.0,2.25,111.0,0.478,2.0,0.0,-0.0261,0.0004,0.2009,-0.0053,-0.1634,2.0157,0.0,0.0,0.0,0.0,no_change,2.27,2026-09-15T14:52:49,0.0,2.08499997854233,215.81,2026-09-16 15:44:11,2026-09-16 11:45:06
NVDA,NVDA290119P00080000,NVDA,2029-01-19,P,80.0,2.01,255.0,2.62,86.0,0.4696,1.0,0.0,-0.0304,0.0004,0.2281,-0.0059,-0.1893,2.3531,0.0,0.0,0.0,0.0,up,2.52,2026-09-15T14:54:56,0.0,2.39499998092651,215.81,2026-09-16 15:44:11,2026-09-16 11:45:06
NVDA,NVDA290119P00085000,NVDA,2029-01-19,P,85.0,2.37,258.0,3.0,38.0,0.4609,0.0,0.0,-0.0353,0.0005,0.2577,-0.0066,-0.2188,2.7454,0.0,0.0,0.0,0.0,no_change,0.0,,0.0,2.84500002861023,215.81,2026-09-16 15:44:11,2026-09-16 11:45:06
NVDA,NVDA290119P00090000,NVDA,2029-01-19,P,90.0,2.78,260.0,3.5,71.0,0.4546,1.0,0.0,-0.0408,0.0006,0.2898,-0.0073,-0.251,3.1907,0.0,0.0,0.0,0.0,up,3.25,2026-09-15T15:23:41,0.0,3.15499997138977,215.81,2026-09-16 15:44:11,2026-09-16 11:45:06
NVDA,NVDA290119P00095000,NVDA,2029-01-19,P,95.0,3.45,94.0,4.05,115.0,0.452,0.0,0.0,-0.0468,0.0007,0.3232,-0.008,-0.2881,3.695,0.0,0.0,0.0,0.0,no_change,0.0,,0.0,3.90000009536743,215.81,2026-09-16 15:44:11,2026-09-16 11:45:06
NVDA,NVDA290119P00100000,NVDA,2029-01-19,P,100.0,3.95,334.0,4.5,240.0,0.4436,79.0,1.0,-0.0535,0.0008,0.359,-0.0088,-0.3267,4.2711,-0.125,4.25,4.25,4.25,down,4.25,2026-09-16T09:50:07,-2.85714,4.375,215.81,2026-09-16 15:44:11,2026-09-16 11:45:06
NVDA,NVDA290119P00105000,NVDA,2029-01-19,P,105.0,4.7,97.0,5.35,286.0,0.4431,0.0,0.0,-0.0608,0.0008,0.3969,-0.0097,-0.3694,4.9107,0.0,0.0,0.0,0.0,no_change,0.0,,0.0,5.20000004768372,215.81,2026-09-16 15:44:11,2026-09-16 11:45:06
NVDA,NVDA290119P00110000,NVDA,2029-01-19,P,110.0,5.2,318.0,6.1,215.0,0.4336,0.0,0.0,-0.0687,0.001,0.4361,-0.0105,-0.4166,5.628,0.0,0.0,0.0,0.0,no_change,0.0,,0.0,5.72500014305115,215.81,2026-09-16 15:44:11,2026-09-16 11:45:06
NVDA,NVDA290119P00115000,NVDA,2029-01-19,P,115.0,6.2,277.0,6.85,331.0,0.4344,1.0,1.0,-0.0773,0.001,0.4753,-0.0114,-0.4665,6.421,-0.275,6.45,6.45,6.45,down,6.45,2026-09-16T10:54:38,-4.08922,6.72499990463257,215.81,2026-09-16 15:44:11,2026-09-16 11:45:06
NVDA,NVDA290119P00120000,NVDA,2029-01-19,P,120.0,7.05,69.0,7.8,303.0,0.4315,0.0,0.0,-0.0864,0.0012,0.5171,-0.0124,-0.5186,7.293,0.0,0.0,0.0,0.0,no_change,0.0,,0.0,7.57500004768372,215.81,2026-09-16 15:44:11,2026-09-16 11:45:06
NVDA,NVDA290119P00125000,NVDA,2029-01-19,P,125.0,7.85,108.0,8.8,112.0,0.4273,0.0,0.0,-0.0962,0.0013,0.5596,-0.0133,-0.5734,8.2476,0.0,0.0,0.0,0.0,no_change,0.0,,0.0,8.52499961853027,215.81,2026-09-16 15:44:11,2026-09-16 11:45:06
NVDA,NVDA290119P00130000,NVDA,2029-01-19,P,130.0,8.95,39.0,9.75,53.0,0.4244,0.0,0.0,-0.1065,0.0014,0.6011,-0.0142,-0.6349,9.2837,0.0,0.0,0.0,0.0,no_change,0.0,,0.0,9.65000009536743,215.81,2026-09-16 15:44:11,2026-09-16 11:45:06
NVDA,NVDA290119P00135000,NVDA,2029-01-19,P,135.0,9.85,265.0,11.05,299.0,0.4214,0.0,0.0,-0.1174,0.0015,0.644,-0.0152,-0.6949,10.4138,0.0,0.0,0.0,0.0,no_change,0.0,,0.0,10.8249998092651,215.81,2026-09-16 15:44:11,2026-09-16 11:45:06
NVDA,NVDA290119P00140000,NVDA,2029-01-19,P,140.0,11.15,87.0,12.3,289.0,0.4201,0.0,0.0,-0.1288,0.0016,0.6866,-0.0161,-0.7584,11.6227,0.0,0.0,0.0,0.0,no_change,0.0,,0.0,12.0999999046326,215.81,2026-09-16 15:44:11,2026-09-16 11:45:06
NVDA,NVDA290119P00145000,NVDA,2029-01-19,P,145.0,12.45,61.0,13.5,104.0,0.4173,0.0,0.0,-0.1407,0.0017,0.7284,-0.017,-0.823,12.9265,0.0,0.0,0.0,0.0,no_change,0.0,,0.0,13.4749999046326,215.81,2026-09-16 15:44:11,2026-09-16 11:45:06
NVDA,NVDA290119P00150000,NVDA,2029-01-19,P,150.0,13.85,330.0,14.75,334.0,0.4146,2.0,0.0,-0.1532,0.0018,0.7708,-0.018,-0.8878,14.3193,0.0,0.0,0.0,0.0,up,14.75,2026-09-15T11:22:23,0.0,14.7249999046326,215.81,2026-09-16 15:44:11,2026-09-16 11:45:06
NVDA,NVDA290119P00155000,NVDA,2029-01-19,P,155.0,15.2,253.0,16.55,299.0,0.414,0.0,0.0,-0.1661,0.002,0.8103,-0.0189,-0.9579,15.8042,0.0,0.0,0.0,0.0,no_change,0.0,,0.0,16.3000001907349,215.81,2026-09-16 15:44:11,2026-09-16 11:45:06
NVDA,NVDA290119P00160000,NVDA,2029-01-19,P,160.0,16.9,186.0,17.8,109.0,0.4112,16.0,0.0,-0.1794,0.0021,0.8502,-0.0198,-1.0261,17.3819,0.0,0.0,0.0,0.0,down,17.9,2026-09-15T14:28:23,0.0,17.875,215.81,2026-09-16 15:44:11,2026-09-16 11:45:06
NVDA,NVDA290119P00165000,NVDA,2029-01-19,P,165.0,18.55,218.0,19.45,154.0,0.4096,69.0,0.0,-0.1931,0.0022,0.889,-0.0206,-1.1035,19.0496,0.0,0.0,0.0,0.0,up,19.94,2026-09-15T14:50:45,0.0,19.4250001907349,215.81,2026-09-16 15:44:11,2026-09-16 11:45:06
NVDA,NVDA290119P00170000,NVDA,2029-01-19,P,170.0,20.3,171.0,21.6,745.0,0.4104,27.0,0.0,-0.2072,0.0023,0.9259,-0.0215,-1.1686,20.8108,0.0,0.0,0.0,0.0,up,21.49,2026-09-15T14:53:42,0.0,21.5249996185303,215.81,2026-09-16 15:44:11,2026-09-16 11:45:06
NVDA,NVDA290119P00175000,NVDA,2029-01-19,P,175.0,22.15,327.0,23.25,399.0,0.4083,10.0,1.0,-0.2215,0.0024,0.9616,-0.0223,-1.2398,22.6466,-1.2,22.15,22.15,22.15,down,22.15,2026-09-16T10:51:59,-5.13918,23.3499994277954,215.81,2026-09-16 15:44:11,2026-09-16 11:45:06
NVDA,NVDA290119P00180000,NVDA,2029-01-19,P,180.0,24.0,310.0,25.5,692.0,0.408,10.0,5.0,-0.2365,0.0025,0.9948,-0.0231,-1.3094,24.609,-0.385,24.94,24.94,24.94,no_change,24.94,2026-09-16T09:40:00,-1.52024,25.3250007629395,215.81,2026-09-16 15:44:11,2026-09-16 11:45:06
NVDA,NVDA290119P00185000,NVDA,2029-01-19,P,185.0,26.1,114.0,27.2,296.0,0.4055,1508.0,5.0,-0.2516,0.0026,1.0276,-0.0238,-1.3821,26.6534,-0.335,26.94,26.94,26.94,no_change,26.94,2026-09-16T09:40:00,-1.22823,27.2749996185303,215.81,2026-09-16 15:44:11,2026-09-16 11:45:06
NVDA,NVDA290119P00190000,NVDA,2029-01-19,P,190.0,28.15,115.0,29.55,348.0,0.4054,12.0,0.0,-0.2668,0.0027,1.0565,-0.0246,-1.4505,28.7711,0.0,0.0,0.0,0.0,down,29.8,2026-09-15T14:32:56,0.0,29.5499992370606,215.81,2026-09-16 15:44:11,2026-09-16 11:45:06
NVDA,NVDA290119P00195000,NVDA,2029-01-19,P,195.0,30.45,234.0,31.9,790.0,0.4057,1.0,1.0,-0.2821,0.0028,1.0839,-0.0253,-1.5147,30.9575,-0.74,31.21,31.21,31.21,down,31.21,2026-09-16T10:18:07,-2.31612,31.9499998092651,215.81,2026-09-16 15:44:11,2026-09-16 11:45:06
NVDA,NVDA290119P00200000,NVDA,2029-01-19,P,200.0,32.8,241.0,33.8,326.0,0.4023,40.0,43.0,-0.2982,0.003,1.1101,-0.0259,-1.5847,33.296,-0.6,33.78,33.8,32.85,up,33.6,2026-09-16T09:43:57,-1.75439,34.2000007629394,215.81,2026-09-16 15:44:11,2026-09-16 11:45:06
NVDA,NVDA290119P00205000,NVDA,2029-01-19,P,205.0,35.05,150.0,36.4,308.0,0.4025,0.0,0.0,-0.3142,0.0031,1.1338,-0.0266,-1.6544,35.6888,0.0,0.0,0.0,0.0,no_change,0.0,,0.0,36.625,215.81,2026-09-16 15:44:11,2026-09-16 11:45:06
NVDA,NVDA290119P00210000,NVDA,2029-01-19,P,210.0,37.25,716.0,38.9,329.0,0.4005,21.0,7.0,-0.3304,0.0032,1.1548,-0.0271,-1.7084,38.1851,-0.375,38.75,38.75,38.75,down,38.75,2026-09-16T09:35:24,-0.958466,39.125,215.81,2026-09-16 15:44:11,2026-09-16 11:45:06
NVDA,NVDA290119P00215000,NVDA,2029-01-19,P,215.0,40.15,650.0,41.2,448.0,0.4002,5.0,1.0,-0.3466,0.0032,1.174,-0.0277,-1.7711,40.7409,-0.875,40.9,40.9,40.9,down,40.9,2026-09-16T10:45:35,-2.09456,41.7750015258789,215.81,2026-09-16 15:44:11,2026-09-16 11:45:06
NVDA,NVDA290119P00220000,NVDA,2029-01-19,P,220.0,42.8,319.0,44.15,791.0,0.4007,13.0,2.0,-0.3632,0.0033,1.1907,-0.0282,-1.8316,43.4083,-1.545,43.52,43.52,43.18,down,43.18,2026-09-16T11:11:06,-3.45444,44.7250003814697,215.81,2026-09-16 15:44:11,2026-09-16 11:45:06
NVDA,NVDA290119P00225000,NVDA,2029-01-19,P,225.0,45.45,122.0,47.45,416.0,0.3981,0.0,0.0,-0.3795,0.0034,1.2044,-0.0287,-1.8786,46.1335,0.0,0.0,0.0,0.0,no_change,0.0,,0.0,47.2999992370606,215.81,2026-09-16 15:44:11,2026-09-16 11:45:06
NVDA,NVDA290119P00230000,NVDA,2029-01-19,P,230.0,48.25,262.0,50.0,754.0,0.4005,3.0,1.0,-0.3962,0.0035,1.2163,-0.0292,-1.934,48.9528,-0.3,50.05,50.05,50.05,down,50.05,2026-09-16T10:11:46,-0.59583,50.3500003814697,215.81,2026-09-16 15:44:11,2026-09-16 11:45:06
NVDA,NVDA290119P00235000,NVDA,2029-01-19,P,235.0,51.15,174.0,52.4,133.0,0.3978,0.0,0.0,-0.4129,0.0036,1.2263,-0.0296,-1.9885,51.8722,0.0,0.0,0.0,0.0,no_change,0.0,,0.0,53.4750003814697,215.81,2026-09-16 15:44:11,2026-09-16 11:45:06
NVDA,NVDA290119P00240000,NVDA,2029-01-19,P,240.0,54.05,417.0,56.0,452.0,0.3997,2.0,1.0,-0.4295,0.0037,1.2329,-0.03,-2.0293,54.8383,-1.35,55.0,55.0,55.0,down,55.0,2026-09-16T10:10:31,-2.39574,56.3500003814697,215.81,2026-09-16 15:44:11,2026-09-16 11:45:06
NVDA,NVDA290119P00245000,NVDA,2029-01-19,P,245.0,57.1,628.0,58.7,65.0,0.3978,0.0,0.0,-0.4464,0.0038,1.2369,-0.0303,-2.066,57.8984,0.0,0.0,0.0,0.0,no_change,0.0,,0.0,59.625,215.81,2026-09-16 15:44:11,2026-09-16 11:45:06
NVDA,NVDA290119P00250000,NVDA,2029-01-19,P,250.0,60.25,550.0,61.7,40.0,0.3968,3.0,0.0,-0.4632,0.0038,1.2396,-0.0306,-2.0947,61.0582,0.0,0.0,0.0,0.0,down,61.11,2026-09-15T09:49:27,0.0,62.6499996185303,215.81,2026-09-16 15:44:11,2026-09-16 11:45:06
NVDA,NVDA290119P00255000,NVDA,2029-01-19,P,255.0,63.45,672.0,65.5,204.0,0.3989,0.0,0.0,-0.48,0.0039,1.2382,-0.031,-2.1344,64.2542,0.0,0.0,0.0,0.0,no_change,0.0,,0.0,66.0249977111816,215.81,2026-09-16 15:44:11,2026-09-16 11:45:06
NVDA,NVDA290119P00260000,NVDA,2029-01-19,P,260.0,66.6,695.0,68.65,190.0,0.3973,0.0,0.0,-0.4968,0.004,1.2367,-0.0312,-2.1751,67.5622,0.0,0.0,0.0,0.0,no_change,0.0,,0.0,69.1750030517578,215.81,2026-09-16 15:44:11,2026-09-16 11:45:06
NVDA,NVDA290119P00265000,NVDA,2029-01-19,P,265.0,69.85,557.0,72.05,206.0,0.3969,0.0,0.0,-0.5134,0.0041,1.2303,-0.0314,-2.1677,70.9024,0.0,0.0,0.0,0.0,no_change,0.0,,0.0,72.8500022888184,215.81,2026-09-16 15:44:11,2026-09-16 11:45:06
NVDA,NVDA290119P00270000,NVDA,2029-01-19,P,270.0,73.45,483.0,75.2,62.0,0.395,0.0,0.0,-0.5304,0.0041,1.2217,-0.0316,-2.1974,74.3601,0.0,0.0,0.0,0.0,no_change,0.0,,0.0,76.2249984741211,215.81,2026-09-16 15:44:11,2026-09-16 11:45:06
NVDA,NVDA290119P00275000,NVDA,2029-01-19,P,275.0,76.9,520.0,79.0,162.0,0.3969,0.0,0.0,-0.547,0.0042,1.2134,-0.0318,-2.237,77.8437,0.0,0.0,0.0,0.0,no_change,0.0,,0.0,79.8250007629394,215.81,2026-09-16 15:44:11,2026-09-16 11:45:06
NVDA,NVDA290119P00280000,NVDA,2029-01-19,P,280.0,80.0,490.0,82.4,100.0,0.393,1.0,0.0,-0.5638,0.0043,1.199,-0.0319,-2.2085,81.4402,0.0,0.0,0.0,0.0,up,83.43,2026-09-14T13:22:37,0.0,83.5499992370606,215.81,2026-09-16 15:44:11,2026-09-16 11:45:06
NVDA,NVDA290119P00285000,NVDA,2029-01-19,P,285.0,84.05,146.0,86.3,146.0,0.3967,0.0,0.0,-0.5804,0.0043,1.1868,-0.032,-2.2413,85.0578,0.0,0.0,0.0,0.0,no_change,0.0,,0.0,87.3250007629394,215.81,2026-09-16 15:44:11,2026-09-16 11:45:06
NVDA,NVDA290119P00290000,NVDA,2029-01-19,P,290.0,87.75,150.0,89.9,165.0,0.3959,2.0,0.0,-0.597,0.0044,1.174,-0.0322,-2.2566,88.7819,0.0,0.0,0.0,0.0,up,91.48,2026-09-14T10:30:07,0.0,90.7249984741211,215.81,2026-09-16 15:44:11,2026-09-16 11:45:06
NVDA,NVDA290119P00295000,NVDA,2029-01-19,P,295.0,91.35,599.0,93.8,180.0,0.3956,0.0,0.0,-0.6133,0.0044,1.1498,-0.0322,-2.1848,92.5504,0.0,0.0,0.0,0.0,no_change,0.0,,0.0,95.125,215.81,2026-09-16 15:44:11,2026-09-16 11:45:06
NVDA,NVDA290119P00300000,NVDA,2029-01-19,P,300.0,95.3,522.0,97.55,192.0,0.3956,0.0,0.0,-0.6301,0.0045,1.1242,-0.0323,-2.1869,96.3912,0.0,0.0,0.0,0.0,no_change,0.0,,0.0,99.3999977111816,215.81,2026-09-16 15:44:11,2026-09-16 11:45:06
NVDA,NVDA290119P00310000,NVDA,2029-01-19,P,310.0,102.95,474.0,105.4,171.0,0.3945,1.0,0.0,-0.6625,0.0046,1.0837,-0.0323,-2.1315,104.2394,0.0,0.0,0.0,0.0,up,106.97,2026-09-14T15:56:51,0.0,107.049999237061,215.81,2026-09-16 15:44:11,2026-09-16 11:45:06
NVDA,NVDA290119P00320000,NVDA,2029-01-19,P,320.0,109.45,309.0,113.4,88.0,0.3861,0.0,0.0,-0.6953,0.0048,1.0283,-0.0325,-2.1215,112.3266,0.0,0.0,0.0,0.0,no_change,0.0,,0.0,115.225002288818,215.81,2026-09-16 15:44:11,2026-09-16 11:45:06
NVDA,NVDA290119P00330000,NVDA,2029-01-19,P,330.0,119.3,178.0,121.9,79.0,0.3946,0.0,0.0,-0.7269,0.0048,0.9517,-0.0324,-1.9228,120.6323,0.0,0.0,0.0,0.0,no_change,0.0,,0.0,122.599998474121,215.81,2026-09-16 15:44:11,2026-09-16 11:45:06
NVDA,NVDA290119P00340000,NVDA,2029-01-19,P,340.0,127.65,173.0,131.5,99.0,0.3996,0.0,0.0,-0.7591,0.005,0.8882,-0.0326,-1.9296,129.1715,0.0,0.0,0.0,0.0,no_change,0.0,,0.0,131.974998474121,215.81,2026-09-16 15:44:11,2026-09-16 11:45:06
NVDA,NVDA290119P00350000,NVDA,2029-01-19,P,350.0,135.05,212.0,140.25,107.0,0.3917,0.0,0.0,-0.7902,0.005,0.7929,-0.0327,-1.6644,137.9044,0.0,0.0,0.0,0.0,no_change,0.0,,0.0,141.349998474121,215.81,2026-09-16 15:44:11,2026-09-16 11:45:06
NVDA,NVDA290119P00360000,NVDA,2029-01-19,P,360.0,144.7,221.0,149.15,103.0,0.3966,0.0,0.0,-0.8217,0.0052,0.7312,-0.0329,-1.6331,146.8254,0.0,0.0,0.0,0.0,no_change,0.0,,0.0,150.325004577637,215.81,2026-09-16 15:44:11,2026-09-16 11:45:06
NVDA,NVDA290119P00370000,NVDA,2029-01-19,P,370.0,153.95,83.0,158.2,97.0,0.3976,0.0,0.0,-0.852,0.0053,0.5976,-0.0318,-1.2394,155.9511,0.0,0.0,0.0,0.0,no_change,0.0,,0.0,159.049995422363,215.81,2026-09-16 15:44:11,2026-09-16 11:45:06
NVDA,NVDA290119P00380000,NVDA,2029-01-19,P,380.0,163.5,72.0,167.4,80.0,0.3993,0.0,0.0,-0.8827,0.0054,0.5312,-0.0318,-1.2359,165.2494,0.0,0.0,0.0,0.0,no_change,0.0,,0.0,168.525001525879,215.81,2026-09-16 15:44:11,2026-09-16 11:45:06
NVDA,NVDA290119P00390000,NVDA,2029-01-19,P,390.0,171.9,50.0,176.95,55.0,0.3842,0.0,0.0,-0.9093,0.0052,0.397,-0.0308,-0.7152,174.7179,0.0,0.0,0.0,0.0,no_change,0.0,,0.0,178.25,215.81,2026-09-16 15:44:11,2026-09-16 11:45:06
NVDA,NVDA290119P00400000,NVDA,2029-01-19,P,400.0,181.9,32.0,186.35,33.0,0.0,0.0,0.0,-0.9323,0.0046,0.2951,-0.0309,-0.7082,184.3651,0.0,0.0,0.0,0.0,no_change,0.0,,0.0,188.125,215.81,2026-09-16 15:44:11,2026-09-16 11:45:06
NVDA,NVDA290119P00410000,NVDA,2029-01-19,P,410.0,192.15,26.0,196.25,1.0,0.3987,0.0,0.0,-0.952,0.0039,0.2023,-0.0323,0.0,194.12,0.0,0.0,0.0,0.0,no_change,0.0,,0.0,198.074996948242,215.81,2026-09-16 15:44:11,2026-09-16 11:45:06
NVDA,NVDA290119P00420000,NVDA,2029-01-19,P,420.0,202.4,1.0,206.05,1.0,0.4101,0.0,0.0,-0.9672,0.0027,0.0,-0.0323,0.0,204.12,0.0,0.0,0.0,0.0,no_change,0.0,,0.0,208.074996948242,215.81,2026-09-16 15:44:11,2026-09-16 11:45:06
