underlying,option,root,expiry,cp,strike,bid,bid_size,ask,ask_size,iv,open_interest,volume,delta,gamma,vega,theta,rho,theo,change,open,high,low,tick,last_trade_price,last_trade_time,percent_change,prev_day_close,spot,cboe_timestamp,collected_et
TSLA,TSLA260902C00160000,TSLA,2026-09-02,C,160.0,193.75,20.0,194.65,15.0,0.0,3.0,12.0,1.0,0.0,0.0,0.0,0.0,194.4713,-2.39,194.85,195.45,191.71,down,194.26,2026-09-02T11:28:55,-1.21536,196.650001525879,354.53,2026-09-02 15:44:18,2026-09-02 11:45:02
TSLA,TSLA260902C00165000,TSLA,2026-09-02,C,165.0,188.85,47.0,189.7,34.0,0.0,247.0,14.0,1.0,0.0,0.0,-0.0001,0.0,189.4713,-1.935,186.79,189.65,186.79,down,189.34,2026-09-02T11:28:55,-1.01163,191.275001525879,354.53,2026-09-02 15:44:18,2026-09-02 11:45:02
TSLA,TSLA260902C00170000,TSLA,2026-09-02,C,170.0,183.4,41.0,184.75,25.0,0.0,5.0,8.0,1.0,0.0,0.0,-0.0001,0.0,184.4713,-1.895,182.08,184.73,181.24,up,184.73,2026-09-02T11:28:15,-1.01541,186.625,354.53,2026-09-02 15:44:18,2026-09-02 11:45:02
TSLA,TSLA260902C00175000,TSLA,2026-09-02,C,175.0,178.5,115.0,179.7,34.0,0.0,407.0,6.0,1.0,0.0,0.0,-0.0001,0.0,179.4714,-2.3,178.75,179.45,176.32,up,179.2,2026-09-02T11:29:01,-1.26722,181.5,354.53,2026-09-02 15:44:18,2026-09-02 11:45:02
TSLA,TSLA260902C00180000,TSLA,2026-09-02,C,180.0,174.1,19.0,174.6,2.0,0.0,1.0,12.0,1.0,0.0,0.0,-0.0002,0.0,174.4714,-2.265,170.76,175.55,170.73,up,174.36,2026-09-02T11:29:08,-1.28238,176.625,354.53,2026-09-02 15:44:18,2026-09-02 11:45:02
TSLA,TSLA260902C00185000,TSLA,2026-09-02,C,185.0,169.2,10.0,169.7,19.0,0.0,2.0,9.0,1.0,0.0,0.0,-0.0003,0.0,169.4715,-2.185,167.19,170.64,165.81,down,169.44,2026-09-02T11:29:08,-1.27312,171.625,354.53,2026-09-02 15:44:18,2026-09-02 11:45:02
TSLA,TSLA260902C00190000,TSLA,2026-09-02,C,190.0,163.75,15.0,164.7,15.0,0.0,3.0,3.0,1.0,0.0,0.0,-0.0004,0.0,164.4716,-1.485,162.24,165.09,162.24,up,165.09,2026-09-02T10:28:10,-0.891493,166.575004577637,354.53,2026-09-02 15:44:18,2026-09-02 11:45:02
TSLA,TSLA260902C00195000,TSLA,2026-09-02,C,195.0,158.85,15.0,159.8,15.0,0.0,2.0,6.0,1.0,0.0,0.0,-0.0004,0.0,159.4717,-1.645,157.42,160.17,156.24,down,159.98,2026-09-02T10:30:06,-1.01779,161.625,354.53,2026-09-02 15:44:18,2026-09-02 11:45:02
TSLA,TSLA260902C00200000,TSLA,2026-09-02,C,200.0,154.2,15.0,154.6,7.0,0.0,10.0,4.0,1.0,0.0,0.0,-0.0006,0.0,154.4352,-1.565,152.5,155.06,151.32,up,155.06,2026-09-02T10:30:06,-0.999202,156.625,354.53,2026-09-02 15:44:18,2026-09-02 11:45:02
TSLA,TSLA260902C00205000,TSLA,2026-09-02,C,205.0,147.95,50.0,149.7,25.0,0.0,1.0,4.0,0.9999,0.0,0.0,-0.0007,0.0,149.4557,-4.475,145.85,147.15,145.85,up,147.15,2026-09-02T10:12:29,-2.95136,151.625,354.53,2026-09-02 15:44:18,2026-09-02 11:45:02
TSLA,TSLA260902C00210000,TSLA,2026-09-02,C,210.0,143.4,35.0,145.5,25.0,0.0,2.0,1.0,0.9999,0.0,0.0,-0.0009,0.0,144.4559,-5.695,140.93,140.93,140.93,down,140.93,2026-09-02T10:00:52,-3.88406,146.625,354.53,2026-09-02 15:44:18,2026-09-02 11:45:02
TSLA,TSLA260902C00215000,TSLA,2026-09-02,C,215.0,138.45,40.0,140.5,24.0,6.2241,0.0,0.0,0.9999,0.0,0.0,-0.0011,0.0,139.4723,0.0,0.0,0.0,0.0,no_change,0.0,,0.0,141.525001525879,354.53,2026-09-02 15:44:18,2026-09-02 11:45:02
TSLA,TSLA260902C00220000,TSLA,2026-09-02,C,220.0,133.75,28.0,136.95,44.0,0.0,1.0,8.0,0.9999,0.0,0.0,-0.0014,0.0,134.4564,-1.845,131.79,134.68,130.9,up,134.68,2026-09-02T10:23:27,-1.3514,136.525001525879,354.53,2026-09-02 15:44:18,2026-09-02 11:45:02
TSLA,TSLA260902C00225000,TSLA,2026-09-02,C,225.0,128.75,27.0,130.5,29.0,8.0008,0.0,5.0,0.9998,0.0,0.0,-0.0017,0.0,129.4729,-1.755,126.87,129.77,126.85,up,129.77,2026-09-02T10:23:27,-1.33435,131.525001525879,354.53,2026-09-02 15:44:18,2026-09-02 11:45:02
TSLA,TSLA260902C00230000,TSLA,2026-09-02,C,230.0,123.3,39.0,125.6,13.0,0.0,1.0,5.0,0.9998,0.0,0.0001,-0.002,0.0,124.457,-2.445,121.98,124.08,121.85,up,124.08,2026-09-02T10:23:07,-1.93243,126.525001525879,354.53,2026-09-02 15:44:18,2026-09-02 11:45:02
TSLA,TSLA260902C00235000,TSLA,2026-09-02,C,235.0,119.2,18.0,120.5,25.0,8.2504,0.0,3.0,0.9998,0.0,0.0001,-0.0024,0.0,119.4736,-2.355,119.09,119.17,119.09,up,119.17,2026-09-02T10:23:07,-1.93787,121.525001525879,354.53,2026-09-02 15:44:18,2026-09-02 11:45:02
TSLA,TSLA260902C00240000,TSLA,2026-09-02,C,240.0,113.45,40.0,115.5,25.0,4.9213,0.0,0.0,0.9997,0.0,0.0001,-0.0028,0.0,114.474,0.0,0.0,0.0,0.0,no_change,0.0,,0.0,116.525001525879,354.53,2026-09-02 15:44:18,2026-09-02 11:45:02
TSLA,TSLA260902C00245000,TSLA,2026-09-02,C,245.0,108.85,21.0,110.5,21.0,6.8801,0.0,0.0,0.9996,0.0,0.0001,-0.0033,0.0,109.4745,0.0,0.0,0.0,0.0,no_change,0.0,,0.0,111.525001525879,354.53,2026-09-02 15:44:18,2026-09-02 11:45:02
TSLA,TSLA260902C00250000,TSLA,2026-09-02,C,250.0,103.45,38.0,105.55,21.0,5.2478,0.0,0.0,0.9996,0.0,0.0001,-0.0038,0.0,104.475,0.0,0.0,0.0,0.0,no_change,0.0,,0.0,106.525001525879,354.53,2026-09-02 15:44:18,2026-09-02 11:45:02
TSLA,TSLA260902C00255000,TSLA,2026-09-02,C,255.0,98.5,38.0,100.45,20.0,4.1979,0.0,0.0,0.9995,0.0,0.0001,-0.0044,0.0,99.4756,0.0,0.0,0.0,0.0,no_change,0.0,,0.0,101.525001525879,354.53,2026-09-02 15:44:18,2026-09-02 11:45:02
TSLA,TSLA260902C00260000,TSLA,2026-09-02,C,260.0,92.9,38.0,96.95,13.0,6.6278,1.0,0.0,0.9994,0.0001,0.0002,-0.0051,0.0,94.4763,0.0,0.0,0.0,0.0,down,86.67,2026-08-28T15:15:33,0.0,96.5250015258789,354.53,2026-09-02 15:44:18,2026-09-02 11:45:02
TSLA,TSLA260902C00265000,TSLA,2026-09-02,C,265.0,88.95,21.0,90.5,22.0,5.7404,0.0,0.0,0.9993,0.0001,0.0002,-0.0058,0.0,89.477,0.0,0.0,0.0,0.0,no_change,0.0,,0.0,91.5250015258789,354.53,2026-09-02 15:44:18,2026-09-02 11:45:02
TSLA,TSLA260902C00270000,TSLA,2026-09-02,C,270.0,82.9,40.0,87.05,17.0,6.0307,1.0,0.0,0.9992,0.0001,0.0002,-0.0066,0.0,84.4778,0.0,0.0,0.0,0.0,down,77.34,2026-08-19T11:05:06,0.0,86.5250015258789,354.53,2026-09-02 15:44:18,2026-09-02 11:45:02
TSLA,TSLA260902C00275000,TSLA,2026-09-02,C,275.0,77.9,38.0,81.95,10.0,5.5825,2.0,0.0,0.999,0.0001,0.0003,-0.0075,0.0,79.4787,0.0,0.0,0.0,0.0,down,79.71,2026-09-01T15:06:53,0.0,81.25,354.53,2026-09-02 15:44:18,2026-09-02 11:45:02
TSLA,TSLA260902C00280000,TSLA,2026-09-02,C,280.0,72.9,97.0,76.4,43.0,4.5442,3.0,14.0,0.9989,0.0001,0.0003,-0.0084,0.0,74.4797,-1.15,71.55,75.3,71.55,no_change,75.3,2026-09-02T10:28:39,-1.50425,76.4500007629394,354.53,2026-09-02 15:44:18,2026-09-02 11:45:02
TSLA,TSLA260902C00285000,TSLA,2026-09-02,C,285.0,69.2,20.0,70.45,61.0,4.7064,12.0,7.0,0.9987,0.0002,0.0004,-0.0095,0.0,69.4807,-1.925,68.05,69.55,66.1,up,69.55,2026-09-02T11:28:28,-2.69325,71.4749984741211,354.53,2026-09-02 15:44:18,2026-09-02 11:45:02
TSLA,TSLA260902C00290000,TSLA,2026-09-02,C,290.0,64.25,16.0,65.05,43.0,3.947,12.0,9.0,0.9984,0.0002,0.0004,-0.0106,0.0,64.4818,-2.225,63.05,66.0,61.85,up,64.5,2026-09-02T11:28:28,-3.33458,66.7249984741211,354.53,2026-09-02 15:44:18,2026-09-02 11:45:02
TSLA,TSLA260902C00295000,TSLA,2026-09-02,C,295.0,59.3,18.0,60.05,37.0,3.7242,27.0,45.0,0.9982,0.0003,0.0005,-0.0117,0.0,59.483,-0.125,57.2,61.35,55.85,up,61.35,2026-09-02T10:45:06,-0.203335,61.4750003814697,354.53,2026-09-02 15:44:18,2026-09-02 11:45:02
TSLA,TSLA260902C00297500,TSLA,2026-09-02,C,297.5,56.8,13.0,57.5,35.0,3.507,21.0,44.0,0.998,0.0003,0.0005,-0.0124,0.0,56.9836,-1.15,54.97,57.9,53.44,up,57.8,2026-09-02T11:26:08,-1.9508,58.9499988555908,354.53,2026-09-02 15:44:18,2026-09-02 11:45:02
TSLA,TSLA260902C00300000,TSLA,2026-09-02,C,300.0,54.3,15.0,55.1,46.0,3.4901,39.0,5.0,0.9978,0.0003,0.0006,-0.013,0.0,54.4842,-3.13,50.85,55.5,50.85,down,53.37,2026-09-02T11:06:41,-5.53982,56.5,354.53,2026-09-02 15:44:18,2026-09-02 11:45:02
TSLA,TSLA260902C00302500,TSLA,2026-09-02,C,302.5,51.45,38.0,52.6,36.0,2.7413,40.0,49.0,0.9976,0.0004,0.0006,-0.0137,0.0,51.9849,-3.13,48.45,52.65,48.1,down,50.97,2026-09-02T11:06:41,-5.78558,54.1000003814697,354.53,2026-09-02 15:44:18,2026-09-02 11:45:02
TSLA,TSLA260902C00305000,TSLA,2026-09-02,C,305.0,49.2,25.0,50.1,35.0,3.0724,28.0,50.0,0.9974,0.0004,0.0007,-0.0143,0.0,49.4856,-0.775,46.01,50.9,45.65,up,50.9,2026-09-02T10:45:42,-1.49976,51.6749992370606,354.53,2026-09-02 15:44:18,2026-09-02 11:45:02
TSLA,TSLA260902C00307500,TSLA,2026-09-02,C,307.5,46.45,37.0,47.6,38.0,2.4877,6.0,6.0,0.9972,0.0005,0.0007,-0.015,0.0,46.9863,-0.275,45.1,48.5,44.87,up,48.5,2026-09-02T10:48:39,-0.563813,48.7749996185303,354.53,2026-09-02 15:44:18,2026-09-02 11:45:02
TSLA,TSLA260902C00310000,TSLA,2026-09-02,C,310.0,44.3,16.0,44.6,11.0,0.0,40.0,3.0,0.9969,0.0005,0.0008,-0.0158,0.0,44.487,-2.075,42.43,45.7,42.43,down,44.2,2026-09-02T10:50:25,-4.48406,46.2749996185303,354.53,2026-09-02 15:44:18,2026-09-02 11:45:02
TSLA,TSLA260902C00312500,TSLA,2026-09-02,C,312.5,41.6,25.0,42.6,39.0,2.5137,48.0,5.0,0.9966,0.0006,0.0008,-0.0165,0.0,41.9877,-0.275,40.15,43.85,39.25,down,43.5,2026-09-02T10:48:39,-0.628212,43.7749996185303,354.53,2026-09-02 15:44:18,2026-09-02 11:45:02
TSLA,TSLA260902C00315000,TSLA,2026-09-02,C,315.0,39.3,16.0,40.1,34.0,2.6011,46.0,72.0,0.9963,0.0007,0.0009,-0.0173,0.0,39.4885,-4.385,37.22,41.48,36.25,up,36.89,2026-09-02T10:58:02,-10.6239,41.2749996185303,354.53,2026-09-02 15:44:18,2026-09-02 11:45:02
TSLA,TSLA260902C00317500,TSLA,2026-09-02,C,317.5,36.6,24.0,37.6,38.0,2.2387,36.0,48.0,0.996,0.0008,0.001,-0.0181,0.0,36.9893,-4.38,33.55,39.01,33.55,up,34.42,2026-09-02T10:58:02,-11.2887,38.7999992370606,354.53,2026-09-02 15:44:18,2026-09-02 11:45:02
TSLA,TSLA260902C00320000,TSLA,2026-09-02,C,320.0,34.35,1.0,34.6,7.0,0.0,94.0,61.0,0.9956,0.0009,0.0011,-0.0189,0.0,34.4901,-2.65,38.86,38.86,31.05,up,33.65,2026-09-02T11:07:08,-7.30027,36.2999992370606,354.53,2026-09-02 15:44:18,2026-09-02 11:45:02
TSLA,TSLA260902C00322500,TSLA,2026-09-02,C,322.5,31.6,63.0,32.6,102.0,1.9641,106.0,33.0,0.9951,0.0011,0.0012,-0.0197,0.0,31.9909,-0.175,29.05,34.08,28.35,no_change,33.65,2026-09-02T10:44:40,-0.517365,33.8249988555908,354.53,2026-09-02 15:44:18,2026-09-02 11:45:02
TSLA,TSLA260902C00325000,TSLA,2026-09-02,C,325.0,28.95,32.0,30.1,31.0,1.6109,50.0,43.0,0.9946,0.0013,0.0013,-0.0206,0.0,29.4918,-2.025,28.75,31.2,28.75,down,29.3,2026-09-02T10:50:54,-6.46448,31.3249998092651,354.53,2026-09-02 15:44:18,2026-09-02 11:45:02
TSLA,TSLA260902C00327500,TSLA,2026-09-02,C,327.5,26.8,16.0,27.6,42.0,1.8638,23.0,63.0,0.9939,0.0015,0.0015,-0.0215,0.0,26.9927,-1.075,24.85,28.7,23.6,up,27.75,2026-09-02T11:26:53,-3.7294,28.8249998092651,354.53,2026-09-02 15:44:18,2026-09-02 11:45:02
TSLA,TSLA260902C00330000,TSLA,2026-09-02,C,330.0,24.3,30.0,24.6,11.0,0.0,130.0,138.0,0.9932,0.0018,0.0016,-0.0226,0.0,24.4938,-1.575,26.75,26.75,20.87,down,24.75,2026-09-02T11:19:59,-5.98291,26.3249998092651,354.53,2026-09-02 15:44:18,2026-09-02 11:45:02
TSLA,TSLA260902C00332500,TSLA,2026-09-02,C,332.5,21.85,18.0,22.1,11.0,0.9203,70.0,67.0,0.9922,0.0023,0.0018,-0.0238,0.0,21.9951,-1.59,24.25,24.25,19.65,down,22.26,2026-09-02T11:19:59,-6.66667,23.8500003814697,354.53,2026-09-02 15:44:18,2026-09-02 11:45:02
TSLA,TSLA260902C00335000,TSLA,2026-09-02,C,335.0,19.35,30.0,19.6,11.0,0.8214,185.0,190.0,0.9909,0.0029,0.0021,-0.0256,0.0,19.4969,-1.215,19.95,20.7,15.95,up,20.16,2026-09-02T11:24:28,-5.68421,21.375,354.53,2026-09-02 15:44:18,2026-09-02 11:45:02
TSLA,TSLA260902C00337500,TSLA,2026-09-02,C,337.5,16.9,23.0,17.1,12.0,0.7223,71.0,53.0,0.9889,0.0038,0.0025,-0.0288,0.0,17.0,-1.925,18.8,18.8,13.42,down,16.95,2026-09-02T11:16:10,-10.1987,18.875,354.53,2026-09-02 15:44:18,2026-09-02 11:45:02
TSLA,TSLA260902C00340000,TSLA,2026-09-02,C,340.0,14.35,34.0,14.6,9.0,0.6229,1042.0,872.0,0.9853,0.0054,0.0032,-0.0349,0.0,14.5061,-1.225,18.3,19.04,10.5,up,15.2,2026-09-02T11:23:35,-7.45814,16.4250001907349,354.53,2026-09-02 15:44:18,2026-09-02 11:45:02
TSLA,TSLA260902C00342500,TSLA,2026-09-02,C,342.5,11.9,39.0,12.1,10.0,0.5228,368.0,183.0,0.9784,0.0086,0.0045,-0.0482,0.0,12.0194,-1.925,13.9,14.0,8.0,up,12.1,2026-09-02T11:28:32,-13.7255,14.0250000953674,354.53,2026-09-02 15:44:18,2026-09-02 11:45:02
TSLA,TSLA260902C00345000,TSLA,2026-09-02,C,345.0,9.45,46.0,9.65,24.0,0.5946,834.0,4835.0,0.9635,0.0149,0.007,-0.078,0.0,9.5492,-2.235,13.37,14.23,5.88,down,9.44,2026-09-02T11:29:07,-19.1435,11.6749997138977,354.53,2026-09-02 15:44:18,2026-09-02 11:45:02
TSLA,TSLA260902C00347500,TSLA,2026-09-02,C,347.5,7.0,52.0,7.2,13.0,0.5472,575.0,4310.0,0.9291,0.0282,0.0117,-0.1515,0.0,7.1227,-2.35,10.24,11.85,4.15,up,7.1,2026-09-02T11:28:49,-24.8677,9.4500002861023,354.53,2026-09-02 15:44:18,2026-09-02 11:45:02
TSLA,TSLA260902C00350000,TSLA,2026-09-02,C,350.0,4.8,1.0,4.9,23.0,0.5089,4011.0,27936.0,0.847,0.0534,0.0203,-0.3541,0.0,4.8253,-2.6,9.94,10.05,2.43,down,4.75,2026-09-02T11:28:58,-35.3741,7.35000014305115,354.53,2026-09-02 15:44:18,2026-09-02 11:45:02
TSLA,TSLA260902C00352500,TSLA,2026-09-02,C,352.5,2.82,38.0,2.87,2.0,0.4891,2150.0,67313.0,0.6813,0.084,0.0304,-0.8852,0.0,2.8564,-2.63,7.65,7.65,1.33,up,2.87,2026-09-02T11:29:17,-47.8182,5.5,354.53,2026-09-02 15:44:18,2026-09-02 11:45:02
TSLA,TSLA260902C00355000,TSLA,2026-09-02,C,355.0,1.44,3.0,1.45,1.0,0.4934,4706.0,141688.0,0.4532,0.0927,0.0336,-1.4561,0.0,1.4561,-2.51,5.85,7.0,0.68,down,1.44,2026-09-02T11:29:17,-63.5443,3.95000004768372,354.53,2026-09-02 15:44:18,2026-09-02 11:45:02
TSLA,TSLA260902C00357500,TSLA,2026-09-02,C,357.5,0.67,10.0,0.68,2.0,0.5255,4758.0,100370.0,0.2528,0.0712,0.0272,-0.6757,0.0,0.6757,-2.06,4.6,4.6,0.37,up,0.69,2026-09-02T11:29:17,-74.9091,2.75,354.53,2026-09-02 15:44:18,2026-09-02 11:45:02
TSLA,TSLA260902C00360000,TSLA,2026-09-02,C,360.0,0.32,81.0,0.33,52.0,0.572,10801.0,120266.0,0.1326,0.0438,0.0184,-0.3243,0.0,0.3243,-1.49,4.2,4.2,0.19,no_change,0.33,2026-09-02T11:29:17,-81.8681,1.81999999284744,354.53,2026-09-02 15:44:18,2026-09-02 11:45:02
TSLA,TSLA260902C00362500,TSLA,2026-09-02,C,362.5,0.17,290.0,0.18,245.0,0.6407,5950.0,45027.0,0.073,0.0255,0.012,-0.1752,0.0,0.1752,-1.005,1.6,1.86,0.12,no_change,0.17,2026-09-02T11:29:14,-85.5319,1.17499995231628,354.53,2026-09-02 15:44:18,2026-09-02 11:45:02
TSLA,TSLA260902C00365000,TSLA,2026-09-02,C,365.0,0.1,607.0,0.11,2.0,0.7104,9852.0,45871.0,0.043,0.0152,0.0079,-0.1043,0.0,0.1043,-0.64,1.3,1.8,0.08,no_change,0.1,2026-09-02T11:29:16,-86.4865,0.740000009536743,354.53,2026-09-02 15:44:18,2026-09-02 11:45:02
TSLA,TSLA260902C00367500,TSLA,2026-09-02,C,367.5,0.06,621.0,0.08,268.0,0.7852,4524.0,18757.0,0.0269,0.0094,0.0054,-0.0666,0.0,0.0666,-0.405,1.46,1.46,0.05,down,0.06,2026-09-02T11:29:05,-87.0968,0.465000003576279,354.53,2026-09-02 15:44:18,2026-09-02 11:45:02
TSLA,TSLA260902C00370000,TSLA,2026-09-02,C,370.0,0.05,90.0,0.06,243.0,0.8735,8373.0,21914.0,0.018,0.0061,0.0038,-0.0461,0.0,0.0461,-0.25,0.36,0.46,0.03,up,0.06,2026-09-02T11:28:50,-80.6452,0.310000002384186,354.53,2026-09-02 15:44:18,2026-09-02 11:45:02
TSLA,TSLA260902C00372500,TSLA,2026-09-02,C,372.5,0.03,334.0,0.04,141.0,0.9282,3290.0,6881.0,0.013,0.0043,0.0029,-0.0349,0.0,0.0349,-0.185,0.24,0.31,0.02,down,0.03,2026-09-02T11:28:58,-86.0465,0.214999996125698,354.53,2026-09-02 15:44:18,2026-09-02 11:45:02
TSLA,TSLA260902C00375000,TSLA,2026-09-02,C,375.0,0.03,5.0,0.04,236.0,1.0355,5759.0,4987.0,0.0102,0.0032,0.0023,-0.0287,0.0,0.0287,-0.115,0.16,0.21,0.02,down,0.03,2026-09-02T11:27:31,-79.3103,0.145000003278255,354.53,2026-09-02 15:44:18,2026-09-02 11:45:02
TSLA,TSLA260902C00377500,TSLA,2026-09-02,C,377.5,0.02,240.0,0.03,292.0,1.0944,3458.0,4856.0,0.0084,0.0025,0.002,-0.0252,0.0,0.0252,-0.085,0.11,0.16,0.01,no_change,0.03,2026-09-02T11:29:12,-73.913,0.114999998360872,354.53,2026-09-02 15:44:18,2026-09-02 11:45:02
TSLA,TSLA260902C00380000,TSLA,2026-09-02,C,380.0,0.02,12.0,0.03,274.0,1.1945,5509.0,3605.0,0.0073,0.002,0.0017,-0.023,0.0,0.023,-0.065,0.18,0.18,0.01,no_change,0.03,2026-09-02T11:27:19,-68.4211,0.0950000025331974,354.53,2026-09-02 15:44:18,2026-09-02 11:45:02
TSLA,TSLA260902C00382500,TSLA,2026-09-02,C,382.5,0.01,204.0,0.02,167.0,1.2223,1448.0,1781.0,0.0064,0.0017,0.0016,-0.0216,0.0,0.0216,-0.065,0.08,0.08,0.01,no_change,0.02,2026-09-02T11:27:38,-76.4706,0.0850000008940697,354.53,2026-09-02 15:44:18,2026-09-02 11:45:02
TSLA,TSLA260902C00385000,TSLA,2026-09-02,C,385.0,0.01,180.0,0.02,145.0,1.315,3495.0,1017.0,0.0058,0.0014,0.0014,-0.0206,0.0,0.0206,-0.055,0.07,0.08,0.01,no_change,0.02,2026-09-02T11:20:09,-73.3333,0.0749999992549419,354.53,2026-09-02 15:44:18,2026-09-02 11:45:02
TSLA,TSLA260902C00387500,TSLA,2026-09-02,C,387.5,0.01,118.0,0.02,137.0,1.4065,2018.0,955.0,0.0053,0.0012,0.0013,-0.0198,0.0,0.0198,-0.035,0.06,0.06,0.01,up,0.03,2026-09-02T11:04:59,-53.8462,0.0649999994784594,354.53,2026-09-02 15:44:18,2026-09-02 11:45:02
TSLA,TSLA260902C00390000,TSLA,2026-09-02,C,390.0,0.01,20.0,0.02,159.0,1.4968,4378.0,1371.0,0.0049,0.0011,0.0012,-0.0191,0.0,0.0191,-0.045,0.04,0.05,0.01,down,0.01,2026-09-02T11:26:00,-81.8182,0.0549999997019768,354.53,2026-09-02 15:44:18,2026-09-02 11:45:02
TSLA,TSLA260902C00392500,TSLA,2026-09-02,C,392.5,0.0,0.0,0.02,155.0,1.5243,1390.0,193.0,0.0045,0.001,0.0011,-0.0184,0.0,0.0185,-0.035,0.03,0.05,0.01,no_change,0.01,2026-09-02T11:12:09,-77.7778,0.0449999999254942,354.53,2026-09-02 15:44:18,2026-09-02 11:45:02
TSLA,TSLA260902C00395000,TSLA,2026-09-02,C,395.0,0.01,205.0,0.02,204.0,1.674,964.0,876.0,0.0042,0.0008,0.001,-0.0179,0.0,0.0179,-0.035,0.04,0.04,0.01,no_change,0.01,2026-09-02T11:14:31,-77.7778,0.0449999999254942,354.53,2026-09-02 15:44:18,2026-09-02 11:45:02
TSLA,TSLA260902C00397500,TSLA,2026-09-02,C,397.5,0.0,0.0,0.01,53.0,1.5932,1322.0,1245.0,0.0039,0.0008,0.001,-0.0173,0.0,0.0173,-0.025,0.04,0.04,0.01,no_change,0.01,2026-09-02T11:25:30,-71.4286,0.034999999217689,354.53,2026-09-02 15:44:18,2026-09-02 11:45:02
TSLA,TSLA260902C00400000,TSLA,2026-09-02,C,400.0,0.0,0.0,0.01,197.0,1.6722,17690.0,4525.0,0.0037,0.0007,0.0009,-0.0169,0.0,0.0169,-0.025,0.03,0.03,0.01,no_change,0.01,2026-09-02T11:19:26,-71.4286,0.034999999217689,354.53,2026-09-02 15:44:18,2026-09-02 11:45:02
TSLA,TSLA260902C00402500,TSLA,2026-09-02,C,402.5,0.0,0.0,0.01,505.0,1.7506,876.0,1278.0,0.0034,0.0006,0.0009,-0.0164,0.0,0.0164,-0.02,0.03,0.03,0.01,no_change,0.01,2026-09-02T11:26:57,-66.6667,0.0299999993294477,354.53,2026-09-02 15:44:18,2026-09-02 11:45:02
TSLA,TSLA260902C00405000,TSLA,2026-09-02,C,405.0,0.0,0.0,0.01,136.0,1.8283,911.0,304.0,0.0032,0.0006,0.0008,-0.0159,0.0,0.0159,-0.015,0.03,0.03,0.01,no_change,0.01,2026-09-02T10:44:08,-60.0,0.0249999994412065,354.53,2026-09-02 15:44:18,2026-09-02 11:45:02
TSLA,TSLA260902C00407500,TSLA,2026-09-02,C,407.5,0.0,0.0,0.02,88.0,2.022,843.0,455.0,0.003,0.0005,0.0008,-0.0154,0.0,0.0154,-0.01,0.02,0.02,0.01,no_change,0.01,2026-09-02T10:43:40,-50.0,0.0199999995529652,354.53,2026-09-02 15:44:18,2026-09-02 11:45:02
TSLA,TSLA260902C00410000,TSLA,2026-09-02,C,410.0,0.0,0.0,0.01,59.0,1.9813,1260.0,2641.0,0.0029,0.0005,0.0007,-0.0149,0.0,0.0149,-0.005,0.01,0.02,0.01,no_change,0.01,2026-09-02T11:26:24,-33.3333,0.0149999996647239,354.53,2026-09-02 15:44:18,2026-09-02 11:45:02
TSLA,TSLA260902C00412500,TSLA,2026-09-02,C,412.5,0.0,0.0,0.01,58.0,2.0568,830.0,751.0,0.0027,0.0004,0.0007,-0.0145,0.0,0.0145,-0.005,0.01,0.02,0.01,no_change,0.01,2026-09-02T09:51:52,-33.3333,0.0149999996647239,354.53,2026-09-02 15:44:18,2026-09-02 11:45:02
TSLA,TSLA260902C00415000,TSLA,2026-09-02,C,415.0,0.0,0.0,0.01,68.0,2.1315,376.0,110.0,0.0026,0.0004,0.0007,-0.014,0.0,0.014,-0.01,0.01,0.02,0.01,no_change,0.01,2026-09-02T09:44:55,-50.0,0.0199999995529652,354.53,2026-09-02 15:44:18,2026-09-02 11:45:02
TSLA,TSLA260902C00417500,TSLA,2026-09-02,C,417.5,0.0,0.0,0.01,36.0,2.2056,37.0,0.0,0.0024,0.0004,0.0006,-0.0136,0.0,0.0136,0.0,0.0,0.0,0.0,up,0.02,2026-09-01T14:16:34,0.0,0.0199999995529652,354.53,2026-09-02 15:44:18,2026-09-02 11:45:02
TSLA,TSLA260902C00420000,TSLA,2026-09-02,C,420.0,0.0,0.0,0.01,62.0,2.279,828.0,1242.0,0.0023,0.0003,0.0006,-0.0132,0.0,0.0132,-0.005,0.02,0.02,0.01,down,0.01,2026-09-02T10:40:02,-33.3333,0.0149999996647239,354.53,2026-09-02 15:44:18,2026-09-02 11:45:02
TSLA,TSLA260902C00422500,TSLA,2026-09-02,C,422.5,0.0,0.0,0.01,373.0,2.3517,266.0,1386.0,0.0022,0.0003,0.0006,-0.0128,0.0,0.0128,-0.02,0.02,0.03,0.01,no_change,0.01,2026-09-02T10:49:01,-66.6667,0.0300000002607703,354.53,2026-09-02 15:44:18,2026-09-02 11:45:02
TSLA,TSLA260902C00425000,TSLA,2026-09-02,C,425.0,0.0,0.0,0.01,66.0,2.4238,1616.0,66.0,0.002,0.0003,0.0005,-0.0124,0.0,0.0124,0.0,0.01,0.01,0.01,no_change,0.01,2026-09-02T10:59:32,2.23517e-06,0.00999999977648258,354.53,2026-09-02 15:44:18,2026-09-02 11:45:02
TSLA,TSLA260902C00427500,TSLA,2026-09-02,C,427.5,0.0,0.0,0.01,43.0,2.4954,500.0,0.0,0.002,0.0003,0.0005,-0.012,0.0,0.012,0.0,0.0,0.0,0.0,no_change,0.01,2026-09-01T10:56:25,0.0,0.025000000372529,354.53,2026-09-02 15:44:18,2026-09-02 11:45:02
TSLA,TSLA260902C00430000,TSLA,2026-09-02,C,430.0,0.0,0.0,0.01,38.0,2.5663,301.0,0.0,0.0018,0.0002,0.0005,-0.0116,0.0,0.0116,0.0,0.0,0.0,0.0,no_change,0.01,2026-09-01T15:43:06,0.0,0.00999999977648258,354.53,2026-09-02 15:44:18,2026-09-02 11:45:02
TSLA,TSLA260902C00432500,TSLA,2026-09-02,C,432.5,0.0,0.0,0.01,396.0,2.6366,396.0,270.0,0.0018,0.0002,0.0005,-0.0113,0.0,0.0113,-0.02,0.01,0.01,0.01,no_change,0.01,2026-09-02T09:33:23,-66.6667,0.0300000002607703,354.53,2026-09-02 15:44:18,2026-09-02 11:45:02
TSLA,TSLA260902C00435000,TSLA,2026-09-02,C,435.0,0.0,0.0,0.01,673.0,2.7064,935.0,297.0,0.0017,0.0002,0.0004,-0.0109,0.0,0.0109,-0.005,0.01,0.02,0.01,no_change,0.01,2026-09-02T09:45:00,-33.3333,0.0149999996647239,354.53,2026-09-02 15:44:18,2026-09-02 11:45:02
TSLA,TSLA260902C00437500,TSLA,2026-09-02,C,437.5,0.0,0.0,0.01,67.0,2.7757,512.0,55.0,0.0016,0.0002,0.0004,-0.0106,0.0,0.0106,0.005,0.01,0.01,0.01,no_change,0.01,2026-09-02T09:45:06,100.0,0.00499999988824129,354.53,2026-09-02 15:44:18,2026-09-02 11:45:02
TSLA,TSLA260902C00440000,TSLA,2026-09-02,C,440.0,0.0,0.0,0.01,46.0,2.8444,940.0,0.0,0.0015,0.0002,0.0004,-0.0103,0.0,0.0103,0.0,0.0,0.0,0.0,no_change,0.01,2026-09-01T15:50:32,0.0,0.00499999988824129,354.53,2026-09-02 15:44:18,2026-09-02 11:45:02
TSLA,TSLA260902C00445000,TSLA,2026-09-02,C,445.0,0.0,0.0,0.01,45.0,2.9801,278.0,0.0,0.0014,0.0002,0.0004,-0.0096,0.0,0.0096,0.0,0.0,0.0,0.0,no_change,0.01,2026-09-01T15:49:53,0.0,0.00499999988824129,354.53,2026-09-02 15:44:18,2026-09-02 11:45:02
TSLA,TSLA260902C00450000,TSLA,2026-09-02,C,450.0,0.0,0.0,0.01,46.0,3.1139,431.0,0.0,0.0013,0.0001,0.0003,-0.009,0.0,0.009,0.0,0.0,0.0,0.0,no_change,0.01,2026-09-01T15:50:42,0.0,0.00499999988824129,354.53,2026-09-02 15:44:18,2026-09-02 11:45:02
TSLA,TSLA260902C00455000,TSLA,2026-09-02,C,455.0,0.0,0.0,0.01,50.0,3.2456,148.0,0.0,0.0012,0.0001,0.0003,-0.0085,0.0,0.0085,0.0,0.0,0.0,0.0,no_change,0.02,2026-09-01T10:57:16,0.0,0.00499999988824129,354.53,2026-09-02 15:44:18,2026-09-02 11:45:02
TSLA,TSLA260902C00460000,TSLA,2026-09-02,C,460.0,0.0,0.0,0.01,50.0,3.3755,247.0,0.0,0.0011,0.0001,0.0003,-0.0079,0.0,0.0079,0.0,0.0,0.0,0.0,down,0.01,2026-09-01T15:06:00,0.0,0.00499999988824129,354.53,2026-09-02 15:44:18,2026-09-02 11:45:02
TSLA,TSLA260902C00465000,TSLA,2026-09-02,C,465.0,0.0,0.0,0.01,50.0,3.5035,107.0,0.0,0.001,0.0001,0.0003,-0.0074,0.0,0.0074,0.0,0.0,0.0,0.0,no_change,0.01,2026-09-01T15:54:03,0.0,0.00499999988824129,354.53,2026-09-02 15:44:18,2026-09-02 11:45:02
TSLA,TSLA260902C00470000,TSLA,2026-09-02,C,470.0,0.0,0.0,0.01,50.0,3.6298,64.0,0.0,0.0009,0.0001,0.0002,-0.007,0.0,0.007,0.0,0.0,0.0,0.0,up,0.02,2026-09-01T10:47:34,0.0,0.00499999988824129,354.53,2026-09-02 15:44:18,2026-09-02 11:45:02
TSLA,TSLA260902C00475000,TSLA,2026-09-02,C,475.0,0.0,0.0,0.01,50.0,3.7542,1047.0,0.0,0.0008,0.0001,0.0002,-0.0065,0.0,0.0065,0.0,0.0,0.0,0.0,no_change,0.01,2026-09-01T15:49:08,0.0,0.00499999988824129,354.53,2026-09-02 15:44:18,2026-09-02 11:45:02
TSLA,TSLA260902C00480000,TSLA,2026-09-02,C,480.0,0.0,0.0,0.01,81.0,3.8771,139.0,4.0,0.0008,0.0001,0.0002,-0.0061,0.0,0.0061,0.005,0.01,0.01,0.01,down,0.01,2026-09-02T09:45:55,100.0,0.00499999988824129,354.53,2026-09-02 15:44:18,2026-09-02 11:45:02
TSLA,TSLA260902C00485000,TSLA,2026-09-02,C,485.0,0.0,0.0,0.01,50.0,3.9983,26.0,0.0,0.0007,0.0001,0.0002,-0.0057,0.0,0.0057,0.0,0.0,0.0,0.0,down,0.01,2026-09-01T10:38:30,0.0,0.00499999988824129,354.53,2026-09-02 15:44:18,2026-09-02 11:45:02
TSLA,TSLA260902C00490000,TSLA,2026-09-02,C,490.0,0.0,0.0,0.01,53.0,4.1179,113.0,0.0,0.0006,0.0001,0.0002,-0.0054,0.0,0.0054,0.0,0.0,0.0,0.0,down,0.01,2026-09-01T10:38:30,0.0,0.00499999988824129,354.53,2026-09-02 15:44:18,2026-09-02 11:45:02
TSLA,TSLA260902C00495000,TSLA,2026-09-02,C,495.0,0.0,0.0,0.01,91.0,4.236,51.0,3.0,0.0006,0.0001,0.0002,-0.005,0.0,0.005,0.005,0.01,0.01,0.01,no_change,0.01,2026-09-02T10:16:38,100.0,0.00499999988824129,354.53,2026-09-02 15:44:18,2026-09-02 11:45:02
TSLA,TSLA260902C00500000,TSLA,2026-09-02,C,500.0,0.0,0.0,0.01,93.0,4.3526,827.0,4.0,0.0005,0.0,0.0001,-0.0047,0.0,0.0047,0.005,0.01,0.01,0.01,no_change,0.01,2026-09-02T11:23:04,100.0,0.00499999988824129,354.53,2026-09-02 15:44:18,2026-09-02 11:45:02
TSLA,TSLA260902C00505000,TSLA,2026-09-02,C,505.0,0.0,0.0,0.01,49.0,4.4678,101.0,0.0,0.0005,0.0,0.0001,-0.0044,0.0,0.0044,0.0,0.0,0.0,0.0,up,0.04,2026-08-31T15:23:34,0.0,0.00499999988824129,354.53,2026-09-02 15:44:18,2026-09-02 11:45:02
TSLA,TSLA260902C00510000,TSLA,2026-09-02,C,510.0,0.0,0.0,0.01,49.0,4.5816,23.0,0.0,0.0005,0.0,0.0001,-0.0041,0.0,0.0041,0.0,0.0,0.0,0.0,no_change,0.01,2026-08-31T13:10:01,0.0,0.00499999988824129,354.53,2026-09-02 15:44:18,2026-09-02 11:45:02
TSLA,TSLA260902C00515000,TSLA,2026-09-02,C,515.0,0.0,0.0,0.01,53.0,4.694,151.0,0.0,0.0004,0.0,0.0001,-0.0038,0.0,0.0038,0.0,0.0,0.0,0.0,down,0.01,2026-08-31T14:50:12,0.0,0.00499999988824129,354.53,2026-09-02 15:44:18,2026-09-02 11:45:02
TSLA,TSLA260902C00520000,TSLA,2026-09-02,C,520.0,0.0,0.0,0.01,53.0,4.8051,17.0,0.0,0.0004,0.0,0.0001,-0.0036,0.0,0.0036,0.0,0.0,0.0,0.0,down,0.01,2026-08-31T12:22:46,0.0,0.00499999988824129,354.53,2026-09-02 15:44:18,2026-09-02 11:45:02
TSLA,TSLA260902C00525000,TSLA,2026-09-02,C,525.0,0.0,0.0,0.01,82.0,4.9149,22.0,3.0,0.0004,0.0,0.0001,-0.0034,0.0,0.0034,0.005,0.01,0.01,0.01,down,0.01,2026-09-02T10:39:59,100.0,0.00499999988824129,354.53,2026-09-02 15:44:18,2026-09-02 11:45:02
TSLA,TSLA260902C00530000,TSLA,2026-09-02,C,530.0,0.0,0.0,0.01,37.0,5.0234,22.0,0.0,0.0003,0.0,0.0001,-0.0031,0.0,0.0031,0.0,0.0,0.0,0.0,down,0.01,2026-09-01T13:32:08,0.0,0.00499999988824129,354.53,2026-09-02 15:44:18,2026-09-02 11:45:02
TSLA,TSLA260902C00535000,TSLA,2026-09-02,C,535.0,0.0,0.0,0.01,521.0,5.1307,42.0,0.0,0.0003,0.0,0.0001,-0.0029,0.0,0.0029,0.0,0.0,0.0,0.0,down,0.01,2026-08-31T10:56:32,0.0,0.00499999988824129,354.53,2026-09-02 15:44:18,2026-09-02 11:45:02
TSLA,TSLA260902C00540000,TSLA,2026-09-02,C,540.0,0.0,0.0,0.01,521.0,5.2368,24.0,0.0,0.0003,0.0,0.0001,-0.0028,0.0,0.0027,0.0,0.0,0.0,0.0,no_change,0.03,2026-08-31T12:22:23,0.0,0.00499999988824129,354.53,2026-09-02 15:44:18,2026-09-02 11:45:02
TSLA,TSLA260902C00545000,TSLA,2026-09-02,C,545.0,0.0,0.0,0.01,521.0,5.3417,15.0,0.0,0.0003,0.0,0.0001,-0.0026,0.0,0.0026,0.0,0.0,0.0,0.0,no_change,0.03,2026-08-31T12:22:12,0.0,0.00499999988824129,354.53,2026-09-02 15:44:18,2026-09-02 11:45:02
TSLA,TSLA260902C00550000,TSLA,2026-09-02,C,550.0,0.0,0.0,0.01,521.0,5.4455,82.0,0.0,0.0002,0.0,0.0001,-0.0024,0.0,0.0024,0.0,0.0,0.0,0.0,no_change,0.01,2026-08-31T11:03:40,0.0,0.00499999988824129,354.53,2026-09-02 15:44:18,2026-09-02 11:45:02
TSLA,TSLA260902C00555000,TSLA,2026-09-02,C,555.0,0.0,0.0,0.01,50.0,5.5481,17.0,0.0,0.0002,0.0,0.0001,-0.0022,0.0,0.0022,0.0,0.0,0.0,0.0,no_change,0.01,2026-09-01T15:07:56,0.0,0.00499999988824129,354.53,2026-09-02 15:44:18,2026-09-02 11:45:02
TSLA,TSLA260902C00560000,TSLA,2026-09-02,C,560.0,0.0,0.0,0.01,56.0,5.6497,28.0,0.0,0.0002,0.0,0.0001,-0.0021,0.0,0.0021,0.0,0.0,0.0,0.0,no_change,0.03,2026-08-31T12:21:01,0.0,0.00499999988824129,354.53,2026-09-02 15:44:18,2026-09-02 11:45:02
TSLA,TSLA260902C00565000,TSLA,2026-09-02,C,565.0,0.0,0.0,0.01,56.0,5.7501,28.0,0.0,0.0002,0.0,0.0001,-0.002,0.0,0.0019,0.0,0.0,0.0,0.0,no_change,0.01,2026-09-01T10:04:25,0.0,0.00499999988824129,354.53,2026-09-02 15:44:18,2026-09-02 11:45:02
TSLA,TSLA260902C00570000,TSLA,2026-09-02,C,570.0,0.0,0.0,0.01,55.0,5.8496,19.0,0.0,0.0002,0.0,0.0,-0.0018,0.0,0.0018,0.0,0.0,0.0,0.0,no_change,0.01,2026-09-01T10:06:21,0.0,0.00499999988824129,354.53,2026-09-02 15:44:18,2026-09-02 11:45:02
TSLA,TSLA260902C00575000,TSLA,2026-09-02,C,575.0,0.0,0.0,0.01,1021.0,5.9479,34.0,0.0,0.0002,0.0,0.0,-0.0017,0.0,0.0017,0.0,0.0,0.0,0.0,down,0.01,2026-08-31T10:04:31,0.0,0.00499999988824129,354.53,2026-09-02 15:44:18,2026-09-02 11:45:02
TSLA,TSLA260902C00580000,TSLA,2026-09-02,C,580.0,0.0,0.0,0.01,1021.0,6.0453,17.0,0.0,0.0002,0.0,0.0,-0.0016,0.0,0.0016,0.0,0.0,0.0,0.0,up,0.1,2026-08-31T09:59:03,0.0,0.00499999988824129,354.53,2026-09-02 15:44:18,2026-09-02 11:45:02
TSLA,TSLA260902C00585000,TSLA,2026-09-02,C,585.0,0.0,0.0,0.01,1021.0,6.1417,7.0,0.0,0.0001,0.0,0.0,-0.0015,0.0,0.0015,0.0,0.0,0.0,0.0,down,0.01,2026-08-31T09:57:43,0.0,0.00499999988824129,354.53,2026-09-02 15:44:18,2026-09-02 11:45:02
TSLA,TSLA260902C00590000,TSLA,2026-09-02,C,590.0,0.0,0.0,0.01,58.0,6.2372,15.0,0.0,0.0001,0.0,0.0,-0.0014,0.0,0.0014,0.0,0.0,0.0,0.0,down,0.01,2026-08-31T09:53:50,0.0,0.00499999988824129,354.53,2026-09-02 15:44:18,2026-09-02 11:45:02
TSLA,TSLA260902C00600000,TSLA,2026-09-02,C,600.0,0.0,0.0,0.01,1021.0,6.4252,94.0,0.0,0.0001,0.0,0.0,-0.0012,0.0,0.0012,0.0,0.0,0.0,0.0,no_change,0.01,2026-08-28T12:46:02,0.0,0.00499999988824129,354.53,2026-09-02 15:44:18,2026-09-02 11:45:02
TSLA,TSLA260902C00610000,TSLA,2026-09-02,C,610.0,0.0,0.0,0.01,1021.0,6.6096,12.0,0.0,0.0001,0.0,0.0,-0.001,0.0,0.001,0.0,0.0,0.0,0.0,down,0.01,2026-08-28T12:44:22,0.0,0.00499999988824129,354.53,2026-09-02 15:44:18,2026-09-02 11:45:02
TSLA,TSLA260902C00620000,TSLA,2026-09-02,C,620.0,0.0,0.0,0.01,1021.0,6.7905,15.0,0.0,0.0001,0.0,0.0,-0.0009,0.0,0.0009,0.0,0.0,0.0,0.0,up,0.03,2026-08-31T15:18:19,0.0,0.00499999988824129,354.53,2026-09-02 15:44:18,2026-09-02 11:45:02
TSLA,TSLA260902C00630000,TSLA,2026-09-02,C,630.0,0.0,0.0,0.01,31020.0,6.968,216.0,0.0,0.0001,0.0,0.0,-0.0008,0.0,0.0008,0.0,0.0,0.0,0.0,no_change,0.01,2026-09-01T09:41:55,0.0,0.00499999988824129,354.53,2026-09-02 15:44:18,2026-09-02 11:45:02
TSLA,TSLA260902P00160000,TSLA,2026-09-02,P,160.0,0.0,0.0,0.01,9908.0,0.0,346.0,0.0,0.0,0.0,0.0,0.0,0.0,0.0001,0.0,0.0,0.0,0.0,no_change,0.01,2026-08-27T12:52:10,0.0,0.00499999988824129,354.53,2026-09-02 15:44:18,2026-09-02 11:45:02
TSLA,TSLA260902P00165000,TSLA,2026-09-02,P,165.0,0.0,0.0,0.01,1020.0,0.0,7022.0,0.0,0.0,0.0,0.0,-0.0001,0.0,0.0001,0.0,0.0,0.0,0.0,no_change,0.01,2026-08-28T13:48:38,0.0,0.00499999988824129,354.53,2026-09-02 15:44:18,2026-09-02 11:45:02
TSLA,TSLA260902P00170000,TSLA,2026-09-02,P,170.0,0.0,0.0,0.01,1020.0,0.0,1015.0,0.0,0.0,0.0,0.0,-0.0001,0.0,0.0001,0.0,0.0,0.0,0.0,up,0.02,2026-08-28T12:47:09,0.0,0.00499999988824129,354.53,2026-09-02 15:44:18,2026-09-02 11:45:02
TSLA,TSLA260902P00175000,TSLA,2026-09-02,P,175.0,0.0,0.0,0.01,1020.0,0.0,1002.0,0.0,0.0,0.0,0.0,-0.0001,0.0,0.0001,0.0,0.0,0.0,0.0,up,0.02,2026-08-28T12:47:19,0.0,0.00499999988824129,354.53,2026-09-02 15:44:18,2026-09-02 11:45:02
TSLA,TSLA260902P00180000,TSLA,2026-09-02,P,180.0,0.0,0.0,0.01,1020.0,8.4756,228.0,0.0,0.0,0.0,0.0,-0.0002,0.0,0.0002,0.0,0.0,0.0,0.0,no_change,0.01,2026-09-01T09:30:07,0.0,0.00499999988824129,354.53,2026-09-02 15:44:18,2026-09-02 11:45:02
TSLA,TSLA260902P00185000,TSLA,2026-09-02,P,185.0,0.0,0.0,0.01,875.0,8.1486,6209.0,0.0,0.0,0.0,0.0,-0.0003,0.0,0.0003,0.0,0.0,0.0,0.0,no_change,0.01,2026-09-01T10:10:55,0.0,0.00499999988824129,354.53,2026-09-02 15:44:18,2026-09-02 11:45:02
TSLA,TSLA260902P00190000,TSLA,2026-09-02,P,190.0,0.0,0.0,0.01,24.0,7.83,59.0,0.0,0.0,0.0,0.0,-0.0004,0.0,0.0003,0.0,0.0,0.0,0.0,down,0.02,2026-09-01T10:11:50,0.0,0.00499999988824129,354.53,2026-09-02 15:44:18,2026-09-02 11:45:02
TSLA,TSLA260902P00195000,TSLA,2026-09-02,P,195.0,0.0,0.0,0.02,48.0,7.917,4.0,0.0,0.0,0.0,0.0,-0.0004,0.0,0.0005,0.0,0.0,0.0,0.0,down,0.04,2026-09-01T10:11:50,0.0,0.0199999995529652,354.53,2026-09-02 15:44:18,2026-09-02 11:45:02
TSLA,TSLA260902P00200000,TSLA,2026-09-02,P,200.0,0.0,0.0,0.02,40.0,7.5995,3.0,0.0,0.0,0.0,0.0,-0.0006,0.0,0.0006,0.0,0.0,0.0,0.0,no_change,0.01,2026-09-01T15:39:41,0.0,0.00499999988824129,354.53,2026-09-02 15:44:18,2026-09-02 11:45:02
TSLA,TSLA260902P00205000,TSLA,2026-09-02,P,205.0,0.0,0.0,0.02,40.0,7.2895,2.0,0.0,-0.0001,0.0,0.0,-0.0007,0.0,0.0007,0.0,0.0,0.0,0.0,down,0.04,2026-09-01T15:39:41,0.0,0.0199999995529652,354.53,2026-09-02 15:44:18,2026-09-02 11:45:02
TSLA,TSLA260902P00210000,TSLA,2026-09-02,P,210.0,0.0,0.0,0.01,24.0,6.6318,8.0,0.0,-0.0001,0.0,0.0,-0.0009,0.0,0.0009,0.0,0.0,0.0,0.0,no_change,0.2,2026-09-01T14:42:38,0.0,0.025000000372529,354.53,2026-09-02 15:44:18,2026-09-02 11:45:02
TSLA,TSLA260902P00215000,TSLA,2026-09-02,P,215.0,0.0,0.0,0.02,48.0,6.6905,30.0,0.0,-0.0001,0.0,0.0,-0.0011,0.0,0.0011,0.0,0.0,0.0,0.0,down,0.07,2026-08-19T13:05:18,0.0,0.025000000372529,354.53,2026-09-02 15:44:18,2026-09-02 11:45:02
TSLA,TSLA260902P00220000,TSLA,2026-09-02,P,220.0,0.0,0.0,0.02,48.0,6.4008,1074.0,0.0,-0.0001,0.0,0.0,-0.0014,0.0,0.0014,0.0,0.0,0.0,0.0,no_change,0.01,2026-08-31T14:07:55,0.0,0.025000000372529,354.53,2026-09-02 15:44:18,2026-09-02 11:45:02
TSLA,TSLA260902P00225000,TSLA,2026-09-02,P,225.0,0.0,0.0,0.02,48.0,6.1171,1017.0,0.0,-0.0002,0.0,0.0,-0.0017,0.0,0.0017,0.0,0.0,0.0,0.0,no_change,0.01,2026-08-31T14:07:53,0.0,0.025000000372529,354.53,2026-09-02 15:44:18,2026-09-02 11:45:02
TSLA,TSLA260902P00230000,TSLA,2026-09-02,P,230.0,0.0,0.0,0.02,48.0,5.8392,5.0,0.0,-0.0002,0.0,0.0001,-0.002,0.0,0.002,0.0,0.0,0.0,0.0,up,0.15,2026-08-28T09:36:59,0.0,0.025000000372529,354.53,2026-09-02 15:44:18,2026-09-02 11:45:02
TSLA,TSLA260902P00235000,TSLA,2026-09-02,P,235.0,0.0,0.0,0.02,50.0,5.5668,283.0,0.0,-0.0002,0.0,0.0001,-0.0024,0.0,0.0024,0.0,0.0,0.0,0.0,no_change,0.03,2026-08-28T10:14:14,0.0,0.025000000372529,354.53,2026-09-02 15:44:18,2026-09-02 11:45:02
TSLA,TSLA260902P00240000,TSLA,2026-09-02,P,240.0,0.0,0.0,0.02,40.0,5.2995,84.0,0.0,-0.0003,0.0,0.0001,-0.0028,0.0,0.0028,0.0,0.0,0.0,0.0,down,0.05,2026-08-28T13:28:47,0.0,0.025000000372529,354.53,2026-09-02 15:44:18,2026-09-02 11:45:02
TSLA,TSLA260902P00245000,TSLA,2026-09-02,P,245.0,0.0,0.0,0.02,48.0,5.0372,14.0,0.0,-0.0004,0.0,0.0001,-0.0033,0.0,0.0033,0.0,0.0,0.0,0.0,down,0.01,2026-08-31T15:48:45,0.0,0.025000000372529,354.53,2026-09-02 15:44:18,2026-09-02 11:45:02
TSLA,TSLA260902P00250000,TSLA,2026-09-02,P,250.0,0.0,0.0,0.02,48.0,4.7796,195.0,0.0,-0.0004,0.0,0.0001,-0.0038,0.0,0.0038,0.0,0.0,0.0,0.0,up,0.04,2026-09-01T10:58:01,0.0,0.025000000372529,354.53,2026-09-02 15:44:18,2026-09-02 11:45:02
TSLA,TSLA260902P00255000,TSLA,2026-09-02,P,255.0,0.0,0.0,0.02,40.0,4.5265,262.0,0.0,-0.0005,0.0,0.0001,-0.0044,0.0,0.0044,0.0,0.0,0.0,0.0,no_change,0.01,2026-08-31T11:04:51,0.0,0.00999999977648258,354.53,2026-09-02 15:44:18,2026-09-02 11:45:02
TSLA,TSLA260902P00260000,TSLA,2026-09-02,P,260.0,0.0,0.0,0.01,100.0,4.0487,226.0,0.0,-0.0006,0.0001,0.0002,-0.0051,0.0,0.0051,0.0,0.0,0.0,0.0,down,0.01,2026-08-31T15:57:40,0.0,0.00999999977648258,354.53,2026-09-02 15:44:18,2026-09-02 11:45:02
TSLA,TSLA260902P00265000,TSLA,2026-09-02,P,265.0,0.0,0.0,0.01,100.0,3.8154,213.0,0.0,-0.0007,0.0001,0.0002,-0.0058,0.0,0.0058,0.0,0.0,0.0,0.0,no_change,0.01,2026-09-01T13:57:14,0.0,0.025000000372529,354.53,2026-09-02 15:44:18,2026-09-02 11:45:02
TSLA,TSLA260902P00270000,TSLA,2026-09-02,P,270.0,0.0,0.0,0.01,100.0,3.5858,331.0,0.0,-0.0008,0.0001,0.0002,-0.0066,0.0,0.0066,0.0,0.0,0.0,0.0,no_change,0.01,2026-09-01T14:55:18,0.0,0.025000000372529,354.53,2026-09-02 15:44:18,2026-09-02 11:45:02
TSLA,TSLA260902P00275000,TSLA,2026-09-02,P,275.0,0.0,0.0,0.01,100.0,3.3598,400.0,0.0,-0.001,0.0001,0.0003,-0.0075,0.0,0.0075,0.0,0.0,0.0,0.0,no_change,0.01,2026-09-01T13:56:47,0.0,0.0199999995529652,354.53,2026-09-02 15:44:18,2026-09-02 11:45:02
TSLA,TSLA260902P00280000,TSLA,2026-09-02,P,280.0,0.0,0.0,0.01,19.0,3.137,440.0,0.0,-0.0011,0.0001,0.0003,-0.0084,0.0,0.0084,0.0,0.0,0.0,0.0,up,0.02,2026-09-01T09:51:41,0.0,0.00999999977648258,354.53,2026-09-02 15:44:18,2026-09-02 11:45:02
TSLA,TSLA260902P00285000,TSLA,2026-09-02,P,285.0,0.0,0.0,0.01,115.0,2.9174,236.0,0.0,-0.0013,0.0002,0.0004,-0.0095,0.0,0.0095,0.0,0.0,0.0,0.0,no_change,0.01,2026-09-01T13:01:09,0.0,0.00499999988824129,354.53,2026-09-02 15:44:18,2026-09-02 11:45:02
TSLA,TSLA260902P00290000,TSLA,2026-09-02,P,290.0,0.0,0.0,0.01,40.0,2.7007,1702.0,9.0,-0.0016,0.0002,0.0004,-0.0106,0.0,0.0106,0.005,0.01,0.01,0.01,no_change,0.01,2026-09-02T10:16:04,100.0,0.00499999988824129,354.53,2026-09-02 15:44:18,2026-09-02 11:45:02
TSLA,TSLA260902P00295000,TSLA,2026-09-02,P,295.0,0.0,0.0,0.01,51.0,2.4867,2066.0,0.0,-0.0018,0.0003,0.0005,-0.0117,0.0,0.0117,0.0,0.0,0.0,0.0,no_change,0.01,2026-09-01T15:58:30,0.0,0.00499999988824129,354.53,2026-09-02 15:44:18,2026-09-02 11:45:02
TSLA,TSLA260902P00297500,TSLA,2026-09-02,P,297.5,0.0,0.0,0.01,46.0,2.3806,1106.0,1.0,-0.002,0.0003,0.0005,-0.0124,0.0,0.0124,0.01,0.03,0.03,0.03,up,0.03,2026-09-02T09:30:29,50.0,0.0199999995529652,354.53,2026-09-02 15:44:18,2026-09-02 11:45:02
TSLA,TSLA260902P00300000,TSLA,2026-09-02,P,300.0,0.0,0.0,0.01,173.0,2.2752,570.0,17.0,-0.0022,0.0003,0.0006,-0.013,0.0,0.013,-0.005,0.01,0.02,0.01,down,0.01,2026-09-02T09:31:10,-33.3333,0.0149999996647239,354.53,2026-09-02 15:44:18,2026-09-02 11:45:02
TSLA,TSLA260902P00302500,TSLA,2026-09-02,P,302.5,0.0,0.0,0.01,50.0,2.1703,48.0,7.0,-0.0024,0.0004,0.0006,-0.0137,0.0,0.0137,-0.015,0.01,0.01,0.01,no_change,0.01,2026-09-02T09:44:53,-60.0,0.0249999994412065,354.53,2026-09-02 15:44:18,2026-09-02 11:45:02
TSLA,TSLA260902P00305000,TSLA,2026-09-02,P,305.0,0.0,0.0,0.01,70.0,2.0659,453.0,628.0,-0.0026,0.0004,0.0007,-0.0143,0.0,0.0143,-0.01,0.01,0.02,0.01,no_change,0.01,2026-09-02T10:47:15,-50.0,0.0199999995529652,354.53,2026-09-02 15:44:18,2026-09-02 11:45:02
TSLA,TSLA260902P00307500,TSLA,2026-09-02,P,307.5,0.0,0.0,0.01,45.0,1.9621,247.0,462.0,-0.0028,0.0005,0.0007,-0.015,0.0,0.015,0.005,0.02,0.03,0.01,up,0.03,2026-09-02T10:10:14,20.0,0.0249999994412065,354.53,2026-09-02 15:44:18,2026-09-02 11:45:02
TSLA,TSLA260902P00310000,TSLA,2026-09-02,P,310.0,0.0,0.0,0.01,165.0,1.8588,4308.0,652.0,-0.0031,0.0005,0.0008,-0.0158,0.0,0.0158,-0.015,0.03,0.03,0.01,no_change,0.01,2026-09-02T10:53:58,-60.0,0.0249999994412065,354.53,2026-09-02 15:44:18,2026-09-02 11:45:02
TSLA,TSLA260902P00312500,TSLA,2026-09-02,P,312.5,0.0,0.0,0.01,191.0,1.7559,188.0,2592.0,-0.0034,0.0006,0.0008,-0.0165,0.0,0.0165,-0.025,0.01,0.03,0.01,no_change,0.01,2026-09-02T11:27:02,-71.4286,0.034999999217689,354.53,2026-09-02 15:44:18,2026-09-02 11:45:02
TSLA,TSLA260902P00315000,TSLA,2026-09-02,P,315.0,0.01,140.0,0.02,392.0,1.83,1055.0,3209.0,-0.0037,0.0007,0.0009,-0.0173,0.0,0.0173,-0.015,0.02,0.02,0.01,no_change,0.02,2026-09-02T11:28:54,-42.8571,0.034999999217689,354.53,2026-09-02 15:44:18,2026-09-02 11:45:02
TSLA,TSLA260902P00317500,TSLA,2026-09-02,P,317.5,0.01,15.0,0.02,353.0,1.7187,752.0,203.0,-0.004,0.0008,0.001,-0.0181,0.0,0.0181,-0.02,0.01,0.02,0.01,no_change,0.02,2026-09-02T10:26:54,-50.0,0.0400000000372529,354.53,2026-09-02 15:44:18,2026-09-02 11:45:02
TSLA,TSLA260902P00320000,TSLA,2026-09-02,P,320.0,0.01,99.0,0.02,252.0,1.6077,2160.0,550.0,-0.0044,0.0009,0.0011,-0.0189,0.0,0.0189,-0.035,0.01,0.05,0.01,no_change,0.01,2026-09-02T11:07:34,-77.7778,0.0449999999254942,354.53,2026-09-02 15:44:18,2026-09-02 11:45:02
TSLA,TSLA260902P00322500,TSLA,2026-09-02,P,322.5,0.01,164.0,0.02,243.0,1.497,424.0,87.0,-0.0049,0.0011,0.0012,-0.0197,0.0,0.0197,-0.035,0.02,0.04,0.01,up,0.02,2026-09-02T11:08:43,-63.6364,0.0549999997019768,354.53,2026-09-02 15:44:18,2026-09-02 11:45:02
TSLA,TSLA260902P00325000,TSLA,2026-09-02,P,325.0,0.01,118.0,0.02,269.0,1.3864,2020.0,198.0,-0.0054,0.0013,0.0013,-0.0206,0.0,0.0206,-0.045,0.02,0.05,0.01,up,0.02,2026-09-02T11:23:03,-69.2308,0.0649999994784594,354.53,2026-09-02 15:44:18,2026-09-02 11:45:02
TSLA,TSLA260902P00327500,TSLA,2026-09-02,P,327.5,0.01,334.0,0.02,353.0,1.2759,495.0,463.0,-0.0061,0.0015,0.0015,-0.0215,0.0,0.0215,-0.055,0.03,0.07,0.01,up,0.02,2026-09-02T11:05:46,-73.3333,0.0749999992549419,354.53,2026-09-02 15:44:18,2026-09-02 11:45:02
TSLA,TSLA260902P00330000,TSLA,2026-09-02,P,330.0,0.01,262.0,0.03,314.0,1.2032,1501.0,860.0,-0.0068,0.0018,0.0016,-0.0226,0.0,0.0226,-0.075,0.04,0.09,0.01,no_change,0.01,2026-09-02T11:22:58,-88.2353,0.0850000008940697,354.53,2026-09-02 15:44:18,2026-09-02 11:45:02
TSLA,TSLA260902P00332500,TSLA,2026-09-02,P,332.5,0.02,162.0,0.03,244.0,1.1188,1362.0,2440.0,-0.0078,0.0023,0.0018,-0.0238,0.0,0.0238,-0.075,0.04,0.11,0.02,no_change,0.02,2026-09-02T11:24:57,-78.9474,0.0950000025331974,354.53,2026-09-02 15:44:18,2026-09-02 11:45:02
TSLA,TSLA260902P00335000,TSLA,2026-09-02,P,335.0,0.02,182.0,0.03,150.0,1.0025,12638.0,12597.0,-0.0091,0.0029,0.0021,-0.0256,0.0,0.0257,-0.08,0.07,0.14,0.01,no_change,0.03,2026-09-02T11:28:58,-72.7273,0.109999999403954,354.53,2026-09-02 15:44:18,2026-09-02 11:45:02
TSLA,TSLA260902P00337500,TSLA,2026-09-02,P,337.5,0.03,248.0,0.04,190.0,0.9254,1246.0,2934.0,-0.0111,0.0038,0.0025,-0.0288,0.0,0.0287,-0.105,0.05,0.2,0.02,no_change,0.03,2026-09-02T11:28:58,-77.7778,0.134999997913837,354.53,2026-09-02 15:44:18,2026-09-02 11:45:02
TSLA,TSLA260902P00340000,TSLA,2026-09-02,P,340.0,0.03,281.0,0.05,245.0,0.8189,2792.0,11601.0,-0.0147,0.0054,0.0032,-0.0349,0.0,0.0349,-0.135,0.09,0.31,0.03,down,0.04,2026-09-02T11:29:04,-77.1429,0.175000004470348,354.53,2026-09-02 15:44:18,2026-09-02 11:45:02
TSLA,TSLA260902P00342500,TSLA,2026-09-02,P,342.5,0.05,99.0,0.06,164.0,0.7287,2505.0,17571.0,-0.0216,0.0086,0.0045,-0.0482,0.0,0.0482,-0.195,0.1,0.51,0.04,down,0.05,2026-09-02T11:28:19,-79.5918,0.244999997317791,354.53,2026-09-02 15:44:18,2026-09-02 11:45:02
TSLA,TSLA260902P00345000,TSLA,2026-09-02,P,345.0,0.07,222.0,0.08,219.0,0.6299,4836.0,43567.0,-0.0365,0.0149,0.007,-0.078,0.0,0.078,-0.3,0.18,0.91,0.06,no_change,0.07,2026-09-02T11:29:07,-81.0811,0.370000004768372,354.53,2026-09-02 15:44:18,2026-09-02 11:45:02
TSLA,TSLA260902P00347500,TSLA,2026-09-02,P,347.5,0.14,102.0,0.15,121.0,0.5665,5658.0,58826.0,-0.0709,0.0282,0.0117,-0.1515,0.0,0.1515,-0.44,0.24,1.6,0.11,no_change,0.16,2026-09-02T11:29:05,-73.3333,0.599999994039536,354.53,2026-09-02 15:44:18,2026-09-02 11:45:02
TSLA,TSLA260902P00350000,TSLA,2026-09-02,P,350.0,0.34,27.0,0.35,37.0,0.5221,8845.0,151804.0,-0.153,0.0534,0.0203,-0.3541,0.0,0.3541,-0.655,0.4,2.69,0.22,no_change,0.35,2026-09-02T11:29:17,-65.1741,1.00499999523163,354.53,2026-09-02 15:44:18,2026-09-02 11:45:02
TSLA,TSLA260902P00352500,TSLA,2026-09-02,P,352.5,0.87,3.0,0.88,1.0,0.506,5640.0,77544.0,-0.3187,0.084,0.0304,-0.8852,0.0,0.8852,-0.77,0.51,4.25,0.5,no_change,0.88,2026-09-02T11:29:17,-46.6667,1.64999997615814,354.53,2026-09-02 15:44:18,2026-09-02 11:45:02
TSLA,TSLA260902P00355000,TSLA,2026-09-02,P,355.0,1.96,2.0,1.98,10.0,0.5057,8212.0,42101.0,-0.5468,0.0927,0.0336,-1.4561,0.0,1.9849,-0.645,0.9,6.1,0.9,no_change,1.96,2026-09-02T11:29:17,-24.7601,2.6049998998642,354.53,2026-09-02 15:44:18,2026-09-02 11:45:02
TSLA,TSLA260902P00357500,TSLA,2026-09-02,P,357.5,3.65,4.0,3.75,36.0,0.537,3849.0,12557.0,-0.7472,0.0712,0.0272,-0.6757,0.0,3.7045,-0.24,1.62,8.2,1.62,down,3.66,2026-09-02T11:29:13,-6.15385,3.89999997615814,354.53,2026-09-02 15:44:18,2026-09-02 11:45:02
TSLA,TSLA260902P00360000,TSLA,2026-09-02,P,360.0,5.8,1.0,5.9,12.0,0.5891,6816.0,5369.0,-0.8674,0.0438,0.0184,-0.3243,0.0,5.8531,0.41,2.65,10.4,2.65,up,5.86,2026-09-02T11:29:15,7.52293,5.45000004768372,354.53,2026-09-02 15:44:18,2026-09-02 11:45:02
TSLA,TSLA260902P00362500,TSLA,2026-09-02,P,362.5,8.1,11.0,8.3,45.0,0.6374,1777.0,1081.0,-0.927,0.0255,0.012,-0.1752,0.0,8.2039,0.775,4.15,12.5,4.03,up,8.1,2026-09-02T11:29:04,10.5802,7.32500004768372,354.53,2026-09-02 15:44:18,2026-09-02 11:45:02
TSLA,TSLA260902P00365000,TSLA,2026-09-02,P,365.0,10.55,10.0,10.75,35.0,0.7304,3705.0,781.0,-0.957,0.0152,0.0079,-0.1043,0.0,10.633,1.175,7.59,15.11,7.0,down,10.55,2026-09-02T11:29:07,12.5333,9.375,354.53,2026-09-02 15:44:18,2026-09-02 11:45:02
TSLA,TSLA260902P00367500,TSLA,2026-09-02,P,367.5,13.0,13.0,13.25,39.0,0.8291,2276.0,228.0,-0.9731,0.0094,0.0054,-0.0666,0.0,13.0954,2.525,9.32,17.15,9.32,down,14.2,2026-09-02T11:05:01,21.6274,11.6750001907349,354.53,2026-09-02 15:44:18,2026-09-02 11:45:02
TSLA,TSLA260902P00370000,TSLA,2026-09-02,P,370.0,15.5,12.0,15.75,45.0,0.9553,1464.0,388.0,-0.982,0.0061,0.0038,-0.0461,0.0,15.5749,1.325,12.0,19.55,11.25,up,15.35,2026-09-02T11:21:50,9.44741,14.0250000953674,354.53,2026-09-02 15:44:18,2026-09-02 11:45:02
TSLA,TSLA260902P00372500,TSLA,2026-09-02,P,372.5,17.95,13.0,18.2,34.0,0.9643,505.0,30.0,-0.987,0.0043,0.0029,-0.0349,0.0,18.0636,1.6,14.55,21.58,14.55,up,18.05,2026-09-02T11:28:38,9.72645,16.4499998092651,354.53,2026-09-02 15:44:18,2026-09-02 11:45:02
TSLA,TSLA260902P00375000,TSLA,2026-09-02,P,375.0,20.45,10.0,20.7,29.0,1.0747,304.0,22.0,-0.9898,0.0032,0.0023,-0.0287,0.0,20.5574,1.55,24.11,24.11,18.95,down,20.35,2026-09-02T11:28:22,8.24468,18.8000001907349,354.53,2026-09-02 15:44:18,2026-09-02 11:45:02
TSLA,TSLA260902P00377500,TSLA,2026-09-02,P,377.5,22.95,10.0,23.2,14.0,1.183,98.0,17.0,-0.9916,0.0025,0.002,-0.0252,0.0,23.0539,1.625,21.54,26.7,21.54,down,23.0,2026-09-02T11:18:07,7.60234,21.375,354.53,2026-09-02 15:44:18,2026-09-02 11:45:02
TSLA,TSLA260902P00380000,TSLA,2026-09-02,P,380.0,25.45,10.0,25.7,43.0,1.4303,122.0,50.0,-0.9927,0.002,0.0017,-0.023,0.0,25.5518,1.725,23.65,29.2,23.65,up,25.55,2026-09-02T11:29:11,7.24029,23.8249998092651,354.53,2026-09-02 15:44:18,2026-09-02 11:45:02
TSLA,TSLA260902P00382500,TSLA,2026-09-02,P,382.5,27.45,68.0,28.4,36.0,0.0,25.0,18.0,-0.9936,0.0017,0.0016,-0.0216,0.0,28.0504,2.285,27.85,31.6,26.2,down,28.61,2026-09-02T11:14:13,8.67996,26.3249998092651,354.53,2026-09-02 15:44:18,2026-09-02 11:45:02
TSLA,TSLA260902P00385000,TSLA,2026-09-02,P,385.0,29.95,39.0,31.05,40.0,0.0,59.0,21.0,-0.9942,0.0014,0.0014,-0.0206,0.0,30.5494,1.475,28.0,34.25,28.0,down,30.3,2026-09-02T11:19:08,5.11709,28.8249998092651,354.53,2026-09-02 15:44:18,2026-09-02 11:45:02
TSLA,TSLA260902P00387500,TSLA,2026-09-02,P,387.5,32.45,28.0,33.3,23.0,0.0,37.0,15.0,-0.9947,0.0012,0.0013,-0.0198,0.0,33.0486,4.375,30.5,36.75,30.5,up,35.7,2026-09-02T10:57:52,13.9665,31.3249998092651,354.53,2026-09-02 15:44:18,2026-09-02 11:45:02
TSLA,TSLA260902P00390000,TSLA,2026-09-02,P,390.0,35.45,9.0,35.7,24.0,1.6978,48.0,16.0,-0.9951,0.0011,0.0012,-0.0192,0.0,35.5479,1.405,33.5,39.04,33.5,down,35.23,2026-09-02T11:19:08,4.15374,33.8249988555908,354.53,2026-09-02 15:44:18,2026-09-02 11:45:02
TSLA,TSLA260902P00392500,TSLA,2026-09-02,P,392.5,37.45,30.0,38.4,15.0,0.0,0.0,10.0,-0.9955,0.001,0.0011,-0.0185,0.0,38.0473,2.275,39.4,41.49,36.75,up,38.5,2026-09-02T10:52:49,6.28019,36.2250003814697,354.53,2026-09-02 15:44:18,2026-09-02 11:45:02
TSLA,TSLA260902P00395000,TSLA,2026-09-02,P,395.0,40.25,23.0,40.9,20.0,1.8936,0.0,18.0,-0.9958,0.0009,0.001,-0.018,0.0,40.5467,4.6,42.25,43.88,40.1,up,43.4,2026-09-02T11:00:36,11.8557,38.7999992370606,354.53,2026-09-02 15:44:18,2026-09-02 11:45:02
TSLA,TSLA260902P00397500,TSLA,2026-09-02,P,397.5,42.45,30.0,43.4,22.0,0.0,1.0,20.0,-0.9961,0.0008,0.001,-0.0174,0.0,43.0462,0.05,41.55,46.33,41.35,down,41.35,2026-09-02T10:44:46,0.121067,41.2999992370606,354.53,2026-09-02 15:44:18,2026-09-02 11:45:02
TSLA,TSLA260902P00400000,TSLA,2026-09-02,P,400.0,45.45,8.0,45.7,16.0,2.0844,1.0,16.0,-0.9963,0.0007,0.0009,-0.0169,0.0,45.5456,4.525,48.55,48.79,45.4,up,48.3,2026-09-02T11:02:57,10.337,43.7749996185303,354.53,2026-09-02 15:44:18,2026-09-02 11:45:02
TSLA,TSLA260902P00402500,TSLA,2026-09-02,P,402.5,47.4,37.0,48.55,35.0,0.0,0.0,15.0,-0.9966,0.0006,0.0009,-0.0164,0.0,48.0451,3.15,46.65,51.24,46.65,no_change,49.45,2026-09-02T11:06:17,6.80346,46.2999992370606,354.53,2026-09-02 15:44:18,2026-09-02 11:45:02
TSLA,TSLA260902P00405000,TSLA,2026-09-02,P,405.0,49.9,32.0,50.85,17.0,0.0,0.0,18.0,-0.9968,0.0006,0.0008,-0.0159,0.0,50.5446,0.075,53.23,53.23,48.85,down,48.85,2026-09-02T10:44:46,0.153768,48.7749996185303,354.53,2026-09-02 15:44:18,2026-09-02 11:45:02
TSLA,TSLA260902P00407500,TSLA,2026-09-02,P,407.5,52.4,32.0,53.4,27.0,0.0,0.0,18.0,-0.997,0.0005,0.0008,-0.0154,0.0,53.0442,0.325,52.0,55.68,52.0,down,52.15,2026-09-02T10:38:34,0.627113,51.8249988555908,354.53,2026-09-02 15:44:18,2026-09-02 11:45:02
TSLA,TSLA260902P00410000,TSLA,2026-09-02,P,410.0,54.9,43.0,55.9,31.0,0.0,0.0,20.0,-0.9971,0.0005,0.0007,-0.0149,0.0,55.5437,0.98,54.1,58.28,54.1,down,55.18,2026-09-02T10:25:52,1.80812,54.1999988555908,354.53,2026-09-02 15:44:18,2026-09-02 11:45:02
TSLA,TSLA260902P00412500,TSLA,2026-09-02,P,412.5,57.4,41.0,58.4,26.0,0.0,0.0,18.0,-0.9973,0.0004,0.0007,-0.0145,0.0,58.0432,0.555,60.8,60.8,57.63,down,57.63,2026-09-02T10:25:52,0.972407,57.0749988555908,354.53,2026-09-02 15:44:18,2026-09-02 11:45:02
TSLA,TSLA260902P00415000,TSLA,2026-09-02,P,415.0,60.35,22.0,60.9,30.0,2.8741,0.0,12.0,-0.9974,0.0004,0.0007,-0.014,0.0,60.5428,1.855,59.1,62.99,59.1,down,60.38,2026-09-02T10:25:11,3.16959,58.5249996185303,354.53,2026-09-02 15:44:18,2026-09-02 11:45:02
TSLA,TSLA260902P00417500,TSLA,2026-09-02,P,417.5,62.85,25.0,63.4,29.0,2.9683,0.0,8.0,-0.9976,0.0004,0.0006,-0.0136,0.0,63.0424,1.08,65.44,65.44,62.83,down,62.83,2026-09-02T10:25:11,1.74899,61.75,354.53,2026-09-02 15:44:18,2026-09-02 11:45:02
TSLA,TSLA260902P00420000,TSLA,2026-09-02,P,420.0,65.3,30.0,65.9,26.0,2.9502,0.0,17.0,-0.9977,0.0003,0.0006,-0.0132,0.0,65.542,0.595,68.15,68.15,64.87,down,64.87,2026-09-02T10:26:42,0.925707,64.2750015258789,354.53,2026-09-02 15:44:18,2026-09-02 11:45:02
TSLA,TSLA260902P00422500,TSLA,2026-09-02,P,422.5,67.85,29.0,68.75,77.0,3.643,0.0,44.0,-0.9978,0.0003,0.0006,-0.0128,0.0,68.0416,0.47,64.22,70.9,64.2,up,67.27,2026-09-02T10:49:01,0.703594,66.7999992370606,354.53,2026-09-02 15:44:18,2026-09-02 11:45:02
TSLA,TSLA260902P00425000,TSLA,2026-09-02,P,425.0,70.2,26.0,70.95,22.0,2.9785,0.0,10.0,-0.998,0.0003,0.0005,-0.0124,0.0,70.5412,1.105,68.0,73.8,68.0,up,70.53,2026-09-02T10:22:50,1.59165,69.4249992370606,354.53,2026-09-02 15:44:18,2026-09-02 11:45:02
TSLA,TSLA260902P00427500,TSLA,2026-09-02,P,427.5,72.65,19.0,73.55,31.0,3.2165,0.0,8.0,-0.998,0.0003,0.0005,-0.012,0.0,73.0408,3.6,75.65,75.65,72.88,down,75.2,2026-09-02T11:03:39,5.02794,71.5999984741211,354.53,2026-09-02 15:44:18,2026-09-02 11:45:02
TSLA,TSLA260902P00430000,TSLA,2026-09-02,P,430.0,75.05,40.0,76.45,61.0,3.8277,0.0,34.0,-0.9982,0.0002,0.0005,-0.0116,0.0,75.5404,3.95,77.2,78.1,73.6,up,78.1,2026-09-02T11:03:32,5.32704,74.1500015258789,354.53,2026-09-02 15:44:18,2026-09-02 11:45:02
TSLA,TSLA260902P00432500,TSLA,2026-09-02,P,432.5,77.65,30.0,78.35,19.0,0.0,0.0,24.0,-0.9982,0.0002,0.0005,-0.0113,0.0,78.0401,0.675,75.45,78.55,75.45,down,77.45,2026-09-02T11:25:28,0.87919,76.7750015258789,354.53,2026-09-02 15:44:18,2026-09-02 11:45:02
TSLA,TSLA260902P00435000,TSLA,2026-09-02,P,435.0,80.35,25.0,81.45,69.0,4.3464,0.0,8.0,-0.9983,0.0002,0.0004,-0.0109,0.0,80.5397,0.13,80.3,83.15,79.88,down,79.88,2026-09-02T11:25:28,0.163009,79.75,354.53,2026-09-02 15:44:18,2026-09-02 11:45:02
TSLA,TSLA260902P00437500,TSLA,2026-09-02,P,437.5,82.35,40.0,83.9,46.0,3.689,0.0,6.0,-0.9984,0.0002,0.0004,-0.0106,0.0,83.0394,0.695,83.05,84.45,82.65,up,82.67,2026-09-02T10:24:55,0.847821,81.9749984741211,354.53,2026-09-02 15:44:18,2026-09-02 11:45:02
TSLA,TSLA260902P00440000,TSLA,2026-09-02,P,440.0,84.75,30.0,86.25,15.0,0.0,0.0,0.0,-0.9985,0.0002,0.0004,-0.0103,0.0,85.539,0.0,0.0,0.0,0.0,down,85.27,2026-09-01T15:05:05,0.0,84.1749992370606,354.53,2026-09-02 15:44:18,2026-09-02 11:45:02
TSLA,TSLA260902P00445000,TSLA,2026-09-02,P,445.0,89.75,30.0,91.15,21.0,0.0,0.0,0.0,-0.9986,0.0002,0.0004,-0.0096,0.0,90.5384,0.0,0.0,0.0,0.0,up,79.35,2026-08-31T13:03:15,0.0,89.2750015258789,354.53,2026-09-02 15:44:18,2026-09-02 11:45:02
TSLA,TSLA260902P00450000,TSLA,2026-09-02,P,450.0,93.1,38.0,97.05,10.0,0.0,1.0,0.0,-0.9987,0.0001,0.0003,-0.009,0.0,95.5378,0.0,0.0,0.0,0.0,down,82.91,2026-08-31T14:08:46,0.0,94.2750015258789,354.53,2026-09-02 15:44:18,2026-09-02 11:45:02
TSLA,TSLA260902P00455000,TSLA,2026-09-02,P,455.0,99.65,65.0,101.15,40.0,0.0,0.0,1.0,-0.9988,0.0001,0.0003,-0.0085,0.0,100.5372,0.775,100.05,100.05,100.05,up,100.05,2026-09-02T09:35:49,0.780658,99.2750015258789,354.53,2026-09-02 15:44:18,2026-09-02 11:45:02
TSLA,TSLA260902P00460000,TSLA,2026-09-02,P,460.0,104.75,20.0,105.8,25.0,0.0,0.0,0.0,-0.9989,0.0001,0.0003,-0.0079,0.0,105.5367,0.0,0.0,0.0,0.0,no_change,0.0,,0.0,104.275001525879,354.53,2026-09-02 15:44:18,2026-09-02 11:45:02
TSLA,TSLA260902P00465000,TSLA,2026-09-02,P,465.0,109.75,30.0,111.15,21.0,0.0,0.0,0.0,-0.999,0.0001,0.0003,-0.0074,0.0,110.5362,0.0,0.0,0.0,0.0,no_change,0.0,,0.0,109.275001525879,354.53,2026-09-02 15:44:18,2026-09-02 11:45:02
TSLA,TSLA260902P00470000,TSLA,2026-09-02,P,470.0,114.75,14.0,116.1,16.0,0.0,0.0,0.0,-0.9991,0.0001,0.0002,-0.007,0.0,115.5358,0.0,0.0,0.0,0.0,no_change,0.0,,0.0,114.275001525879,354.53,2026-09-02 15:44:18,2026-09-02 11:45:02
TSLA,TSLA260902P00475000,TSLA,2026-09-02,P,475.0,119.75,30.0,121.4,25.0,4.543,0.0,0.0,-0.9992,0.0001,0.0002,-0.0065,0.0,120.5353,0.0,0.0,0.0,0.0,no_change,0.0,,0.0,119.275001525879,354.53,2026-09-02 15:44:18,2026-09-02 11:45:02
TSLA,TSLA260902P00480000,TSLA,2026-09-02,P,480.0,124.75,30.0,126.4,41.0,4.6866,0.0,0.0,-0.9992,0.0001,0.0002,-0.0061,0.0,125.5349,0.0,0.0,0.0,0.0,no_change,0.0,,0.0,124.275001525879,354.53,2026-09-02 15:44:18,2026-09-02 11:45:02
TSLA,TSLA260902P00485000,TSLA,2026-09-02,P,485.0,129.75,30.0,131.15,25.0,0.0,0.0,0.0,-0.9993,0.0001,0.0002,-0.0057,0.0,130.5345,0.0,0.0,0.0,0.0,no_change,0.0,,0.0,129.274997711182,354.53,2026-09-02 15:44:18,2026-09-02 11:45:02
TSLA,TSLA260902P00490000,TSLA,2026-09-02,P,490.0,134.75,30.0,136.1,24.0,0.0,0.0,0.0,-0.9994,0.0001,0.0002,-0.0054,0.0,135.5341,0.0,0.0,0.0,0.0,no_change,0.0,,0.0,133.875,354.53,2026-09-02 15:44:18,2026-09-02 11:45:02
TSLA,TSLA260902P00495000,TSLA,2026-09-02,P,495.0,139.75,30.0,141.15,24.0,0.0,0.0,0.0,-0.9994,0.0001,0.0002,-0.005,0.0,140.5338,0.0,0.0,0.0,0.0,no_change,0.0,,0.0,138.875,354.53,2026-09-02 15:44:18,2026-09-02 11:45:02
TSLA,TSLA260902P00500000,TSLA,2026-09-02,P,500.0,144.85,39.0,145.9,20.0,0.0,0.0,1.0,-0.9995,0.0,0.0001,-0.0047,0.0,145.5335,4.525,148.4,148.4,148.4,up,148.4,2026-09-02T11:00:45,3.14509,143.875,354.53,2026-09-02 15:44:18,2026-09-02 11:45:02
TSLA,TSLA260902P00505000,TSLA,2026-09-02,P,505.0,149.65,37.0,151.05,25.0,0.0,0.0,0.0,-0.9995,0.0,0.0001,-0.0044,0.0,150.5332,0.0,0.0,0.0,0.0,no_change,0.0,,0.0,148.875,354.53,2026-09-02 15:44:18,2026-09-02 11:45:02
TSLA,TSLA260902P00510000,TSLA,2026-09-02,P,510.0,154.75,30.0,156.1,22.0,0.0,0.0,0.0,-0.9995,0.0,0.0001,-0.0041,0.0,155.5329,0.0,0.0,0.0,0.0,no_change,0.0,,0.0,153.875,354.53,2026-09-02 15:44:18,2026-09-02 11:45:02
TSLA,TSLA260902P00515000,TSLA,2026-09-02,P,515.0,159.75,29.0,161.2,17.0,0.0,0.0,0.0,-0.9996,0.0,0.0001,-0.0038,0.0,160.5326,0.0,0.0,0.0,0.0,no_change,0.0,,0.0,158.875,354.53,2026-09-02 15:44:18,2026-09-02 11:45:02
TSLA,TSLA260902P00520000,TSLA,2026-09-02,P,520.0,164.75,30.0,166.1,22.0,0.0,0.0,0.0,-0.9996,0.0,0.0001,-0.0036,0.0,165.5324,0.0,0.0,0.0,0.0,no_change,0.0,,0.0,163.875,354.53,2026-09-02 15:44:18,2026-09-02 11:45:02
TSLA,TSLA260902P00525000,TSLA,2026-09-02,P,525.0,169.75,30.0,171.2,23.0,0.0,0.0,0.0,-0.9996,0.0,0.0001,-0.0034,0.0,170.5321,0.0,0.0,0.0,0.0,no_change,0.0,,0.0,168.875,354.53,2026-09-02 15:44:18,2026-09-02 11:45:02
TSLA,TSLA260902P00530000,TSLA,2026-09-02,P,530.0,174.75,30.0,175.85,24.0,0.0,0.0,0.0,-0.9997,0.0,0.0001,-0.0031,0.0,175.5319,0.0,0.0,0.0,0.0,no_change,0.0,,0.0,173.875,354.53,2026-09-02 15:44:18,2026-09-02 11:45:02
TSLA,TSLA260902P00535000,TSLA,2026-09-02,P,535.0,179.7,31.0,181.1,18.0,0.0,0.0,0.0,-0.9997,0.0,0.0001,-0.0029,0.0,180.5317,0.0,0.0,0.0,0.0,no_change,0.0,,0.0,178.875,354.53,2026-09-02 15:44:18,2026-09-02 11:45:02
TSLA,TSLA260902P00540000,TSLA,2026-09-02,P,540.0,184.75,30.0,186.15,22.0,0.0,0.0,0.0,-0.9997,0.0,0.0001,-0.0028,0.0,185.5315,0.0,0.0,0.0,0.0,up,183.01,2026-09-01T13:36:23,0.0,183.974998474121,354.53,2026-09-02 15:44:18,2026-09-02 11:45:02
TSLA,TSLA260902P00545000,TSLA,2026-09-02,P,545.0,189.75,30.0,191.35,23.0,5.9643,0.0,0.0,-0.9997,0.0,0.0001,-0.0026,0.0,190.5313,0.0,0.0,0.0,0.0,up,187.99,2026-09-01T13:36:23,0.0,189.474998474121,354.53,2026-09-02 15:44:18,2026-09-02 11:45:02
TSLA,TSLA260902P00550000,TSLA,2026-09-02,P,550.0,194.75,30.0,196.1,21.0,0.0,0.0,0.0,-0.9998,0.0,0.0001,-0.0024,0.0,195.5312,0.0,0.0,0.0,0.0,no_change,0.0,,0.0,194.049995422363,354.53,2026-09-02 15:44:18,2026-09-02 11:45:02
TSLA,TSLA260902P00555000,TSLA,2026-09-02,P,555.0,199.75,30.0,201.3,21.0,0.0,0.0,0.0,-0.9998,0.0,0.0001,-0.0022,0.0,200.531,0.0,0.0,0.0,0.0,no_change,0.0,,0.0,198.875,354.53,2026-09-02 15:44:18,2026-09-02 11:45:02
TSLA,TSLA260902P00560000,TSLA,2026-09-02,P,560.0,204.75,30.0,206.35,20.0,6.3016,0.0,0.0,-0.9998,0.0,0.0001,-0.0021,0.0,205.5309,0.0,0.0,0.0,0.0,no_change,0.0,,0.0,203.875,354.53,2026-09-02 15:44:18,2026-09-02 11:45:02
TSLA,TSLA260902P00565000,TSLA,2026-09-02,P,565.0,209.75,30.0,211.4,21.0,6.8625,0.0,0.0,-0.9998,0.0,0.0001,-0.002,0.0,210.5307,0.0,0.0,0.0,0.0,no_change,0.0,,0.0,208.875,354.53,2026-09-02 15:44:18,2026-09-02 11:45:02
TSLA,TSLA260902P00570000,TSLA,2026-09-02,P,570.0,214.75,30.0,216.15,18.0,0.0,0.0,0.0,-0.9998,0.0,0.0,-0.0018,0.0,215.5306,0.0,0.0,0.0,0.0,no_change,0.0,,0.0,213.875,354.53,2026-09-02 15:44:18,2026-09-02 11:45:02
TSLA,TSLA260902P00575000,TSLA,2026-09-02,P,575.0,219.7,30.0,221.45,19.0,7.091,0.0,0.0,-0.9998,0.0,0.0,-0.0017,0.0,220.5305,0.0,0.0,0.0,0.0,no_change,0.0,,0.0,218.875,354.53,2026-09-02 15:44:18,2026-09-02 11:45:02
TSLA,TSLA260902P00580000,TSLA,2026-09-02,P,580.0,224.75,30.0,226.1,12.0,0.0,0.0,0.0,-0.9998,0.0,0.0,-0.0016,0.0,225.5304,0.0,0.0,0.0,0.0,no_change,0.0,,0.0,223.875,354.53,2026-09-02 15:44:18,2026-09-02 11:45:02
TSLA,TSLA260902P00585000,TSLA,2026-09-02,P,585.0,229.75,30.0,231.15,20.0,0.0,0.0,0.0,-0.9998,0.0,0.0,-0.0015,0.0,230.5303,0.0,0.0,0.0,0.0,no_change,0.0,,0.0,228.875,354.53,2026-09-02 15:44:18,2026-09-02 11:45:02
TSLA,TSLA260902P00590000,TSLA,2026-09-02,P,590.0,234.75,30.0,236.15,21.0,0.0,0.0,0.0,-0.9999,0.0,0.0,-0.0014,0.0,235.5302,0.0,0.0,0.0,0.0,no_change,0.0,,0.0,234.049995422363,354.53,2026-09-02 15:44:18,2026-09-02 11:45:02
TSLA,TSLA260902P00600000,TSLA,2026-09-02,P,600.0,244.75,30.0,246.2,21.0,0.0,0.0,0.0,-0.9999,0.0,0.0,-0.0012,0.0,245.53,0.0,0.0,0.0,0.0,up,252.17,2026-08-19T14:33:47,0.0,243.875,354.53,2026-09-02 15:44:18,2026-09-02 11:45:02
TSLA,TSLA260902P00610000,TSLA,2026-09-02,P,610.0,254.75,40.0,256.15,21.0,0.0,0.0,0.0,-0.9999,0.0,0.0,-0.001,0.0,255.5298,0.0,0.0,0.0,0.0,no_change,0.0,,0.0,253.875,354.53,2026-09-02 15:44:18,2026-09-02 11:45:02
TSLA,TSLA260902P00620000,TSLA,2026-09-02,P,620.0,264.75,29.0,266.15,19.0,0.0,0.0,0.0,-0.9999,0.0,0.0,-0.0009,0.0,265.5297,0.0,0.0,0.0,0.0,no_change,0.0,,0.0,263.925003051758,354.53,2026-09-02 15:44:18,2026-09-02 11:45:02
TSLA,TSLA260902P00630000,TSLA,2026-09-02,P,630.0,274.75,29.0,276.1,21.0,0.0,0.0,0.0,-0.9999,0.0,0.0,-0.0008,0.0,275.5296,0.0,0.0,0.0,0.0,no_change,0.0,,0.0,273.875,354.53,2026-09-02 15:44:18,2026-09-02 11:45:02
TSLA,TSLA260904C00050000,TSLA,2026-09-04,C,50.0,303.4,36.0,304.7,8.0,0.0,0.0,0.0,0.9998,0.0,0.0002,0.0,0.0068,304.5156,0.0,0.0,0.0,0.0,no_change,0.0,,0.0,306.175003051758,354.53,2026-09-02 15:44:18,2026-09-02 11:45:02
TSLA,TSLA260904C00060000,TSLA,2026-09-04,C,60.0,293.3,36.0,295.65,12.0,0.0,0.0,0.0,0.9998,0.0,0.0002,0.0,0.0082,294.5218,0.0,0.0,0.0,0.0,no_change,0.0,,0.0,296.175003051758,354.53,2026-09-02 15:44:18,2026-09-02 11:45:02
TSLA,TSLA260904C00070000,TSLA,2026-09-04,C,70.0,283.6,36.0,285.7,12.0,8.0142,0.0,0.0,0.9998,0.0,0.0002,0.0,0.0096,284.5279,0.0,0.0,0.0,0.0,no_change,0.0,,0.0,286.199996948242,354.53,2026-09-02 15:44:18,2026-09-02 11:45:02
TSLA,TSLA260904C00080000,TSLA,2026-09-04,C,80.0,272.4,36.0,277.55,12.0,8.5322,1.0,0.0,0.9998,0.0,0.0002,0.0,0.0109,274.5341,0.0,0.0,0.0,0.0,down,277.07,2026-09-01T13:21:51,0.0,276.525009155273,354.53,2026-09-02 15:44:18,2026-09-02 11:45:02
TSLA,TSLA260904C00090000,TSLA,2026-09-04,C,90.0,262.45,32.0,267.55,11.0,7.919,1.0,0.0,0.9998,0.0,0.0002,0.0,0.0123,264.5402,0.0,0.0,0.0,0.0,down,267.08,2026-09-01T13:21:51,0.0,266.300003051758,354.53,2026-09-02 15:44:18,2026-09-02 11:45:02
TSLA,TSLA260904C00100000,TSLA,2026-09-04,C,100.0,252.45,35.0,255.4,9.0,0.0,12.0,0.0,0.9997,0.0,0.0003,0.0,0.0137,254.5464,0.0,0.0,0.0,0.0,no_change,249.48,2026-08-28T15:55:00,0.0,256.199996948242,354.53,2026-09-02 15:44:18,2026-09-02 11:45:02
TSLA,TSLA260904C00110000,TSLA,2026-09-04,C,110.0,243.65,36.0,245.75,12.0,5.9494,0.0,0.0,0.9997,0.0,0.0003,0.0,0.015,244.5526,0.0,0.0,0.0,0.0,down,247.51,2026-09-01T13:13:31,0.0,246.75,354.53,2026-09-02 15:44:18,2026-09-02 11:45:02
TSLA,TSLA260904C00120000,TSLA,2026-09-04,C,120.0,232.45,30.0,237.55,8.0,6.2903,2.0,0.0,0.9997,0.0,0.0003,0.0,0.0164,234.5589,0.0,0.0,0.0,0.0,down,237.54,2026-09-01T13:13:31,0.0,236.324996948242,354.53,2026-09-02 15:44:18,2026-09-02 11:45:02
TSLA,TSLA260904C00130000,TSLA,2026-09-04,C,130.0,222.45,36.0,227.6,10.0,5.8855,1.0,0.0,0.9996,0.0,0.0004,0.0,0.0178,224.5652,0.0,0.0,0.0,0.0,down,227.07,2026-09-01T13:16:42,0.0,226.224998474121,354.53,2026-09-02 15:44:18,2026-09-02 11:45:02
TSLA,TSLA260904C00140000,TSLA,2026-09-04,C,140.0,212.45,36.0,217.6,11.0,5.4689,7.0,0.0,0.9996,0.0,0.0004,0.0,0.0191,214.5715,0.0,0.0,0.0,0.0,down,217.09,2026-09-01T13:16:42,0.0,216.25,354.53,2026-09-02 15:44:18,2026-09-02 11:45:02
TSLA,TSLA260904C00150000,TSLA,2026-09-04,C,150.0,202.45,35.0,207.6,10.0,5.0821,11.0,0.0,0.9996,0.0,0.0004,0.0,0.0205,204.578,0.0,0.0,0.0,0.0,down,195.62,2026-08-26T13:01:46,0.0,206.600006103516,354.53,2026-09-02 15:44:18,2026-09-02 11:45:02
TSLA,TSLA260904C00160000,TSLA,2026-09-04,C,160.0,193.85,16.0,195.45,10.0,3.828,1.0,0.0,0.9995,0.0,0.0005,0.0,0.0219,194.5845,0.0,0.0,0.0,0.0,up,188.41,2026-08-14T09:45:53,0.0,197.125,354.53,2026-09-02 15:44:18,2026-09-02 11:45:02
TSLA,TSLA260904C00170000,TSLA,2026-09-04,C,170.0,182.45,32.0,187.6,17.0,4.3819,15.0,0.0,0.9994,0.0,0.0006,0.0,0.0232,184.5911,0.0,0.0,0.0,0.0,up,194.64,2026-08-31T12:43:18,0.0,186.600006103516,354.53,2026-09-02 15:44:18,2026-09-02 11:45:02
TSLA,TSLA260904C00180000,TSLA,2026-09-04,C,180.0,173.6,88.0,175.8,40.0,3.4381,866.0,0.0,0.9993,0.0,0.0006,0.0,0.0246,174.5978,0.0,0.0,0.0,0.0,no_change,166.69,2026-08-28T13:27:47,0.0,176.274993896484,354.53,2026-09-02 15:44:18,2026-09-02 11:45:02
TSLA,TSLA260904C00190000,TSLA,2026-09-04,C,190.0,162.5,35.0,167.6,14.0,3.7908,2.0,0.0,0.9992,0.0,0.0007,0.0,0.026,164.6048,0.0,0.0,0.0,0.0,up,156.79,2026-08-14T09:42:17,0.0,166.275001525879,354.53,2026-09-02 15:44:18,2026-09-02 11:45:02
TSLA,TSLA260904C00200000,TSLA,2026-09-04,C,200.0,153.65,41.0,155.75,12.0,2.9057,57.0,16.0,0.9991,0.0,0.0008,0.0,0.0273,154.6119,-0.7,155.5,155.5,154.8,down,154.8,2026-09-02T11:13:32,-0.450161,155.5,354.53,2026-09-02 15:44:18,2026-09-02 11:45:02
TSLA,TSLA260904C00210000,TSLA,2026-09-04,C,210.0,143.4,35.0,145.7,15.0,0.0,34.0,0.0,0.999,0.0001,0.0009,0.0,0.0287,144.6192,0.0,0.0,0.0,0.0,up,144.44,2026-08-28T11:05:56,0.0,146.524993896484,354.53,2026-09-02 15:44:18,2026-09-02 11:45:02
TSLA,TSLA260904C00220000,TSLA,2026-09-04,C,220.0,133.75,35.0,135.7,15.0,2.492,33.0,0.0,0.9988,0.0001,0.0011,-0.0027,0.03,134.6269,0.0,0.0,0.0,0.0,up,140.93,2026-08-31T10:09:32,0.0,136.599998474121,354.53,2026-09-02 15:44:18,2026-09-02 11:45:02
TSLA,TSLA260904C00230000,TSLA,2026-09-04,C,230.0,122.5,32.0,127.65,14.0,2.7371,8.0,0.0,0.9986,0.0001,0.0013,-0.006,0.0314,124.635,0.0,0.0,0.0,0.0,down,125.0,2026-09-01T14:21:31,0.0,126.400001525879,354.53,2026-09-02 15:44:18,2026-09-02 11:45:02
TSLA,TSLA260904C00235000,TSLA,2026-09-04,C,235.0,117.5,34.0,122.1,16.0,2.2995,8.0,0.0,0.9984,0.0001,0.0014,-0.0078,0.0321,119.6392,0.0,0.0,0.0,0.0,up,85.0,2026-08-06T14:47:31,0.0,121.549999237061,354.53,2026-09-02 15:44:18,2026-09-02 11:45:02
TSLA,TSLA260904C00240000,TSLA,2026-09-04,C,240.0,113.4,83.0,115.8,43.0,0.0,563.0,0.0,0.9983,0.0001,0.0015,-0.0098,0.0328,114.6436,0.0,0.0,0.0,0.0,down,106.31,2026-08-28T14:45:44,0.0,116.625,354.53,2026-09-02 15:44:18,2026-09-02 11:45:02
TSLA,TSLA260904C00245000,TSLA,2026-09-04,C,245.0,107.55,38.0,111.9,17.0,1.9447,17.0,0.0,0.9981,0.0001,0.0017,-0.012,0.0334,109.6482,0.0,0.0,0.0,0.0,down,111.65,2026-09-01T09:34:31,0.0,111.424999237061,354.53,2026-09-02 15:44:18,2026-09-02 11:45:02
TSLA,TSLA260904C00250000,TSLA,2026-09-04,C,250.0,103.5,36.0,105.75,11.0,0.0,93.0,0.0,0.9979,0.0001,0.0018,-0.0144,0.0341,104.653,0.0,0.0,0.0,0.0,down,105.85,2026-09-01T14:12:35,0.0,106.349998474121,354.53,2026-09-02 15:44:18,2026-09-02 11:45:02
TSLA,TSLA260904C00255000,TSLA,2026-09-04,C,255.0,97.65,36.0,102.65,19.0,2.2006,25.0,0.0,0.9976,0.0002,0.002,-0.017,0.0348,99.658,0.0,0.0,0.0,0.0,up,98.53,2026-08-27T12:34:08,0.0,102.0,354.53,2026-09-02 15:44:18,2026-09-02 11:45:02
TSLA,TSLA260904C00260000,TSLA,2026-09-04,C,260.0,93.5,57.0,95.85,46.0,1.509,40.0,1.0,0.9973,0.0002,0.0022,-0.0199,0.0354,94.6634,-4.45,91.8,91.8,91.8,up,91.8,2026-09-02T09:59:44,-4.62338,96.25,354.53,2026-09-02 15:44:18,2026-09-02 11:45:02
TSLA,TSLA260904C00265000,TSLA,2026-09-04,C,265.0,88.4,33.0,90.8,20.0,0.0,33.0,0.0,0.997,0.0002,0.0025,-0.0232,0.0361,89.6691,0.0,0.0,0.0,0.0,down,81.07,2026-08-26T14:11:24,0.0,91.5250015258789,354.53,2026-09-02 15:44:18,2026-09-02 11:45:02
TSLA,TSLA260904C00270000,TSLA,2026-09-04,C,270.0,84.1,17.0,85.9,16.0,1.7612,51.0,0.0,0.9965,0.0003,0.0028,-0.0269,0.0368,84.6754,0.0,0.0,0.0,0.0,no_change,98.14,2026-08-31T14:02:33,0.0,86.6500015258789,354.53,2026-09-02 15:44:18,2026-09-02 11:45:02
TSLA,TSLA260904C00275000,TSLA,2026-09-04,C,275.0,78.5,40.0,80.8,18.0,1.0882,54.0,0.0,0.996,0.0003,0.0032,-0.0312,0.0374,79.6821,0.0,0.0,0.0,0.0,down,71.7,2026-08-28T14:21:53,0.0,81.5750007629394,354.53,2026-09-02 15:44:18,2026-09-02 11:45:02
TSLA,TSLA260904C00280000,TSLA,2026-09-04,C,280.0,74.0,16.0,75.8,16.0,1.4754,80.0,0.0,0.9954,0.0004,0.0037,-0.0361,0.0381,74.6896,0.0,0.0,0.0,0.0,up,85.2,2026-08-31T10:45:43,0.0,76.2999992370606,354.53,2026-09-02 15:44:18,2026-09-02 11:45:02
TSLA,TSLA260904C00285000,TSLA,2026-09-04,C,285.0,68.6,40.0,70.75,22.0,1.05,56.0,0.0,0.9946,0.0005,0.0042,-0.0418,0.0387,69.698,0.0,0.0,0.0,0.0,up,61.63,2026-08-26T15:40:16,0.0,71.6750030517578,354.53,2026-09-02 15:44:18,2026-09-02 11:45:02
TSLA,TSLA260904C00290000,TSLA,2026-09-04,C,290.0,64.4,24.0,65.8,29.0,1.4085,120.0,0.0,0.9937,0.0006,0.0049,-0.0486,0.0394,64.7076,0.0,0.0,0.0,0.0,down,68.49,2026-09-01T09:32:52,0.0,66.4500007629394,354.53,2026-09-02 15:44:18,2026-09-02 11:45:02
TSLA,TSLA260904C00292500,TSLA,2026-09-04,C,292.5,61.05,39.0,63.35,13.0,0.9929,38.0,0.0,0.9931,0.0007,0.0053,-0.0525,0.0397,62.2129,0.0,0.0,0.0,0.0,no_change,53.71,2026-08-28T14:46:42,0.0,64.125,354.53,2026-09-02 15:44:18,2026-09-02 11:45:02
TSLA,TSLA260904C00295000,TSLA,2026-09-04,C,295.0,59.1,43.0,60.9,72.0,1.2498,178.0,0.0,0.9925,0.0008,0.0057,-0.0568,0.04,59.7186,0.0,0.0,0.0,0.0,no_change,51.89,2026-08-28T13:18:54,0.0,61.4500007629394,354.53,2026-09-02 15:44:18,2026-09-02 11:45:02
TSLA,TSLA260904C00297500,TSLA,2026-09-04,C,297.5,56.7,16.0,58.35,17.0,1.2147,0.0,0.0,0.9917,0.0008,0.0062,-0.0615,0.0403,57.2249,0.0,0.0,0.0,0.0,no_change,0.0,,0.0,59.0749988555908,354.53,2026-09-02 15:44:18,2026-09-02 11:45:02
TSLA,TSLA260904C00300000,TSLA,2026-09-04,C,300.0,53.55,108.0,55.95,106.0,0.949,518.0,6.0,0.9909,0.001,0.0068,-0.0668,0.0406,54.7318,-0.63,53.0,55.62,53.0,up,55.62,2026-09-02T10:26:15,-1.12,56.25,354.53,2026-09-02 15:44:18,2026-09-02 11:45:02
TSLA,TSLA260904C00302500,TSLA,2026-09-04,C,302.5,50.35,34.0,53.95,16.0,0.0,2.0,0.0,0.9899,0.0011,0.0074,-0.0726,0.0409,52.2394,0.0,0.0,0.0,0.0,down,45.7,2026-08-28T14:34:42,0.0,53.9249992370606,354.53,2026-09-02 15:44:18,2026-09-02 11:45:02
TSLA,TSLA260904C00305000,TSLA,2026-09-04,C,305.0,49.5,27.0,50.8,117.0,1.1252,365.0,161.0,0.9888,0.0012,0.0081,-0.0792,0.0412,49.7478,-2.255,45.91,51.48,45.91,up,48.92,2026-09-02T11:10:24,-4.40645,51.1749992370606,354.53,2026-09-02 15:44:18,2026-09-02 11:45:02
TSLA,TSLA260904C00307500,TSLA,2026-09-04,C,307.5,46.9,13.0,49.4,16.0,1.2455,11.0,0.0,0.9875,0.0014,0.009,-0.0867,0.0415,47.2573,0.0,0.0,0.0,0.0,down,39.43,2026-08-26T10:44:48,0.0,49.2000007629394,354.53,2026-09-02 15:44:18,2026-09-02 11:45:02
TSLA,TSLA260904C00310000,TSLA,2026-09-04,C,310.0,43.5,82.0,45.8,49.0,0.0,912.0,58.0,0.9859,0.0016,0.0099,-0.0953,0.0417,44.7681,-1.165,46.89,46.89,41.31,up,45.16,2026-09-02T11:21:27,-2.51484,46.3249988555908,354.53,2026-09-02 15:44:18,2026-09-02 11:45:02
TSLA,TSLA260904C00312500,TSLA,2026-09-04,C,312.5,41.15,46.0,43.4,33.0,0.7608,53.0,10.0,0.9841,0.0019,0.011,-0.1053,0.042,42.2806,-1.855,43.55,43.55,42.17,down,42.17,2026-09-02T10:52:09,-4.21351,44.0249996185303,354.53,2026-09-02 15:44:18,2026-09-02 11:45:02
TSLA,TSLA260904C00315000,TSLA,2026-09-04,C,315.0,38.9,133.0,40.85,142.0,0.7924,754.0,16.0,0.9819,0.0022,0.0123,-0.1172,0.0422,39.7955,-3.345,37.25,41.29,36.25,down,38.38,2026-09-02T11:05:27,-8.01678,41.7250003814697,354.53,2026-09-02 15:44:18,2026-09-02 11:45:02
TSLA,TSLA260904C00317500,TSLA,2026-09-04,C,317.5,37.05,22.0,38.25,45.0,0.8714,66.0,3.0,0.9791,0.0026,0.0139,-0.1315,0.0424,37.3135,-0.725,38.2,38.2,38.2,no_change,38.2,2026-09-02T10:49:01,-1.86255,38.9249992370606,354.53,2026-09-02 15:44:18,2026-09-02 11:45:02
TSLA,TSLA260904C00320000,TSLA,2026-09-04,C,320.0,34.25,94.0,35.75,122.0,0.7626,872.0,42.0,0.9756,0.003,0.0159,-0.1495,0.0426,34.8361,-1.455,39.12,39.12,31.45,up,35.17,2026-09-02T11:21:27,-3.9727,36.625,354.53,2026-09-02 15:44:18,2026-09-02 11:45:02
TSLA,TSLA260904C00322500,TSLA,2026-09-04,C,322.5,32.0,47.0,33.25,143.0,0.7616,114.0,11.0,0.9711,0.0036,0.0183,-0.1726,0.0427,32.3654,-2.625,30.5,34.0,30.5,down,31.1,2026-09-02T10:53:52,-7.78354,33.7250003814697,354.53,2026-09-02 15:44:18,2026-09-02 11:45:02
TSLA,TSLA260904C00325000,TSLA,2026-09-04,C,325.0,29.35,88.0,30.65,135.0,0.6662,601.0,57.0,0.9652,0.0044,0.0214,-0.2028,0.0428,29.9045,-0.975,28.88,31.43,26.35,up,30.55,2026-09-02T11:24:08,-3.09279,31.5250005722046,354.53,2026-09-02 15:44:18,2026-09-02 11:45:02
TSLA,TSLA260904C00327500,TSLA,2026-09-04,C,327.5,26.95,57.0,28.1,123.0,0.6271,164.0,24.0,0.9572,0.0054,0.0253,-0.2431,0.0427,27.4582,-1.025,30.0,30.0,23.9,up,28.1,2026-09-02T11:24:07,-3.51931,29.125,354.53,2026-09-02 15:44:18,2026-09-02 11:45:02
TSLA,TSLA260904C00330000,TSLA,2026-09-04,C,330.0,24.75,79.0,25.45,85.0,0.6024,2204.0,109.0,0.9464,0.0068,0.0303,-0.2971,0.0425,25.0333,-1.395,26.5,26.5,21.34,down,25.33,2026-09-02T11:19:59,-5.21983,26.7250003814697,354.53,2026-09-02 15:44:18,2026-09-02 11:45:02
TSLA,TSLA260904C00332500,TSLA,2026-09-04,C,332.5,22.3,64.0,22.95,49.0,0.5591,199.0,42.0,0.9318,0.0084,0.0366,-0.369,0.0422,22.6392,-1.615,27.1,27.1,19.55,up,22.91,2026-09-02T11:19:59,-6.58512,24.5249996185303,354.53,2026-09-02 15:44:18,2026-09-02 11:45:02
TSLA,TSLA260904C00335000,TSLA,2026-09-04,C,335.0,20.1,48.0,20.5,70.0,0.5506,1037.0,1184.0,0.912,0.0105,0.0443,-0.4627,0.0415,20.2889,-1.825,20.98,21.75,16.8,down,20.3,2026-09-02T11:28:43,-8.24859,22.125,354.53,2026-09-02 15:44:18,2026-09-02 11:45:02
TSLA,TSLA260904C00337500,TSLA,2026-09-04,C,337.5,17.8,46.0,18.25,70.0,0.5408,331.0,138.0,0.886,0.013,0.0535,-0.5809,0.0406,17.9991,-1.375,14.66,19.85,14.55,no_change,18.3,2026-09-02T11:23:45,-6.98856,19.6749992370605,354.53,2026-09-02 15:44:18,2026-09-02 11:45:02
TSLA,TSLA260904C00340000,TSLA,2026-09-04,C,340.0,15.6,47.0,16.05,66.0,0.5319,1530.0,2881.0,0.8524,0.0158,0.0639,-0.7233,0.0393,15.7909,-1.0,19.56,19.56,12.5,no_change,16.55,2026-09-02T11:25:12,-5.69801,17.5500001907349,354.53,2026-09-02 15:44:18,2026-09-02 11:45:02
TSLA,TSLA260904C00342500,TSLA,2026-09-04,C,342.5,13.6,31.0,13.75,10.0,0.5146,675.0,403.0,0.8105,0.0188,0.075,-0.8852,0.0375,13.689,-1.775,15.77,15.77,10.4,down,13.7,2026-09-02T11:28:38,-11.4701,15.4750003814697,354.53,2026-09-02 15:44:18,2026-09-02 11:45:02
TSLA,TSLA260904C00345000,TSLA,2026-09-04,C,345.0,11.65,48.0,11.8,15.0,0.5134,2063.0,5784.0,0.7599,0.0218,0.086,-1.0557,0.0353,11.7206,-1.125,13.22,14.15,8.8,no_change,12.3,2026-09-02T11:27:22,-8.37989,13.4250001907349,354.53,2026-09-02 15:44:18,2026-09-02 11:45:02
TSLA,TSLA260904C00347500,TSLA,2026-09-04,C,347.5,9.85,24.0,10.0,14.0,0.5158,958.0,1631.0,0.7015,0.0244,0.0958,-1.2186,0.0327,9.9106,-1.475,13.21,13.21,7.35,down,10.05,2026-09-02T11:28:02,-12.7983,11.5250000953674,354.53,2026-09-02 15:44:18,2026-09-02 11:45:02
TSLA,TSLA260904C00350000,TSLA,2026-09-04,C,350.0,8.2,164.0,8.35,38.0,0.5146,6748.0,14562.0,0.637,0.0263,0.1036,-1.3548,0.0298,8.278,-1.525,11.45,11.52,6.0,no_change,8.3,2026-09-02T11:29:01,-15.5216,9.82499980926514,354.53,2026-09-02 15:44:18,2026-09-02 11:45:02
TSLA,TSLA260904C00352500,TSLA,2026-09-04,C,352.5,6.8,38.0,6.9,39.0,0.5164,4826.0,10469.0,0.5688,0.0274,0.1084,-1.4471,0.0267,6.8325,-1.41,10.8,10.8,4.9,up,6.84,2026-09-02T11:29:10,-17.0909,8.25,354.53,2026-09-02 15:44:18,2026-09-02 11:45:02
TSLA,TSLA260904C00355000,TSLA,2026-09-04,C,355.0,5.5,194.0,5.6,33.0,0.5182,4431.0,18396.0,0.4996,0.0277,0.11,-1.4847,0.0235,5.575,-1.3,8.55,8.55,3.92,up,5.55,2026-09-02T11:29:11,-18.9781,6.85000014305115,354.53,2026-09-02 15:44:18,2026-09-02 11:45:02
TSLA,TSLA260904C00357500,TSLA,2026-09-04,C,357.5,4.45,98.0,4.5,4.0,0.5201,8065.0,10190.0,0.432,0.027,0.1084,-1.4657,0.0203,4.4997,-1.1,6.85,7.1,3.15,no_change,4.5,2026-09-02T11:29:17,-19.6429,5.60000014305115,354.53,2026-09-02 15:44:18,2026-09-02 11:45:02
TSLA,TSLA260904C00360000,TSLA,2026-09-04,C,360.0,3.55,62.0,3.6,2.0,0.5253,14653.0,27142.0,0.368,0.0257,0.104,-1.396,0.0173,3.5963,-0.95,5.8,5.8,2.46,up,3.6,2026-09-02T11:29:08,-20.8791,4.54999995231628,354.53,2026-09-02 15:44:18,2026-09-02 11:45:02
TSLA,TSLA260904C00362500,TSLA,2026-09-04,C,362.5,2.82,31.0,2.85,2.0,0.533,5290.0,11464.0,0.3092,0.0238,0.0973,-1.2876,0.0146,2.8509,-0.82,4.8,4.8,1.97,up,2.83,2026-09-02T11:29:12,-22.4658,3.64999997615814,354.53,2026-09-02 15:44:18,2026-09-02 11:45:02
TSLA,TSLA260904C00365000,TSLA,2026-09-04,C,365.0,2.22,34.0,2.25,1.0,0.5407,10315.0,12584.0,0.2569,0.0214,0.0891,-1.1551,0.0121,2.2471,-0.65,3.95,4.0,1.55,no_change,2.24,2026-09-02T11:29:15,-22.4914,2.89000010490418,354.53,2026-09-02 15:44:18,2026-09-02 11:45:02
TSLA,TSLA260904C00367500,TSLA,2026-09-04,C,367.5,1.75,24.0,1.78,45.0,0.5499,3771.0,5393.0,0.2115,0.019,0.08,-1.0133,0.01,1.7665,-0.545,2.51,2.93,1.23,down,1.73,2026-09-02T11:28:31,-23.956,2.27499997615814,354.53,2026-09-02 15:44:18,2026-09-02 11:45:02
TSLA,TSLA260904C00370000,TSLA,2026-09-04,C,370.0,1.38,52.0,1.4,1.0,0.5601,15919.0,15760.0,0.1732,0.0165,0.0708,-0.8741,0.0081,1.3903,-0.4,2.56,2.56,0.95,up,1.39,2026-09-02T11:29:16,-22.3464,1.78999996185303,354.53,2026-09-02 15:44:18,2026-09-02 11:45:02
TSLA,TSLA260904C00372500,TSLA,2026-09-04,C,372.5,1.1,20.0,1.11,2.0,0.5712,9763.0,10704.0,0.1416,0.0142,0.062,-0.7461,0.0066,1.0998,-0.285,1.71,1.84,0.76,up,1.11,2026-09-02T11:28:55,-20.4301,1.39499998092651,354.53,2026-09-02 15:44:18,2026-09-02 11:45:02
TSLA,TSLA260904C00375000,TSLA,2026-09-04,C,375.0,0.88,4.0,0.89,2.0,0.5842,8563.0,5508.0,0.1159,0.0121,0.0541,-0.6339,0.0054,0.878,-0.22,1.3,1.47,0.61,down,0.87,2026-09-02T11:29:09,-20.1835,1.0900000333786,354.53,2026-09-02 15:44:18,2026-09-02 11:45:02
TSLA,TSLA260904C00377500,TSLA,2026-09-04,C,377.5,0.71,142.0,0.72,1.0,0.5994,1896.0,1565.0,0.0954,0.0102,0.0469,-0.5389,0.0045,0.7095,-0.14,1.1,1.11,0.5,down,0.72,2026-09-02T11:28:51,-16.2791,0.860000014305115,354.53,2026-09-02 15:44:18,2026-09-02 11:45:02
TSLA,TSLA260904C00380000,TSLA,2026-09-04,C,380.0,0.58,103.0,0.6,205.0,0.6162,9753.0,10152.0,0.0792,0.0087,0.0409,-0.4602,0.0037,0.5815,-0.085,0.86,0.88,0.4,up,0.6,2026-09-02T11:29:11,-12.4088,0.685000002384186,354.53,2026-09-02 15:44:18,2026-09-02 11:45:02
TSLA,TSLA260904C00382500,TSLA,2026-09-04,C,382.5,0.48,410.0,0.49,1.0,0.6316,1601.0,973.0,0.0663,0.0074,0.0357,-0.3959,0.0031,0.4837,-0.06,0.62,0.7,0.34,up,0.49,2026-09-02T11:28:57,-10.9091,0.550000011920929,354.53,2026-09-02 15:44:18,2026-09-02 11:45:02
TSLA,TSLA260904C00385000,TSLA,2026-09-04,C,385.0,0.4,186.0,0.41,1.0,0.6488,5108.0,969.0,0.0561,0.0063,0.0313,-0.3436,0.0026,0.4086,-0.04,0.55,0.56,0.28,up,0.41,2026-09-02T11:28:41,-8.88889,0.450000002980232,354.53,2026-09-02 15:44:18,2026-09-02 11:45:02
TSLA,TSLA260904C00387500,TSLA,2026-09-04,C,387.5,0.34,177.0,0.36,182.0,0.6694,1688.0,243.0,0.0479,0.0054,0.0276,-0.3006,0.0022,0.3495,0.005,0.39,0.46,0.25,down,0.38,2026-09-02T11:26:54,1.33333,0.375,354.53,2026-09-02 15:44:18,2026-09-02 11:45:02
TSLA,TSLA260904C00390000,TSLA,2026-09-04,C,390.0,0.29,190.0,0.31,261.0,0.6879,11529.0,2418.0,0.0413,0.0046,0.0245,-0.2649,0.0019,0.3023,-0.02,0.38,0.38,0.2,no_change,0.3,2026-09-02T11:28:35,-6.25,0.320000007748604,354.53,2026-09-02 15:44:18,2026-09-02 11:45:02
TSLA,TSLA260904C00392500,TSLA,2026-09-04,C,392.5,0.25,253.0,0.27,283.0,0.707,2023.0,1177.0,0.0359,0.004,0.0218,-0.235,0.0017,0.264,0.0,0.25,0.31,0.19,down,0.27,2026-09-02T11:26:55,1.54531e-06,0.269999995827675,354.53,2026-09-02 15:44:18,2026-09-02 11:45:02
TSLA,TSLA260904C00395000,TSLA,2026-09-04,C,395.0,0.22,242.0,0.24,189.0,0.7278,4944.0,529.0,0.0314,0.0035,0.0195,-0.2098,0.0015,0.2325,0.0,0.26,0.28,0.16,no_change,0.24,2026-09-02T11:27:57,-8.69234e-07,0.240000002086163,354.53,2026-09-02 15:44:18,2026-09-02 11:45:02
TSLA,TSLA260904C00397500,TSLA,2026-09-04,C,397.5,0.2,343.0,0.21,302.0,0.7484,1370.0,128.0,0.0276,0.0031,0.0176,-0.188,0.0013,0.206,0.02,0.23,0.23,0.14,no_change,0.23,2026-09-02T11:23:58,9.52381,0.21000000089407,354.53,2026-09-02 15:44:18,2026-09-02 11:45:02
TSLA,TSLA260904C00400000,TSLA,2026-09-04,C,400.0,0.18,310.0,0.19,310.0,0.7702,17841.0,3325.0,0.0245,0.0027,0.0158,-0.1699,0.0011,0.1844,-0.005,0.2,0.23,0.12,no_change,0.19,2026-09-02T11:28:48,-2.5641,0.195000000298023,354.53,2026-09-02 15:44:18,2026-09-02 11:45:02
TSLA,TSLA260904C00402500,TSLA,2026-09-04,C,402.5,0.16,339.0,0.17,160.0,0.7896,1259.0,308.0,0.0218,0.0024,0.0144,-0.154,0.001,0.1657,0.01,0.19,0.19,0.11,down,0.18,2026-09-02T11:26:28,5.88235,0.170000001788139,354.53,2026-09-02 15:44:18,2026-09-02 11:45:02
TSLA,TSLA260904C00405000,TSLA,2026-09-04,C,405.0,0.14,297.0,0.16,311.0,0.8106,7204.0,160.0,0.0195,0.0021,0.0131,-0.1404,0.0009,0.15,-0.005,0.18,0.18,0.11,down,0.15,2026-09-02T11:20:43,-3.22581,0.155000001192093,354.53,2026-09-02 15:44:18,2026-09-02 11:45:02
TSLA,TSLA260904C00407500,TSLA,2026-09-04,C,407.5,0.13,674.0,0.14,177.0,0.8298,3113.0,116.0,0.0176,0.0019,0.012,-0.1285,0.0008,0.1364,-0.01,0.14,0.14,0.09,down,0.13,2026-09-02T11:28:56,-7.14286,0.140000000596046,354.53,2026-09-02 15:44:18,2026-09-02 11:45:02
TSLA,TSLA260904C00410000,TSLA,2026-09-04,C,410.0,0.12,265.0,0.13,285.0,0.8516,4809.0,1326.0,0.0159,0.0017,0.011,-0.1181,0.0007,0.1247,0.0,0.15,0.15,0.08,no_change,0.13,2026-09-02T11:27:30,8.0237e-07,0.129999998956919,354.53,2026-09-02 15:44:18,2026-09-02 11:45:02
TSLA,TSLA260904C00412500,TSLA,2026-09-04,C,412.5,0.11,269.0,0.13,288.0,0.8771,2598.0,17.0,0.0144,0.0015,0.0101,-0.109,0.0007,0.1145,-0.01,0.1,0.11,0.08,up,0.11,2026-09-02T10:59:03,-8.33333,0.119999997317791,354.53,2026-09-02 15:44:18,2026-09-02 11:45:02
TSLA,TSLA260904C00415000,TSLA,2026-09-04,C,415.0,0.1,136.0,0.12,254.0,0.8966,2408.0,26.0,0.0132,0.0014,0.0093,-0.1009,0.0006,0.1055,0.0,0.09,0.12,0.08,no_change,0.11,2026-09-02T11:01:25,5.4186e-07,0.109999999403954,354.53,2026-09-02 15:44:18,2026-09-02 11:45:02
TSLA,TSLA260904C00417500,TSLA,2026-09-04,C,417.5,0.09,271.0,0.11,369.0,0.9146,437.0,24.0,0.012,0.0012,0.0086,-0.0936,0.0006,0.0975,0.0,0.1,0.1,0.08,up,0.1,2026-09-02T11:21:01,-1.49012e-06,0.100000001490116,354.53,2026-09-02 15:44:18,2026-09-02 11:45:02
TSLA,TSLA260904C00420000,TSLA,2026-09-04,C,420.0,0.09,201.0,0.1,267.0,0.9373,5997.0,583.0,0.011,0.0011,0.008,-0.087,0.0005,0.0902,-0.005,0.1,0.1,0.06,down,0.09,2026-09-02T11:27:02,-5.26316,0.0950000025331974,354.53,2026-09-02 15:44:18,2026-09-02 11:45:02
TSLA,TSLA260904C00422500,TSLA,2026-09-04,C,422.5,0.08,209.0,0.09,402.0,0.9524,425.0,1753.0,0.0102,0.001,0.0074,-0.0811,0.0005,0.0838,-0.005,0.07,0.08,0.05,no_change,0.08,2026-09-02T10:56:12,-5.88235,0.0850000008940697,354.53,2026-09-02 15:44:18,2026-09-02 11:45:02
TSLA,TSLA260904C00425000,TSLA,2026-09-04,C,425.0,0.07,219.0,0.09,327.0,0.9728,1335.0,149.0,0.0094,0.0009,0.0069,-0.0757,0.0004,0.078,0.01,0.08,0.09,0.05,no_change,0.09,2026-09-02T11:27:58,12.5,0.080000001937151,354.53,2026-09-02 15:44:18,2026-09-02 11:45:02
TSLA,TSLA260904C00427500,TSLA,2026-09-04,C,427.5,0.06,233.0,0.08,316.0,0.9844,408.0,2.0,0.0086,0.0008,0.0064,-0.0708,0.0004,0.0727,-0.025,0.06,0.06,0.05,down,0.05,2026-09-02T10:33:41,-33.3333,0.0749999992549419,354.53,2026-09-02 15:44:18,2026-09-02 11:45:02
TSLA,TSLA260904C00430000,TSLA,2026-09-04,C,430.0,0.06,213.0,0.07,328.0,1.0026,5014.0,125.0,0.008,0.0008,0.006,-0.0663,0.0004,0.068,0.0,0.07,0.07,0.05,up,0.07,2026-09-02T11:01:17,2.23517e-06,0.0699999984353781,354.53,2026-09-02 15:44:18,2026-09-02 11:45:02
TSLA,TSLA260904C00432500,TSLA,2026-09-04,C,432.5,0.05,208.0,0.07,218.0,1.0196,302.0,20.0,0.0074,0.0007,0.0056,-0.0622,0.0003,0.0636,0.01,0.06,0.07,0.05,up,0.07,2026-09-02T11:25:05,16.6667,0.0600000005215406,354.53,2026-09-02 15:44:18,2026-09-02 11:45:02
TSLA,TSLA260904C00435000,TSLA,2026-09-04,C,435.0,0.05,433.0,0.07,423.0,1.0455,1050.0,29.0,0.0069,0.0007,0.0053,-0.0584,0.0003,0.0596,-0.01,0.06,0.06,0.04,up,0.05,2026-09-02T10:41:47,-16.6667,0.0600000005215406,354.53,2026-09-02 15:44:18,2026-09-02 11:45:02
TSLA,TSLA260904C00437500,TSLA,2026-09-04,C,437.5,0.04,166.0,0.06,197.0,1.05,287.0,0.0,0.0064,0.0006,0.0049,-0.0549,0.0003,0.0559,0.0,0.0,0.0,0.0,no_change,0.06,2026-09-01T13:38:30,0.0,0.0549999997019768,354.53,2026-09-02 15:44:18,2026-09-02 11:45:02
TSLA,TSLA260904C00440000,TSLA,2026-09-04,C,440.0,0.04,361.0,0.06,471.0,1.0751,3261.0,35.0,0.006,0.0006,0.0046,-0.0516,0.0003,0.0525,0.0,0.04,0.05,0.04,up,0.05,2026-09-02T11:23:04,2.23517e-06,0.0499999988824129,354.53,2026-09-02 15:44:18,2026-09-02 11:45:02
TSLA,TSLA260904C00442500,TSLA,2026-09-04,C,442.5,0.03,297.0,0.06,364.0,1.0877,356.0,1.0,0.0056,0.0005,0.0043,-0.0487,0.0002,0.0494,0.0,0.05,0.05,0.05,up,0.05,2026-09-02T09:30:22,2.23517e-06,0.0499999988824129,354.53,2026-09-02 15:44:18,2026-09-02 11:45:02
TSLA,TSLA260904C00445000,TSLA,2026-09-04,C,445.0,0.03,153.0,0.04,86.0,1.0838,1754.0,201.0,0.0052,0.0005,0.0041,-0.0459,0.0002,0.0466,0.0,0.04,0.04,0.03,no_change,0.04,2026-09-02T11:17:34,-9.31323e-08,0.0400000000372529,354.53,2026-09-02 15:44:18,2026-09-02 11:45:02
TSLA,TSLA260904C00450000,TSLA,2026-09-04,C,450.0,0.03,200.0,0.04,566.0,1.1311,3765.0,447.0,0.0046,0.0004,0.0036,-0.041,0.0002,0.0415,0.005,0.04,0.04,0.02,up,0.04,2026-09-02T11:07:49,14.2857,0.034999999217689,354.53,2026-09-02 15:44:18,2026-09-02 11:45:02
TSLA,TSLA260904C00455000,TSLA,2026-09-04,C,455.0,0.02,277.0,0.05,442.0,1.1777,1339.0,2.0,0.004,0.0004,0.0032,-0.0367,0.0002,0.037,-0.005,0.03,0.03,0.03,no_change,0.03,2026-09-02T10:15:12,-14.2857,0.034999999217689,354.53,2026-09-02 15:44:18,2026-09-02 11:45:02
TSLA,TSLA260904C00460000,TSLA,2026-09-04,C,460.0,0.02,305.0,0.04,333.0,1.2053,1773.0,275.0,0.0036,0.0003,0.0029,-0.033,0.0002,0.0332,0.01,0.03,0.04,0.03,no_change,0.04,2026-09-02T11:21:14,33.3333,0.0299999993294477,354.53,2026-09-02 15:44:18,2026-09-02 11:45:02
TSLA,TSLA260904C00465000,TSLA,2026-09-04,C,465.0,0.01,531.0,0.04,405.0,1.2287,1206.0,1.0,0.0032,0.0003,0.0026,-0.0297,0.0001,0.0299,0.0,0.03,0.03,0.03,up,0.03,2026-09-02T09:37:40,2.23517e-06,0.0299999993294477,354.53,2026-09-02 15:44:18,2026-09-02 11:45:02
TSLA,TSLA260904C00470000,TSLA,2026-09-04,C,470.0,0.01,249.0,0.04,443.0,1.272,224.0,5.0,0.0028,0.0002,0.0023,-0.0268,0.0001,0.0269,-0.01,0.02,0.02,0.02,no_change,0.02,2026-09-02T10:10:03,-33.3333,0.0300000002607703,354.53,2026-09-02 15:44:18,2026-09-02 11:45:02
TSLA,TSLA260904C00475000,TSLA,2026-09-04,C,475.0,0.01,161.0,0.04,271.0,1.3148,187.0,0.0,0.0025,0.0002,0.0021,-0.0243,0.0001,0.0243,0.0,0.0,0.0,0.0,no_change,0.02,2026-09-01T15:19:30,0.0,0.0249999994412065,354.53,2026-09-02 15:44:18,2026-09-02 11:45:02
TSLA,TSLA260904C00480000,TSLA,2026-09-04,C,480.0,0.01,121.0,0.03,191.0,1.3301,293.0,6.0,0.0022,0.0002,0.0019,-0.022,0.0001,0.022,0.035,0.05,0.05,0.05,no_change,0.05,2026-09-02T09:31:29,233.333,0.0149999996647239,354.53,2026-09-02 15:44:18,2026-09-02 11:45:02
TSLA,TSLA260904C00485000,TSLA,2026-09-04,C,485.0,0.01,44.0,0.03,110.0,1.371,114.0,0.0,0.002,0.0002,0.0017,-0.02,0.0001,0.02,0.0,0.0,0.0,0.0,no_change,0.03,2026-09-01T15:48:11,0.0,0.0300000002607703,354.53,2026-09-02 15:44:18,2026-09-02 11:45:02
TSLA,TSLA260904C00490000,TSLA,2026-09-04,C,490.0,0.01,33.0,0.04,228.0,1.4395,90.0,0.0,0.0018,0.0001,0.0016,-0.0182,0.0001,0.0181,0.0,0.0,0.0,0.0,up,0.03,2026-09-01T15:47:56,0.0,0.0300000002607703,354.53,2026-09-02 15:44:18,2026-09-02 11:45:02
TSLA,TSLA260904C00495000,TSLA,2026-09-04,C,495.0,0.01,181.0,0.04,291.0,1.4799,286.0,1.0,0.0016,0.0001,0.0014,-0.0166,0.0001,0.0165,0.025,0.04,0.04,0.04,up,0.04,2026-09-02T10:55:53,166.667,0.0149999996647239,354.53,2026-09-02 15:44:18,2026-09-02 11:45:02
TSLA,TSLA260904C00500000,TSLA,2026-09-04,C,500.0,0.01,178.0,0.03,225.0,1.4904,3124.0,23.0,0.0015,0.0001,0.0013,-0.0151,0.0001,0.0151,0.025,0.02,0.04,0.02,up,0.04,2026-09-02T09:31:31,166.667,0.0149999996647239,354.53,2026-09-02 15:44:18,2026-09-02 11:45:02
TSLA,TSLA260904C00505000,TSLA,2026-09-04,C,505.0,0.01,102.0,0.03,164.0,1.5292,27.0,10.0,0.0013,0.0001,0.0012,-0.0138,0.0001,0.0137,0.005,0.03,0.04,0.01,no_change,0.03,2026-09-02T10:49:01,20.0,0.025000000372529,354.53,2026-09-02 15:44:18,2026-09-02 11:45:02
TSLA,TSLA260904C00510000,TSLA,2026-09-04,C,510.0,0.01,109.0,0.03,259.0,1.5674,285.0,7.0,0.0012,0.0001,0.0011,-0.0126,0.0,0.0126,0.015,0.03,0.03,0.03,no_change,0.03,2026-09-02T11:26:01,100.0,0.0149999996647239,354.53,2026-09-02 15:44:18,2026-09-02 11:45:02
TSLA,TSLA260904C00515000,TSLA,2026-09-04,C,515.0,0.01,8.0,0.05,132.0,1.6633,181.0,0.0,0.0011,0.0001,0.001,-0.0116,0.0,0.0115,0.0,0.0,0.0,0.0,down,0.03,2026-08-31T13:02:22,0.0,0.025000000372529,354.53,2026-09-02 15:44:18,2026-09-02 11:45:02
TSLA,TSLA260904C00520000,TSLA,2026-09-04,C,520.0,0.01,2.0,0.02,32.0,1.6039,497.0,88.0,0.001,0.0001,0.0009,-0.0106,0.0,0.0105,-0.005,0.01,0.01,0.01,no_change,0.01,2026-09-02T11:14:49,-33.3333,0.0149999996647239,354.53,2026-09-02 15:44:18,2026-09-02 11:45:02
TSLA,TSLA260904C00525000,TSLA,2026-09-04,C,525.0,0.0,0.0,0.02,52.0,1.6401,777.0,74.0,0.0009,0.0001,0.0008,-0.0097,0.0,0.0097,-0.015,0.04,0.04,0.01,no_change,0.01,2026-09-02T11:16:21,-60.0,0.025000000372529,354.53,2026-09-02 15:44:18,2026-09-02 11:45:02
TSLA,TSLA260904C00530000,TSLA,2026-09-04,C,530.0,0.0,0.0,0.02,26.0,1.6232,222.0,12.0,0.0008,0.0001,0.0008,-0.0089,0.0,0.0089,-0.005,0.02,0.05,0.01,down,0.01,2026-09-02T09:34:27,-33.3333,0.0149999996647239,354.53,2026-09-02 15:44:18,2026-09-02 11:45:02
TSLA,TSLA260904C00535000,TSLA,2026-09-04,C,535.0,0.0,0.0,0.05,97.0,1.7856,609.0,1.0,0.0008,0.0001,0.0007,-0.0082,0.0,0.0082,-0.015,0.01,0.01,0.01,no_change,0.01,2026-09-02T09:32:36,-60.0,0.025000000372529,354.53,2026-09-02 15:44:18,2026-09-02 11:45:02
TSLA,TSLA260904C00540000,TSLA,2026-09-04,C,540.0,0.0,0.0,0.03,143.0,1.7461,107.0,1.0,0.0007,0.0,0.0006,-0.0076,0.0,0.0075,-0.005,0.02,0.02,0.02,up,0.02,2026-09-02T10:48:47,-20.0,0.025000000372529,354.53,2026-09-02 15:44:18,2026-09-02 11:45:02
TSLA,TSLA260904C00545000,TSLA,2026-09-04,C,545.0,0.0,0.0,0.03,144.0,1.7807,66.0,2.0,0.0006,0.0,0.0006,-0.007,0.0,0.0069,0.005,0.03,0.03,0.03,no_change,0.03,2026-09-02T09:30:01,20.0,0.025000000372529,354.53,2026-09-02 15:44:18,2026-09-02 11:45:02
TSLA,TSLA260904C00550000,TSLA,2026-09-04,C,550.0,0.0,0.0,0.04,74.0,1.8577,1278.0,0.0,0.0006,0.0,0.0005,-0.0064,0.0,0.0064,0.0,0.0,0.0,0.0,down,0.01,2026-09-01T14:38:01,0.0,0.025000000372529,354.53,2026-09-02 15:44:18,2026-09-02 11:45:02
TSLA,TSLA260904C00555000,TSLA,2026-09-04,C,555.0,0.0,0.0,0.05,71.0,1.9279,67.0,0.0,0.0005,0.0,0.0005,-0.0059,0.0,0.0059,0.0,0.0,0.0,0.0,down,0.01,2026-09-01T15:14:06,0.0,0.025000000372529,354.53,2026-09-02 15:44:18,2026-09-02 11:45:02
TSLA,TSLA260904C00560000,TSLA,2026-09-04,C,560.0,0.0,0.0,0.01,10.0,1.7354,288.0,0.0,0.0005,0.0,0.0005,-0.0055,0.0,0.0054,0.0,0.0,0.0,0.0,no_change,0.01,2026-09-01T15:51:27,0.0,0.00499999988824129,354.53,2026-09-02 15:44:18,2026-09-02 11:45:02
TSLA,TSLA260904C00565000,TSLA,2026-09-04,C,565.0,0.0,0.0,0.01,10.0,1.7663,301.0,0.0,0.0004,0.0,0.0004,-0.0051,0.0,0.005,0.0,0.0,0.0,0.0,down,0.01,2026-09-01T14:30:11,0.0,0.00499999988824129,354.53,2026-09-02 15:44:18,2026-09-02 11:45:02
TSLA,TSLA260904C00570000,TSLA,2026-09-04,C,570.0,0.0,0.0,0.01,10.0,1.7969,38.0,0.0,0.0004,0.0,0.0004,-0.0047,0.0,0.0046,0.0,0.0,0.0,0.0,down,0.01,2026-09-01T11:43:30,0.0,0.00499999988824129,354.53,2026-09-02 15:44:18,2026-09-02 11:45:02
TSLA,TSLA260904C00575000,TSLA,2026-09-04,C,575.0,0.0,0.0,0.01,18.0,1.8271,1095.0,0.0,0.0004,0.0,0.0004,-0.0043,0.0,0.0043,0.0,0.0,0.0,0.0,no_change,0.01,2026-09-01T14:46:50,0.0,0.00499999988824129,354.53,2026-09-02 15:44:18,2026-09-02 11:45:02
TSLA,TSLA260904C00580000,TSLA,2026-09-04,C,580.0,0.0,0.0,0.01,10.0,1.8571,1230.0,0.0,0.0004,0.0,0.0003,-0.004,0.0,0.004,0.0,0.0,0.0,0.0,no_change,0.01,2026-09-01T14:47:10,0.0,0.00499999988824129,354.53,2026-09-02 15:44:18,2026-09-02 11:45:02
TSLA,TSLA260904C00585000,TSLA,2026-09-04,C,585.0,0.0,0.0,0.01,30.0,1.8867,1083.0,0.0,0.0003,0.0,0.0003,-0.0037,0.0,0.0037,0.0,0.0,0.0,0.0,no_change,0.01,2026-09-01T14:47:22,0.0,0.00499999988824129,354.53,2026-09-02 15:44:18,2026-09-02 11:45:02
TSLA,TSLA260904C00590000,TSLA,2026-09-04,C,590.0,0.0,0.0,0.02,32.0,2.0124,126.0,0.0,0.0003,0.0,0.0003,-0.0035,0.0,0.0034,0.0,0.0,0.0,0.0,no_change,0.02,2026-08-31T09:53:23,0.0,0.00499999988824129,354.53,2026-09-02 15:44:18,2026-09-02 11:45:02
TSLA,TSLA260904C00595000,TSLA,2026-09-04,C,595.0,0.0,0.0,0.02,33.0,2.0427,93.0,0.0,0.0003,0.0,0.0003,-0.0032,0.0,0.0032,0.0,0.0,0.0,0.0,down,0.01,2026-08-31T12:23:39,0.0,0.00499999988824129,354.53,2026-09-02 15:44:18,2026-09-02 11:45:02
TSLA,TSLA260904C00600000,TSLA,2026-09-04,C,600.0,0.0,0.0,0.01,30.0,1.9739,641.0,0.0,0.0003,0.0,0.0002,-0.003,0.0,0.003,0.0,0.0,0.0,0.0,no_change,0.01,2026-08-31T09:45:29,0.0,0.00499999988824129,354.53,2026-09-02 15:44:18,2026-09-02 11:45:02
TSLA,TSLA260904C00605000,TSLA,2026-09-04,C,605.0,0.0,0.0,0.02,32.0,2.1024,53.0,0.0,0.0002,0.0,0.0002,-0.0028,0.0,0.0028,0.0,0.0,0.0,0.0,up,0.03,2026-08-28T15:57:12,0.0,0.00499999988824129,354.53,2026-09-02 15:44:18,2026-09-02 11:45:02
TSLA,TSLA260904C00610000,TSLA,2026-09-04,C,610.0,0.0,0.0,0.01,33.0,2.0306,865.0,0.0,0.0002,0.0,0.0002,-0.0026,0.0,0.0026,0.0,0.0,0.0,0.0,down,0.01,2026-09-01T11:13:19,0.0,0.00499999988824129,354.53,2026-09-02 15:44:18,2026-09-02 11:45:02
TSLA,TSLA260904C00615000,TSLA,2026-09-04,C,615.0,0.0,0.0,0.01,30.0,2.0586,191.0,0.0,0.0002,0.0,0.0002,-0.0024,0.0,0.0024,0.0,0.0,0.0,0.0,down,0.01,2026-09-01T10:15:09,0.0,0.00499999988824129,354.53,2026-09-02 15:44:18,2026-09-02 11:45:02
TSLA,TSLA260904C00620000,TSLA,2026-09-04,C,620.0,0.0,0.0,0.01,28.0,2.0863,96.0,0.0,0.0002,0.0,0.0002,-0.0022,0.0,0.0022,0.0,0.0,0.0,0.0,down,0.01,2026-09-01T10:13:21,0.0,0.00499999988824129,354.53,2026-09-02 15:44:18,2026-09-02 11:45:02
TSLA,TSLA260904C00625000,TSLA,2026-09-04,C,625.0,0.0,0.0,0.01,16.0,2.1137,223.0,0.0,0.0002,0.0,0.0002,-0.0021,0.0,0.0021,0.0,0.0,0.0,0.0,down,0.01,2026-09-01T10:11:05,0.0,0.00499999988824129,354.53,2026-09-02 15:44:18,2026-09-02 11:45:02
TSLA,TSLA260904C00630000,TSLA,2026-09-04,C,630.0,0.0,0.0,0.01,16.0,2.1409,774.0,0.0,0.0002,0.0,0.0002,-0.002,0.0,0.0019,0.0,0.0,0.0,0.0,no_change,0.01,2026-08-31T09:58:37,0.0,0.00499999988824129,354.53,2026-09-02 15:44:18,2026-09-02 11:45:02
TSLA,TSLA260904C00640000,TSLA,2026-09-04,C,640.0,0.0,0.0,0.01,28.0,2.1945,412.0,0.0,0.0001,0.0,0.0001,-0.0017,0.0,0.0017,0.0,0.0,0.0,0.0,no_change,0.05,2026-09-01T10:22:53,0.0,0.00499999988824129,354.53,2026-09-02 15:44:18,2026-09-02 11:45:02
TSLA,TSLA260904C00650000,TSLA,2026-09-04,C,650.0,0.0,0.0,0.01,13.0,2.2471,203.0,0.0,0.0001,0.0,0.0001,-0.0015,0.0,0.0015,0.0,0.0,0.0,0.0,no_change,0.04,2026-09-01T10:12:14,0.0,0.00499999988824129,354.53,2026-09-02 15:44:18,2026-09-02 11:45:02
TSLA,TSLA260904C00660000,TSLA,2026-09-04,C,660.0,0.0,0.0,0.01,1000.0,2.2988,189.0,0.0,0.0001,0.0,0.0001,-0.0013,0.0,0.0013,0.0,0.0,0.0,0.0,no_change,0.01,2026-08-28T10:56:33,0.0,0.00499999988824129,354.53,2026-09-02 15:44:18,2026-09-02 11:45:02
TSLA,TSLA260904C00670000,TSLA,2026-09-04,C,670.0,0.0,0.0,0.01,1000.0,2.3496,204.0,0.0,0.0001,0.0,0.0001,-0.0011,0.0,0.0011,0.0,0.0,0.0,0.0,up,0.02,2026-08-25T15:43:10,0.0,0.00499999988824129,354.53,2026-09-02 15:44:18,2026-09-02 11:45:02
TSLA,TSLA260904C00680000,TSLA,2026-09-04,C,680.0,0.0,0.0,0.01,21007.0,2.3996,287.0,0.0,0.0001,0.0,0.0001,-0.001,0.0,0.001,0.0,0.0,0.0,0.0,no_change,0.02,2026-08-27T10:09:00,0.0,0.00499999988824129,354.53,2026-09-02 15:44:18,2026-09-02 11:45:02
TSLA,TSLA260904P00050000,TSLA,2026-09-04,P,50.0,0.0,0.0,0.01,1000.0,7.3372,2.0,0.0,-0.0002,0.0,0.0002,-0.009,0.0,0.0089,0.0,0.0,0.0,0.0,up,0.16,2026-09-01T09:30:00,0.0,0.00499999988824129,354.53,2026-09-02 15:44:18,2026-09-02 11:45:02
TSLA,TSLA260904P00060000,TSLA,2026-09-04,P,60.0,0.0,0.0,0.01,1000.0,6.6544,2.0,0.0,-0.0002,0.0,0.0002,-0.0092,0.0,0.0092,0.0,0.0,0.0,0.0,no_change,0.04,2026-08-06T12:45:21,0.0,0.00499999988824129,354.53,2026-09-02 15:44:18,2026-09-02 11:45:02
TSLA,TSLA260904P00070000,TSLA,2026-09-04,P,70.0,0.0,0.0,0.01,1000.0,6.0807,0.0,0.0,-0.0002,0.0,0.0002,-0.0094,0.0,0.0094,0.0,0.0,0.0,0.0,no_change,0.0,,0.0,0.00499999988824129,354.53,2026-09-02 15:44:18,2026-09-02 11:45:02
TSLA,TSLA260904P00080000,TSLA,2026-09-04,P,80.0,0.0,0.0,0.01,21037.0,5.5861,1.0,0.0,-0.0002,0.0,0.0002,-0.0096,0.0,0.0096,0.0,0.0,0.0,0.0,up,0.14,2026-07-27T10:55:25,0.0,0.00499999988824129,354.53,2026-09-02 15:44:18,2026-09-02 11:45:02
TSLA,TSLA260904P00090000,TSLA,2026-09-04,P,90.0,0.0,0.0,0.01,1000.0,5.1513,1002.0,0.0,-0.0002,0.0,0.0002,-0.0098,0.0,0.0098,0.0,0.0,0.0,0.0,down,0.01,2026-08-27T15:54:01,0.0,0.00499999988824129,354.53,2026-09-02 15:44:18,2026-09-02 11:45:02
TSLA,TSLA260904P00100000,TSLA,2026-09-04,P,100.0,0.0,0.0,0.01,1000.0,4.7635,1927.0,0.0,-0.0003,0.0,0.0003,-0.01,0.0,0.01,0.0,0.0,0.0,0.0,no_change,0.01,2026-08-27T15:54:19,0.0,0.00499999988824129,354.53,2026-09-02 15:44:18,2026-09-02 11:45:02
TSLA,TSLA260904P00110000,TSLA,2026-09-04,P,110.0,0.0,0.0,0.01,20037.0,4.4134,2229.0,0.0,-0.0003,0.0,0.0003,-0.0103,0.0,0.0102,0.0,0.0,0.0,0.0,no_change,0.01,2026-08-27T15:54:01,0.0,0.00499999988824129,354.53,2026-09-02 15:44:18,2026-09-02 11:45:02
TSLA,TSLA260904P00120000,TSLA,2026-09-04,P,120.0,0.0,0.0,0.01,1000.0,4.0943,17.0,0.0,-0.0003,0.0,0.0003,-0.0106,0.0,0.0105,0.0,0.0,0.0,0.0,up,0.13,2026-08-06T12:39:39,0.0,0.00499999988824129,354.53,2026-09-02 15:44:18,2026-09-02 11:45:02
TSLA,TSLA260904P00130000,TSLA,2026-09-04,P,130.0,0.0,0.0,0.01,1776.0,3.801,22350.0,0.0,-0.0004,0.0,0.0004,-0.0109,0.0,0.0108,0.0,0.0,0.0,0.0,no_change,0.01,2026-08-31T10:38:08,0.0,0.00499999988824129,354.53,2026-09-02 15:44:18,2026-09-02 11:45:02
TSLA,TSLA260904P00140000,TSLA,2026-09-04,P,140.0,0.0,0.0,0.01,1395.0,3.5296,10995.0,1.0,-0.0004,0.0,0.0004,-0.0113,0.0,0.0112,0.005,0.01,0.01,0.01,no_change,0.01,2026-09-02T09:34:55,100.0,0.00499999988824129,354.53,2026-09-02 15:44:18,2026-09-02 11:45:02
TSLA,TSLA260904P00150000,TSLA,2026-09-04,P,150.0,0.0,0.0,0.01,150.0,3.277,724.0,0.0,-0.0005,0.0,0.0004,-0.0118,0.0,0.0117,0.0,0.0,0.0,0.0,no_change,0.01,2026-09-01T09:54:53,0.0,0.00499999988824129,354.53,2026-09-02 15:44:18,2026-09-02 11:45:02
TSLA,TSLA260904P00160000,TSLA,2026-09-04,P,160.0,0.0,0.0,0.01,333.0,3.0406,2034.0,3.0,-0.0005,0.0,0.0005,-0.0123,0.0,0.0123,0.005,0.01,0.01,0.01,no_change,0.01,2026-09-02T09:41:15,100.0,0.00499999988824129,354.53,2026-09-02 15:44:18,2026-09-02 11:45:02
TSLA,TSLA260904P00170000,TSLA,2026-09-04,P,170.0,0.0,0.0,0.01,150.0,2.8185,510.0,0.0,-0.0006,0.0,0.0006,-0.013,0.0,0.0129,0.0,0.0,0.0,0.0,no_change,0.01,2026-09-01T10:21:07,0.0,0.00499999988824129,354.53,2026-09-02 15:44:18,2026-09-02 11:45:02
TSLA,TSLA260904P00180000,TSLA,2026-09-04,P,180.0,0.0,0.0,0.01,150.0,2.6089,5508.0,0.0,-0.0007,0.0,0.0006,-0.0138,0.0,0.0137,0.0,0.0,0.0,0.0,no_change,0.01,2026-09-01T10:20:44,0.0,0.00499999988824129,354.53,2026-09-02 15:44:18,2026-09-02 11:45:02
TSLA,TSLA260904P00190000,TSLA,2026-09-04,P,190.0,0.0,0.0,0.01,150.0,2.4103,303.0,0.0,-0.0008,0.0,0.0007,-0.0147,0.0,0.0147,0.0,0.0,0.0,0.0,up,0.02,2026-09-01T10:14:42,0.0,0.00499999988824129,354.53,2026-09-02 15:44:18,2026-09-02 11:45:02
TSLA,TSLA260904P00200000,TSLA,2026-09-04,P,200.0,0.0,0.0,0.01,150.0,2.2216,6381.0,1.0,-0.0009,0.0,0.0008,-0.0158,0.0,0.0158,0.005,0.01,0.01,0.01,no_change,0.01,2026-09-02T09:35:02,100.0,0.00499999988824129,354.53,2026-09-02 15:44:18,2026-09-02 11:45:02
TSLA,TSLA260904P00210000,TSLA,2026-09-04,P,210.0,0.0,0.0,0.01,150.0,2.0418,4100.0,101.0,-0.001,0.0001,0.0009,-0.0172,0.0,0.0172,0.0,0.01,0.01,0.01,no_change,0.01,2026-09-02T09:46:58,2.23517e-06,0.00999999977648258,354.53,2026-09-02 15:44:18,2026-09-02 11:45:02
TSLA,TSLA260904P00220000,TSLA,2026-09-04,P,220.0,0.0,0.0,0.01,25.0,1.87,5682.0,223.0,-0.0012,0.0001,0.0011,-0.0189,-0.0001,0.0189,0.01,0.02,0.02,0.01,no_change,0.02,2026-09-02T10:54:30,100.0,0.00999999977648258,354.53,2026-09-02 15:44:18,2026-09-02 11:45:02
TSLA,TSLA260904P00230000,TSLA,2026-09-04,P,230.0,0.01,62.0,0.02,40.0,1.8592,638.0,171.0,-0.0014,0.0001,0.0013,-0.021,-0.0001,0.021,-0.005,0.01,0.02,0.01,no_change,0.02,2026-09-02T11:26:15,-20.0,0.0249999994412065,354.53,2026-09-02 15:44:18,2026-09-02 11:45:02
TSLA,TSLA260904P00235000,TSLA,2026-09-04,P,235.0,0.01,189.0,0.03,208.0,1.8178,111.0,7.0,-0.0016,0.0001,0.0014,-0.0222,-0.0001,0.0223,-0.005,0.02,0.02,0.02,no_change,0.02,2026-09-02T10:28:26,-20.0,0.0249999994412065,354.53,2026-09-02 15:44:18,2026-09-02 11:45:02
TSLA,TSLA260904P00240000,TSLA,2026-09-04,P,240.0,0.01,132.0,0.03,192.0,1.7313,4923.0,21.0,-0.0018,0.0001,0.0015,-0.0236,-0.0001,0.0237,0.005,0.01,0.02,0.01,up,0.02,2026-09-02T10:32:06,33.3333,0.0149999996647239,354.53,2026-09-02 15:44:18,2026-09-02 11:45:02
TSLA,TSLA260904P00245000,TSLA,2026-09-04,P,245.0,0.01,128.0,0.04,176.0,1.6802,1196.0,0.0,-0.0019,0.0001,0.0017,-0.0252,-0.0001,0.0253,0.0,0.0,0.0,0.0,no_change,0.02,2026-09-01T14:55:06,0.0,0.0199999995529652,354.53,2026-09-02 15:44:18,2026-09-02 11:45:02
TSLA,TSLA260904P00250000,TSLA,2026-09-04,P,250.0,0.01,131.0,0.04,161.0,1.5952,1047.0,0.0,-0.0022,0.0001,0.0018,-0.027,-0.0001,0.0271,0.0,0.0,0.0,0.0,up,0.03,2026-09-01T13:59:58,0.0,0.0199999995529652,354.53,2026-09-02 15:44:18,2026-09-02 11:45:02
TSLA,TSLA260904P00255000,TSLA,2026-09-04,P,255.0,0.01,128.0,0.04,132.0,1.5117,940.0,0.0,-0.0024,0.0002,0.002,-0.029,-0.0001,0.0292,0.0,0.0,0.0,0.0,down,0.03,2026-09-01T15:20:46,0.0,0.0199999995529652,354.53,2026-09-02 15:44:18,2026-09-02 11:45:02
TSLA,TSLA260904P00260000,TSLA,2026-09-04,P,260.0,0.01,139.0,0.04,136.0,1.4296,1095.0,0.0,-0.0027,0.0002,0.0022,-0.0313,-0.0001,0.0316,0.0,0.0,0.0,0.0,no_change,0.03,2026-09-01T15:21:24,0.0,0.0249999994412065,354.53,2026-09-02 15:44:18,2026-09-02 11:45:02
TSLA,TSLA260904P00265000,TSLA,2026-09-04,P,265.0,0.02,114.0,0.04,185.0,1.3728,1083.0,7.0,-0.0031,0.0002,0.0025,-0.034,-0.0001,0.0343,-0.01,0.04,0.04,0.02,down,0.02,2026-09-02T11:16:46,-33.3333,0.0299999993294477,354.53,2026-09-02 15:44:18,2026-09-02 11:45:02
TSLA,TSLA260904P00270000,TSLA,2026-09-04,P,270.0,0.02,344.0,0.05,345.0,1.3122,3276.0,13.0,-0.0035,0.0003,0.0028,-0.0371,-0.0002,0.0376,0.005,0.04,0.04,0.04,no_change,0.04,2026-09-02T10:22:51,14.2857,0.0350000001490116,354.53,2026-09-02 15:44:18,2026-09-02 11:45:02
TSLA,TSLA260904P00275000,TSLA,2026-09-04,P,275.0,0.03,211.0,0.04,125.0,1.2315,1116.0,121.0,-0.004,0.0003,0.0032,-0.0408,-0.0002,0.0414,0.0,0.04,0.05,0.04,down,0.04,2026-09-02T10:32:11,-9.31323e-08,0.0400000000372529,354.53,2026-09-02 15:44:18,2026-09-02 11:45:02
TSLA,TSLA260904P00280000,TSLA,2026-09-04,P,280.0,0.04,124.0,0.05,132.0,1.183,4296.0,17.0,-0.0046,0.0004,0.0037,-0.0451,-0.0002,0.0459,-0.005,0.04,0.06,0.04,no_change,0.04,2026-09-02T11:01:18,-11.1111,0.0449999999254942,354.53,2026-09-02 15:44:18,2026-09-02 11:45:02
TSLA,TSLA260904P00285000,TSLA,2026-09-04,P,285.0,0.04,208.0,0.06,292.0,1.1155,3606.0,10.0,-0.0054,0.0005,0.0042,-0.0502,-0.0003,0.0513,0.01,0.05,0.07,0.05,down,0.06,2026-09-02T10:11:18,20.0,0.0499999988824129,354.53,2026-09-02 15:44:18,2026-09-02 11:45:02
TSLA,TSLA260904P00290000,TSLA,2026-09-04,P,290.0,0.05,194.0,0.07,190.0,1.0572,3482.0,22.0,-0.0063,0.0006,0.0049,-0.0564,-0.0003,0.0579,-0.01,0.05,0.08,0.05,down,0.05,2026-09-02T11:11:14,-16.6667,0.0600000005215406,354.53,2026-09-02 15:44:18,2026-09-02 11:45:02
TSLA,TSLA260904P00292500,TSLA,2026-09-04,P,292.5,0.06,173.0,0.07,184.0,1.0264,820.0,650.0,-0.0069,0.0007,0.0053,-0.06,-0.0003,0.0617,-0.005,0.08,0.08,0.06,up,0.07,2026-09-02T11:17:46,-6.66667,0.0749999992549419,354.53,2026-09-02 15:44:18,2026-09-02 11:45:02
TSLA,TSLA260904P00295000,TSLA,2026-09-04,P,295.0,0.06,187.0,0.08,265.0,0.9948,2048.0,43.0,-0.0076,0.0008,0.0057,-0.064,-0.0004,0.0659,-0.01,0.07,0.08,0.07,no_change,0.07,2026-09-02T11:18:19,-12.5,0.080000001937151,354.53,2026-09-02 15:44:18,2026-09-02 11:45:02
TSLA,TSLA260904P00297500,TSLA,2026-09-04,P,297.5,0.07,178.0,0.08,260.0,0.9623,196.0,67.0,-0.0083,0.0008,0.0062,-0.0684,-0.0004,0.0707,-0.015,0.09,0.09,0.07,down,0.07,2026-09-02T11:19:56,-17.6471,0.0850000008940697,354.53,2026-09-02 15:44:18,2026-09-02 11:45:02
TSLA,TSLA260904P00300000,TSLA,2026-09-04,P,300.0,0.07,342.0,0.09,352.0,0.9289,5821.0,277.0,-0.0092,0.001,0.0068,-0.0738,-0.0004,0.0766,-0.015,0.09,0.11,0.08,down,0.08,2026-09-02T11:09:52,-15.7895,0.0950000025331974,354.53,2026-09-02 15:44:18,2026-09-02 11:45:02
TSLA,TSLA260904P00302500,TSLA,2026-09-04,P,302.5,0.08,548.0,0.1,253.0,0.9016,277.0,136.0,-0.0102,0.0011,0.0074,-0.0794,-0.0005,0.0827,-0.02,0.09,0.1,0.08,down,0.08,2026-09-02T11:15:29,-20.0,0.100000001490116,354.53,2026-09-02 15:44:18,2026-09-02 11:45:02
TSLA,TSLA260904P00305000,TSLA,2026-09-04,P,305.0,0.08,232.0,0.1,192.0,0.8605,7769.0,58.0,-0.0113,0.0012,0.0082,-0.0857,-0.0005,0.0897,-0.02,0.11,0.12,0.09,down,0.09,2026-09-02T11:19:37,-18.1818,0.109999999403954,354.53,2026-09-02 15:44:18,2026-09-02 11:45:02
TSLA,TSLA260904P00307500,TSLA,2026-09-04,P,307.5,0.09,287.0,0.11,252.0,0.8312,716.0,66.0,-0.0126,0.0014,0.009,-0.0929,-0.0006,0.0977,-0.015,0.09,0.13,0.09,no_change,0.1,2026-09-02T11:09:40,-13.0435,0.114999998360872,354.53,2026-09-02 15:44:18,2026-09-02 11:45:02
TSLA,TSLA260904P00310000,TSLA,2026-09-04,P,310.0,0.1,369.0,0.12,399.0,0.8006,1978.0,293.0,-0.0141,0.0016,0.0099,-0.1007,-0.0007,0.1065,-0.005,0.11,0.14,0.1,no_change,0.12,2026-09-02T11:21:51,-4.0,0.12499999627471,354.53,2026-09-02 15:44:18,2026-09-02 11:45:02
TSLA,TSLA260904P00312500,TSLA,2026-09-04,P,312.5,0.11,214.0,0.13,209.0,0.7684,1392.0,110.0,-0.0159,0.0019,0.011,-0.1104,-0.0008,0.1175,-0.025,0.1,0.16,0.1,no_change,0.11,2026-09-02T11:25:18,-18.5185,0.134999997913837,354.53,2026-09-02 15:44:18,2026-09-02 11:45:02
TSLA,TSLA260904P00315000,TSLA,2026-09-04,P,315.0,0.12,224.0,0.14,198.0,0.735,3670.0,237.0,-0.0182,0.0022,0.0123,-0.122,-0.0009,0.1309,-0.02,0.13,0.19,0.1,no_change,0.13,2026-09-02T11:10:14,-13.3333,0.149999998509884,354.53,2026-09-02 15:44:18,2026-09-02 11:45:02
TSLA,TSLA260904P00317500,TSLA,2026-09-04,P,317.5,0.14,202.0,0.16,217.0,0.708,1241.0,50.0,-0.0209,0.0026,0.0139,-0.136,-0.001,0.1474,-0.025,0.1,0.21,0.1,down,0.14,2026-09-02T11:22:57,-15.1515,0.16499999910593,354.53,2026-09-02 15:44:18,2026-09-02 11:45:02
TSLA,TSLA260904P00320000,TSLA,2026-09-04,P,320.0,0.16,226.0,0.17,290.0,0.6752,3262.0,667.0,-0.0244,0.003,0.0159,-0.1537,-0.0012,0.1685,-0.015,0.12,0.27,0.1,no_change,0.17,2026-09-02T11:28:13,-8.10811,0.185000002384186,354.53,2026-09-02 15:44:18,2026-09-02 11:45:02
TSLA,TSLA260904P00322500,TSLA,2026-09-04,P,322.5,0.18,178.0,0.2,60.0,0.6466,1011.0,218.0,-0.0289,0.0037,0.0183,-0.1765,-0.0014,0.1963,-0.02,0.19,0.33,0.14,no_change,0.19,2026-09-02T11:27:45,-9.52381,0.21000000089407,354.53,2026-09-02 15:44:18,2026-09-02 11:45:02
TSLA,TSLA260904P00325000,TSLA,2026-09-04,P,325.0,0.22,175.0,0.24,139.0,0.6229,2378.0,342.0,-0.0348,0.0044,0.0214,-0.2064,-0.0017,0.234,-0.01,0.19,0.42,0.14,up,0.24,2026-09-02T11:28:00,-4.0,0.249999992549419,354.53,2026-09-02 15:44:18,2026-09-02 11:45:02
TSLA,TSLA260904P00327500,TSLA,2026-09-04,P,327.5,0.27,173.0,0.29,78.0,0.599,1028.0,6847.0,-0.0428,0.0055,0.0253,-0.2465,-0.002,0.2862,-0.03,0.28,0.52,0.17,no_change,0.27,2026-09-02T11:28:10,-10.0,0.299999997019768,354.53,2026-09-02 15:44:18,2026-09-02 11:45:02
TSLA,TSLA260904P00330000,TSLA,2026-09-04,P,330.0,0.35,85.0,0.37,157.0,0.581,4081.0,1795.0,-0.0536,0.0068,0.0303,-0.3002,-0.0025,0.3598,-0.03,0.25,0.68,0.18,no_change,0.34,2026-09-02T11:23:27,-8.10811,0.370000004768372,354.53,2026-09-02 15:44:18,2026-09-02 11:45:02
TSLA,TSLA260904P00332500,TSLA,2026-09-04,P,332.5,0.45,109.0,0.47,85.0,0.5618,3254.0,1328.0,-0.0683,0.0084,0.0366,-0.3719,-0.0032,0.4644,-0.01,0.35,0.89,0.23,no_change,0.46,2026-09-02T11:29:02,-2.12766,0.469999998807907,354.53,2026-09-02 15:44:18,2026-09-02 11:45:02
TSLA,TSLA260904P00335000,TSLA,2026-09-04,P,335.0,0.6,73.0,0.62,99.0,0.5474,2499.0,2612.0,-0.0881,0.0105,0.0443,-0.4655,-0.0042,0.6128,0.01,0.38,1.19,0.33,up,0.62,2026-09-02T11:29:01,1.63934,0.610000014305115,354.53,2026-09-02 15:44:18,2026-09-02 11:45:02
TSLA,TSLA260904P00337500,TSLA,2026-09-04,P,337.5,0.81,47.0,0.83,53.0,0.5356,1529.0,2405.0,-0.1142,0.013,0.0535,-0.5837,-0.0053,0.8218,-0.04,0.48,1.55,0.4,up,0.76,2026-09-02T11:27:28,-5.0,0.800000011920929,354.53,2026-09-02 15:44:18,2026-09-02 11:45:02
TSLA,TSLA260904P00340000,TSLA,2026-09-04,P,340.0,1.1,58.0,1.13,149.0,0.5269,5011.0,5680.0,-0.1478,0.0159,0.064,-0.7263,-0.0068,1.1125,0.065,0.63,2.11,0.55,down,1.13,2026-09-02T11:29:10,6.10329,1.06499999761581,354.53,2026-09-02 15:44:18,2026-09-02 11:45:02
TSLA,TSLA260904P00342500,TSLA,2026-09-04,P,342.5,1.51,12.0,1.53,35.0,0.5219,2171.0,3935.0,-0.19,0.0189,0.0751,-0.8887,-0.0086,1.5101,0.09,0.85,2.75,0.81,down,1.51,2026-09-02T11:29:17,6.33803,1.41999995708466,354.53,2026-09-02 15:44:18,2026-09-02 11:45:02
TSLA,TSLA260904P00345000,TSLA,2026-09-04,P,345.0,2.04,30.0,2.07,21.0,0.518,3452.0,9718.0,-0.2408,0.0219,0.0861,-1.0604,-0.0106,2.0416,0.205,1.14,3.6,1.03,up,2.1,2026-09-02T11:29:08,10.8179,1.89499998092651,354.53,2026-09-02 15:44:18,2026-09-02 11:45:02
TSLA,TSLA260904P00347500,TSLA,2026-09-04,P,347.5,2.74,2.0,2.77,46.0,0.5172,2883.0,4851.0,-0.2996,0.0245,0.0959,-1.2251,-0.0127,2.7323,0.245,1.53,4.6,1.53,no_change,2.74,2026-09-02T11:29:17,9.81964,2.49500000476837,354.53,2026-09-02 15:44:18,2026-09-02 11:45:02
TSLA,TSLA260904P00350000,TSLA,2026-09-04,P,350.0,3.6,2.0,3.65,223.0,0.5195,6589.0,17108.0,-0.3646,0.0265,0.1036,-1.3639,-0.0149,3.6016,0.37,2.08,5.8,2.01,no_change,3.62,2026-09-02T11:29:14,11.3846,3.25,354.53,2026-09-02 15:44:18,2026-09-02 11:45:02
TSLA,TSLA260904P00352500,TSLA,2026-09-04,P,352.5,4.6,64.0,4.7,70.0,0.5185,2846.0,12963.0,-0.4334,0.0277,0.1084,-1.4594,-0.0169,4.6592,0.51,2.75,7.2,2.75,up,4.71,2026-09-02T11:29:08,12.1429,4.20000004768372,354.53,2026-09-02 15:44:18,2026-09-02 11:45:02
TSLA,TSLA260904P00355000,TSLA,2026-09-04,P,355.0,5.85,30.0,5.95,85.0,0.5199,5211.0,9753.0,-0.5031,0.028,0.1098,-1.5004,-0.0185,5.9064,0.6,3.5,8.8,3.5,down,5.9,2026-09-02T11:29:01,11.3208,5.29999995231628,354.53,2026-09-02 15:44:18,2026-09-02 11:45:02
TSLA,TSLA260904P00357500,TSLA,2026-09-04,P,357.5,7.25,34.0,7.35,9.0,0.5236,1667.0,5112.0,-0.5714,0.0273,0.108,-1.4842,-0.0197,7.3372,0.735,4.5,10.43,4.4,up,7.31,2026-09-02T11:29:14,11.1787,6.57500004768372,354.53,2026-09-02 15:44:18,2026-09-02 11:45:02
TSLA,TSLA260904P00360000,TSLA,2026-09-04,P,360.0,8.85,32.0,8.95,36.0,0.5282,4566.0,11625.0,-0.6361,0.026,0.1031,-1.4159,-0.0202,8.9412,0.95,5.6,12.32,5.6,no_change,8.95,2026-09-02T11:28:57,11.875,8.0,354.53,2026-09-02 15:44:18,2026-09-02 11:45:02
TSLA,TSLA260904P00362500,TSLA,2026-09-04,P,362.5,10.6,11.0,10.75,62.0,0.5326,1434.0,777.0,-0.6954,0.024,0.0967,-1.3071,-0.0202,10.7042,1.075,7.67,14.01,7.67,no_change,10.7,2026-09-02T11:29:08,11.1688,9.625,354.53,2026-09-02 15:44:18,2026-09-02 11:45:02
TSLA,TSLA260904P00365000,TSLA,2026-09-04,P,365.0,12.55,1.0,12.65,22.0,0.5442,2139.0,3415.0,-0.7482,0.0216,0.0882,-1.1714,-0.0227,12.6108,1.225,9.6,16.27,9.25,no_change,12.6,2026-09-02T11:29:07,10.7692,11.375,354.53,2026-09-02 15:44:18,2026-09-02 11:45:02
TSLA,TSLA260904P00367500,TSLA,2026-09-04,P,367.5,14.55,9.0,14.75,41.0,0.5518,554.0,1902.0,-0.7939,0.0191,0.0787,-1.024,-0.0217,14.6414,0.65,11.6,18.25,10.9,no_change,13.9,2026-09-02T11:26:42,4.90566,13.25,354.53,2026-09-02 15:44:18,2026-09-02 11:45:02
TSLA,TSLA260904P00370000,TSLA,2026-09-04,P,370.0,16.65,12.0,16.8,9.0,0.5563,2226.0,3566.0,-0.8324,0.0166,0.0689,-0.8785,-0.0201,16.7762,1.325,12.52,20.65,12.52,up,16.6,2026-09-02T11:28:32,8.6743,15.2750000953674,354.53,2026-09-02 15:44:18,2026-09-02 11:45:02
TSLA,TSLA260904P00372500,TSLA,2026-09-04,P,372.5,18.35,131.0,19.2,49.0,0.5321,221.0,56.0,-0.8641,0.0142,0.0594,-0.7446,-0.018,18.9955,1.05,15.2,22.6,15.2,no_change,18.45,2026-09-02T11:17:30,6.03448,17.3999996185303,354.53,2026-09-02 15:44:18,2026-09-02 11:45:02
TSLA,TSLA260904P00375000,TSLA,2026-09-04,P,375.0,21.15,14.0,21.45,54.0,0.5965,258.0,51.0,-0.8898,0.0121,0.0523,-0.627,-0.0192,21.2837,1.325,25.1,25.1,20.0,no_change,21.25,2026-09-02T11:29:15,6.64994,19.9250001907349,354.53,2026-09-02 15:44:18,2026-09-02 11:45:02
TSLA,TSLA260904P00377500,TSLA,2026-09-04,P,377.5,22.95,45.0,23.8,16.0,0.5339,33.0,43.0,-0.9102,0.0102,0.0443,-0.5278,-0.0164,23.6253,2.625,20.2,27.59,20.2,down,24.9,2026-09-02T11:06:22,11.7845,22.2749996185303,354.53,2026-09-02 15:44:18,2026-09-02 11:45:02
TSLA,TSLA260904P00380000,TSLA,2026-09-04,P,380.0,25.3,134.0,26.15,31.0,0.5229,209.0,22.0,-0.9264,0.0087,0.0391,-0.4466,-0.0158,26.0044,1.575,22.5,29.97,22.5,down,26.05,2026-09-02T11:29:07,6.43514,24.4750003814697,354.53,2026-09-02 15:44:18,2026-09-02 11:45:02
TSLA,TSLA260904P00382500,TSLA,2026-09-04,P,382.5,27.7,43.0,28.75,28.0,0.562,47.0,19.0,-0.9391,0.0073,0.0329,-0.3808,-0.0141,28.4157,3.775,29.23,31.95,27.05,down,30.4,2026-09-02T11:04:04,14.1784,26.625,354.53,2026-09-02 15:44:18,2026-09-02 11:45:02
TSLA,TSLA260904P00385000,TSLA,2026-09-04,P,385.0,30.15,103.0,31.1,44.0,0.5443,301.0,12.0,-0.9492,0.0062,0.0293,-0.3278,-0.0146,30.8461,1.875,32.8,32.8,29.85,up,30.95,2026-09-02T10:51:24,6.44884,29.0749998092651,354.53,2026-09-02 15:44:18,2026-09-02 11:45:02
TSLA,TSLA260904P00387500,TSLA,2026-09-04,P,387.5,32.6,86.0,33.9,110.0,0.6498,128.0,4.0,-0.9571,0.0053,0.0245,-0.2851,-0.0112,33.2937,3.7,35.5,35.55,35.5,up,35.55,2026-09-02T10:56:32,11.617,31.8499994277954,354.53,2026-09-02 15:44:18,2026-09-02 11:45:02
TSLA,TSLA260904P00390000,TSLA,2026-09-04,P,390.0,35.0,89.0,36.15,40.0,0.566,179.0,3.0,-0.9636,0.0046,0.0219,-0.2506,-0.0116,35.7522,4.225,38.23,38.71,38.23,down,38.5,2026-09-02T10:57:43,12.3268,34.2749996185303,354.53,2026-09-02 15:44:18,2026-09-02 11:45:02
TSLA,TSLA260904P00392500,TSLA,2026-09-04,P,392.5,36.4,33.0,39.75,19.0,0.598,5.0,0.0,-0.9689,0.0039,0.0196,-0.2218,-0.0101,38.2182,0.0,0.0,0.0,0.0,down,36.49,2026-09-01T15:23:05,0.0,36.8500003814697,354.53,2026-09-02 15:44:18,2026-09-02 11:45:02
TSLA,TSLA260904P00395000,TSLA,2026-09-04,P,395.0,39.85,101.0,41.3,43.0,0.6294,252.0,5.0,-0.9731,0.0034,0.0167,-0.1983,-0.0086,40.6919,1.57,40.52,40.52,40.52,up,40.52,2026-09-02T10:52:34,4.03081,38.9500007629394,354.53,2026-09-02 15:44:18,2026-09-02 11:45:02
TSLA,TSLA260904P00397500,TSLA,2026-09-04,P,397.5,41.25,33.0,44.65,19.0,0.0,10.0,0.0,-0.9767,0.003,0.0149,-0.179,-0.0087,43.1703,0.0,0.0,0.0,0.0,down,43.04,2026-08-27T15:12:06,0.0,41.8249988555908,354.53,2026-09-02 15:44:18,2026-09-02 11:45:02
TSLA,TSLA260904P00400000,TSLA,2026-09-04,P,400.0,45.3,30.0,46.35,42.0,0.8693,164.0,1.0,-0.9797,0.0026,0.0136,-0.1623,-0.0089,45.6518,4.675,48.8,48.8,48.8,up,48.8,2026-09-02T10:08:47,10.5949,44.125,354.53,2026-09-02 15:44:18,2026-09-02 11:45:02
TSLA,TSLA260904P00402500,TSLA,2026-09-04,P,402.5,47.3,22.0,48.65,17.0,0.0,40.0,0.0,-0.9822,0.0023,0.0119,-0.1483,-0.0078,48.1365,0.0,0.0,0.0,0.0,down,35.0,2026-08-31T15:59:01,0.0,46.5499992370606,354.53,2026-09-02 15:44:18,2026-09-02 11:45:02
TSLA,TSLA260904P00405000,TSLA,2026-09-04,P,405.0,49.7,33.0,51.15,22.0,0.0,43.0,0.0,-0.9842,0.002,0.0107,-0.1364,-0.0061,50.6239,0.0,0.0,0.0,0.0,no_change,37.8,2026-08-31T14:22:08,0.0,49.2749996185303,354.53,2026-09-02 15:44:18,2026-09-02 11:45:02
TSLA,TSLA260904P00407500,TSLA,2026-09-04,P,407.5,52.2,36.0,53.65,18.0,0.0,0.0,0.0,-0.986,0.0018,0.0094,-0.1267,-0.0062,53.1136,0.0,0.0,0.0,0.0,no_change,0.0,,0.0,51.7749996185303,354.53,2026-09-02 15:44:18,2026-09-02 11:45:02
TSLA,TSLA260904P00410000,TSLA,2026-09-04,P,410.0,53.35,33.0,56.55,18.0,0.0,7.0,0.0,-0.9875,0.0016,0.0087,-0.1182,-0.0063,55.6045,0.0,0.0,0.0,0.0,up,50.0,2026-09-01T09:30:25,0.0,54.25,354.53,2026-09-02 15:44:18,2026-09-02 11:45:02
TSLA,TSLA260904P00412500,TSLA,2026-09-04,P,412.5,55.85,33.0,59.6,19.0,0.0,22.0,0.0,-0.9889,0.0014,0.0081,-0.1105,-0.0064,58.0964,0.0,0.0,0.0,0.0,no_change,45.94,2026-08-31T15:39:32,0.0,56.75,354.53,2026-09-02 15:44:18,2026-09-02 11:45:02
TSLA,TSLA260904P00415000,TSLA,2026-09-04,P,415.0,58.1,37.0,60.95,15.0,0.0,0.0,0.0,-0.99,0.0013,0.0071,-0.104,-0.0056,60.5897,0.0,0.0,0.0,0.0,down,69.13,2026-08-26T15:18:50,0.0,59.2749996185303,354.53,2026-09-02 15:44:18,2026-09-02 11:45:02
TSLA,TSLA260904P00417500,TSLA,2026-09-04,P,417.5,62.2,37.0,63.35,17.0,0.0,0.0,0.0,-0.991,0.0011,0.0066,-0.0982,-0.0056,63.0837,0.0,0.0,0.0,0.0,no_change,0.0,,0.0,61.7749996185303,354.53,2026-09-02 15:44:18,2026-09-02 11:45:02
TSLA,TSLA260904P00420000,TSLA,2026-09-04,P,420.0,63.65,33.0,66.8,19.0,0.0,0.0,0.0,-0.9918,0.001,0.0058,-0.0933,-0.004,65.5787,0.0,0.0,0.0,0.0,down,59.0,2026-08-31T10:08:58,0.0,63.9500007629394,354.53,2026-09-02 15:44:18,2026-09-02 11:45:02
TSLA,TSLA260904P00422500,TSLA,2026-09-04,P,422.5,67.2,38.0,68.6,19.0,0.0,0.0,0.0,-0.9926,0.0009,0.0052,-0.089,-0.0041,68.0743,0.0,0.0,0.0,0.0,no_change,70.24,2026-08-27T10:32:25,0.0,66.7750015258789,354.53,2026-09-02 15:44:18,2026-09-02 11:45:02
TSLA,TSLA260904P00425000,TSLA,2026-09-04,P,425.0,69.7,38.0,71.2,22.0,0.0,0.0,0.0,-0.9933,0.0008,0.0049,-0.0851,-0.0041,70.5703,0.0,0.0,0.0,0.0,up,72.0,2026-08-24T14:31:11,0.0,69.2750015258789,354.53,2026-09-02 15:44:18,2026-09-02 11:45:02
TSLA,TSLA260904P00427500,TSLA,2026-09-04,P,427.5,72.2,26.0,73.35,22.0,0.0,0.0,0.0,-0.9939,0.0008,0.0047,-0.0815,-0.0042,73.0665,0.0,0.0,0.0,0.0,no_change,0.0,,0.0,71.75,354.53,2026-09-02 15:44:18,2026-09-02 11:45:02
TSLA,TSLA260904P00430000,TSLA,2026-09-04,P,430.0,73.35,37.0,76.8,16.0,0.0,0.0,0.0,-0.9944,0.0007,0.0042,-0.0783,-0.0036,75.5633,0.0,0.0,0.0,0.0,down,67.92,2026-08-31T10:54:42,0.0,74.4749984741211,354.53,2026-09-02 15:44:18,2026-09-02 11:45:02
TSLA,TSLA260904P00432500,TSLA,2026-09-04,P,432.5,77.2,27.0,78.85,21.0,0.0,0.0,0.0,-0.9949,0.0006,0.0039,-0.0754,-0.0037,78.0603,0.0,0.0,0.0,0.0,no_change,80.24,2026-08-27T10:32:25,0.0,76.75,354.53,2026-09-02 15:44:18,2026-09-02 11:45:02
TSLA,TSLA260904P00435000,TSLA,2026-09-04,P,435.0,79.7,31.0,81.1,22.0,0.0,0.0,0.0,-0.9954,0.0006,0.0037,-0.0726,-0.0037,80.5576,0.0,0.0,0.0,0.0,down,105.93,2026-08-07T12:37:35,0.0,79.4250030517578,354.53,2026-09-02 15:44:18,2026-09-02 11:45:02
TSLA,TSLA260904P00437500,TSLA,2026-09-04,P,437.5,82.2,28.0,83.9,19.0,1.0443,0.0,0.0,-0.9958,0.0005,0.0034,-0.0702,-0.0024,83.0551,0.0,0.0,0.0,0.0,no_change,0.0,,0.0,81.7750015258789,354.53,2026-09-02 15:44:18,2026-09-02 11:45:02
TSLA,TSLA260904P00440000,TSLA,2026-09-04,P,440.0,83.45,33.0,87.35,19.0,0.0,0.0,0.0,-0.9961,0.0005,0.0028,-0.0682,-0.0024,85.5531,0.0,0.0,0.0,0.0,down,77.44,2026-08-31T11:26:59,0.0,84.0750007629394,354.53,2026-09-02 15:44:18,2026-09-02 11:45:02
TSLA,TSLA260904P00442500,TSLA,2026-09-04,P,442.5,87.1,34.0,88.9,17.0,0.0,0.0,0.0,-0.9964,0.0004,0.0027,-0.0664,-0.0024,88.0513,0.0,0.0,0.0,0.0,no_change,0.0,,0.0,86.75,354.53,2026-09-02 15:44:18,2026-09-02 11:45:02
TSLA,TSLA260904P00445000,TSLA,2026-09-04,P,445.0,89.7,30.0,91.1,22.0,0.0,0.0,0.0,-0.9967,0.0004,0.0026,-0.0647,-0.0025,90.5495,0.0,0.0,0.0,0.0,down,93.5,2026-08-24T15:31:10,0.0,89.25,354.53,2026-09-02 15:44:18,2026-09-02 11:45:02
TSLA,TSLA260904P00450000,TSLA,2026-09-04,P,450.0,94.6,32.0,96.75,19.0,1.3914,2.0,0.0,-0.9972,0.0003,0.0022,-0.0616,-0.0022,95.5464,0.0,0.0,0.0,0.0,up,90.1,2026-09-01T11:36:27,0.0,94.0499992370606,354.53,2026-09-02 15:44:18,2026-09-02 11:45:02
TSLA,TSLA260904P00455000,TSLA,2026-09-04,P,455.0,99.65,35.0,101.4,22.0,0.0,0.0,0.0,-0.9976,0.0003,0.002,-0.059,-0.0022,100.5438,0.0,0.0,0.0,0.0,no_change,0.0,,0.0,99.2750015258789,354.53,2026-09-02 15:44:18,2026-09-02 11:45:02
TSLA,TSLA260904P00460000,TSLA,2026-09-04,P,460.0,104.8,18.0,105.8,21.0,0.0,0.0,0.0,-0.998,0.0002,0.0018,-0.0567,-0.0018,105.5415,0.0,0.0,0.0,0.0,no_change,0.0,,0.0,104.25,354.53,2026-09-02 15:44:18,2026-09-02 11:45:02
TSLA,TSLA260904P00465000,TSLA,2026-09-04,P,465.0,109.75,17.0,111.15,18.0,0.0,0.0,0.0,-0.9982,0.0002,0.0013,-0.055,-0.0013,110.5398,0.0,0.0,0.0,0.0,no_change,0.0,,0.0,109.225002288818,354.53,2026-09-02 15:44:18,2026-09-02 11:45:02
TSLA,TSLA260904P00470000,TSLA,2026-09-04,P,470.0,114.85,17.0,116.0,21.0,0.0,0.0,0.0,-0.9985,0.0002,0.0012,-0.0535,-0.0013,115.5384,0.0,0.0,0.0,0.0,no_change,0.0,,0.0,114.025001525879,354.53,2026-09-02 15:44:18,2026-09-02 11:45:02
TSLA,TSLA260904P00475000,TSLA,2026-09-04,P,475.0,119.75,22.0,121.15,22.0,0.0,0.0,0.0,-0.9987,0.0001,0.0011,-0.0522,-0.0012,120.5371,0.0,0.0,0.0,0.0,no_change,0.0,,0.0,119.25,354.53,2026-09-02 15:44:18,2026-09-02 11:45:02
TSLA,TSLA260904P00480000,TSLA,2026-09-04,P,480.0,124.8,37.0,126.0,22.0,0.0,0.0,1.0,-0.9989,0.0001,0.001,-0.0511,-0.0012,125.536,1.5,125.5,125.5,125.5,down,125.5,2026-09-02T11:13:35,1.20968,124.0,354.53,2026-09-02 15:44:18,2026-09-02 11:45:02
TSLA,TSLA260904P00485000,TSLA,2026-09-04,P,485.0,129.65,34.0,131.55,22.0,1.6361,0.0,0.0,-0.999,0.0001,0.0009,-0.0501,-0.0012,130.5349,0.0,0.0,0.0,0.0,no_change,0.0,,0.0,129.25,354.53,2026-09-02 15:44:18,2026-09-02 11:45:02
TSLA,TSLA260904P00490000,TSLA,2026-09-04,P,490.0,134.85,17.0,136.0,17.0,0.0,0.0,0.0,-0.9992,0.0001,0.0008,-0.0491,-0.0006,135.534,0.0,0.0,0.0,0.0,no_change,0.0,,0.0,134.0,354.53,2026-09-02 15:44:18,2026-09-02 11:45:02
TSLA,TSLA260904P00495000,TSLA,2026-09-04,P,495.0,140.35,20.0,141.4,19.0,2.0831,0.0,0.0,-0.9993,0.0001,0.0006,-0.0485,-0.0006,140.5334,0.0,0.0,0.0,0.0,no_change,0.0,,0.0,139.200004577637,354.53,2026-09-02 15:44:18,2026-09-02 11:45:02
TSLA,TSLA260904P00500000,TSLA,2026-09-04,P,500.0,144.85,16.0,146.0,16.0,0.0,0.0,0.0,-0.9994,0.0001,0.0005,-0.0479,-0.0006,145.5328,0.0,0.0,0.0,0.0,up,192.3,2026-07-27T12:22:08,0.0,143.925003051758,354.53,2026-09-02 15:44:18,2026-09-02 11:45:02
TSLA,TSLA260904P00505000,TSLA,2026-09-04,P,505.0,149.7,28.0,151.3,22.0,0.0,0.0,7.0,-0.9994,0.0001,0.0005,-0.0474,-0.0006,150.5323,0.47,146.73,154.47,146.71,up,149.72,2026-09-02T10:49:01,0.314908,149.25,354.53,2026-09-02 15:44:18,2026-09-02 11:45:02
TSLA,TSLA260904P00510000,TSLA,2026-09-04,P,510.0,154.8,15.0,156.3,15.0,1.6918,0.0,0.0,-0.9995,0.0001,0.0004,-0.047,-0.0006,155.5319,0.0,0.0,0.0,0.0,no_change,0.0,,0.0,153.949996948242,354.53,2026-09-02 15:44:18,2026-09-02 11:45:02
TSLA,TSLA260904P00515000,TSLA,2026-09-04,P,515.0,159.7,45.0,161.15,27.0,0.0,0.0,1.0,-0.9996,0.0,0.0004,-0.0466,-0.0006,160.5315,-0.875,158.4,158.4,158.4,down,158.4,2026-09-02T09:31:27,-0.549365,159.275001525879,354.53,2026-09-02 15:44:18,2026-09-02 11:45:02
TSLA,TSLA260904P00520000,TSLA,2026-09-04,P,520.0,164.8,18.0,165.95,15.0,0.0,0.0,0.0,-0.9996,0.0,0.0004,-0.0462,-0.0006,165.5311,0.0,0.0,0.0,0.0,no_change,0.0,,0.0,163.949996948242,354.53,2026-09-02 15:44:18,2026-09-02 11:45:02
TSLA,TSLA260904P00525000,TSLA,2026-09-04,P,525.0,169.65,49.0,171.0,15.0,0.0,0.0,0.0,-0.9997,0.0,0.0003,-0.0458,-0.0003,170.5307,0.0,0.0,0.0,0.0,no_change,0.0,,0.0,169.150001525879,354.53,2026-09-02 15:44:18,2026-09-02 11:45:02
TSLA,TSLA260904P00530000,TSLA,2026-09-04,P,530.0,174.75,19.0,176.0,18.0,0.0,0.0,0.0,-0.9997,0.0,0.0002,-0.0456,-0.0003,175.5305,0.0,0.0,0.0,0.0,no_change,0.0,,0.0,174.0,354.53,2026-09-02 15:44:18,2026-09-02 11:45:02
TSLA,TSLA260904P00535000,TSLA,2026-09-04,P,535.0,179.75,16.0,181.2,15.0,0.0,0.0,1.0,-0.9998,0.0,0.0002,-0.0454,-0.0003,180.5303,-0.7,178.4,178.4,178.4,down,178.4,2026-09-02T09:31:27,-0.390842,179.099998474121,354.53,2026-09-02 15:44:18,2026-09-02 11:45:02
TSLA,TSLA260904P00540000,TSLA,2026-09-04,P,540.0,184.75,19.0,186.0,19.0,0.0,0.0,0.0,-0.9998,0.0,0.0002,-0.0452,-0.0002,185.5301,0.0,0.0,0.0,0.0,no_change,0.0,,0.0,183.949996948242,354.53,2026-09-02 15:44:18,2026-09-02 11:45:02
TSLA,TSLA260904P00545000,TSLA,2026-09-04,P,545.0,189.75,12.0,191.2,15.0,0.0,0.0,0.0,-0.9998,0.0,0.0002,-0.0451,-0.0002,190.53,0.0,0.0,0.0,0.0,no_change,0.0,,0.0,189.275001525879,354.53,2026-09-02 15:44:18,2026-09-02 11:45:02
TSLA,TSLA260904P00550000,TSLA,2026-09-04,P,550.0,193.35,31.0,196.75,16.0,0.0,1.0,0.0,-0.9998,0.0,0.0001,-0.0449,-0.0002,195.5298,0.0,0.0,0.0,0.0,down,189.34,2026-08-31T09:53:23,0.0,193.949996948242,354.53,2026-09-02 15:44:18,2026-09-02 11:45:02
TSLA,TSLA260904P00555000,TSLA,2026-09-04,P,555.0,199.75,17.0,201.2,11.0,0.0,0.0,0.0,-0.9998,0.0,0.0001,-0.0448,-0.0003,200.5297,0.0,0.0,0.0,0.0,up,207.59,2026-08-28T15:49:22,0.0,199.275001525879,354.53,2026-09-02 15:44:18,2026-09-02 11:45:02
TSLA,TSLA260904P00560000,TSLA,2026-09-04,P,560.0,204.75,19.0,206.25,13.0,0.0,0.0,0.0,-0.9999,0.0,0.0001,-0.0446,-0.0003,205.5296,0.0,0.0,0.0,0.0,no_change,0.0,,0.0,203.974998474121,354.53,2026-09-02 15:44:18,2026-09-02 11:45:02
TSLA,TSLA260904P00565000,TSLA,2026-09-04,P,565.0,209.7,25.0,211.3,17.0,0.0,0.0,0.0,-0.9999,0.0,0.0001,-0.0445,-0.0001,210.5294,0.0,0.0,0.0,0.0,no_change,0.0,,0.0,209.275001525879,354.53,2026-09-02 15:44:18,2026-09-02 11:45:02
TSLA,TSLA260904P00570000,TSLA,2026-09-04,P,570.0,214.8,13.0,216.05,12.0,0.0,0.0,0.0,-0.9999,0.0,0.0001,-0.0445,-0.0001,215.5294,0.0,0.0,0.0,0.0,no_change,0.0,,0.0,214.074996948242,354.53,2026-09-02 15:44:18,2026-09-02 11:45:02
TSLA,TSLA260904P00575000,TSLA,2026-09-04,P,575.0,219.75,14.0,221.1,18.0,0.0,0.0,0.0,-0.9999,0.0,0.0001,-0.0444,-0.0001,220.5293,0.0,0.0,0.0,0.0,no_change,0.0,,0.0,219.275001525879,354.53,2026-09-02 15:44:18,2026-09-02 11:45:02
TSLA,TSLA260904P00580000,TSLA,2026-09-04,P,580.0,224.8,21.0,225.95,12.0,0.0,0.0,0.0,-0.9999,0.0,0.0001,-0.0443,-0.0001,225.5293,0.0,0.0,0.0,0.0,no_change,0.0,,0.0,223.974998474121,354.53,2026-09-02 15:44:18,2026-09-02 11:45:02
TSLA,TSLA260904P00585000,TSLA,2026-09-04,P,585.0,229.65,49.0,230.9,13.0,0.0,0.0,0.0,-0.9999,0.0,0.0001,-0.0443,-0.0001,230.5292,0.0,0.0,0.0,0.0,no_change,0.0,,0.0,229.099998474121,354.53,2026-09-02 15:44:18,2026-09-02 11:45:02
TSLA,TSLA260904P00590000,TSLA,2026-09-04,P,590.0,234.75,19.0,236.0,11.0,0.0,0.0,0.0,-0.9999,0.0,0.0,-0.0442,-0.0001,235.5292,0.0,0.0,0.0,0.0,no_change,0.0,,0.0,234.0,354.53,2026-09-02 15:44:18,2026-09-02 11:45:02
TSLA,TSLA260904P00595000,TSLA,2026-09-04,P,595.0,239.65,28.0,241.1,8.0,0.0,0.0,0.0,-0.9999,0.0,0.0,-0.0442,-0.0001,240.5291,0.0,0.0,0.0,0.0,no_change,0.0,,0.0,239.150001525879,354.53,2026-09-02 15:44:18,2026-09-02 11:45:02
TSLA,TSLA260904P00600000,TSLA,2026-09-04,P,600.0,244.8,18.0,246.0,15.0,0.0,0.0,0.0,-1.0,0.0,0.0,-0.0441,-0.0001,245.5291,0.0,0.0,0.0,0.0,no_change,0.0,,0.0,244.0,354.53,2026-09-02 15:44:18,2026-09-02 11:45:02
TSLA,TSLA260904P00605000,TSLA,2026-09-04,P,605.0,249.75,12.0,251.1,15.0,0.0,0.0,0.0,-1.0,0.0,0.0,-0.0441,-0.0001,250.529,0.0,0.0,0.0,0.0,no_change,0.0,,0.0,249.25,354.53,2026-09-02 15:44:18,2026-09-02 11:45:02
TSLA,TSLA260904P00610000,TSLA,2026-09-04,P,610.0,254.75,19.0,256.25,11.0,0.0,0.0,0.0,-1.0,0.0,0.0,-0.0441,0.0,255.529,0.0,0.0,0.0,0.0,no_change,0.0,,0.0,254.0,354.53,2026-09-02 15:44:18,2026-09-02 11:45:02
TSLA,TSLA260904P00615000,TSLA,2026-09-04,P,615.0,259.65,30.0,261.5,17.0,2.5847,0.0,0.0,-1.0,0.0,0.0,-0.044,0.0,260.529,0.0,0.0,0.0,0.0,no_change,0.0,,0.0,259.25,354.53,2026-09-02 15:44:18,2026-09-02 11:45:02
TSLA,TSLA260904P00620000,TSLA,2026-09-04,P,620.0,264.75,11.0,266.05,11.0,0.0,0.0,0.0,-1.0,0.0,0.0,-0.044,0.0,265.5289,0.0,0.0,0.0,0.0,no_change,0.0,,0.0,264.274993896484,354.53,2026-09-02 15:44:18,2026-09-02 11:45:02
TSLA,TSLA260904P00625000,TSLA,2026-09-04,P,625.0,269.7,26.0,271.2,17.0,0.0,0.0,0.0,-1.0,0.0,0.0,-0.044,0.0,270.5289,0.0,0.0,0.0,0.0,no_change,0.0,,0.0,269.25,354.53,2026-09-02 15:44:18,2026-09-02 11:45:02
TSLA,TSLA260904P00630000,TSLA,2026-09-04,P,630.0,274.8,16.0,275.8,13.0,0.0,0.0,0.0,-1.0,0.0,0.0,-0.044,0.0,275.5289,0.0,0.0,0.0,0.0,no_change,0.0,,0.0,274.0,354.53,2026-09-02 15:44:18,2026-09-02 11:45:02
TSLA,TSLA260904P00640000,TSLA,2026-09-04,P,640.0,284.8,14.0,286.0,7.0,0.0,0.0,0.0,-1.0,0.0,0.0,-0.044,0.0,285.5289,0.0,0.0,0.0,0.0,no_change,0.0,,0.0,283.949996948242,354.53,2026-09-02 15:44:18,2026-09-02 11:45:02
TSLA,TSLA260904P00650000,TSLA,2026-09-04,P,650.0,294.8,16.0,296.25,13.0,0.0,0.0,0.0,-1.0,0.0,0.0,-0.0439,0.0,295.5289,0.0,0.0,0.0,0.0,no_change,0.0,,0.0,294.125,354.53,2026-09-02 15:44:18,2026-09-02 11:45:02
TSLA,TSLA260904P00660000,TSLA,2026-09-04,P,660.0,304.8,12.0,306.2,12.0,0.0,0.0,0.0,-1.0,0.0,0.0,-0.0439,0.0,305.5288,0.0,0.0,0.0,0.0,no_change,0.0,,0.0,304.125,354.53,2026-09-02 15:44:18,2026-09-02 11:45:02
TSLA,TSLA260904P00670000,TSLA,2026-09-04,P,670.0,314.8,12.0,316.05,12.0,0.0,0.0,0.0,-1.0,0.0,0.0,-0.0439,0.0,315.5288,0.0,0.0,0.0,0.0,no_change,0.0,,0.0,314.0,354.53,2026-09-02 15:44:18,2026-09-02 11:45:02
TSLA,TSLA260904P00680000,TSLA,2026-09-04,P,680.0,324.75,11.0,325.9,9.0,0.0,0.0,0.0,-1.0,0.0,0.0,-0.0439,0.0,325.5288,0.0,0.0,0.0,0.0,no_change,0.0,,0.0,324.0,354.53,2026-09-02 15:44:18,2026-09-02 11:45:02
TSLA,TSLA260909C00160000,TSLA,2026-09-09,C,160.0,192.55,22.0,197.55,25.0,2.5977,0.0,0.0,0.9992,0.0,0.0015,0.0,0.0306,194.64,0.0,0.0,0.0,0.0,no_change,0.0,,0.0,196.274993896484,354.53,2026-09-02 15:44:18,2026-09-02 11:45:02
TSLA,TSLA260909C00165000,TSLA,2026-09-09,C,165.0,187.55,25.0,192.55,25.0,2.502,0.0,0.0,0.9991,0.0,0.0016,0.0,0.0315,189.6449,0.0,0.0,0.0,0.0,no_change,0.0,,0.0,191.25,354.53,2026-09-02 15:44:18,2026-09-02 11:45:02
TSLA,TSLA260909C00170000,TSLA,2026-09-09,C,170.0,182.55,34.0,187.55,34.0,2.4091,0.0,0.0,0.999,0.0,0.0016,0.0,0.0325,184.6499,0.0,0.0,0.0,0.0,no_change,0.0,,0.0,186.25,354.53,2026-09-02 15:44:18,2026-09-02 11:45:02
TSLA,TSLA260909C00175000,TSLA,2026-09-09,C,175.0,177.65,22.0,182.5,25.0,2.3379,0.0,0.0,0.999,0.0,0.0018,0.0,0.0334,179.6549,0.0,0.0,0.0,0.0,no_change,0.0,,0.0,181.25,354.53,2026-09-02 15:44:18,2026-09-02 11:45:02
TSLA,TSLA260909C00180000,TSLA,2026-09-09,C,180.0,172.6,30.0,177.55,30.0,2.2499,0.0,0.0,0.9989,0.0,0.0019,0.0,0.0344,174.66,0.0,0.0,0.0,0.0,no_change,0.0,,0.0,176.075004577637,354.53,2026-09-02 15:44:18,2026-09-02 11:45:02
TSLA,TSLA260909C00185000,TSLA,2026-09-09,C,185.0,167.6,34.0,172.6,34.0,2.1816,0.0,0.0,0.9988,0.0,0.002,0.0,0.0353,169.6652,0.0,0.0,0.0,0.0,no_change,0.0,,0.0,170.924995422363,354.53,2026-09-02 15:44:18,2026-09-02 11:45:02
TSLA,TSLA260909C00190000,TSLA,2026-09-09,C,190.0,162.6,25.0,167.55,25.0,2.081,0.0,0.0,0.9987,0.0001,0.0021,0.0,0.0363,164.6706,0.0,0.0,0.0,0.0,no_change,0.0,,0.0,166.149993896484,354.53,2026-09-02 15:44:18,2026-09-02 11:45:02
TSLA,TSLA260909C00195000,TSLA,2026-09-09,C,195.0,157.6,34.0,162.6,34.0,2.0163,0.0,0.0,0.9986,0.0001,0.0023,0.0,0.0372,159.676,0.0,0.0,0.0,0.0,no_change,0.0,,0.0,160.949996948242,354.53,2026-09-02 15:44:18,2026-09-02 11:45:02
TSLA,TSLA260909C00200000,TSLA,2026-09-09,C,200.0,152.7,25.0,156.4,21.0,0.0,0.0,0.0,0.9985,0.0001,0.0025,-0.0002,0.0382,154.6815,0.0,0.0,0.0,0.0,no_change,0.0,,0.0,156.625,354.53,2026-09-02 15:44:18,2026-09-02 11:45:02
TSLA,TSLA260909C00205000,TSLA,2026-09-09,C,205.0,147.6,25.0,152.6,25.0,1.8592,0.0,0.0,0.9984,0.0001,0.0026,-0.0015,0.0391,149.6872,0.0,0.0,0.0,0.0,no_change,0.0,,0.0,151.525001525879,354.53,2026-09-02 15:44:18,2026-09-02 11:45:02
TSLA,TSLA260909C00210000,TSLA,2026-09-09,C,210.0,142.6,25.0,147.6,25.0,1.7835,0.0,0.0,0.9982,0.0001,0.0029,-0.0029,0.0401,144.693,0.0,0.0,0.0,0.0,no_change,0.0,,0.0,146.299995422363,354.53,2026-09-02 15:44:18,2026-09-02 11:45:02
TSLA,TSLA260909C00215000,TSLA,2026-09-09,C,215.0,137.65,25.0,142.2,25.0,1.5914,0.0,0.0,0.9981,0.0001,0.0031,-0.0043,0.041,139.699,0.0,0.0,0.0,0.0,no_change,0.0,,0.0,141.299995422363,354.53,2026-09-02 15:44:18,2026-09-02 11:45:02
TSLA,TSLA260909C00220000,TSLA,2026-09-09,C,220.0,132.65,36.0,137.6,36.0,1.651,0.0,0.0,0.9979,0.0001,0.0033,-0.0059,0.042,134.7051,0.0,0.0,0.0,0.0,no_change,0.0,,0.0,136.149993896484,354.53,2026-09-02 15:44:18,2026-09-02 11:45:02
TSLA,TSLA260909C00225000,TSLA,2026-09-09,C,225.0,127.75,35.0,132.5,35.0,1.5798,0.0,0.0,0.9977,0.0001,0.0036,-0.0075,0.0429,129.7115,0.0,0.0,0.0,0.0,no_change,0.0,,0.0,131.050003051758,354.53,2026-09-02 15:44:18,2026-09-02 11:45:02
TSLA,TSLA260909C00230000,TSLA,2026-09-09,C,230.0,122.65,36.0,127.6,37.0,1.5101,0.0,0.0,0.9974,0.0001,0.004,-0.0092,0.0439,124.7182,0.0,0.0,0.0,0.0,no_change,0.0,,0.0,126.024997711182,354.53,2026-09-02 15:44:18,2026-09-02 11:45:02
TSLA,TSLA260909C00235000,TSLA,2026-09-09,C,235.0,117.7,31.0,122.6,35.0,1.454,0.0,0.0,0.9972,0.0002,0.0043,-0.011,0.0448,119.7251,0.0,0.0,0.0,0.0,no_change,0.0,,0.0,121.050003051758,354.53,2026-09-02 15:44:18,2026-09-02 11:45:02
TSLA,TSLA260909C00240000,TSLA,2026-09-09,C,240.0,112.7,30.0,117.55,30.0,1.3749,0.0,0.0,0.9969,0.0002,0.0047,-0.013,0.0457,114.7324,0.0,0.0,0.0,0.0,no_change,0.0,,0.0,116.25,354.53,2026-09-02 15:44:18,2026-09-02 11:45:02
TSLA,TSLA260909C00245000,TSLA,2026-09-09,C,245.0,107.7,35.0,112.6,35.0,1.3206,0.0,0.0,0.9966,0.0002,0.0052,-0.0151,0.0467,109.7401,0.0,0.0,0.0,0.0,no_change,0.0,,0.0,111.400001525879,354.53,2026-09-02 15:44:18,2026-09-02 11:45:02
TSLA,TSLA260909C00250000,TSLA,2026-09-09,C,250.0,102.8,36.0,107.35,37.0,1.2214,0.0,0.0,0.9962,0.0002,0.0057,-0.0174,0.0476,104.7483,0.0,0.0,0.0,0.0,no_change,0.0,,0.0,106.150001525879,354.53,2026-09-02 15:44:18,2026-09-02 11:45:02
TSLA,TSLA260909C00255000,TSLA,2026-09-09,C,255.0,97.75,35.0,102.65,35.0,1.2122,0.0,0.0,0.9957,0.0003,0.0063,-0.02,0.0485,99.757,0.0,0.0,0.0,0.0,up,92.46,2026-08-28T13:24:46,0.0,101.375,354.53,2026-09-02 15:44:18,2026-09-02 11:45:02
TSLA,TSLA260909C00260000,TSLA,2026-09-09,C,260.0,92.75,35.0,97.25,35.0,1.061,0.0,0.0,0.9952,0.0003,0.0071,-0.0227,0.0494,94.7664,0.0,0.0,0.0,0.0,up,87.52,2026-08-28T13:24:46,0.0,96.1000022888184,354.53,2026-09-02 15:44:18,2026-09-02 11:45:02
TSLA,TSLA260909C00265000,TSLA,2026-09-09,C,265.0,87.8,40.0,92.5,35.0,1.0677,1.0,0.0,0.9945,0.0004,0.0079,-0.0257,0.0504,89.7766,0.0,0.0,0.0,0.0,down,81.84,2026-08-28T13:34:13,0.0,91.4499969482422,354.53,2026-09-02 15:44:18,2026-09-02 11:45:02
TSLA,TSLA260909C00270000,TSLA,2026-09-09,C,270.0,82.8,36.0,87.45,36.0,0.9975,1.0,0.0,0.9938,0.0004,0.0089,-0.0291,0.0513,84.7877,0.0,0.0,0.0,0.0,down,76.84,2026-08-28T13:34:13,0.0,86.4749984741211,354.53,2026-09-02 15:44:18,2026-09-02 11:45:02
TSLA,TSLA260909C00275000,TSLA,2026-09-09,C,275.0,77.9,36.0,82.45,36.0,0.956,0.0,0.0,0.9928,0.0005,0.01,-0.0329,0.0522,79.8001,0.0,0.0,0.0,0.0,no_change,0.0,,0.0,81.4499969482422,354.53,2026-09-02 15:44:18,2026-09-02 11:45:02
TSLA,TSLA260909C00280000,TSLA,2026-09-09,C,280.0,72.85,35.0,77.65,35.0,0.9206,3.0,0.0,0.9917,0.0006,0.0114,-0.0371,0.053,74.814,0.0,0.0,0.0,0.0,up,79.47,2026-08-31T09:48:50,0.0,76.3499984741211,354.53,2026-09-02 15:44:18,2026-09-02 11:45:02
TSLA,TSLA260909C00285000,TSLA,2026-09-09,C,285.0,67.9,35.0,72.55,36.0,0.8536,0.0,0.0,0.9904,0.0008,0.013,-0.0419,0.0539,69.8298,0.0,0.0,0.0,0.0,no_change,0.0,,0.0,71.375,354.53,2026-09-02 15:44:18,2026-09-02 11:45:02
TSLA,TSLA260909C00290000,TSLA,2026-09-09,C,290.0,62.9,36.0,67.65,36.0,0.8088,0.0,0.0,0.9886,0.0009,0.015,-0.0475,0.0548,64.8482,0.0,0.0,0.0,0.0,no_change,0.0,,0.0,66.4000015258789,354.53,2026-09-02 15:44:18,2026-09-02 11:45:02
TSLA,TSLA260909C00295000,TSLA,2026-09-09,C,295.0,57.95,33.0,62.65,33.0,0.7565,0.0,0.0,0.9865,0.0012,0.0175,-0.0541,0.0556,59.8702,0.0,0.0,0.0,0.0,no_change,0.0,,0.0,61.4750003814697,354.53,2026-09-02 15:44:18,2026-09-02 11:45:02
TSLA,TSLA260909C00300000,TSLA,2026-09-09,C,300.0,52.7,35.0,56.8,32.0,0.432,14.0,1.0,0.9836,0.0014,0.0206,-0.0621,0.0563,54.8975,-1.575,55.35,55.35,55.35,down,55.35,2026-09-02T11:26:08,-2.7668,56.9249992370606,354.53,2026-09-02 15:44:18,2026-09-02 11:45:02
TSLA,TSLA260909C00302500,TSLA,2026-09-09,C,302.5,50.2,36.0,54.45,36.0,0.4993,0.0,0.0,0.9819,0.0016,0.0225,-0.067,0.0567,52.4141,0.0,0.0,0.0,0.0,no_change,0.0,,0.0,53.7250003814697,354.53,2026-09-02 15:44:18,2026-09-02 11:45:02
TSLA,TSLA260909C00305000,TSLA,2026-09-09,C,305.0,47.95,32.0,51.4,33.0,0.0,3.0,2.0,0.9798,0.0018,0.0248,-0.0725,0.057,49.9335,-3.775,47.6,47.6,47.6,down,47.6,2026-09-02T09:38:53,-7.34793,51.375,354.53,2026-09-02 15:44:18,2026-09-02 11:45:02
TSLA,TSLA260909C00307500,TSLA,2026-09-09,C,307.5,45.8,58.0,49.4,57.0,0.5625,0.0,1.0,0.9772,0.0021,0.0274,-0.0789,0.0573,47.4565,0.125,48.9,48.9,48.9,up,48.9,2026-09-02T11:19:27,0.25628,48.7749996185303,354.53,2026-09-02 15:44:18,2026-09-02 11:45:02
TSLA,TSLA260909C00310000,TSLA,2026-09-09,C,310.0,43.6,51.0,46.55,30.0,0.6166,6.0,0.0,0.9742,0.0024,0.0304,-0.0866,0.0576,44.9844,0.0,0.0,0.0,0.0,down,47.9,2026-09-01T12:23:30,0.0,46.6750011444092,354.53,2026-09-02 15:44:18,2026-09-02 11:45:02
TSLA,TSLA260909C00312500,TSLA,2026-09-09,C,312.5,41.15,36.0,44.75,36.0,0.5823,0.0,0.0,0.9704,0.0028,0.0341,-0.0958,0.0578,42.5189,0.0,0.0,0.0,0.0,no_change,0.0,,0.0,43.7999992370606,354.53,2026-09-02 15:44:18,2026-09-02 11:45:02
TSLA,TSLA260909C00315000,TSLA,2026-09-09,C,315.0,39.4,11.0,41.5,34.0,0.5527,3.0,0.0,0.9657,0.0032,0.0385,-0.1069,0.058,40.0622,0.0,0.0,0.0,0.0,up,49.35,2026-08-31T12:07:24,0.0,41.3500003814697,354.53,2026-09-02 15:44:18,2026-09-02 11:45:02
TSLA,TSLA260909C00317500,TSLA,2026-09-09,C,317.5,36.65,53.0,39.2,53.0,0.5188,4.0,1.0,0.9598,0.0038,0.0438,-0.1204,0.058,37.6173,-3.875,35.05,35.05,35.05,down,35.05,2026-09-02T09:51:54,-9.95504,38.9249992370606,354.53,2026-09-02 15:44:18,2026-09-02 11:45:02
TSLA,TSLA260909C00320000,TSLA,2026-09-09,C,320.0,34.5,40.0,35.95,55.0,0.4537,5.0,1.0,0.9524,0.0044,0.0501,-0.1368,0.058,35.1878,-4.475,32.4,32.4,32.4,down,32.4,2026-09-02T11:00:36,-12.1356,36.875,354.53,2026-09-02 15:44:18,2026-09-02 11:45:02
TSLA,TSLA260909C00322500,TSLA,2026-09-09,C,322.5,32.55,25.0,33.55,45.0,0.4787,4.0,0.0,0.9431,0.0052,0.0577,-0.1565,0.0578,32.7788,0.0,0.0,0.0,0.0,up,44.29,2026-08-31T11:58:33,0.0,34.4500007629394,354.53,2026-09-02 15:44:18,2026-09-02 11:45:02
TSLA,TSLA260909C00325000,TSLA,2026-09-09,C,325.0,30.05,23.0,31.15,61.0,0.4552,18.0,2.0,0.9315,0.0062,0.0666,-0.18,0.0575,30.3961,-1.1,29.38,31.0,29.38,up,31.0,2026-09-02T10:35:49,-3.42679,32.1000003814697,354.53,2026-09-02 15:44:18,2026-09-02 11:45:02
TSLA,TSLA260909C00327500,TSLA,2026-09-09,C,327.5,27.8,26.0,28.8,98.0,0.4489,15.0,3.0,0.9171,0.0073,0.077,-0.2075,0.057,28.0472,-0.75,29.05,29.05,29.05,up,29.05,2026-09-02T10:41:40,-2.51678,29.8000001907349,354.53,2026-09-02 15:44:18,2026-09-02 11:45:02
TSLA,TSLA260909C00330000,TSLA,2026-09-09,C,330.0,25.5,20.0,26.5,43.0,0.4385,53.0,0.0,0.8994,0.0086,0.0888,-0.239,0.0562,25.7408,0.0,0.0,0.0,0.0,no_change,27.4,2026-09-01T15:16:06,0.0,27.1999998092651,354.53,2026-09-02 15:44:18,2026-09-02 11:45:02
TSLA,TSLA260909C00332500,TSLA,2026-09-09,C,332.5,23.25,29.0,24.2,164.0,0.4269,21.0,18.0,0.8778,0.01,0.1018,-0.2744,0.0552,23.4874,-1.2,20.17,24.0,20.17,up,24.0,2026-09-02T11:22:58,-4.76191,25.2000007629395,354.53,2026-09-02 15:44:18,2026-09-02 11:45:02
TSLA,TSLA260909C00335000,TSLA,2026-09-09,C,335.0,21.1,29.0,22.0,142.0,0.4202,63.0,5.0,0.8521,0.0116,0.1159,-0.3129,0.0539,21.2989,-4.125,19.4,19.4,18.85,no_change,18.85,2026-09-02T11:01:37,-17.9543,22.9750003814697,354.53,2026-09-02 15:44:18,2026-09-02 11:45:02
TSLA,TSLA260909C00337500,TSLA,2026-09-09,C,337.5,19.0,36.0,19.95,134.0,0.4164,38.0,8.0,0.8219,0.0132,0.1306,-0.3537,0.0522,19.1885,-2.325,16.9,19.14,16.6,up,18.5,2026-09-02T11:10:59,-11.1645,20.8249998092651,354.53,2026-09-02 15:44:18,2026-09-02 11:45:02
TSLA,TSLA260909C00340000,TSLA,2026-09-09,C,340.0,17.0,64.0,17.45,99.0,0.3952,474.0,486.0,0.7871,0.0148,0.1453,-0.3953,0.0503,17.1706,-1.32,16.3,18.3,14.05,up,17.43,2026-09-02T11:20:18,-7.04,18.75,354.53,2026-09-02 15:44:18,2026-09-02 11:45:02
TSLA,TSLA260909C00342500,TSLA,2026-09-09,C,342.5,15.1,108.0,15.6,177.0,0.395,37.0,17.0,0.7478,0.0164,0.1596,-0.4358,0.0479,15.259,0.275,15.6,16.75,12.65,no_change,16.75,2026-09-02T10:45:09,1.66919,16.4750003814697,354.53,2026-09-02 15:44:18,2026-09-02 11:45:02
TSLA,TSLA260909C00345000,TSLA,2026-09-09,C,345.0,13.35,66.0,13.85,165.0,0.3956,179.0,113.0,0.7044,0.0178,0.1725,-0.4734,0.0453,13.4666,-2.9,12.5,15.05,10.85,down,11.95,2026-09-02T11:03:38,-19.5286,14.8500003814697,354.53,2026-09-02 15:44:18,2026-09-02 11:45:02
TSLA,TSLA260909C00347500,TSLA,2026-09-09,C,347.5,11.7,92.0,11.85,1.0,0.3859,75.0,70.0,0.6576,0.019,0.1833,-0.5059,0.0425,11.8038,-1.375,15.0,15.0,9.4,down,11.8,2026-09-02T11:28:27,-10.4364,13.1750001907349,354.53,2026-09-02 15:44:18,2026-09-02 11:45:02
TSLA,TSLA260909C00350000,TSLA,2026-09-09,C,350.0,10.2,109.0,10.35,2.0,0.3875,289.0,2438.0,0.6083,0.0198,0.1915,-0.5314,0.0394,10.2774,-1.325,12.7,13.4,8.0,no_change,10.25,2026-09-02T11:28:59,-11.4471,11.5749998092651,354.53,2026-09-02 15:44:18,2026-09-02 11:45:02
TSLA,TSLA260909C00352500,TSLA,2026-09-09,C,352.5,8.85,13.0,8.95,1.0,0.3877,127.0,1874.0,0.5577,0.0203,0.1968,-0.5487,0.0362,8.8901,-1.12,11.5,11.5,6.85,up,8.93,2026-09-02T11:29:08,-11.1443,10.0499997138977,354.53,2026-09-02 15:44:18,2026-09-02 11:45:02
TSLA,TSLA260909C00355000,TSLA,2026-09-09,C,355.0,7.55,144.0,7.7,3.0,0.389,1055.0,2402.0,0.5066,0.0204,0.1988,-0.5568,0.0329,7.6415,-1.1,9.9,9.9,5.8,no_change,7.6,2026-09-02T11:28:57,-12.6437,8.7000002861023,354.53,2026-09-02 15:44:18,2026-09-02 11:45:02
TSLA,TSLA260909C00357500,TSLA,2026-09-09,C,357.5,6.45,55.0,6.55,1.0,0.3904,404.0,1576.0,0.4559,0.0202,0.1976,-0.5555,0.0297,6.5218,-0.905,8.15,9.0,4.95,no_change,6.57,2026-09-02T11:28:35,-12.107,7.47500014305115,354.53,2026-09-02 15:44:18,2026-09-02 11:45:02
TSLA,TSLA260909C00360000,TSLA,2026-09-09,C,360.0,5.5,57.0,5.55,2.0,0.3915,1281.0,2859.0,0.4071,0.0197,0.1935,-0.5454,0.0266,5.5405,-0.825,7.32,7.55,4.17,up,5.55,2026-09-02T11:29:17,-12.9412,6.375,354.53,2026-09-02 15:44:18,2026-09-02 11:45:02
TSLA,TSLA260909C00362500,TSLA,2026-09-09,C,362.5,4.6,275.0,4.75,77.0,0.3956,381.0,762.0,0.3607,0.0189,0.1867,-0.5276,0.0235,4.6829,-0.35,6.06,6.4,3.5,no_change,5.05,2026-09-02T11:26:42,-6.48148,5.39999985694885,354.53,2026-09-02 15:44:18,2026-09-02 11:45:02
TSLA,TSLA260909C00365000,TSLA,2026-09-09,C,365.0,3.85,329.0,3.95,1.0,0.3963,2114.0,2265.0,0.3175,0.0179,0.1779,-0.5035,0.0208,3.9458,-0.6,5.05,5.5,2.9,no_change,3.95,2026-09-02T11:29:17,-13.1868,4.54999995231628,354.53,2026-09-02 15:44:18,2026-09-02 11:45:02
TSLA,TSLA260909C00367500,TSLA,2026-09-09,C,367.5,3.25,244.0,3.35,44.0,0.4018,204.0,348.0,0.2772,0.0166,0.1673,-0.4743,0.0181,3.3061,-0.5,4.32,4.65,2.48,down,3.3,2026-09-02T11:28:28,-13.1579,3.79999995231628,354.53,2026-09-02 15:44:18,2026-09-02 11:45:02
TSLA,TSLA260909C00370000,TSLA,2026-09-09,C,370.0,2.74,346.0,2.79,2.0,0.4057,610.0,1124.0,0.2409,0.0153,0.1557,-0.4421,0.0157,2.7676,-0.44,3.5,3.9,2.03,no_change,2.76,2026-09-02T11:29:15,-13.75,3.20000004768372,354.53,2026-09-02 15:44:18,2026-09-02 11:45:02
TSLA,TSLA260909C00372500,TSLA,2026-09-09,C,372.5,2.29,67.0,2.33,1.0,0.4094,356.0,897.0,0.2085,0.014,0.1436,-0.4085,0.0136,2.3158,-0.315,3.32,3.32,1.71,down,2.33,2026-09-02T11:28:55,-11.9093,2.64499998092651,354.53,2026-09-02 15:44:18,2026-09-02 11:45:02
TSLA,TSLA260909C00375000,TSLA,2026-09-09,C,375.0,1.91,66.0,1.95,2.0,0.414,882.0,966.0,0.1802,0.0126,0.1314,-0.375,0.0118,1.9424,-0.245,2.99,2.99,1.41,down,1.95,2026-09-02T11:28:28,-11.1617,2.19500005245209,354.53,2026-09-02 15:44:18,2026-09-02 11:45:02
TSLA,TSLA260909C00377500,TSLA,2026-09-09,C,377.5,1.6,62.0,1.65,33.0,0.4202,327.0,216.0,0.1552,0.0113,0.1196,-0.3421,0.0101,1.63,-0.2,2.18,2.26,1.2,down,1.63,2026-09-02T11:28:32,-10.929,1.8299999833107,354.53,2026-09-02 15:44:18,2026-09-02 11:45:02
TSLA,TSLA260909C00380000,TSLA,2026-09-09,C,380.0,1.35,68.0,1.39,67.0,0.4263,1126.0,1217.0,0.1339,0.0101,0.1083,-0.3115,0.0087,1.376,-0.01,1.87,1.96,1.0,no_change,1.5,2026-09-02T11:26:11,-0.662251,1.50999999046326,354.53,2026-09-02 15:44:18,2026-09-02 11:45:02
TSLA,TSLA260909C00382500,TSLA,2026-09-09,C,382.5,1.14,73.0,1.18,30.0,0.4329,216.0,123.0,0.1158,0.009,0.098,-0.2833,0.0076,1.1688,-0.05,1.58,1.58,0.84,down,1.2,2026-09-02T11:28:00,-4.0,1.25,354.53,2026-09-02 15:44:18,2026-09-02 11:45:02
TSLA,TSLA260909C00385000,TSLA,2026-09-09,C,385.0,0.98,65.0,1.01,29.0,0.4409,1231.0,748.0,0.1005,0.008,0.0885,-0.2579,0.0065,1.0002,-0.03,1.3,1.33,0.73,down,1.02,2026-09-02T11:28:23,-2.85714,1.05000001192093,354.53,2026-09-02 15:44:18,2026-09-02 11:45:02
TSLA,TSLA260909C00387500,TSLA,2026-09-09,C,387.5,0.84,67.0,0.87,32.0,0.4489,490.0,184.0,0.0876,0.0071,0.0801,-0.2353,0.0057,0.8631,0.08,1.1,1.1,0.67,up,0.96,2026-09-02T11:23:55,9.09091,0.879999995231628,354.53,2026-09-02 15:44:18,2026-09-02 11:45:02
TSLA,TSLA260909C00390000,TSLA,2026-09-09,C,390.0,0.73,90.0,0.75,1.0,0.4572,4556.0,1147.0,0.0768,0.0063,0.0725,-0.2154,0.005,0.7521,0.035,0.93,0.93,0.56,up,0.78,2026-09-02T11:27:45,4.69799,0.745000004768372,354.53,2026-09-02 15:44:18,2026-09-02 11:45:02
TSLA,TSLA260909C00392500,TSLA,2026-09-09,C,392.5,0.64,36.0,0.67,70.0,0.4678,161.0,75.0,0.0677,0.0056,0.0658,-0.1978,0.0044,0.6599,0.05,0.64,0.69,0.51,up,0.69,2026-09-02T11:15:19,7.8125,0.640000015497208,354.53,2026-09-02 15:44:18,2026-09-02 11:45:02
TSLA,TSLA260909C00395000,TSLA,2026-09-09,C,395.0,0.57,73.0,0.59,20.0,0.4777,971.0,212.0,0.06,0.005,0.0601,-0.1825,0.0039,0.5848,0.06,0.7,0.7,0.43,no_change,0.62,2026-09-02T11:12:18,10.7143,0.560000002384186,354.53,2026-09-02 15:44:18,2026-09-02 11:45:02
TSLA,TSLA260909C00397500,TSLA,2026-09-09,C,397.5,0.51,74.0,0.53,26.0,0.4887,33.0,36.0,0.0535,0.0044,0.0548,-0.1689,0.0035,0.5215,0.0,0.49,0.54,0.41,down,0.49,2026-09-02T10:59:56,1.09478e-06,0.489999994635582,354.53,2026-09-02 15:44:18,2026-09-02 11:45:02
TSLA,TSLA260909C00400000,TSLA,2026-09-09,C,400.0,0.46,114.0,0.48,155.0,0.4999,4987.0,3946.0,0.048,0.004,0.0503,-0.157,0.0031,0.4687,0.025,0.6,0.6,0.35,down,0.46,2026-09-02T11:28:36,5.74713,0.434999987483025,354.53,2026-09-02 15:44:18,2026-09-02 11:45:02
TSLA,TSLA260909C00402500,TSLA,2026-09-09,C,402.5,0.41,106.0,0.44,62.0,0.5108,1669.0,5.0,0.0432,0.0036,0.0463,-0.1464,0.0028,0.4239,-0.055,0.4,0.4,0.34,down,0.34,2026-09-02T10:07:34,-13.924,0.394999995827675,354.53,2026-09-02 15:44:18,2026-09-02 11:45:02
TSLA,TSLA260909C00405000,TSLA,2026-09-09,C,405.0,0.38,59.0,0.4,43.0,0.5227,552.0,89.0,0.0391,0.0032,0.0427,-0.1369,0.0025,0.3855,0.005,0.36,0.41,0.32,down,0.36,2026-09-02T11:00:24,1.40845,0.355000004172325,354.53,2026-09-02 15:44:18,2026-09-02 11:45:02
TSLA,TSLA260909C00407500,TSLA,2026-09-09,C,407.5,0.34,91.0,0.37,56.0,0.5334,72.0,42.0,0.0356,0.0029,0.0394,-0.1284,0.0023,0.3523,0.025,0.36,0.36,0.3,up,0.35,2026-09-02T10:19:28,7.69231,0.325000002980232,354.53,2026-09-02 15:44:18,2026-09-02 11:45:02
TSLA,TSLA260909C00410000,TSLA,2026-09-09,C,410.0,0.32,657.0,0.34,95.0,0.5459,686.0,660.0,0.0324,0.0027,0.0365,-0.1206,0.0021,0.3231,0.03,0.34,0.37,0.26,down,0.33,2026-09-02T11:29:06,10.0,0.299999997019768,354.53,2026-09-02 15:44:18,2026-09-02 11:45:02
TSLA,TSLA260909C00412500,TSLA,2026-09-09,C,412.5,0.29,357.0,0.32,221.0,0.5573,1815.0,1713.0,0.0297,0.0024,0.034,-0.1137,0.0019,0.2976,0.02,0.32,0.32,0.26,no_change,0.3,2026-09-02T10:55:11,7.14286,0.280000001192093,354.53,2026-09-02 15:44:18,2026-09-02 11:45:02
TSLA,TSLA260909C00415000,TSLA,2026-09-09,C,415.0,0.27,28.0,0.3,138.0,0.5693,136.0,6.0,0.0272,0.0022,0.0316,-0.1073,0.0018,0.2751,0.0,0.32,0.32,0.21,up,0.26,2026-09-02T09:42:17,-2.06324e-06,0.260000005364418,354.53,2026-09-02 15:44:18,2026-09-02 11:45:02
TSLA,TSLA260909C00420000,TSLA,2026-09-09,C,420.0,0.23,162.0,0.26,219.0,0.5911,1663.0,1407.0,0.0232,0.0019,0.0276,-0.0961,0.0015,0.2373,0.02,0.21,0.26,0.2,no_change,0.25,2026-09-02T10:56:06,8.69565,0.229999996721745,354.53,2026-09-02 15:44:18,2026-09-02 11:45:02
TSLA,TSLA260909C00425000,TSLA,2026-09-09,C,425.0,0.2,98.0,0.23,97.0,0.6135,3274.0,0.0,0.0199,0.0016,0.0243,-0.0866,0.0013,0.2068,0.0,0.0,0.0,0.0,no_change,0.22,2026-09-01T15:58:58,0.0,0.21000000089407,354.53,2026-09-02 15:44:18,2026-09-02 11:45:02
TSLA,TSLA260909C00430000,TSLA,2026-09-09,C,430.0,0.18,10.0,0.2,158.0,0.6354,183.0,8.0,0.0173,0.0014,0.0215,-0.0785,0.0011,0.1819,0.025,0.2,0.21,0.15,up,0.21,2026-09-02T11:12:20,13.5135,0.185000002384186,354.53,2026-09-02 15:44:18,2026-09-02 11:45:02
TSLA,TSLA260909C00435000,TSLA,2026-09-09,C,435.0,0.15,94.0,0.18,289.0,0.6549,54.0,5.0,0.0151,0.0012,0.0191,-0.0715,0.001,0.1611,-0.01,0.16,0.16,0.16,down,0.16,2026-09-02T10:57:42,-5.88235,0.170000001788139,354.53,2026-09-02 15:44:18,2026-09-02 11:45:02
TSLA,TSLA260909C00440000,TSLA,2026-09-09,C,440.0,0.13,147.0,0.16,242.0,0.6745,566.0,5.0,0.0132,0.001,0.0171,-0.0654,0.0008,0.1437,-0.02,0.16,0.16,0.13,down,0.13,2026-09-02T10:54:57,-13.3333,0.149999998509884,354.53,2026-09-02 15:44:18,2026-09-02 11:45:02
TSLA,TSLA260909C00445000,TSLA,2026-09-09,C,445.0,0.12,218.0,0.14,123.0,0.695,2717.0,0.0,0.0117,0.0009,0.0154,-0.06,0.0008,0.129,0.0,0.0,0.0,0.0,down,0.13,2026-09-01T14:31:57,0.0,0.129999998956919,354.53,2026-09-02 15:44:18,2026-09-02 11:45:02
TSLA,TSLA260909C00450000,TSLA,2026-09-09,C,450.0,0.1,277.0,0.12,156.0,0.7096,1842.0,17.0,0.0104,0.0008,0.0138,-0.0553,0.0007,0.1163,-0.02,0.09,0.13,0.09,down,0.1,2026-09-02T11:12:20,-16.6667,0.119999997317791,354.53,2026-09-02 15:44:18,2026-09-02 11:45:02
TSLA,TSLA260909C00455000,TSLA,2026-09-09,C,455.0,0.09,231.0,0.11,86.0,0.7296,1130.0,0.0,0.0093,0.0007,0.0125,-0.0511,0.0006,0.1054,0.0,0.0,0.0,0.0,down,0.1,2026-09-01T14:31:57,0.0,0.109999999403954,354.53,2026-09-02 15:44:18,2026-09-02 11:45:02
TSLA,TSLA260909C00460000,TSLA,2026-09-09,C,460.0,0.08,82.0,0.1,64.0,0.7483,118.0,0.0,0.0084,0.0006,0.0114,-0.0473,0.0005,0.0958,0.0,0.0,0.0,0.0,no_change,0.1,2026-09-01T13:50:16,0.0,0.100000001490116,354.53,2026-09-02 15:44:18,2026-09-02 11:45:02
TSLA,TSLA260909C00465000,TSLA,2026-09-09,C,465.0,0.07,406.0,0.09,163.0,0.7651,1313.0,1.0,0.0076,0.0005,0.0104,-0.0439,0.0005,0.0874,-0.01,0.08,0.08,0.08,down,0.08,2026-09-02T11:12:25,-11.1111,0.0899999998509884,354.53,2026-09-02 15:44:18,2026-09-02 11:45:02
TSLA,TSLA260909C00470000,TSLA,2026-09-09,C,470.0,0.06,26.0,0.08,14.0,0.7797,30.0,0.0,0.0068,0.0005,0.0095,-0.0408,0.0004,0.08,0.0,0.0,0.0,0.0,no_change,0.09,2026-09-01T15:56:21,0.0,0.080000001937151,354.53,2026-09-02 15:44:18,2026-09-02 11:45:02
TSLA,TSLA260909C00475000,TSLA,2026-09-09,C,475.0,0.01,355.0,0.11,240.0,0.7925,16.0,0.0,0.0062,0.0004,0.0087,-0.038,0.0004,0.0733,0.0,0.0,0.0,0.0,no_change,0.13,2026-09-01T14:58:05,0.0,0.0699999984353781,354.53,2026-09-02 15:44:18,2026-09-02 11:45:02
TSLA,TSLA260909C00480000,TSLA,2026-09-09,C,480.0,0.04,199.0,0.08,98.0,0.8175,584.0,0.0,0.0056,0.0004,0.008,-0.0354,0.0004,0.0674,0.0,0.0,0.0,0.0,no_change,0.07,2026-09-01T15:47:41,0.0,0.154999999329448,354.53,2026-09-02 15:44:18,2026-09-02 11:45:02
TSLA,TSLA260909C00485000,TSLA,2026-09-09,C,485.0,0.01,237.0,0.07,60.0,0.8086,4.0,0.0,0.0051,0.0004,0.0074,-0.033,0.0003,0.0621,0.0,0.0,0.0,0.0,down,0.04,2026-09-01T10:58:49,0.0,0.0499999988824129,354.53,2026-09-02 15:44:18,2026-09-02 11:45:02
TSLA,TSLA260909C00490000,TSLA,2026-09-09,C,490.0,0.01,255.0,0.09,100.0,0.8506,7.0,1.0,0.0047,0.0003,0.0068,-0.0308,0.0003,0.0573,0.02,0.08,0.08,0.08,up,0.08,2026-09-02T10:47:57,33.3333,0.0600000005215406,354.53,2026-09-02 15:44:18,2026-09-02 11:45:02
TSLA,TSLA260909C00495000,TSLA,2026-09-09,C,495.0,0.01,129.0,0.08,97.0,0.8651,232.0,0.0,0.0043,0.0003,0.0063,-0.0289,0.0003,0.0529,0.0,0.0,0.0,0.0,up,0.06,2026-09-01T11:23:03,0.0,0.139999996870756,354.53,2026-09-02 15:44:18,2026-09-02 11:45:02
TSLA,TSLA260909C00500000,TSLA,2026-09-09,C,500.0,0.01,192.0,0.08,100.0,0.8882,24.0,0.0,0.0039,0.0003,0.0058,-0.027,0.0002,0.049,0.0,0.0,0.0,0.0,no_change,0.08,2026-09-01T11:07:23,0.0,0.0499999998137355,354.53,2026-09-02 15:44:18,2026-09-02 11:45:02
TSLA,TSLA260909C00505000,TSLA,2026-09-09,C,505.0,0.01,239.0,0.08,103.0,0.911,41.0,0.0,0.0036,0.0002,0.0054,-0.0253,0.0002,0.0454,0.0,0.0,0.0,0.0,no_change,0.13,2026-09-01T10:19:33,0.0,0.0549999987706542,354.53,2026-09-02 15:44:18,2026-09-02 11:45:02
TSLA,TSLA260909C00510000,TSLA,2026-09-09,C,510.0,0.03,68.0,0.06,193.0,0.9335,44.0,6.0,0.0033,0.0002,0.005,-0.0238,0.0002,0.0421,-0.02,0.04,0.04,0.04,no_change,0.04,2026-09-02T10:18:22,-33.3333,0.0600000005215406,354.53,2026-09-02 15:44:18,2026-09-02 11:45:02
TSLA,TSLA260909C00515000,TSLA,2026-09-09,C,515.0,0.02,17.0,0.08,257.0,0.9655,3.0,2.0,0.0031,0.0002,0.0046,-0.0223,0.0002,0.0391,-0.035,0.08,0.08,0.02,down,0.02,2026-09-02T11:26:01,-63.6364,0.0550000006332994,354.53,2026-09-02 15:44:18,2026-09-02 11:45:02
TSLA,TSLA260909C00520000,TSLA,2026-09-09,C,520.0,0.02,86.0,0.07,293.0,0.9776,4.0,8.0,0.0028,0.0002,0.0043,-0.0209,0.0002,0.0364,-0.035,0.07,0.07,0.02,no_change,0.02,2026-09-02T11:22:13,-63.6364,0.0550000006332994,354.53,2026-09-02 15:44:18,2026-09-02 11:45:02
TSLA,TSLA260909C00525000,TSLA,2026-09-09,C,525.0,0.01,94.0,0.05,187.0,0.9627,1.0,2.0,0.0026,0.0002,0.004,-0.0197,0.0002,0.0339,-0.035,0.07,0.07,0.02,down,0.02,2026-09-02T11:12:41,-63.6364,0.0550000006332994,354.53,2026-09-02 15:44:18,2026-09-02 11:45:02
TSLA,TSLA260909C00530000,TSLA,2026-09-09,C,530.0,0.01,26.0,0.07,241.0,1.0095,9.0,2.0,0.0024,0.0001,0.0037,-0.0185,0.0001,0.0316,-0.015,0.07,0.07,0.02,down,0.02,2026-09-02T11:08:50,-42.8571,0.0350000001490116,354.53,2026-09-02 15:44:18,2026-09-02 11:45:02
TSLA,TSLA260909C00535000,TSLA,2026-09-09,C,535.0,0.01,74.0,0.05,173.0,1.004,7.0,2.0,0.0022,0.0001,0.0035,-0.0174,0.0001,0.0294,-0.02,0.05,0.05,0.01,down,0.01,2026-09-02T11:03:51,-66.6667,0.0300000002607703,354.53,2026-09-02 15:44:18,2026-09-02 11:45:02
TSLA,TSLA260909C00540000,TSLA,2026-09-09,C,540.0,0.01,48.0,0.05,209.0,1.0243,1.0,2.0,0.0021,0.0001,0.0032,-0.0164,0.0001,0.0275,-0.02,0.05,0.05,0.01,down,0.01,2026-09-02T10:59:52,-66.6667,0.0300000002607703,354.53,2026-09-02 15:44:18,2026-09-02 11:45:02
TSLA,TSLA260909C00545000,TSLA,2026-09-09,C,545.0,0.01,55.0,0.04,103.0,1.0279,2.0,2.0,0.0019,0.0001,0.003,-0.0154,0.0001,0.0257,-0.02,0.05,0.05,0.01,down,0.01,2026-09-02T10:57:54,-66.6667,0.0300000002607703,354.53,2026-09-02 15:44:18,2026-09-02 11:45:02
TSLA,TSLA260909C00550000,TSLA,2026-09-09,C,550.0,0.01,28.0,0.05,166.0,1.0641,26.0,2.0,0.0018,0.0001,0.0028,-0.0146,0.0001,0.024,-0.02,0.05,0.05,0.01,down,0.01,2026-09-02T10:51:02,-66.6667,0.0300000002607703,354.53,2026-09-02 15:44:18,2026-09-02 11:45:02
TSLA,TSLA260909C00555000,TSLA,2026-09-09,C,555.0,0.01,146.0,0.05,195.0,1.0837,2.0,2.0,0.0017,0.0001,0.0026,-0.0137,0.0001,0.0225,-0.02,0.05,0.05,0.01,down,0.01,2026-09-02T10:49:36,-66.6667,0.0300000002607703,354.53,2026-09-02 15:44:18,2026-09-02 11:45:02
TSLA,TSLA260909C00560000,TSLA,2026-09-09,C,560.0,0.01,13.0,0.05,204.0,1.1031,7.0,2.0,0.0016,0.0001,0.0025,-0.013,0.0001,0.0211,-0.02,0.05,0.05,0.01,down,0.01,2026-09-02T10:47:33,-66.6667,0.0300000002607703,354.53,2026-09-02 15:44:18,2026-09-02 11:45:02
TSLA,TSLA260909C00565000,TSLA,2026-09-09,C,565.0,0.01,9.0,0.05,69.0,1.1223,22.0,2.0,0.0014,0.0001,0.0023,-0.0122,0.0001,0.0198,-0.02,0.05,0.05,0.01,down,0.01,2026-09-02T10:45:48,-66.6667,0.0300000002607703,354.53,2026-09-02 15:44:18,2026-09-02 11:45:02
TSLA,TSLA260909C00570000,TSLA,2026-09-09,C,570.0,0.01,8.0,0.05,60.0,1.1413,17.0,2.0,0.0014,0.0001,0.0022,-0.0116,0.0001,0.0185,-0.015,0.05,0.05,0.01,down,0.01,2026-09-02T10:41:01,-60.0,0.025000000372529,354.53,2026-09-02 15:44:18,2026-09-02 11:45:02
TSLA,TSLA260909C00575000,TSLA,2026-09-09,C,575.0,0.01,8.0,0.05,40.0,1.16,10.0,2.0,0.0013,0.0001,0.002,-0.0109,0.0001,0.0174,-0.015,0.07,0.07,0.01,down,0.01,2026-09-02T10:36:30,-60.0,0.025000000372529,354.53,2026-09-02 15:44:18,2026-09-02 11:45:02
TSLA,TSLA260909C00580000,TSLA,2026-09-09,C,580.0,0.01,8.0,0.05,48.0,1.1786,0.0,2.0,0.0012,0.0001,0.0019,-0.0103,0.0001,0.0164,0.005,0.05,0.05,0.03,down,0.03,2026-09-02T10:33:48,20.0,0.025000000372529,354.53,2026-09-02 15:44:18,2026-09-02 11:45:02
TSLA,TSLA260909C00585000,TSLA,2026-09-09,C,585.0,0.01,8.0,0.05,41.0,1.1969,0.0,2.0,0.0011,0.0001,0.0018,-0.0098,0.0001,0.0154,-0.015,0.05,0.05,0.01,down,0.01,2026-09-02T10:19:28,-60.0,0.025000000372529,354.53,2026-09-02 15:44:18,2026-09-02 11:45:02
TSLA,TSLA260909C00590000,TSLA,2026-09-09,C,590.0,0.01,2.0,0.05,47.0,1.2151,14.0,2.0,0.001,0.0001,0.0017,-0.0092,0.0001,0.0145,-0.015,0.05,0.05,0.01,down,0.01,2026-09-02T10:17:27,-60.0,0.025000000372529,354.53,2026-09-02 15:44:18,2026-09-02 11:45:02
TSLA,TSLA260909C00600000,TSLA,2026-09-09,C,600.0,0.01,1.0,0.05,160.0,1.2509,0.0,3.0,0.0009,0.0,0.0015,-0.0083,0.0001,0.0128,-0.015,0.02,0.05,0.01,down,0.01,2026-09-02T10:16:45,-60.0,0.025000000372529,354.53,2026-09-02 15:44:18,2026-09-02 11:45:02
TSLA,TSLA260909C00610000,TSLA,2026-09-09,C,610.0,0.01,1.0,0.05,147.0,1.286,26.0,17.0,0.0008,0.0,0.0014,-0.0075,0.0,0.0114,-0.015,0.05,0.05,0.01,no_change,0.01,2026-09-02T11:16:15,-60.0,0.025000000372529,354.53,2026-09-02 15:44:18,2026-09-02 11:45:02
TSLA,TSLA260909C00620000,TSLA,2026-09-09,C,620.0,0.0,0.0,0.05,76.0,1.3005,1.0,2.0,0.0007,0.0,0.0012,-0.0067,0.0,0.0101,-0.015,0.05,0.05,0.01,down,0.01,2026-09-02T10:15:26,-60.0,0.025000000372529,354.53,2026-09-02 15:44:18,2026-09-02 11:45:02
TSLA,TSLA260909C00630000,TSLA,2026-09-09,C,630.0,0.0,0.0,0.04,49.0,1.3098,1.0,0.0,0.0006,0.0,0.0011,-0.0061,0.0,0.0091,0.0,0.0,0.0,0.0,up,0.05,2026-09-01T15:57:51,0.0,0.025000000372529,354.53,2026-09-02 15:44:18,2026-09-02 11:45:02
TSLA,TSLA260909P00160000,TSLA,2026-09-09,P,160.0,0.0,0.0,0.05,32.0,1.9066,17.0,0.0,-0.0009,0.0,0.0015,-0.0139,-0.0001,0.0229,0.0,0.0,0.0,0.0,down,0.04,2026-08-28T15:05:39,0.0,0.025000000372529,354.53,2026-09-02 15:44:18,2026-09-02 11:45:02
TSLA,TSLA260909P00165000,TSLA,2026-09-09,P,165.0,0.0,0.0,0.05,32.0,1.8366,1.0,0.0,-0.001,0.0,0.0016,-0.0143,-0.0001,0.0236,0.0,0.0,0.0,0.0,up,0.09,2026-08-28T15:05:39,0.0,0.025000000372529,354.53,2026-09-02 15:44:18,2026-09-02 11:45:02
TSLA,TSLA260909P00170000,TSLA,2026-09-09,P,170.0,0.0,0.0,0.05,32.0,1.7687,2.0,0.0,-0.001,0.0,0.0016,-0.0147,-0.0001,0.0245,0.0,0.0,0.0,0.0,up,0.1,2026-09-01T09:40:03,0.0,0.025000000372529,354.53,2026-09-02 15:44:18,2026-09-02 11:45:02
TSLA,TSLA260909P00175000,TSLA,2026-09-09,P,175.0,0.0,0.0,0.05,33.0,1.7027,0.0,0.0,-0.0011,0.0,0.0018,-0.0152,-0.0001,0.0253,0.0,0.0,0.0,0.0,no_change,0.0,,0.0,0.0300000002607703,354.53,2026-09-02 15:44:18,2026-09-02 11:45:02
TSLA,TSLA260909P00180000,TSLA,2026-09-09,P,180.0,0.0,0.0,0.05,34.0,1.6386,9.0,0.0,-0.0012,0.0,0.0019,-0.0156,-0.0001,0.0263,0.0,0.0,0.0,0.0,no_change,0.03,2026-08-31T12:21:27,0.0,0.0300000002607703,354.53,2026-09-02 15:44:18,2026-09-02 11:45:02
TSLA,TSLA260909P00185000,TSLA,2026-09-09,P,185.0,0.0,0.0,0.05,33.0,1.5762,36.0,0.0,-0.0012,0.0,0.002,-0.0162,-0.0001,0.0273,0.0,0.0,0.0,0.0,no_change,0.05,2026-08-31T14:41:54,0.0,0.0300000002607703,354.53,2026-09-02 15:44:18,2026-09-02 11:45:02
TSLA,TSLA260909P00190000,TSLA,2026-09-09,P,190.0,0.0,0.0,0.05,34.0,1.5153,16.0,0.0,-0.0013,0.0001,0.0021,-0.0167,-0.0001,0.0285,0.0,0.0,0.0,0.0,no_change,0.05,2026-09-01T14:01:54,0.0,0.0300000002607703,354.53,2026-09-02 15:44:18,2026-09-02 11:45:02
TSLA,TSLA260909P00195000,TSLA,2026-09-09,P,195.0,0.01,14.0,0.03,10.0,1.4281,17.0,0.0,-0.0014,0.0001,0.0023,-0.0174,-0.0001,0.0297,0.0,0.0,0.0,0.0,no_change,0.05,2026-09-01T15:19:20,0.0,0.0550000006332994,354.53,2026-09-02 15:44:18,2026-09-02 11:45:02
TSLA,TSLA260909P00200000,TSLA,2026-09-09,P,200.0,0.01,14.0,0.04,43.0,1.3982,5.0,0.0,-0.0016,0.0001,0.0025,-0.018,-0.0001,0.0311,0.0,0.0,0.0,0.0,up,0.03,2026-09-01T10:26:00,0.0,0.0300000002607703,354.53,2026-09-02 15:44:18,2026-09-02 11:45:02
TSLA,TSLA260909P00205000,TSLA,2026-09-09,P,205.0,0.01,14.0,0.04,42.0,1.3417,36.0,0.0,-0.0017,0.0001,0.0026,-0.0188,-0.0001,0.0326,0.0,0.0,0.0,0.0,no_change,0.02,2026-08-31T10:40:56,0.0,0.0350000001490116,354.53,2026-09-02 15:44:18,2026-09-02 11:45:02
TSLA,TSLA260909P00210000,TSLA,2026-09-09,P,210.0,0.01,15.0,0.04,41.0,1.2865,16.0,0.0,-0.0018,0.0001,0.0029,-0.0196,-0.0001,0.0342,0.0,0.0,0.0,0.0,no_change,0.02,2026-08-31T10:16:22,0.0,0.0600000005215406,354.53,2026-09-02 15:44:18,2026-09-02 11:45:02
TSLA,TSLA260909P00215000,TSLA,2026-09-09,P,215.0,0.01,18.0,0.1,125.0,1.328,14.0,0.0,-0.002,0.0001,0.0031,-0.0204,-0.0001,0.0361,0.0,0.0,0.0,0.0,no_change,0.02,2026-08-31T10:14:49,0.0,0.0600000005215406,354.53,2026-09-02 15:44:18,2026-09-02 11:45:02
TSLA,TSLA260909P00220000,TSLA,2026-09-09,P,220.0,0.01,82.0,0.1,199.0,1.2715,6.0,6.0,-0.0022,0.0001,0.0033,-0.0214,-0.0001,0.0381,-0.04,0.02,0.02,0.02,no_change,0.02,2026-09-02T11:16:31,-66.6667,0.0600000005215406,354.53,2026-09-02 15:44:18,2026-09-02 11:45:02
TSLA,TSLA260909P00225000,TSLA,2026-09-09,P,225.0,0.01,36.0,0.04,13.0,1.1279,18.0,0.0,-0.0024,0.0001,0.0036,-0.0224,-0.0002,0.0403,0.0,0.0,0.0,0.0,up,0.05,2026-08-31T13:42:54,0.0,0.0549999987706542,354.53,2026-09-02 15:44:18,2026-09-02 11:45:02
TSLA,TSLA260909P00230000,TSLA,2026-09-09,P,230.0,0.01,68.0,0.1,132.0,1.1621,32.0,0.0,-0.0026,0.0001,0.004,-0.0236,-0.0002,0.0428,0.0,0.0,0.0,0.0,up,0.06,2026-08-31T12:22:14,0.0,0.0650000004097819,354.53,2026-09-02 15:44:18,2026-09-02 11:45:02
TSLA,TSLA260909P00235000,TSLA,2026-09-09,P,235.0,0.02,21.0,0.1,145.0,1.1191,18.0,0.0,-0.0028,0.0002,0.0043,-0.0248,-0.0002,0.0456,0.0,0.0,0.0,0.0,down,0.06,2026-08-31T13:10:19,0.0,0.0650000004097819,354.53,2026-09-02 15:44:18,2026-09-02 11:45:02
TSLA,TSLA260909P00240000,TSLA,2026-09-09,P,240.0,0.01,73.0,0.09,131.0,1.0465,37.0,0.0,-0.0032,0.0002,0.0047,-0.0262,-0.0002,0.0487,0.0,0.0,0.0,0.0,down,0.05,2026-09-01T11:23:33,0.0,0.0550000006332994,354.53,2026-09-02 15:44:18,2026-09-02 11:45:02
TSLA,TSLA260909P00245000,TSLA,2026-09-09,P,245.0,0.02,60.0,0.05,2.0,0.9612,308.0,0.0,-0.0035,0.0002,0.0052,-0.0278,-0.0002,0.0522,0.0,0.0,0.0,0.0,down,0.01,2026-09-01T15:20:46,0.0,0.0600000005215406,354.53,2026-09-02 15:44:18,2026-09-02 11:45:02
TSLA,TSLA260909P00250000,TSLA,2026-09-09,P,250.0,0.01,179.0,0.05,1.0,0.8992,72.0,0.0,-0.0039,0.0002,0.0057,-0.0295,-0.0003,0.0562,0.0,0.0,0.0,0.0,down,0.06,2026-09-01T12:27:08,0.0,0.0600000005215406,354.53,2026-09-02 15:44:18,2026-09-02 11:45:02
TSLA,TSLA260909P00255000,TSLA,2026-09-09,P,255.0,0.02,179.0,0.07,50.0,0.887,332.0,0.0,-0.0044,0.0003,0.0064,-0.0314,-0.0003,0.0608,0.0,0.0,0.0,0.0,down,0.05,2026-09-01T15:56:50,0.0,0.0599999986588955,354.53,2026-09-02 15:44:18,2026-09-02 11:45:02
TSLA,TSLA260909P00260000,TSLA,2026-09-09,P,260.0,0.03,278.0,0.08,55.0,0.8573,306.0,0.0,-0.0049,0.0003,0.0071,-0.0336,-0.0003,0.066,0.0,0.0,0.0,0.0,no_change,0.08,2026-09-01T15:56:59,0.0,0.0699999984353781,354.53,2026-09-02 15:44:18,2026-09-02 11:45:02
TSLA,TSLA260909P00265000,TSLA,2026-09-09,P,265.0,0.03,298.0,0.12,101.0,0.8378,1189.0,0.0,-0.0055,0.0004,0.0079,-0.0361,-0.0004,0.072,0.0,0.0,0.0,0.0,no_change,0.1,2026-09-01T13:59:57,0.0,0.0800000000745058,354.53,2026-09-02 15:44:18,2026-09-02 11:45:02
TSLA,TSLA260909P00270000,TSLA,2026-09-09,P,270.0,0.04,244.0,0.13,118.0,0.8008,23.0,0.0,-0.0063,0.0004,0.0089,-0.0389,-0.0004,0.079,0.0,0.0,0.0,0.0,up,0.19,2026-09-01T14:18:06,0.0,0.0999999977648258,354.53,2026-09-02 15:44:18,2026-09-02 11:45:02
TSLA,TSLA260909P00275000,TSLA,2026-09-09,P,275.0,0.05,281.0,0.13,193.0,0.7576,43.0,6.0,-0.0072,0.0005,0.01,-0.0421,-0.0005,0.0872,-0.015,0.09,0.09,0.09,no_change,0.09,2026-09-02T10:55:19,-14.2857,0.105000000447035,354.53,2026-09-02 15:44:18,2026-09-02 11:45:02
TSLA,TSLA260909P00280000,TSLA,2026-09-09,P,280.0,0.05,461.0,0.13,198.0,0.7095,324.0,2.0,-0.0083,0.0006,0.0114,-0.0457,-0.0006,0.097,-0.005,0.09,0.09,0.09,down,0.09,2026-09-02T10:32:58,-5.26315,0.094999996945262,354.53,2026-09-02 15:44:18,2026-09-02 11:45:02
TSLA,TSLA260909P00285000,TSLA,2026-09-09,P,285.0,0.1,320.0,0.12,163.0,0.6789,79.0,14.0,-0.0097,0.0008,0.013,-0.05,-0.0006,0.1087,-0.015,0.12,0.12,0.11,down,0.11,2026-09-02T11:27:21,-12.0,0.125,354.53,2026-09-02 15:44:18,2026-09-02 11:45:02
TSLA,TSLA260909P00290000,TSLA,2026-09-09,P,290.0,0.11,226.0,0.14,132.0,0.6416,37.0,1.0,-0.0114,0.0009,0.015,-0.055,-0.0008,0.1229,0.005,0.14,0.14,0.14,up,0.14,2026-09-02T09:37:32,3.7037,0.135000001639128,354.53,2026-09-02 15:44:18,2026-09-02 11:45:02
TSLA,TSLA260909P00295000,TSLA,2026-09-09,P,295.0,0.13,160.0,0.15,125.0,0.6028,32.0,20.0,-0.0136,0.0012,0.0175,-0.061,-0.0009,0.1407,0.005,0.14,0.16,0.14,up,0.16,2026-09-02T09:45:56,3.22581,0.155000001192093,354.53,2026-09-02 15:44:18,2026-09-02 11:45:02
TSLA,TSLA260909P00300000,TSLA,2026-09-09,P,300.0,0.15,183.0,0.18,198.0,0.5678,240.0,204.0,-0.0164,0.0014,0.0207,-0.0685,-0.0011,0.164,-0.015,0.17,0.19,0.16,no_change,0.16,2026-09-02T11:27:13,-8.57143,0.174999997019768,354.53,2026-09-02 15:44:18,2026-09-02 11:45:02
TSLA,TSLA260909P00302500,TSLA,2026-09-09,P,302.5,0.16,134.0,0.19,29.0,0.5481,10.0,1.0,-0.0182,0.0016,0.0226,-0.0731,-0.0012,0.1785,0.0,0.19,0.19,0.19,down,0.19,2026-09-02T09:56:54,-2.66652e-06,0.190000005066395,354.53,2026-09-02 15:44:18,2026-09-02 11:45:02
TSLA,TSLA260909P00305000,TSLA,2026-09-09,P,305.0,0.18,178.0,0.21,90.0,0.5323,155.0,2.0,-0.0203,0.0018,0.0248,-0.0783,-0.0014,0.1959,0.015,0.21,0.22,0.21,up,0.22,2026-09-02T10:03:50,7.31707,0.204999998211861,354.53,2026-09-02 15:44:18,2026-09-02 11:45:02
TSLA,TSLA260909P00307500,TSLA,2026-09-09,P,307.5,0.2,208.0,0.23,96.0,0.5154,63.0,27.0,-0.0228,0.0021,0.0274,-0.0845,-0.0015,0.2169,0.005,0.25,0.25,0.23,down,0.23,2026-09-02T09:54:50,2.22222,0.224999994039536,354.53,2026-09-02 15:44:18,2026-09-02 11:45:02
TSLA,TSLA260909P00310000,TSLA,2026-09-09,P,310.0,0.22,274.0,0.26,113.0,0.4993,208.0,6.0,-0.0259,0.0024,0.0305,-0.0919,-0.0017,0.2428,-0.01,0.28,0.28,0.23,down,0.24,2026-09-02T11:06:30,-4.0,0.249999992549419,354.53,2026-09-02 15:44:18,2026-09-02 11:45:02
TSLA,TSLA260909P00312500,TSLA,2026-09-09,P,312.5,0.26,23.0,0.29,53.0,0.4853,9.0,13.0,-0.0297,0.0028,0.0341,-0.1008,-0.002,0.2751,0.04,0.34,0.34,0.23,up,0.32,2026-09-02T10:58:21,14.2857,0.280000001192093,354.53,2026-09-02 15:44:18,2026-09-02 11:45:02
TSLA,TSLA260909P00315000,TSLA,2026-09-09,P,315.0,0.3,88.0,0.33,37.0,0.4708,60.0,8.0,-0.0344,0.0032,0.0386,-0.1116,-0.0023,0.3163,-0.005,0.37,0.45,0.31,down,0.31,2026-09-02T10:35:15,-1.58731,0.315000012516975,354.53,2026-09-02 15:44:18,2026-09-02 11:45:02
TSLA,TSLA260909P00317500,TSLA,2026-09-09,P,317.5,0.35,71.0,0.39,123.0,0.4582,37.0,22.0,-0.0403,0.0038,0.0438,-0.1249,-0.0027,0.3695,-0.035,0.35,0.55,0.33,down,0.33,2026-09-02T10:44:46,-9.58904,0.364999994635582,354.53,2026-09-02 15:44:18,2026-09-02 11:45:02
TSLA,TSLA260909P00320000,TSLA,2026-09-09,P,320.0,0.42,61.0,0.45,36.0,0.4455,153.0,70.0,-0.0477,0.0044,0.0502,-0.141,-0.0032,0.4381,0.075,0.41,0.61,0.4,up,0.51,2026-09-02T11:04:38,17.2414,0.434999987483025,354.53,2026-09-02 15:44:18,2026-09-02 11:45:02
TSLA,TSLA260909P00322500,TSLA,2026-09-09,P,322.5,0.51,45.0,0.54,40.0,0.435,40.0,39.0,-0.057,0.0052,0.0578,-0.1605,-0.0038,0.5273,0.055,0.55,0.78,0.5,no_change,0.57,2026-09-02T10:55:33,10.6796,0.514999985694885,354.53,2026-09-02 15:44:18,2026-09-02 11:45:02
TSLA,TSLA260909P00325000,TSLA,2026-09-09,P,325.0,0.62,82.0,0.66,92.0,0.4256,167.0,129.0,-0.0686,0.0062,0.0667,-0.1836,-0.0046,0.642,0.0,0.42,1.03,0.42,no_change,0.62,2026-09-02T11:22:58,-7.69092e-07,0.620000004768372,354.53,2026-09-02 15:44:18,2026-09-02 11:45:02
TSLA,TSLA260909P00327500,TSLA,2026-09-09,P,327.5,0.77,41.0,0.81,88.0,0.4173,694.0,164.0,-0.083,0.0073,0.077,-0.2109,-0.0055,0.7912,0.03,0.7,1.22,0.7,down,0.78,2026-09-02T11:11:45,4.0,0.75,354.53,2026-09-02 15:44:18,2026-09-02 11:45:02
TSLA,TSLA260909P00330000,TSLA,2026-09-09,P,330.0,0.96,102.0,0.99,22.0,0.4091,454.0,579.0,-0.1009,0.0086,0.089,-0.2424,-0.0067,0.9842,0.035,0.7,1.57,0.7,down,0.96,2026-09-02T11:28:27,3.78379,0.924999982118606,354.53,2026-09-02 15:44:18,2026-09-02 11:45:02
TSLA,TSLA260909P00332500,TSLA,2026-09-09,P,332.5,1.2,55.0,1.25,51.0,0.4035,243.0,311.0,-0.1225,0.01,0.1019,-0.2776,-0.0081,1.2296,0.035,0.66,1.93,0.66,up,1.18,2026-09-02T11:27:56,3.05677,1.14499998092651,354.53,2026-09-02 15:44:18,2026-09-02 11:45:02
TSLA,TSLA260909P00335000,TSLA,2026-09-09,P,335.0,1.52,21.0,1.57,46.0,0.3992,267.0,338.0,-0.1483,0.0116,0.1161,-0.3161,-0.0098,1.5399,0.06,1.11,2.4,1.0,up,1.48,2026-09-02T11:27:32,4.22535,1.4200000166893,354.53,2026-09-02 15:44:18,2026-09-02 11:45:02
TSLA,TSLA260909P00337500,TSLA,2026-09-09,P,337.5,1.91,58.0,1.97,55.0,0.3958,154.0,187.0,-0.1784,0.0132,0.1308,-0.3565,-0.0117,1.9258,0.06,1.31,2.99,1.28,down,1.83,2026-09-02T11:26:54,3.38983,1.76999998092651,354.53,2026-09-02 15:44:18,2026-09-02 11:45:02
TSLA,TSLA260909P00340000,TSLA,2026-09-09,P,340.0,2.4,50.0,2.47,149.0,0.3938,612.0,505.0,-0.2133,0.0149,0.1454,-0.3979,-0.014,2.4067,0.045,1.64,3.65,1.54,down,2.24,2026-09-02T11:26:49,2.05011,2.19500005245209,354.53,2026-09-02 15:44:18,2026-09-02 11:45:02
TSLA,TSLA260909P00342500,TSLA,2026-09-09,P,342.5,2.99,42.0,3.1,241.0,0.3922,193.0,484.0,-0.253,0.0164,0.1598,-0.4386,-0.0165,2.9983,0.145,2.44,4.4,2.11,down,2.86,2026-09-02T11:23:47,5.3407,2.7150000333786,354.53,2026-09-02 15:44:18,2026-09-02 11:45:02
TSLA,TSLA260909P00345000,TSLA,2026-09-09,P,345.0,3.7,52.0,3.8,86.0,0.3905,917.0,836.0,-0.2966,0.0178,0.1727,-0.476,-0.0191,3.7059,0.395,2.48,5.39,2.48,up,3.72,2026-09-02T11:28:34,11.8797,3.32500004768372,354.53,2026-09-02 15:44:18,2026-09-02 11:45:02
TSLA,TSLA260909P00347500,TSLA,2026-09-09,P,347.5,4.55,2.0,4.65,242.0,0.3905,563.0,407.0,-0.3435,0.019,0.1834,-0.5084,-0.0222,4.5434,0.475,3.65,6.5,3.05,up,4.55,2026-09-02T11:28:35,11.6564,4.07500004768372,354.53,2026-09-02 15:44:18,2026-09-02 11:45:02
TSLA,TSLA260909P00350000,TSLA,2026-09-09,P,350.0,5.5,21.0,5.6,158.0,0.3893,1076.0,1468.0,-0.3929,0.0199,0.1916,-0.5337,-0.0253,5.5181,0.395,4.0,7.6,3.8,up,5.32,2026-09-02T11:27:27,8.02031,4.92499995231628,354.53,2026-09-02 15:44:18,2026-09-02 11:45:02
TSLA,TSLA260909P00352500,TSLA,2026-09-09,P,352.5,6.55,94.0,6.7,138.0,0.3885,247.0,1103.0,-0.4434,0.0204,0.1968,-0.5507,-0.0282,6.6249,0.775,4.99,9.0,4.75,up,6.7,2026-09-02T11:29:16,13.0802,5.92499995231628,354.53,2026-09-02 15:44:18,2026-09-02 11:45:02
TSLA,TSLA260909P00355000,TSLA,2026-09-09,P,355.0,7.8,53.0,7.95,36.0,0.391,480.0,947.0,-0.4946,0.0205,0.1987,-0.5586,-0.0309,7.8769,0.675,5.3,10.35,5.3,no_change,7.75,2026-09-02T11:28:06,9.54064,7.07500004768372,354.53,2026-09-02 15:44:18,2026-09-02 11:45:02
TSLA,TSLA260909P00357500,TSLA,2026-09-09,P,357.5,9.15,96.0,9.35,46.0,0.392,198.0,417.0,-0.5451,0.0203,0.1975,-0.5571,-0.034,9.2653,0.945,7.09,11.9,7.0,down,9.27,2026-09-02T11:28:30,11.3514,8.32499980926514,354.53,2026-09-02 15:44:18,2026-09-02 11:45:02
TSLA,TSLA260909P00360000,TSLA,2026-09-09,P,360.0,10.7,44.0,10.85,41.0,0.3931,332.0,161.0,-0.5941,0.0198,0.1933,-0.5468,-0.037,10.7852,0.6,7.85,13.6,7.85,down,10.35,2026-09-02T11:25:08,6.15385,9.75,354.53,2026-09-02 15:44:18,2026-09-02 11:45:02
TSLA,TSLA260909P00362500,TSLA,2026-09-09,P,362.5,12.35,22.0,12.55,166.0,0.3972,162.0,39.0,-0.6407,0.019,0.1862,-0.5286,-0.0391,12.4286,1.145,11.3,15.39,11.3,down,12.42,2026-09-02T11:28:53,10.1552,11.2749996185303,354.53,2026-09-02 15:44:18,2026-09-02 11:45:02
TSLA,TSLA260909P00365000,TSLA,2026-09-09,P,365.0,14.1,14.0,14.3,31.0,0.401,635.0,5.0,-0.6844,0.0179,0.1773,-0.5041,-0.0412,14.1879,1.31,16.18,16.6,13.4,up,14.21,2026-09-02T10:50:29,10.155,12.9000000953674,354.53,2026-09-02 15:44:18,2026-09-02 11:45:02
TSLA,TSLA260909P00367500,TSLA,2026-09-09,P,367.5,15.3,263.0,16.3,133.0,0.3866,61.0,18.0,-0.7247,0.0168,0.1668,-0.4749,-0.0436,16.0553,2.025,14.32,18.6,14.32,down,16.75,2026-09-02T10:15:42,13.7521,14.7249999046326,354.53,2026-09-02 15:44:18,2026-09-02 11:45:02
TSLA,TSLA260909P00370000,TSLA,2026-09-09,P,370.0,17.25,363.0,18.2,57.0,0.3864,134.0,62.0,-0.7612,0.0155,0.1544,-0.4429,-0.0442,18.0192,0.325,17.4,20.75,17.15,down,17.15,2026-09-02T10:46:13,1.93165,16.8249998092651,354.53,2026-09-02 15:44:18,2026-09-02 11:45:02
TSLA,TSLA260909P00372500,TSLA,2026-09-09,P,372.5,19.3,183.0,20.25,46.0,0.3888,23.0,3.0,-0.7939,0.0142,0.143,-0.4096,-0.0461,20.0698,3.3,17.45,22.1,16.64,up,22.1,2026-09-02T09:52:23,17.5532,18.8000001907349,354.53,2026-09-02 15:44:18,2026-09-02 11:45:02
TSLA,TSLA260909P00375000,TSLA,2026-09-09,P,375.0,21.4,146.0,22.45,42.0,0.3932,72.0,1.0,-0.8229,0.0128,0.1296,-0.3772,-0.0459,22.1985,3.775,24.85,24.85,24.85,up,24.85,2026-09-02T09:49:53,17.9122,21.0749998092651,354.53,2026-09-02 15:44:18,2026-09-02 11:45:02
TSLA,TSLA260909P00377500,TSLA,2026-09-09,P,377.5,23.55,62.0,24.6,26.0,0.3919,7.0,2.0,-0.8481,0.0116,0.1181,-0.3458,-0.047,24.3915,3.95,27.12,27.12,26.9,down,26.9,2026-09-02T10:09:07,17.2113,22.9499998092651,354.53,2026-09-02 15:44:18,2026-09-02 11:45:02
TSLA,TSLA260909P00380000,TSLA,2026-09-09,P,380.0,26.0,140.0,26.9,57.0,0.4077,16.0,3.0,-0.8699,0.0104,0.1057,-0.3177,-0.0454,26.6438,2.675,26.35,28.82,26.35,down,27.85,2026-09-02T10:15:40,10.6256,25.1750001907349,354.53,2026-09-02 15:44:18,2026-09-02 11:45:02
TSLA,TSLA260909P00382500,TSLA,2026-09-09,P,382.5,28.1,142.0,29.2,53.0,0.4001,20.0,1.0,-0.8885,0.0093,0.0957,-0.2915,-0.046,28.9406,3.8,31.15,31.15,31.15,up,31.15,2026-09-02T09:41:16,13.894,27.3500003814697,354.53,2026-09-02 15:44:18,2026-09-02 11:45:02
TSLA,TSLA260909P00385000,TSLA,2026-09-09,P,385.0,30.45,42.0,31.5,23.0,0.4009,3.0,3.0,-0.9044,0.0083,0.0843,-0.2683,-0.0426,31.2797,0.5,30.44,30.44,30.3,no_change,30.3,2026-09-02T10:48:53,1.67785,29.7999992370606,354.53,2026-09-02 15:44:18,2026-09-02 11:45:02
TSLA,TSLA260909P00387500,TSLA,2026-09-09,P,387.5,32.8,28.0,33.9,17.0,0.4038,35.0,0.0,-0.9177,0.0074,0.0768,-0.2476,-0.0433,33.6481,0.0,0.0,0.0,0.0,down,22.55,2026-08-31T13:58:47,0.0,32.1499996185303,354.53,2026-09-02 15:44:18,2026-09-02 11:45:02
TSLA,TSLA260909P00390000,TSLA,2026-09-09,P,390.0,35.2,30.0,36.85,47.0,0.456,1.0,0.0,-0.929,0.0066,0.0671,-0.2286,-0.0376,36.0433,0.0,0.0,0.0,0.0,up,32.58,2026-09-01T09:56:33,0.0,34.5499992370606,354.53,2026-09-02 15:44:18,2026-09-02 11:45:02
TSLA,TSLA260909P00392500,TSLA,2026-09-09,P,392.5,37.6,21.0,39.35,42.0,0.471,0.0,0.0,-0.9385,0.0059,0.0604,-0.2111,-0.0383,38.4597,0.0,0.0,0.0,0.0,no_change,0.0,,0.0,36.5,354.53,2026-09-02 15:44:18,2026-09-02 11:45:02
TSLA,TSLA260909P00395000,TSLA,2026-09-09,P,395.0,40.05,36.0,41.15,13.0,0.4003,2.0,2.0,-0.9466,0.0053,0.055,-0.196,-0.0369,40.8902,1.37,40.05,40.37,40.05,up,40.37,2026-09-02T11:27:13,3.51282,39.0,354.53,2026-09-02 15:44:18,2026-09-02 11:45:02
TSLA,TSLA260909P00397500,TSLA,2026-09-09,P,397.5,42.5,21.0,43.6,15.0,0.3857,20.0,0.0,-0.9534,0.0048,0.0486,-0.1825,-0.031,43.3342,0.0,0.0,0.0,0.0,up,46.78,2026-08-28T11:40:45,0.0,41.3250007629394,354.53,2026-09-02 15:44:18,2026-09-02 11:45:02
TSLA,TSLA260909P00400000,TSLA,2026-09-09,P,400.0,44.95,43.0,46.05,25.0,0.0,2.0,2.0,-0.9592,0.0043,0.0426,-0.1684,-0.0315,45.7897,-0.025,43.95,43.95,43.95,up,43.95,2026-09-02T10:45:29,-0.056847,43.9749984741211,354.53,2026-09-02 15:44:18,2026-09-02 11:45:02
TSLA,TSLA260909P00402500,TSLA,2026-09-09,P,402.5,45.95,35.0,49.65,36.0,0.0,1.0,0.0,-0.9641,0.0039,0.0396,-0.156,-0.0319,48.2513,0.0,0.0,0.0,0.0,up,41.6,2026-09-01T09:30:01,0.0,46.75,354.53,2026-09-02 15:44:18,2026-09-02 11:45:02
TSLA,TSLA260909P00405000,TSLA,2026-09-09,P,405.0,48.6,60.0,52.1,61.0,0.0,20.0,6.0,-0.9684,0.0035,0.0356,-0.1458,-0.0283,50.7192,-0.035,51.66,51.66,49.14,down,49.14,2026-09-02T10:42:34,-0.0711728,49.1749992370606,354.53,2026-09-02 15:44:18,2026-09-02 11:45:02
TSLA,TSLA260909P00407500,TSLA,2026-09-09,P,407.5,51.05,35.0,54.6,36.0,0.0,0.0,0.0,-0.9722,0.0032,0.0318,-0.1374,-0.0228,53.1924,0.0,0.0,0.0,0.0,no_change,0.0,,0.0,51.75,354.53,2026-09-02 15:44:18,2026-09-02 11:45:02
TSLA,TSLA260909P00410000,TSLA,2026-09-09,P,410.0,53.0,36.0,57.05,36.0,0.0,0.0,0.0,-0.9754,0.0029,0.0271,-0.1273,-0.0231,55.6713,0.0,0.0,0.0,0.0,no_change,0.0,,0.0,54.5749988555908,354.53,2026-09-02 15:44:18,2026-09-02 11:45:02
TSLA,TSLA260909P00412500,TSLA,2026-09-09,P,412.5,55.8,35.0,59.5,36.0,0.0,0.0,0.0,-0.9782,0.0026,0.0253,-0.1182,-0.0233,58.1524,0.0,0.0,0.0,0.0,no_change,0.0,,0.0,57.0249996185303,354.53,2026-09-02 15:44:18,2026-09-02 11:45:02
TSLA,TSLA260909P00415000,TSLA,2026-09-09,P,415.0,57.9,37.0,62.0,38.0,0.0,20.0,0.0,-0.9806,0.0024,0.0238,-0.1099,-0.0233,60.6354,0.0,0.0,0.0,0.0,up,56.6,2026-09-01T10:28:11,0.0,59.1749992370606,354.53,2026-09-02 15:44:18,2026-09-02 11:45:02
TSLA,TSLA260909P00420000,TSLA,2026-09-09,P,420.0,62.9,35.0,67.0,36.0,0.0,0.0,0.0,-0.9847,0.002,0.0182,-0.0981,-0.018,65.6094,0.0,0.0,0.0,0.0,no_change,0.0,,0.0,64.2250003814697,354.53,2026-09-02 15:44:18,2026-09-02 11:45:02
TSLA,TSLA260909P00425000,TSLA,2026-09-09,P,425.0,68.9,33.0,71.6,36.0,0.0,0.0,14.0,-0.9878,0.0016,0.0141,-0.0876,-0.0143,70.5911,3.98,73.13,73.13,73.13,up,73.13,2026-09-02T09:51:36,5.7556,69.1500015258789,354.53,2026-09-02 15:44:18,2026-09-02 11:45:02
TSLA,TSLA260909P00430000,TSLA,2026-09-09,P,430.0,73.05,35.0,76.95,36.0,0.0,0.0,0.0,-0.9902,0.0013,0.0126,-0.0779,-0.0144,75.5764,0.0,0.0,0.0,0.0,no_change,0.0,,0.0,74.0999984741211,354.53,2026-09-02 15:44:18,2026-09-02 11:45:02
TSLA,TSLA260909P00435000,TSLA,2026-09-09,P,435.0,78.85,35.0,81.95,36.0,0.0,0.0,0.0,-0.9922,0.0011,0.011,-0.0699,-0.0088,80.5644,0.0,0.0,0.0,0.0,no_change,0.0,,0.0,79.0249977111816,354.53,2026-09-02 15:44:18,2026-09-02 11:45:02
TSLA,TSLA260909P00440000,TSLA,2026-09-09,P,440.0,83.45,35.0,86.95,36.0,0.0,0.0,0.0,-0.9938,0.0009,0.0075,-0.0656,-0.0083,85.5568,0.0,0.0,0.0,0.0,no_change,0.0,,0.0,84.0750007629394,354.53,2026-09-02 15:44:18,2026-09-02 11:45:02
TSLA,TSLA260909P00445000,TSLA,2026-09-09,P,445.0,88.55,35.0,92.5,36.0,0.0,0.0,0.0,-0.9949,0.0007,0.0059,-0.0612,-0.0069,90.5512,0.0,0.0,0.0,0.0,no_change,0.0,,0.0,89.125,354.53,2026-09-02 15:44:18,2026-09-02 11:45:02
TSLA,TSLA260909P00450000,TSLA,2026-09-09,P,450.0,94.2,32.0,97.5,32.0,0.8903,0.0,0.0,-0.9959,0.0006,0.0053,-0.0572,-0.007,95.5463,0.0,0.0,0.0,0.0,no_change,0.0,,0.0,94.3000030517578,354.53,2026-09-02 15:44:18,2026-09-02 11:45:02
TSLA,TSLA260909P00455000,TSLA,2026-09-09,P,455.0,97.8,36.0,101.95,37.0,0.0,0.0,0.0,-0.9967,0.0005,0.0048,-0.0537,-0.007,100.5421,0.0,0.0,0.0,0.0,no_change,0.0,,0.0,99.1500015258789,354.53,2026-09-02 15:44:18,2026-09-02 11:45:02
TSLA,TSLA260909P00460000,TSLA,2026-09-09,P,460.0,103.0,35.0,106.95,36.0,0.0,0.0,0.0,-0.9974,0.0004,0.0041,-0.051,-0.0031,105.5386,0.0,0.0,0.0,0.0,no_change,0.0,,0.0,103.775001525879,354.53,2026-09-02 15:44:18,2026-09-02 11:45:02
TSLA,TSLA260909P00465000,TSLA,2026-09-09,P,465.0,108.2,36.0,111.95,37.0,0.0,0.0,0.0,-0.9978,0.0003,0.0024,-0.0496,-0.0031,110.5367,0.0,0.0,0.0,0.0,no_change,0.0,,0.0,109.125,354.53,2026-09-02 15:44:18,2026-09-02 11:45:02
TSLA,TSLA260909P00470000,TSLA,2026-09-09,P,470.0,113.65,54.0,117.35,54.0,0.0,0.0,1.0,-0.9982,0.0003,0.0019,-0.0483,-0.0024,115.5352,3.95,117.9,117.9,117.9,up,117.9,2026-09-02T09:37:19,3.46644,113.949996948242,354.53,2026-09-02 15:44:18,2026-09-02 11:45:02
TSLA,TSLA260909P00475000,TSLA,2026-09-09,P,475.0,118.75,33.0,121.6,33.0,0.0,0.0,0.0,-0.9985,0.0002,0.0017,-0.0472,-0.0024,120.534,0.0,0.0,0.0,0.0,no_change,0.0,,0.0,119.149997711182,354.53,2026-09-02 15:44:18,2026-09-02 11:45:02
TSLA,TSLA260909P00480000,TSLA,2026-09-09,P,480.0,123.3,25.0,126.95,25.0,0.0,0.0,0.0,-0.9988,0.0002,0.0015,-0.0461,-0.0024,125.5328,0.0,0.0,0.0,0.0,no_change,0.0,,0.0,124.125,354.53,2026-09-02 15:44:18,2026-09-02 11:45:02
TSLA,TSLA260909P00485000,TSLA,2026-09-09,P,485.0,128.25,31.0,131.6,33.0,0.0,0.0,0.0,-0.9991,0.0002,0.0014,-0.0451,-0.0025,130.5317,0.0,0.0,0.0,0.0,no_change,0.0,,0.0,128.875,354.53,2026-09-02 15:44:18,2026-09-02 11:45:02
TSLA,TSLA260909P00490000,TSLA,2026-09-09,P,490.0,132.85,33.0,136.9,31.0,0.0,0.0,0.0,-0.9993,0.0001,0.0014,-0.0442,-0.001,135.5307,0.0,0.0,0.0,0.0,no_change,0.0,,0.0,133.900001525879,354.53,2026-09-02 15:44:18,2026-09-02 11:45:02
TSLA,TSLA260909P00495000,TSLA,2026-09-09,P,495.0,138.5,31.0,142.15,30.0,0.0,0.0,0.0,-0.9994,0.0001,0.0007,-0.0439,-0.0007,140.5304,0.0,0.0,0.0,0.0,no_change,0.0,,0.0,138.424995422363,354.53,2026-09-02 15:44:18,2026-09-02 11:45:02
TSLA,TSLA260909P00500000,TSLA,2026-09-09,P,500.0,143.35,31.0,146.95,30.0,0.0,0.0,0.0,-0.9995,0.0001,0.0004,-0.0436,-0.0005,145.5301,0.0,0.0,0.0,0.0,up,143.25,2026-09-01T09:33:36,0.0,144.224998474121,354.53,2026-09-02 15:44:18,2026-09-02 11:45:02
TSLA,TSLA260909P00505000,TSLA,2026-09-09,P,505.0,148.4,31.0,151.95,30.0,0.0,0.0,0.0,-0.9996,0.0001,0.0003,-0.0434,-0.0005,150.5299,0.0,0.0,0.0,0.0,no_change,0.0,,0.0,148.75,354.53,2026-09-02 15:44:18,2026-09-02 11:45:02
TSLA,TSLA260909P00510000,TSLA,2026-09-09,P,510.0,153.7,30.0,156.95,27.0,0.0,0.0,0.0,-0.9997,0.0001,0.0003,-0.0432,-0.0005,155.5296,0.0,0.0,0.0,0.0,no_change,0.0,,0.0,154.074996948242,354.53,2026-09-02 15:44:18,2026-09-02 11:45:02
TSLA,TSLA260909P00515000,TSLA,2026-09-09,P,515.0,158.3,31.0,161.95,33.0,0.0,0.0,0.0,-0.9997,0.0,0.0003,-0.043,-0.0005,160.5294,0.0,0.0,0.0,0.0,no_change,0.0,,0.0,159.074996948242,354.53,2026-09-02 15:44:18,2026-09-02 11:45:02
TSLA,TSLA260909P00520000,TSLA,2026-09-09,P,520.0,162.8,33.0,166.95,32.0,0.0,0.0,0.0,-0.9998,0.0,0.0003,-0.0429,-0.0005,165.5293,0.0,0.0,0.0,0.0,no_change,0.0,,0.0,164.074996948242,354.53,2026-09-02 15:44:18,2026-09-02 11:45:02
TSLA,TSLA260909P00525000,TSLA,2026-09-09,P,525.0,168.3,34.0,171.95,33.0,0.0,0.0,0.0,-0.9998,0.0,0.0003,-0.0427,-0.0006,170.5291,0.0,0.0,0.0,0.0,no_change,0.0,,0.0,169.074996948242,354.53,2026-09-02 15:44:18,2026-09-02 11:45:02
TSLA,TSLA260909P00530000,TSLA,2026-09-09,P,530.0,172.8,35.0,176.95,35.0,0.0,0.0,0.0,-0.9999,0.0,0.0002,-0.0426,-0.0001,175.5289,0.0,0.0,0.0,0.0,no_change,0.0,,0.0,174.074996948242,354.53,2026-09-02 15:44:18,2026-09-02 11:45:02
TSLA,TSLA260909P00535000,TSLA,2026-09-09,P,535.0,178.9,35.0,182.3,35.0,1.2414,0.0,0.0,-0.9999,0.0,0.0001,-0.0425,-0.0001,180.5289,0.0,0.0,0.0,0.0,no_change,0.0,,0.0,179.099998474121,354.53,2026-09-02 15:44:18,2026-09-02 11:45:02
TSLA,TSLA260909P00540000,TSLA,2026-09-09,P,540.0,183.35,34.0,187.4,32.0,0.0,0.0,0.0,-0.9999,0.0,0.0,-0.0425,0.0,185.5289,0.0,0.0,0.0,0.0,no_change,0.0,,0.0,184.149993896484,354.53,2026-09-02 15:44:18,2026-09-02 11:45:02
TSLA,TSLA260909P00545000,TSLA,2026-09-09,P,545.0,188.3,34.0,191.95,36.0,0.0,0.0,0.0,-0.9999,0.0,0.0,-0.0425,0.0,190.5289,0.0,0.0,0.0,0.0,no_change,0.0,,0.0,189.324996948242,354.53,2026-09-02 15:44:18,2026-09-02 11:45:02
TSLA,TSLA260909P00550000,TSLA,2026-09-09,P,550.0,193.15,35.0,196.95,33.0,0.0,0.0,0.0,-0.9999,0.0,0.0,-0.0425,0.0,195.5289,0.0,0.0,0.0,0.0,no_change,0.0,,0.0,194.324996948242,354.53,2026-09-02 15:44:18,2026-09-02 11:45:02
TSLA,TSLA260909P00555000,TSLA,2026-09-09,P,555.0,198.4,33.0,201.95,30.0,0.0,0.0,0.0,-1.0,0.0,0.0,-0.0424,0.0,200.5288,0.0,0.0,0.0,0.0,no_change,0.0,,0.0,199.300003051758,354.53,2026-09-02 15:44:18,2026-09-02 11:45:02
TSLA,TSLA260909P00560000,TSLA,2026-09-09,P,560.0,203.3,30.0,206.95,31.0,0.0,0.0,0.0,-1.0,0.0,0.0,-0.0424,-0.0001,205.5288,0.0,0.0,0.0,0.0,no_change,0.0,,0.0,204.275001525879,354.53,2026-09-02 15:44:18,2026-09-02 11:45:02
TSLA,TSLA260909P00565000,TSLA,2026-09-09,P,565.0,208.4,35.0,212.4,35.0,0.0,0.0,0.0,-1.0,0.0,0.0,-0.0424,-0.0001,210.5288,0.0,0.0,0.0,0.0,no_change,0.0,,0.0,208.925003051758,354.53,2026-09-02 15:44:18,2026-09-02 11:45:02
TSLA,TSLA260909P00570000,TSLA,2026-09-09,P,570.0,213.65,36.0,216.95,36.0,0.0,0.0,0.0,-1.0,0.0,0.0,-0.0424,-0.0001,215.5288,0.0,0.0,0.0,0.0,no_change,0.0,,0.0,213.925003051758,354.53,2026-09-02 15:44:18,2026-09-02 11:45:02
TSLA,TSLA260909P00575000,TSLA,2026-09-09,P,575.0,218.45,28.0,221.95,25.0,0.0,0.0,0.0,-1.0,0.0,0.0,-0.0424,0.0,220.5288,0.0,0.0,0.0,0.0,no_change,0.0,,0.0,218.925003051758,354.53,2026-09-02 15:44:18,2026-09-02 11:45:02
TSLA,TSLA260909P00580000,TSLA,2026-09-09,P,580.0,223.3,28.0,226.95,27.0,0.0,0.0,0.0,-1.0,0.0,0.0,-0.0424,0.0,225.5288,0.0,0.0,0.0,0.0,no_change,0.0,,0.0,223.875,354.53,2026-09-02 15:44:18,2026-09-02 11:45:02
TSLA,TSLA260909P00585000,TSLA,2026-09-09,P,585.0,228.5,31.0,232.4,35.0,0.0,0.0,0.0,-1.0,0.0,0.0,-0.0424,0.0,230.5288,0.0,0.0,0.0,0.0,no_change,0.0,,0.0,228.900001525879,354.53,2026-09-02 15:44:18,2026-09-02 11:45:02
TSLA,TSLA260909P00590000,TSLA,2026-09-09,P,590.0,233.9,33.0,236.95,34.0,0.0,0.0,0.0,-1.0,0.0,0.0,-0.0424,0.0,235.5288,0.0,0.0,0.0,0.0,no_change,0.0,,0.0,233.900001525879,354.53,2026-09-02 15:44:18,2026-09-02 11:45:02
TSLA,TSLA260909P00600000,TSLA,2026-09-09,P,600.0,242.95,25.0,247.5,24.0,0.0,0.0,0.0,-1.0,0.0,0.0,-0.0424,0.0,245.5288,0.0,0.0,0.0,0.0,no_change,0.0,,0.0,243.900001525879,354.53,2026-09-02 15:44:18,2026-09-02 11:45:02
TSLA,TSLA260909P00610000,TSLA,2026-09-09,P,610.0,253.2,26.0,256.95,25.0,0.0,0.0,0.0,-1.0,0.0,0.0,-0.0424,0.0,255.5288,0.0,0.0,0.0,0.0,no_change,0.0,,0.0,253.900001525879,354.53,2026-09-02 15:44:18,2026-09-02 11:45:02
TSLA,TSLA260909P00620000,TSLA,2026-09-09,P,620.0,262.8,23.0,266.95,30.0,0.0,0.0,0.0,-1.0,0.0,0.0,-0.0424,0.0,265.5288,0.0,0.0,0.0,0.0,no_change,0.0,,0.0,263.925003051758,354.53,2026-09-02 15:44:18,2026-09-02 11:45:02
TSLA,TSLA260909P00630000,TSLA,2026-09-09,P,630.0,273.35,26.0,276.95,25.0,0.0,0.0,0.0,-1.0,0.0,0.0,-0.0424,0.0,275.5288,0.0,0.0,0.0,0.0,no_change,0.0,,0.0,273.925003051758,354.53,2026-09-02 15:44:18,2026-09-02 11:45:02
TSLA,TSLA260911C00050000,TSLA,2026-09-11,C,50.0,301.35,16.0,307.65,10.0,0.0,1.0,0.0,0.9998,0.0,0.0005,0.0,0.015,304.5763,0.0,0.0,0.0,0.0,down,281.67,2026-08-11T09:44:31,0.0,306.175003051758,354.53,2026-09-02 15:44:18,2026-09-02 11:45:02
TSLA,TSLA260911C00060000,TSLA,2026-09-11,C,60.0,291.35,16.0,297.7,10.0,0.0,0.0,0.0,0.9998,0.0,0.0006,0.0,0.018,294.5901,0.0,0.0,0.0,0.0,no_change,0.0,,0.0,296.224990844727,354.53,2026-09-02 15:44:18,2026-09-02 11:45:02
TSLA,TSLA260911C00070000,TSLA,2026-09-11,C,70.0,281.35,16.0,287.7,1.0,0.0,0.0,0.0,0.9997,0.0,0.0007,0.0,0.021,284.6038,0.0,0.0,0.0,0.0,no_change,0.0,,0.0,286.199996948242,354.53,2026-09-02 15:44:18,2026-09-02 11:45:02
TSLA,TSLA260911C00080000,TSLA,2026-09-11,C,80.0,272.4,31.0,277.65,18.0,4.1487,0.0,0.0,0.9997,0.0,0.0008,0.0,0.024,274.6175,0.0,0.0,0.0,0.0,no_change,0.0,,0.0,276.550003051758,354.53,2026-09-02 15:44:18,2026-09-02 11:45:02
TSLA,TSLA260911C00090000,TSLA,2026-09-11,C,90.0,262.45,28.0,267.7,13.0,3.872,0.0,0.0,0.9996,0.0,0.0008,0.0,0.027,264.6313,0.0,0.0,0.0,0.0,no_change,0.0,,0.0,266.600006103516,354.53,2026-09-02 15:44:18,2026-09-02 11:45:02
TSLA,TSLA260911C00100000,TSLA,2026-09-11,C,100.0,252.45,35.0,257.7,15.0,3.5712,4.0,0.0,0.9996,0.0,0.0009,0.0,0.03,254.6451,0.0,0.0,0.0,0.0,up,218.5,2026-08-03T10:32:44,0.0,256.574996948242,354.53,2026-09-02 15:44:18,2026-09-02 11:45:02
TSLA,TSLA260911C00110000,TSLA,2026-09-11,C,110.0,242.45,24.0,247.7,18.0,3.3008,1.0,0.0,0.9995,0.0,0.001,0.0,0.033,244.659,0.0,0.0,0.0,0.0,down,214.5,2026-08-05T11:06:12,0.0,246.575004577637,354.53,2026-09-02 15:44:18,2026-09-02 11:45:02
TSLA,TSLA260911C00120000,TSLA,2026-09-11,C,120.0,232.45,32.0,237.75,22.0,3.0791,0.0,0.0,0.9995,0.0,0.0012,0.0,0.036,234.673,0.0,0.0,0.0,0.0,no_change,0.0,,0.0,236.625,354.53,2026-09-02 15:44:18,2026-09-02 11:45:02
TSLA,TSLA260911C00130000,TSLA,2026-09-11,C,130.0,222.5,23.0,227.75,18.0,2.875,0.0,0.0,0.9994,0.0,0.0013,0.0,0.039,224.6872,0.0,0.0,0.0,0.0,no_change,0.0,,0.0,226.650001525879,354.53,2026-09-02 15:44:18,2026-09-02 11:45:02
TSLA,TSLA260911C00140000,TSLA,2026-09-11,C,140.0,212.5,35.0,217.75,17.0,2.6656,1.0,0.0,0.9993,0.0,0.0014,0.0,0.042,214.7015,0.0,0.0,0.0,0.0,up,215.28,2026-08-27T14:34:16,0.0,215.75,354.53,2026-09-02 15:44:18,2026-09-02 11:45:02
TSLA,TSLA260911C00150000,TSLA,2026-09-11,C,150.0,202.5,37.0,207.75,16.0,2.4714,3.0,0.0,0.9992,0.0,0.0016,0.0,0.045,204.7161,0.0,0.0,0.0,0.0,up,213.81,2026-08-21T15:49:57,0.0,206.650001525879,354.53,2026-09-02 15:44:18,2026-09-02 11:45:02
TSLA,TSLA260911C00160000,TSLA,2026-09-11,C,160.0,192.55,36.0,197.75,18.0,2.3086,2.0,0.0,0.9991,0.0,0.0018,0.0,0.048,194.7308,0.0,0.0,0.0,0.0,no_change,168.0,2026-08-07T09:47:19,0.0,196.700004577637,354.53,2026-09-02 15:44:18,2026-09-02 11:45:02
TSLA,TSLA260911C00170000,TSLA,2026-09-11,C,170.0,182.55,25.0,187.8,19.0,2.1549,0.0,0.0,0.9989,0.0,0.0021,0.0,0.051,184.7459,0.0,0.0,0.0,0.0,no_change,0.0,,0.0,186.600006103516,354.53,2026-09-02 15:44:18,2026-09-02 11:45:02
TSLA,TSLA260911C00180000,TSLA,2026-09-11,C,180.0,172.55,31.0,177.8,21.0,1.9936,2.0,0.0,0.9988,0.0,0.0024,0.0,0.054,174.7613,0.0,0.0,0.0,0.0,up,145.3,2026-08-05T10:43:32,0.0,176.599998474121,354.53,2026-09-02 15:44:18,2026-09-02 11:45:02
TSLA,TSLA260911C00190000,TSLA,2026-09-11,C,190.0,162.6,38.0,167.8,17.0,1.8562,1.0,0.0,0.9986,0.0001,0.0027,0.0,0.057,164.7772,0.0,0.0,0.0,0.0,up,174.97,2026-08-31T10:42:33,0.0,166.375,354.53,2026-09-02 15:44:18,2026-09-02 11:45:02
TSLA,TSLA260911C00200000,TSLA,2026-09-11,C,200.0,153.5,35.0,157.85,15.0,1.9182,6.0,0.0,0.9983,0.0001,0.0031,0.0,0.06,154.7936,0.0,0.0,0.0,0.0,down,156.3,2026-09-01T15:36:47,0.0,157.100006103516,354.53,2026-09-02 15:44:18,2026-09-02 11:45:02
TSLA,TSLA260911C00210000,TSLA,2026-09-11,C,210.0,142.65,34.0,147.85,20.0,1.5989,25.0,0.0,0.998,0.0001,0.0036,-0.002,0.0629,144.8108,0.0,0.0,0.0,0.0,up,154.5,2026-08-31T10:29:32,0.0,146.650001525879,354.53,2026-09-02 15:44:18,2026-09-02 11:45:02
TSLA,TSLA260911C00220000,TSLA,2026-09-11,C,220.0,132.65,31.0,135.8,24.0,0.0,1.0,0.0,0.9976,0.0001,0.0043,-0.0051,0.0659,134.829,0.0,0.0,0.0,0.0,down,128.35,2026-08-28T15:22:56,0.0,136.675003051758,354.53,2026-09-02 15:44:18,2026-09-02 11:45:02
TSLA,TSLA260911C00230000,TSLA,2026-09-11,C,230.0,122.7,34.0,127.85,14.0,1.3501,8.0,0.0,0.9971,0.0002,0.0051,-0.0086,0.0688,124.8484,0.0,0.0,0.0,0.0,down,129.2,2026-09-01T11:16:15,0.0,125.75,354.53,2026-09-02 15:44:18,2026-09-02 11:45:02
TSLA,TSLA260911C00235000,TSLA,2026-09-11,C,235.0,118.0,33.0,122.85,20.0,1.3462,0.0,0.0,0.9967,0.0002,0.0056,-0.0105,0.0703,119.8588,0.0,0.0,0.0,0.0,no_change,0.0,,0.0,121.5,354.53,2026-09-02 15:44:18,2026-09-02 11:45:02
TSLA,TSLA260911C00240000,TSLA,2026-09-11,C,240.0,112.95,36.0,117.85,18.0,1.2752,31.0,0.0,0.9964,0.0002,0.0062,-0.0126,0.0718,114.8696,0.0,0.0,0.0,0.0,up,107.23,2026-08-28T14:02:13,0.0,116.75,354.53,2026-09-02 15:44:18,2026-09-02 11:45:02
TSLA,TSLA260911C00245000,TSLA,2026-09-11,C,245.0,107.75,34.0,112.9,17.0,1.1877,1.0,0.0,0.9959,0.0002,0.0068,-0.0149,0.0732,109.8811,0.0,0.0,0.0,0.0,down,87.33,2026-08-11T14:28:54,0.0,111.774997711182,354.53,2026-09-02 15:44:18,2026-09-02 11:45:02
TSLA,TSLA260911C00250000,TSLA,2026-09-11,C,250.0,102.9,39.0,106.25,36.0,0.0,61.0,0.0,0.9954,0.0003,0.0076,-0.0174,0.0747,104.8933,0.0,0.0,0.0,0.0,down,104.2,2026-09-01T14:38:52,0.0,106.375,354.53,2026-09-02 15:44:18,2026-09-02 11:45:02
TSLA,TSLA260911C00255000,TSLA,2026-09-11,C,255.0,97.95,44.0,102.9,19.0,1.1041,77.0,0.0,0.9948,0.0003,0.0085,-0.0202,0.0761,99.9064,0.0,0.0,0.0,0.0,down,98.53,2026-08-27T12:49:49,0.0,101.674999237061,354.53,2026-09-02 15:44:18,2026-09-02 11:45:02
TSLA,TSLA260911C00260000,TSLA,2026-09-11,C,260.0,93.5,34.0,97.1,17.0,1.0056,26.0,0.0,0.9941,0.0004,0.0095,-0.0232,0.0776,94.9205,0.0,0.0,0.0,0.0,up,104.17,2026-08-31T10:28:36,0.0,96.8499984741211,354.53,2026-09-02 15:44:18,2026-09-02 11:45:02
TSLA,TSLA260911C00265000,TSLA,2026-09-11,C,265.0,87.85,37.0,92.9,17.0,0.9743,32.0,0.0,0.9933,0.0004,0.0107,-0.0266,0.079,89.936,0.0,0.0,0.0,0.0,up,92.8,2026-09-01T14:56:57,0.0,91.2999992370606,354.53,2026-09-02 15:44:18,2026-09-02 11:45:02
TSLA,TSLA260911C00270000,TSLA,2026-09-11,C,270.0,83.15,41.0,87.95,20.0,0.9666,17.0,0.0,0.9923,0.0005,0.0121,-0.0304,0.0804,84.9532,0.0,0.0,0.0,0.0,no_change,94.78,2026-08-31T10:34:30,0.0,86.8499984741211,354.53,2026-09-02 15:44:18,2026-09-02 11:45:02
TSLA,TSLA260911C00275000,TSLA,2026-09-11,C,275.0,79.0,24.0,83.0,44.0,1.0038,40.0,0.0,0.991,0.0006,0.0138,-0.0348,0.0817,79.9724,0.0,0.0,0.0,0.0,up,82.0,2026-09-01T12:26:38,0.0,81.5499992370606,354.53,2026-09-02 15:44:18,2026-09-02 11:45:02
TSLA,TSLA260911C00280000,TSLA,2026-09-11,C,280.0,72.5,41.0,77.95,18.0,0.7647,63.0,0.0,0.9895,0.0008,0.0159,-0.0399,0.0831,74.9946,0.0,0.0,0.0,0.0,up,85.64,2026-08-31T10:37:53,0.0,76.8500022888184,354.53,2026-09-02 15:44:18,2026-09-02 11:45:02
TSLA,TSLA260911C00285000,TSLA,2026-09-11,C,285.0,67.3,37.0,72.95,19.0,0.6774,19.0,0.0,0.9876,0.0009,0.0184,-0.0458,0.0844,70.0205,0.0,0.0,0.0,0.0,down,62.0,2026-08-28T13:23:43,0.0,71.9749984741211,354.53,2026-09-02 15:44:18,2026-09-02 11:45:02
TSLA,TSLA260911C00290000,TSLA,2026-09-11,C,290.0,62.9,35.0,66.75,15.0,0.0,31.0,0.0,0.9851,0.0011,0.0215,-0.053,0.0856,65.0518,0.0,0.0,0.0,0.0,down,68.8,2026-09-01T09:32:52,0.0,67.0,354.53,2026-09-02 15:44:18,2026-09-02 11:45:02
TSLA,TSLA260911C00295000,TSLA,2026-09-11,C,295.0,58.2,36.0,62.8,20.0,0.6811,34.0,0.0,0.9819,0.0014,0.0254,-0.0618,0.0868,60.091,0.0,0.0,0.0,0.0,down,61.25,2026-09-01T15:34:18,0.0,62.2249984741211,354.53,2026-09-02 15:44:18,2026-09-02 11:45:02
TSLA,TSLA260911C00297500,TSLA,2026-09-11,C,297.5,55.7,35.0,60.3,20.0,0.6547,23.0,0.0,0.9799,0.0016,0.0279,-0.067,0.0873,57.6148,0.0,0.0,0.0,0.0,up,50.11,2026-08-28T13:51:43,0.0,59.4250011444092,354.53,2026-09-02 15:44:18,2026-09-02 11:45:02
TSLA,TSLA260911C00300000,TSLA,2026-09-11,C,300.0,54.15,70.0,56.2,42.0,0.5487,347.0,0.0,0.9775,0.0018,0.0307,-0.073,0.0878,55.1423,0.0,0.0,0.0,0.0,up,68.9,2026-08-31T15:56:41,0.0,56.7000007629394,354.53,2026-09-02 15:44:18,2026-09-02 11:45:02
TSLA,TSLA260911C00302500,TSLA,2026-09-11,C,302.5,51.05,36.0,55.15,19.0,0.621,23.0,0.0,0.9747,0.002,0.0338,-0.0799,0.0882,52.6746,0.0,0.0,0.0,0.0,up,45.28,2026-08-28T13:51:43,0.0,54.6750011444092,354.53,2026-09-02 15:44:18,2026-09-02 11:45:02
TSLA,TSLA260911C00305000,TSLA,2026-09-11,C,305.0,49.3,47.0,51.1,31.0,0.5079,548.0,0.0,0.9713,0.0023,0.0375,-0.0878,0.0886,50.2127,0.0,0.0,0.0,0.0,up,49.35,2026-09-01T14:45:59,0.0,51.6000003814697,354.53,2026-09-02 15:44:18,2026-09-02 11:45:02
TSLA,TSLA260911C00307500,TSLA,2026-09-11,C,307.5,46.45,38.0,49.85,17.0,0.5763,0.0,0.0,0.9673,0.0026,0.0418,-0.097,0.089,47.7583,0.0,0.0,0.0,0.0,no_change,0.0,,0.0,49.75,354.53,2026-09-02 15:44:18,2026-09-02 11:45:02
TSLA,TSLA260911C00310000,TSLA,2026-09-11,C,310.0,44.75,36.0,46.7,118.0,0.5612,147.0,9.0,0.9625,0.003,0.0467,-0.1076,0.0892,45.3134,-4.925,41.6,43.55,41.6,no_change,41.85,2026-09-02T10:05:46,-10.5291,46.7749996185303,354.53,2026-09-02 15:44:18,2026-09-02 11:45:02
TSLA,TSLA260911C00312500,TSLA,2026-09-11,C,312.5,41.5,45.0,44.15,36.0,0.4652,7.0,8.0,0.9567,0.0034,0.0524,-0.12,0.0893,42.8805,-1.55,40.71,42.85,39.95,up,42.85,2026-09-02T10:22:41,-3.49099,44.3999996185303,354.53,2026-09-02 15:44:18,2026-09-02 11:45:02
TSLA,TSLA260911C00315000,TSLA,2026-09-11,C,315.0,40.05,46.0,41.05,101.0,0.4809,205.0,6.0,0.9497,0.0039,0.0592,-0.1343,0.0893,40.4625,-3.725,38.0,40.05,37.6,down,38.35,2026-09-02T11:04:30,-8.85324,42.0750007629394,354.53,2026-09-02 15:44:18,2026-09-02 11:45:02
TSLA,TSLA260911C00317500,TSLA,2026-09-11,C,317.5,37.65,24.0,38.65,33.0,0.4698,5.0,2.0,0.9413,0.0045,0.0668,-0.1508,0.0891,38.0635,-0.45,37.65,39.3,37.65,up,39.3,2026-09-02T10:48:22,-1.13208,39.75,354.53,2026-09-02 15:44:18,2026-09-02 11:45:02
TSLA,TSLA260911C00320000,TSLA,2026-09-11,C,320.0,35.45,25.0,36.15,103.0,0.4631,283.0,22.0,0.9311,0.0052,0.0756,-0.1698,0.0888,35.6878,-2.365,34.75,37.13,31.98,up,35.01,2026-09-02T11:08:58,-6.32776,37.375,354.53,2026-09-02 15:44:18,2026-09-02 11:45:02
TSLA,TSLA260911C00322500,TSLA,2026-09-11,C,322.5,33.1,28.0,33.9,42.0,0.459,59.0,3.0,0.9189,0.006,0.0855,-0.1913,0.0882,33.3414,-5.275,31.35,31.35,29.75,no_change,29.75,2026-09-02T10:03:32,-15.0607,35.0249996185303,354.53,2026-09-02 15:44:18,2026-09-02 11:45:02
TSLA,TSLA260911C00325000,TSLA,2026-09-11,C,325.0,30.8,55.0,31.3,89.0,0.436,419.0,17.0,0.9044,0.0069,0.0966,-0.2155,0.0873,31.0306,-0.245,28.45,32.43,28.45,up,32.43,2026-09-02T10:42:25,-0.749812,32.6750011444092,354.53,2026-09-02 15:44:18,2026-09-02 11:45:02
TSLA,TSLA260911C00327500,TSLA,2026-09-11,C,327.5,28.5,38.0,29.35,57.0,0.4428,68.0,0.0,0.8872,0.0079,0.1088,-0.2424,0.0862,28.7638,0.0,0.0,0.0,0.0,down,33.3,2026-09-01T10:32:19,0.0,30.2250003814697,354.53,2026-09-02 15:44:18,2026-09-02 11:45:02
TSLA,TSLA260911C00330000,TSLA,2026-09-11,C,330.0,26.35,59.0,26.8,73.0,0.4253,535.0,18.0,0.867,0.009,0.1219,-0.2716,0.0847,26.5496,-0.725,30.45,30.45,23.4,no_change,27.5,2026-09-02T10:46:29,-2.56865,28.2250003814697,354.53,2026-09-02 15:44:18,2026-09-02 11:45:02
TSLA,TSLA260911C00332500,TSLA,2026-09-11,C,332.5,24.2,25.0,24.95,105.0,0.4321,44.0,25.0,0.8437,0.0101,0.1358,-0.3027,0.0828,24.3984,-4.0,24.75,24.75,21.1,no_change,21.9,2026-09-02T10:59:27,-15.444,25.8999996185303,354.53,2026-09-02 15:44:18,2026-09-02 11:45:02
TSLA,TSLA260911C00335000,TSLA,2026-09-11,C,335.0,22.15,48.0,22.55,77.0,0.418,518.0,47.0,0.817,0.0113,0.1501,-0.3352,0.0806,22.3202,-2.075,26.0,26.0,19.5,up,21.7,2026-09-02T11:09:29,-8.72765,23.7749996185303,354.53,2026-09-02 15:44:18,2026-09-02 11:45:02
TSLA,TSLA260911C00337500,TSLA,2026-09-11,C,337.5,20.15,47.0,20.85,113.0,0.4243,51.0,42.0,0.7871,0.0124,0.1642,-0.3681,0.078,20.3255,-1.615,22.13,22.13,17.4,no_change,20.21,2026-09-02T10:33:25,-7.39977,21.8250007629395,354.53,2026-09-02 15:44:18,2026-09-02 11:45:02
TSLA,TSLA260911C00340000,TSLA,2026-09-11,C,340.0,18.25,98.0,18.65,148.0,0.4136,1193.0,256.0,0.7539,0.0135,0.178,-0.4003,0.075,18.4233,-2.53,17.75,19.94,15.5,up,17.27,2026-09-02T11:04:40,-12.7778,19.8000001907349,354.53,2026-09-02 15:44:18,2026-09-02 11:45:02
TSLA,TSLA260911C00342500,TSLA,2026-09-11,C,342.5,16.45,81.0,16.7,24.0,0.4088,124.0,340.0,0.718,0.0145,0.1907,-0.4305,0.0717,16.6206,-3.235,17.85,17.85,13.72,down,14.69,2026-09-02T10:57:47,-18.0474,17.9250001907349,354.53,2026-09-02 15:44:18,2026-09-02 11:45:02
TSLA,TSLA260911C00345000,TSLA,2026-09-11,C,345.0,14.8,36.0,15.0,33.0,0.4096,2716.0,415.0,0.6796,0.0154,0.2018,-0.4575,0.0681,14.9234,-1.325,17.95,17.95,12.35,no_change,14.85,2026-09-02T11:29:04,-8.19165,16.1749997138977,354.53,2026-09-02 15:44:18,2026-09-02 11:45:02
TSLA,TSLA260911C00347500,TSLA,2026-09-11,C,347.5,13.2,39.0,13.4,41.0,0.4091,1431.0,178.0,0.6393,0.0161,0.211,-0.4803,0.0643,13.3345,-1.085,14.95,14.95,10.9,down,13.49,2026-09-02T11:21:36,-7.44425,14.5749998092651,354.53,2026-09-02 15:44:18,2026-09-02 11:45:02
TSLA,TSLA260911C00350000,TSLA,2026-09-11,C,350.0,11.75,73.0,11.9,42.0,0.4095,4945.0,1775.0,0.5977,0.0167,0.218,-0.4979,0.0603,11.8567,-1.175,12.85,13.45,9.6,down,11.85,2026-09-02T11:28:28,-9.02111,13.0250000953674,354.53,2026-09-02 15:44:18,2026-09-02 11:45:02
TSLA,TSLA260911C00352500,TSLA,2026-09-11,C,352.5,10.4,48.0,10.55,53.0,0.4106,612.0,1993.0,0.5553,0.017,0.2226,-0.5098,0.0561,10.4914,-1.125,12.5,12.5,8.4,down,10.45,2026-09-02T11:29:01,-9.71922,11.5749998092651,354.53,2026-09-02 15:44:18,2026-09-02 11:45:02
TSLA,TSLA260911C00355000,TSLA,2026-09-11,C,355.0,9.15,65.0,9.3,63.0,0.4118,1823.0,4025.0,0.5124,0.0171,0.2246,-0.5154,0.0519,9.226,-0.995,12.05,12.25,7.39,no_change,9.23,2026-09-02T11:29:10,-9.73105,10.2249999046326,354.53,2026-09-02 15:44:18,2026-09-02 11:45:02
TSLA,TSLA260911C00357500,TSLA,2026-09-11,C,357.5,8.05,43.0,8.15,50.0,0.4123,921.0,986.0,0.47,0.017,0.2241,-0.5154,0.0477,8.0891,-0.475,10.8,10.8,6.45,down,8.5,2026-09-02T11:26:59,-5.29248,8.97499990463257,354.53,2026-09-02 15:44:18,2026-09-02 11:45:02
TSLA,TSLA260911C00360000,TSLA,2026-09-11,C,360.0,7.0,243.0,7.15,92.0,0.4145,3446.0,2852.0,0.4289,0.0168,0.2212,-0.5098,0.0436,7.0708,-0.75,9.05,9.06,5.5,down,7.1,2026-09-02T11:28:46,-9.55414,7.85000014305115,354.53,2026-09-02 15:44:18,2026-09-02 11:45:02
TSLA,TSLA260911C00362500,TSLA,2026-09-11,C,362.5,6.1,87.0,6.2,1.0,0.4161,681.0,477.0,0.3886,0.0163,0.216,-0.4988,0.0396,6.1451,-0.5,7.9,7.9,4.8,down,6.35,2026-09-02T11:22:31,-7.29927,6.85000014305115,354.53,2026-09-02 15:44:18,2026-09-02 11:45:02
TSLA,TSLA260911C00365000,TSLA,2026-09-11,C,365.0,5.3,341.0,5.4,24.0,0.4189,1860.0,1495.0,0.3504,0.0157,0.2089,-0.4834,0.0357,5.3307,-0.6,7.04,7.04,4.15,up,5.35,2026-09-02T11:28:45,-10.084,5.95000004768372,354.53,2026-09-02 15:44:18,2026-09-02 11:45:02
TSLA,TSLA260911C00367500,TSLA,2026-09-11,C,367.5,4.6,80.0,4.7,69.0,0.4222,641.0,250.0,0.3147,0.0149,0.2003,-0.4648,0.0321,4.6187,-0.425,6.15,6.15,3.6,no_change,4.7,2026-09-02T11:28:32,-8.29268,5.125,354.53,2026-09-02 15:44:18,2026-09-02 11:45:02
TSLA,TSLA260911C00370000,TSLA,2026-09-11,C,370.0,4.0,41.0,4.1,76.0,0.4264,5665.0,2100.0,0.2813,0.0141,0.1904,-0.4425,0.0287,3.988,-0.45,5.3,5.45,3.05,down,4.0,2026-09-02T11:28:30,-10.1124,4.45000004768372,354.53,2026-09-02 15:44:18,2026-09-02 11:45:02
TSLA,TSLA260911C00372500,TSLA,2026-09-11,C,372.5,3.45,32.0,3.55,84.0,0.4269,599.0,215.0,0.2505,0.0132,0.1797,-0.4188,0.0256,3.443,-0.1,4.5,4.5,2.65,up,3.7,2026-09-02T11:17:27,-2.63158,3.79999995231628,354.53,2026-09-02 15:44:18,2026-09-02 11:45:02
TSLA,TSLA260911C00375000,TSLA,2026-09-11,C,375.0,2.98,29.0,3.05,40.0,0.4327,3700.0,1062.0,0.2225,0.0122,0.1684,-0.3941,0.0227,2.9737,-0.05,4.2,4.2,2.3,up,3.2,2026-09-02T11:26:53,-1.53846,3.25,354.53,2026-09-02 15:44:18,2026-09-02 11:45:02
TSLA,TSLA260911C00377500,TSLA,2026-09-11,C,377.5,2.58,18.0,2.62,10.0,0.436,458.0,217.0,0.1973,0.0113,0.1571,-0.3689,0.0201,2.5703,-0.195,3.0,3.3,1.99,down,2.6,2026-09-02T11:28:50,-6.97674,2.79499995708466,354.53,2026-09-02 15:44:18,2026-09-02 11:45:02
TSLA,TSLA260911C00380000,TSLA,2026-09-11,C,380.0,2.23,22.0,2.26,1.0,0.4405,2082.0,995.0,0.1748,0.0104,0.1457,-0.344,0.0178,2.2258,-0.14,2.93,2.93,1.71,up,2.25,2026-09-02T11:28:52,-5.85774,2.38999998569489,354.53,2026-09-02 15:44:18,2026-09-02 11:45:02
TSLA,TSLA260911C00382500,TSLA,2026-09-11,C,382.5,1.93,20.0,1.97,44.0,0.4453,489.0,165.0,0.1548,0.0095,0.1349,-0.3199,0.0158,1.932,0.025,2.39,2.39,1.53,up,2.08,2026-09-02T11:24:24,1.21655,2.05499994754791,354.53,2026-09-02 15:44:18,2026-09-02 11:45:02
TSLA,TSLA260911C00385000,TSLA,2026-09-11,C,385.0,1.68,5.0,1.7,1.0,0.4506,2217.0,358.0,0.1372,0.0086,0.1243,-0.297,0.014,1.6825,-0.08,2.11,2.16,1.27,no_change,1.68,2026-09-02T11:29:04,-4.54545,1.75999999046326,354.53,2026-09-02 15:44:18,2026-09-02 11:45:02
TSLA,TSLA260911C00387500,TSLA,2026-09-11,C,387.5,1.46,26.0,1.5,44.0,0.4566,339.0,162.0,0.1217,0.0078,0.1146,-0.2752,0.0124,1.4698,0.055,1.86,1.86,1.13,up,1.57,2026-09-02T11:23:52,3.63036,1.51499998569489,354.53,2026-09-02 15:44:18,2026-09-02 11:45:02
TSLA,TSLA260911C00390000,TSLA,2026-09-11,C,390.0,1.28,26.0,1.31,54.0,0.4622,5286.0,301.0,0.1082,0.0071,0.1054,-0.2552,0.011,1.2906,0.075,1.54,1.59,1.02,no_change,1.39,2026-09-02T11:25:14,5.70342,1.31499999761581,354.53,2026-09-02 15:44:18,2026-09-02 11:45:02
TSLA,TSLA260911C00392500,TSLA,2026-09-11,C,392.5,1.12,42.0,1.15,10.0,0.4694,136.0,98.0,0.0965,0.0064,0.097,-0.237,0.0098,1.1398,0.055,1.35,1.4,0.88,up,1.19,2026-09-02T11:15:53,4.84582,1.13499999046326,354.53,2026-09-02 15:44:18,2026-09-02 11:45:02
TSLA,TSLA260911C00395000,TSLA,2026-09-11,C,395.0,0.99,47.0,1.02,6.0,0.4766,937.0,228.0,0.0863,0.0058,0.0894,-0.2201,0.0088,1.0109,0.105,1.16,1.22,0.78,no_change,1.1,2026-09-02T11:17:29,10.5528,0.995000004768372,354.53,2026-09-02 15:44:18,2026-09-02 11:45:02
TSLA,TSLA260911C00397500,TSLA,2026-09-11,C,397.5,0.88,39.0,0.91,16.0,0.4841,161.0,152.0,0.0775,0.0053,0.0824,-0.2051,0.0079,0.9027,0.095,1.07,1.09,0.69,up,0.97,2026-09-02T11:25:01,10.8571,0.875,354.53,2026-09-02 15:44:18,2026-09-02 11:45:02
TSLA,TSLA260911C00400000,TSLA,2026-09-11,C,400.0,0.79,91.0,0.81,2.0,0.4918,15916.0,3487.0,0.0697,0.0048,0.076,-0.191,0.0071,0.8081,0.04,0.86,0.95,0.62,up,0.81,2026-09-02T11:28:34,5.19481,0.769999980926514,354.53,2026-09-02 15:44:18,2026-09-02 11:45:02
TSLA,TSLA260911C00402500,TSLA,2026-09-11,C,402.5,0.71,39.0,0.74,42.0,0.5009,321.0,42.0,0.0629,0.0044,0.0703,-0.1786,0.0064,0.7285,-0.015,0.84,0.85,0.6,down,0.67,2026-09-02T11:03:24,-2.18978,0.685000002384186,354.53,2026-09-02 15:44:18,2026-09-02 11:45:02
TSLA,TSLA260911C00405000,TSLA,2026-09-11,C,405.0,0.64,72.0,0.67,75.0,0.5089,2049.0,818.0,0.0571,0.004,0.0651,-0.1672,0.0058,0.6593,0.09,0.72,0.75,0.53,up,0.7,2026-09-02T11:24:56,14.7541,0.610000014305115,354.53,2026-09-02 15:44:18,2026-09-02 11:45:02
TSLA,TSLA260911C00407500,TSLA,2026-09-11,C,407.5,0.59,35.0,0.61,49.0,0.5186,274.0,9.0,0.0519,0.0036,0.0604,-0.1571,0.0052,0.6005,0.045,0.68,0.68,0.48,no_change,0.59,2026-09-02T11:10:34,8.25688,0.544999986886978,354.53,2026-09-02 15:44:18,2026-09-02 11:45:02
TSLA,TSLA260911C00410000,TSLA,2026-09-11,C,410.0,0.54,47.0,0.56,62.0,0.5278,1040.0,42.0,0.0474,0.0033,0.0562,-0.1478,0.0048,0.5489,0.075,0.58,0.59,0.44,up,0.57,2026-09-02T11:16:15,15.1515,0.49499998986721,354.53,2026-09-02 15:44:18,2026-09-02 11:45:02
TSLA,TSLA260911C00412500,TSLA,2026-09-11,C,412.5,0.49,62.0,0.52,59.0,0.5368,110.0,19.0,0.0434,0.003,0.0524,-0.1393,0.0044,0.5036,0.035,0.42,0.5,0.42,no_change,0.49,2026-09-02T11:05:52,7.69231,0.454999998211861,354.53,2026-09-02 15:44:18,2026-09-02 11:45:02
TSLA,TSLA260911C00415000,TSLA,2026-09-11,C,415.0,0.46,44.0,0.48,62.0,0.5469,799.0,16.0,0.0399,0.0028,0.0489,-0.1316,0.004,0.4638,0.03,0.42,0.45,0.39,up,0.45,2026-09-02T10:19:47,7.14286,0.420000001788139,354.53,2026-09-02 15:44:18,2026-09-02 11:45:02
TSLA,TSLA260911C00417500,TSLA,2026-09-11,C,417.5,0.42,63.0,0.45,69.0,0.5561,42.0,2.0,0.0368,0.0026,0.0457,-0.1246,0.0037,0.4286,-0.03,0.36,0.36,0.36,down,0.36,2026-09-02T10:00:17,-7.69231,0.390000000596046,354.53,2026-09-02 15:44:18,2026-09-02 11:45:02
TSLA,TSLA260911C00420000,TSLA,2026-09-11,C,420.0,0.39,279.0,0.42,183.0,0.5657,1617.0,97.0,0.034,0.0024,0.0428,-0.118,0.0034,0.3973,0.06,0.38,0.42,0.34,up,0.42,2026-09-02T11:12:09,16.6667,0.359999999403954,354.53,2026-09-02 15:44:18,2026-09-02 11:45:02
TSLA,TSLA260911C00422500,TSLA,2026-09-11,C,422.5,0.36,110.0,0.39,97.0,0.5744,85.0,2.0,0.0314,0.0022,0.0402,-0.112,0.0032,0.3691,-0.02,0.32,0.32,0.32,down,0.32,2026-09-02T10:00:17,-5.88235,0.340000003576279,354.53,2026-09-02 15:44:18,2026-09-02 11:45:02
TSLA,TSLA260911C00425000,TSLA,2026-09-11,C,425.0,0.34,104.0,0.36,119.0,0.5835,504.0,26.0,0.0291,0.002,0.0377,-0.1062,0.0029,0.3429,0.06,0.3,0.37,0.3,up,0.37,2026-09-02T11:24:56,19.3548,0.310000002384186,354.53,2026-09-02 15:44:18,2026-09-02 11:45:02
TSLA,TSLA260911C00430000,TSLA,2026-09-11,C,430.0,0.3,104.0,0.32,83.0,0.6029,1356.0,115.0,0.0252,0.0017,0.0334,-0.0961,0.0025,0.299,0.02,0.26,0.3,0.26,up,0.3,2026-09-02T10:30:02,7.14286,0.280000001192093,354.53,2026-09-02 15:44:18,2026-09-02 11:45:02
TSLA,TSLA260911C00435000,TSLA,2026-09-11,C,435.0,0.26,125.0,0.29,184.0,0.6215,145.0,7.0,0.0219,0.0015,0.0297,-0.0873,0.0022,0.2625,0.04,0.27,0.29,0.27,no_change,0.29,2026-09-02T11:25:06,16.0,0.249999992549419,354.53,2026-09-02 15:44:18,2026-09-02 11:45:02
TSLA,TSLA260911C00440000,TSLA,2026-09-11,C,440.0,0.23,229.0,0.25,230.0,0.6379,512.0,14.0,0.0192,0.0013,0.0266,-0.0797,0.0019,0.2323,0.025,0.22,0.25,0.22,no_change,0.25,2026-09-02T10:44:31,11.1111,0.225000001490116,354.53,2026-09-02 15:44:18,2026-09-02 11:45:02
TSLA,TSLA260911C00445000,TSLA,2026-09-11,C,445.0,0.21,164.0,0.23,201.0,0.6579,324.0,2.0,0.0169,0.0011,0.0238,-0.0728,0.0017,0.2062,0.01,0.21,0.21,0.21,down,0.21,2026-09-02T10:20:08,5.0,0.199999995529652,354.53,2026-09-02 15:44:18,2026-09-02 11:45:02
TSLA,TSLA260911C00450000,TSLA,2026-09-11,C,450.0,0.18,138.0,0.2,193.0,0.6718,1577.0,19.0,0.015,0.001,0.0214,-0.0667,0.0015,0.1839,0.015,0.18,0.2,0.18,no_change,0.2,2026-09-02T11:14:16,8.10811,0.185000002384186,354.53,2026-09-02 15:44:18,2026-09-02 11:45:02
TSLA,TSLA260911C00455000,TSLA,2026-09-11,C,455.0,0.16,131.0,0.18,156.0,0.6881,326.0,5.0,0.0133,0.0009,0.0193,-0.0612,0.0013,0.1646,0.01,0.15,0.18,0.15,up,0.18,2026-09-02T11:28:17,5.88235,0.170000001788139,354.53,2026-09-02 15:44:18,2026-09-02 11:45:02
TSLA,TSLA260911C00460000,TSLA,2026-09-11,C,460.0,0.14,149.0,0.16,148.0,0.7026,341.0,4.0,0.0118,0.0008,0.0175,-0.0562,0.0012,0.1479,-0.005,0.13,0.15,0.13,no_change,0.15,2026-09-02T10:22:25,-3.22581,0.155000001192093,354.53,2026-09-02 15:44:18,2026-09-02 11:45:02
TSLA,TSLA260911C00465000,TSLA,2026-09-11,C,465.0,0.12,254.0,0.15,225.0,0.7182,193.0,2.0,0.0105,0.0007,0.0158,-0.0516,0.001,0.1326,0.0,0.14,0.14,0.14,no_change,0.14,2026-09-02T10:17:02,-4.25747e-07,0.140000000596046,354.53,2026-09-02 15:44:18,2026-09-02 11:45:02
TSLA,TSLA260911C00470000,TSLA,2026-09-11,C,470.0,0.11,210.0,0.13,173.0,0.7322,276.0,7.0,0.0094,0.0006,0.0143,-0.0476,0.0009,0.1198,-0.01,0.11,0.12,0.11,up,0.12,2026-09-02T10:22:41,-7.69231,0.129999998956919,354.53,2026-09-02 15:44:18,2026-09-02 11:45:02
TSLA,TSLA260911C00475000,TSLA,2026-09-11,C,475.0,0.1,124.0,0.12,113.0,0.7483,337.0,0.0,0.0085,0.0005,0.013,-0.0439,0.0008,0.1085,0.0,0.0,0.0,0.0,no_change,0.11,2026-09-01T15:17:23,0.0,0.119999997317791,354.53,2026-09-02 15:44:18,2026-09-02 11:45:02
TSLA,TSLA260911C00480000,TSLA,2026-09-11,C,480.0,0.09,185.0,0.1,65.0,0.7588,111.0,0.0,0.0077,0.0005,0.0119,-0.0406,0.0008,0.0985,0.0,0.0,0.0,0.0,no_change,0.1,2026-09-01T15:56:13,0.0,0.105000000447035,354.53,2026-09-02 15:44:18,2026-09-02 11:45:02
TSLA,TSLA260911C00485000,TSLA,2026-09-11,C,485.0,0.08,228.0,0.09,96.0,0.7719,321.0,3.0,0.0069,0.0004,0.0109,-0.0377,0.0007,0.0897,-0.02,0.07,0.1,0.07,down,0.08,2026-09-02T11:28:17,-20.0,0.100000001490116,354.53,2026-09-02 15:44:18,2026-09-02 11:45:02
TSLA,TSLA260911C00490000,TSLA,2026-09-11,C,490.0,0.07,119.0,0.08,51.0,0.7834,260.0,1.0,0.0063,0.0004,0.01,-0.0349,0.0006,0.0819,-0.02,0.07,0.07,0.07,down,0.07,2026-09-02T10:47:57,-22.2222,0.0899999998509884,354.53,2026-09-02 15:44:18,2026-09-02 11:45:02
TSLA,TSLA260911C00495000,TSLA,2026-09-11,C,495.0,0.06,121.0,0.08,118.0,0.7991,656.0,0.0,0.0057,0.0004,0.0091,-0.0324,0.0006,0.0749,0.0,0.0,0.0,0.0,up,0.08,2026-09-01T13:50:35,0.0,0.080000001937151,354.53,2026-09-02 15:44:18,2026-09-02 11:45:02
TSLA,TSLA260911C00500000,TSLA,2026-09-11,C,500.0,0.05,173.0,0.08,134.0,0.814,875.0,0.0,0.0052,0.0003,0.0084,-0.0302,0.0005,0.0686,0.0,0.0,0.0,0.0,no_change,0.08,2026-09-01T13:50:35,0.0,0.0699999984353781,354.53,2026-09-02 15:44:18,2026-09-02 11:45:02
TSLA,TSLA260911C00505000,TSLA,2026-09-11,C,505.0,0.04,121.0,0.06,46.0,0.8131,241.0,0.0,0.0047,0.0003,0.0078,-0.0281,0.0005,0.0629,0.0,0.0,0.0,0.0,up,0.09,2026-09-01T14:56:45,0.0,0.0950000006705522,354.53,2026-09-02 15:44:18,2026-09-02 11:45:02
TSLA,TSLA260911C00510000,TSLA,2026-09-11,C,510.0,0.04,184.0,0.05,5.0,0.8247,2284.0,4.0,0.0043,0.0003,0.0072,-0.0262,0.0004,0.0579,-0.015,0.05,0.05,0.05,down,0.05,2026-09-02T10:17:21,-23.0769,0.0649999994784594,354.53,2026-09-02 15:44:18,2026-09-02 11:45:02
TSLA,TSLA260911C00515000,TSLA,2026-09-11,C,515.0,0.04,236.0,0.05,135.0,0.8443,7.0,200.0,0.004,0.0002,0.0066,-0.0244,0.0004,0.0533,-0.02,0.04,0.04,0.04,down,0.04,2026-09-02T10:16:04,-33.3333,0.0599999986588955,354.53,2026-09-02 15:44:18,2026-09-02 11:45:02
TSLA,TSLA260911C00520000,TSLA,2026-09-11,C,520.0,0.04,207.0,0.06,223.0,0.8725,2722.0,10.0,0.0036,0.0002,0.0061,-0.0228,0.0004,0.0492,-0.01,0.05,0.05,0.05,down,0.05,2026-09-02T10:59:02,-16.6667,0.0599999986588955,354.53,2026-09-02 15:44:18,2026-09-02 11:45:02
TSLA,TSLA260911C00525000,TSLA,2026-09-11,C,525.0,0.03,168.0,0.07,157.0,0.8919,99.0,0.0,0.0033,0.0002,0.0056,-0.0214,0.0003,0.0454,0.0,0.0,0.0,0.0,up,0.05,2026-09-01T15:15:03,0.0,0.0449999999254942,354.53,2026-09-02 15:44:18,2026-09-02 11:45:02
TSLA,TSLA260911C00530000,TSLA,2026-09-11,C,530.0,0.03,98.0,0.06,114.0,0.9018,130.0,0.0,0.0031,0.0002,0.0052,-0.02,0.0003,0.042,0.0,0.0,0.0,0.0,down,0.06,2026-08-31T11:25:10,0.0,0.0400000000372529,354.53,2026-09-02 15:44:18,2026-09-02 11:45:02
TSLA,TSLA260911C00535000,TSLA,2026-09-11,C,535.0,0.01,238.0,0.06,108.0,0.8995,246.0,0.0,0.0028,0.0002,0.0049,-0.0187,0.0003,0.0389,0.0,0.0,0.0,0.0,no_change,0.13,2026-09-01T10:01:46,0.0,0.0400000000372529,354.53,2026-09-02 15:44:18,2026-09-02 11:45:02
TSLA,TSLA260911C00540000,TSLA,2026-09-11,C,540.0,0.02,124.0,0.06,110.0,0.9288,1331.0,0.0,0.0026,0.0001,0.0045,-0.0176,0.0002,0.0361,0.0,0.0,0.0,0.0,up,0.13,2026-09-01T10:01:07,0.0,0.0400000000372529,354.53,2026-09-02 15:44:18,2026-09-02 11:45:02
TSLA,TSLA260911C00545000,TSLA,2026-09-11,C,545.0,0.02,223.0,0.05,112.0,0.9356,1003.0,0.0,0.0024,0.0001,0.0042,-0.0165,0.0002,0.0335,0.0,0.0,0.0,0.0,no_change,0.17,2026-09-01T09:31:48,0.0,0.0350000001490116,354.53,2026-09-02 15:44:18,2026-09-02 11:45:02
TSLA,TSLA260911C00550000,TSLA,2026-09-11,C,550.0,0.02,303.0,0.05,117.0,0.9533,173.0,0.0,0.0022,0.0001,0.0039,-0.0155,0.0002,0.0312,0.0,0.0,0.0,0.0,no_change,0.11,2026-09-01T11:09:12,0.0,0.0350000001490116,354.53,2026-09-02 15:44:18,2026-09-02 11:45:02
TSLA,TSLA260911C00555000,TSLA,2026-09-11,C,555.0,0.02,43.0,0.05,87.0,0.9708,173.0,0.0,0.0021,0.0001,0.0037,-0.0146,0.0002,0.029,0.0,0.0,0.0,0.0,down,0.04,2026-08-31T15:26:52,0.0,0.0350000001490116,354.53,2026-09-02 15:44:18,2026-09-02 11:45:02
TSLA,TSLA260911C00560000,TSLA,2026-09-11,C,560.0,0.02,37.0,0.05,172.0,0.9882,1092.0,0.0,0.0019,0.0001,0.0034,-0.0137,0.0002,0.0271,0.0,0.0,0.0,0.0,no_change,0.04,2026-08-31T13:25:47,0.0,0.0300000002607703,354.53,2026-09-02 15:44:18,2026-09-02 11:45:02
TSLA,TSLA260911C00565000,TSLA,2026-09-11,C,565.0,0.02,133.0,0.04,156.0,0.9918,53.0,1.0,0.0018,0.0001,0.0032,-0.0129,0.0002,0.0252,-0.01,0.02,0.02,0.02,down,0.02,2026-09-02T10:35:36,-33.3333,0.0300000002607703,354.53,2026-09-02 15:44:18,2026-09-02 11:45:02
TSLA,TSLA260911C00570000,TSLA,2026-09-11,C,570.0,0.02,25.0,0.05,41.0,1.0223,58.0,0.0,0.0017,0.0001,0.003,-0.0121,0.0002,0.0236,0.0,0.0,0.0,0.0,down,0.03,2026-09-01T13:29:12,0.0,0.0350000001490116,354.53,2026-09-02 15:44:18,2026-09-02 11:45:02
TSLA,TSLA260911C00575000,TSLA,2026-09-11,C,575.0,0.02,17.0,0.05,41.0,1.0391,20.0,0.0,0.0016,0.0001,0.0028,-0.0114,0.0001,0.022,0.0,0.0,0.0,0.0,down,0.02,2026-09-01T09:30:00,0.0,0.0350000001490116,354.53,2026-09-02 15:44:18,2026-09-02 11:45:02
TSLA,TSLA260911C00580000,TSLA,2026-09-11,C,580.0,0.02,34.0,0.05,165.0,1.0557,63.0,14.0,0.0014,0.0001,0.0026,-0.0108,0.0001,0.0206,-0.015,0.02,0.02,0.02,no_change,0.02,2026-09-02T11:15:43,-42.8571,0.0350000001490116,354.53,2026-09-02 15:44:18,2026-09-02 11:45:02
TSLA,TSLA260911C00585000,TSLA,2026-09-11,C,585.0,0.01,40.0,0.04,195.0,1.0417,7.0,5.0,0.0014,0.0001,0.0025,-0.0102,0.0001,0.0193,-0.015,0.02,0.02,0.02,no_change,0.02,2026-09-02T10:02:06,-42.8571,0.0350000001490116,354.53,2026-09-02 15:44:18,2026-09-02 11:45:02
TSLA,TSLA260911C00590000,TSLA,2026-09-11,C,590.0,0.01,26.0,0.05,44.0,1.0739,22.0,0.0,0.0013,0.0001,0.0023,-0.0096,0.0001,0.0181,0.0,0.0,0.0,0.0,down,0.02,2026-09-01T12:35:01,0.0,0.0300000002607703,354.53,2026-09-02 15:44:18,2026-09-02 11:45:02
TSLA,TSLA260911C00595000,TSLA,2026-09-11,C,595.0,0.01,26.0,0.05,33.0,1.0899,67.0,0.0,0.0012,0.0001,0.0022,-0.0091,0.0001,0.0169,0.0,0.0,0.0,0.0,no_change,0.02,2026-09-01T12:45:43,0.0,0.0300000002607703,354.53,2026-09-02 15:44:18,2026-09-02 11:45:02
TSLA,TSLA260911C00600000,TSLA,2026-09-11,C,600.0,0.01,25.0,0.05,33.0,1.1056,69.0,0.0,0.0011,0.0001,0.002,-0.0086,0.0001,0.0159,0.0,0.0,0.0,0.0,down,0.02,2026-09-01T09:31:06,0.0,0.0149999996647239,354.53,2026-09-02 15:44:18,2026-09-02 11:45:02
TSLA,TSLA260911C00605000,TSLA,2026-09-11,C,605.0,0.01,25.0,0.05,33.0,1.1212,55.0,0.0,0.001,0.0001,0.0019,-0.0081,0.0001,0.0149,0.0,0.0,0.0,0.0,no_change,0.02,2026-09-01T09:30:42,0.0,0.0149999996647239,354.53,2026-09-02 15:44:18,2026-09-02 11:45:02
TSLA,TSLA260911C00610000,TSLA,2026-09-11,C,610.0,0.01,26.0,0.05,33.0,1.1367,311.0,0.0,0.001,0.0,0.0018,-0.0077,0.0001,0.014,0.0,0.0,0.0,0.0,no_change,0.02,2026-09-01T13:27:48,0.0,0.0149999996647239,354.53,2026-09-02 15:44:18,2026-09-02 11:45:02
TSLA,TSLA260911C00615000,TSLA,2026-09-11,C,615.0,0.01,50.0,0.03,89.0,1.1143,1046.0,1007.0,0.0009,0.0,0.0017,-0.0073,0.0001,0.0132,-0.005,0.04,0.04,0.01,no_change,0.01,2026-09-02T11:15:23,-33.3333,0.0149999996647239,354.53,2026-09-02 15:44:18,2026-09-02 11:45:02
TSLA,TSLA260911P00050000,TSLA,2026-09-11,P,50.0,0.0,0.0,0.01,2000.0,3.5949,0.0,0.0,-0.0003,0.0,0.0005,-0.0086,0.0,0.0159,0.0,0.0,0.0,0.0,no_change,0.0,,0.0,0.00499999988824129,354.53,2026-09-02 15:44:18,2026-09-02 11:45:02
TSLA,TSLA260911P00060000,TSLA,2026-09-11,P,60.0,0.0,0.0,0.01,2000.0,3.2605,0.0,0.0,-0.0003,0.0,0.0006,-0.0089,0.0,0.0165,0.0,0.0,0.0,0.0,no_change,0.0,,0.0,0.00499999988824129,354.53,2026-09-02 15:44:18,2026-09-02 11:45:02
TSLA,TSLA260911P00070000,TSLA,2026-09-11,P,70.0,0.0,0.0,0.01,2000.0,2.9795,8.0,0.0,-0.0003,0.0,0.0007,-0.0092,0.0,0.0171,0.0,0.0,0.0,0.0,down,0.01,2026-08-28T10:15:33,0.0,0.00499999988824129,354.53,2026-09-02 15:44:18,2026-09-02 11:45:02
TSLA,TSLA260911P00080000,TSLA,2026-09-11,P,80.0,0.0,0.0,0.01,1000.0,2.7372,0.0,0.0,-0.0004,0.0,0.0008,-0.0094,0.0,0.0176,0.0,0.0,0.0,0.0,no_change,0.0,,0.0,0.025000000372529,354.53,2026-09-02 15:44:18,2026-09-02 11:45:02
TSLA,TSLA260911P00090000,TSLA,2026-09-11,P,90.0,0.0,0.0,0.01,1000.0,2.5243,0.0,0.0,-0.0004,0.0,0.0008,-0.0097,0.0,0.0183,0.0,0.0,0.0,0.0,no_change,0.0,,0.0,0.025000000372529,354.53,2026-09-02 15:44:18,2026-09-02 11:45:02
TSLA,TSLA260911P00100000,TSLA,2026-09-11,P,100.0,0.0,0.0,0.01,1048.0,2.3343,5.0,0.0,-0.0005,0.0,0.0009,-0.01,0.0,0.019,0.0,0.0,0.0,0.0,up,0.06,2026-08-28T10:14:15,0.0,0.00499999988824129,354.53,2026-09-02 15:44:18,2026-09-02 11:45:02
TSLA,TSLA260911P00110000,TSLA,2026-09-11,P,110.0,0.0,0.0,0.05,32.0,2.4419,0.0,0.0,-0.0005,0.0,0.001,-0.0104,-0.0001,0.0197,0.0,0.0,0.0,0.0,no_change,0.0,,0.0,0.025000000372529,354.53,2026-09-02 15:44:18,2026-09-02 11:45:02
TSLA,TSLA260911P00120000,TSLA,2026-09-11,P,120.0,0.0,0.0,0.05,29.0,2.2665,0.0,0.0,-0.0006,0.0,0.0012,-0.0108,-0.0001,0.0206,0.0,0.0,0.0,0.0,no_change,0.0,,0.0,0.025000000372529,354.53,2026-09-02 15:44:18,2026-09-02 11:45:02
TSLA,TSLA260911P00130000,TSLA,2026-09-11,P,130.0,0.0,0.0,0.01,384.0,1.8629,0.0,0.0,-0.0007,0.0,0.0013,-0.0112,-0.0001,0.0217,0.0,0.0,0.0,0.0,no_change,0.0,,0.0,0.00499999988824129,354.53,2026-09-02 15:44:18,2026-09-02 11:45:02
TSLA,TSLA260911P00140000,TSLA,2026-09-11,P,140.0,0.01,42.0,0.02,32.0,1.8761,324.0,25.0,-0.0008,0.0,0.0014,-0.0118,-0.0001,0.0229,-0.005,0.02,0.02,0.02,down,0.02,2026-09-02T10:24:58,-20.0,0.025000000372529,354.53,2026-09-02 15:44:18,2026-09-02 11:45:02
TSLA,TSLA260911P00150000,TSLA,2026-09-11,P,150.0,0.0,0.0,0.05,31.0,1.8175,786.0,0.0,-0.0009,0.0,0.0016,-0.0124,-0.0001,0.0243,0.0,0.0,0.0,0.0,no_change,0.02,2026-09-01T15:34:57,0.0,0.0149999996647239,354.53,2026-09-02 15:44:18,2026-09-02 11:45:02
TSLA,TSLA260911P00160000,TSLA,2026-09-11,P,160.0,0.01,288.0,0.04,29.0,1.6877,242.0,0.0,-0.001,0.0,0.0018,-0.013,-0.0001,0.0259,0.0,0.0,0.0,0.0,no_change,0.02,2026-08-28T13:39:29,0.0,0.0300000002607703,354.53,2026-09-02 15:44:18,2026-09-02 11:45:02
TSLA,TSLA260911P00170000,TSLA,2026-09-11,P,170.0,0.0,0.0,0.05,28.0,1.5657,104.0,0.0,-0.0011,0.0,0.0021,-0.0138,-0.0001,0.0278,0.0,0.0,0.0,0.0,no_change,0.02,2026-08-31T15:07:36,0.0,0.0300000002607703,354.53,2026-09-02 15:44:18,2026-09-02 11:45:02
TSLA,TSLA260911P00180000,TSLA,2026-09-11,P,180.0,0.01,12.0,0.05,31.0,1.4741,12509.0,0.0,-0.0013,0.0,0.0024,-0.0148,-0.0001,0.0301,0.0,0.0,0.0,0.0,no_change,0.02,2026-08-31T13:57:43,0.0,0.0300000002607703,354.53,2026-09-02 15:44:18,2026-09-02 11:45:02
TSLA,TSLA260911P00190000,TSLA,2026-09-11,P,190.0,0.01,7.0,0.05,29.0,1.3634,57.0,0.0,-0.0015,0.0001,0.0027,-0.0159,-0.0002,0.0328,0.0,0.0,0.0,0.0,no_change,0.03,2026-09-01T12:07:44,0.0,0.0249999994412065,354.53,2026-09-02 15:44:18,2026-09-02 11:45:02
TSLA,TSLA260911P00200000,TSLA,2026-09-11,P,200.0,0.02,24.0,0.03,28.0,1.2379,125.0,1.0,-0.0018,0.0001,0.0031,-0.0172,-0.0002,0.0362,-0.01,0.02,0.02,0.02,down,0.02,2026-09-02T09:37:48,-33.3333,0.0299999993294477,354.53,2026-09-02 15:44:18,2026-09-02 11:45:02
TSLA,TSLA260911P00210000,TSLA,2026-09-11,P,210.0,0.02,103.0,0.05,100.0,1.1746,393.0,0.0,-0.0021,0.0001,0.0036,-0.0188,-0.0002,0.0402,0.0,0.0,0.0,0.0,down,0.03,2026-09-01T11:28:29,0.0,0.0350000001490116,354.53,2026-09-02 15:44:18,2026-09-02 11:45:02
TSLA,TSLA260911P00220000,TSLA,2026-09-11,P,220.0,0.02,179.0,0.06,193.0,1.0912,14488.0,192.0,-0.0025,0.0001,0.0043,-0.0208,-0.0003,0.0455,-0.005,0.04,0.04,0.03,no_change,0.03,2026-09-02T10:32:54,-14.2857,0.0350000001490116,354.53,2026-09-02 15:44:18,2026-09-02 11:45:02
TSLA,TSLA260911P00230000,TSLA,2026-09-11,P,230.0,0.03,167.0,0.07,251.0,1.0194,2236.0,1305.0,-0.003,0.0002,0.0052,-0.0231,-0.0003,0.0518,-0.015,0.04,0.04,0.03,no_change,0.03,2026-09-02T11:16:01,-33.3333,0.0449999989941716,354.53,2026-09-02 15:44:18,2026-09-02 11:45:02
TSLA,TSLA260911P00235000,TSLA,2026-09-11,P,235.0,0.01,177.0,0.09,128.0,0.9728,57.0,0.0,-0.0033,0.0002,0.0056,-0.0245,-0.0004,0.0555,0.0,0.0,0.0,0.0,no_change,0.07,2026-09-01T10:05:07,0.0,0.0700000002980232,354.53,2026-09-02 15:44:18,2026-09-02 11:45:02
TSLA,TSLA260911P00240000,TSLA,2026-09-11,P,240.0,0.05,123.0,0.09,216.0,0.9605,485.0,3.0,-0.0037,0.0002,0.0062,-0.026,-0.0004,0.0598,0.005,0.05,0.08,0.05,up,0.08,2026-09-02T10:09:16,6.66667,0.0750000011175871,354.53,2026-09-02 15:44:18,2026-09-02 11:45:02
TSLA,TSLA260911P00245000,TSLA,2026-09-11,P,245.0,0.06,96.0,0.1,112.0,0.9278,589.0,0.0,-0.0041,0.0002,0.0069,-0.0277,-0.0004,0.0647,0.0,0.0,0.0,0.0,down,0.06,2026-09-01T13:17:36,0.0,0.0750000011175871,354.53,2026-09-02 15:44:18,2026-09-02 11:45:02
TSLA,TSLA260911P00250000,TSLA,2026-09-11,P,250.0,0.06,155.0,0.11,279.0,0.8878,857.0,3.0,-0.0046,0.0003,0.0076,-0.0296,-0.0005,0.0703,0.0,0.08,0.08,0.07,up,0.08,2026-09-02T10:28:48,-2.42144e-06,0.080000001937151,354.53,2026-09-02 15:44:18,2026-09-02 11:45:02
TSLA,TSLA260911P00255000,TSLA,2026-09-11,P,255.0,0.07,88.0,0.1,89.0,0.8423,538.0,0.0,-0.0052,0.0003,0.0085,-0.0318,-0.0005,0.0768,0.0,0.0,0.0,0.0,no_change,0.08,2026-09-01T12:14:32,0.0,0.0999999977648258,354.53,2026-09-02 15:44:18,2026-09-02 11:45:02
TSLA,TSLA260911P00260000,TSLA,2026-09-11,P,260.0,0.08,186.0,0.11,189.0,0.8079,1891.0,40.0,-0.0059,0.0004,0.0095,-0.0342,-0.0006,0.0843,-0.01,0.1,0.11,0.09,down,0.09,2026-09-02T10:09:16,-10.0,0.100000001490116,354.53,2026-09-02 15:44:18,2026-09-02 11:45:02
TSLA,TSLA260911P00265000,TSLA,2026-09-11,P,265.0,0.09,95.0,0.12,105.0,0.7725,190.0,0.0,-0.0068,0.0004,0.0107,-0.037,-0.0007,0.0932,0.0,0.0,0.0,0.0,no_change,0.12,2026-09-01T14:07:18,0.0,0.114999998360872,354.53,2026-09-02 15:44:18,2026-09-02 11:45:02
TSLA,TSLA260911P00270000,TSLA,2026-09-11,P,270.0,0.1,128.0,0.13,143.0,0.7363,541.0,77.0,-0.0078,0.0005,0.0122,-0.0405,-0.0008,0.1042,-0.02,0.13,0.14,0.11,down,0.11,2026-09-02T11:14:55,-15.3846,0.129999998956919,354.53,2026-09-02 15:44:18,2026-09-02 11:45:02
TSLA,TSLA260911P00275000,TSLA,2026-09-11,P,275.0,0.11,229.0,0.14,228.0,0.6995,381.0,5.0,-0.009,0.0006,0.0139,-0.0442,-0.0009,0.1168,0.01,0.14,0.16,0.14,no_change,0.15,2026-09-02T09:46:57,7.14286,0.140000000596046,354.53,2026-09-02 15:44:18,2026-09-02 11:45:02
TSLA,TSLA260911P00280000,TSLA,2026-09-11,P,280.0,0.13,137.0,0.15,227.0,0.6652,4009.0,274.0,-0.0106,0.0008,0.0159,-0.0486,-0.0011,0.1322,-0.01,0.15,0.17,0.15,no_change,0.15,2026-09-02T11:00:32,-6.25,0.160000003874302,354.53,2026-09-02 15:44:18,2026-09-02 11:45:02
TSLA,TSLA260911P00285000,TSLA,2026-09-11,P,285.0,0.15,173.0,0.17,154.0,0.6326,568.0,328.0,-0.0125,0.0009,0.0184,-0.0539,-0.0012,0.1513,-0.02,0.12,0.18,0.12,up,0.16,2026-09-02T10:56:22,-11.1111,0.179999999701977,354.53,2026-09-02 15:44:18,2026-09-02 11:45:02
TSLA,TSLA260911P00290000,TSLA,2026-09-11,P,290.0,0.17,104.0,0.19,160.0,0.5984,542.0,20.0,-0.0149,0.0011,0.0215,-0.0604,-0.0015,0.1757,-0.02,0.16,0.2,0.16,down,0.18,2026-09-02T11:01:33,-10.0,0.199999995529652,354.53,2026-09-02 15:44:18,2026-09-02 11:45:02
TSLA,TSLA260911P00295000,TSLA,2026-09-11,P,295.0,0.2,123.0,0.22,187.0,0.567,840.0,5.0,-0.0182,0.0014,0.0255,-0.0689,-0.0019,0.2092,0.03,0.24,0.26,0.17,up,0.26,2026-09-02T09:45:29,13.0435,0.229999996721745,354.53,2026-09-02 15:44:18,2026-09-02 11:45:02
TSLA,TSLA260911P00297500,TSLA,2026-09-11,P,297.5,0.22,116.0,0.24,144.0,0.5522,43.0,1.0,-0.0203,0.0016,0.028,-0.0739,-0.002,0.2298,0.01,0.26,0.26,0.26,up,0.26,2026-09-02T10:02:39,4.0,0.249999992549419,354.53,2026-09-02 15:44:18,2026-09-02 11:45:02
TSLA,TSLA260911P00300000,TSLA,2026-09-11,P,300.0,0.24,147.0,0.26,117.0,0.5366,1623.0,82.0,-0.0226,0.0018,0.0307,-0.0796,-0.0023,0.2541,-0.02,0.2,0.35,0.2,down,0.25,2026-09-02T11:27:13,-7.40741,0.269999995827675,354.53,2026-09-02 15:44:18,2026-09-02 11:45:02
TSLA,TSLA260911P00302500,TSLA,2026-09-11,P,302.5,0.27,250.0,0.29,248.0,0.5235,31.0,10.0,-0.0255,0.002,0.0339,-0.0862,-0.0026,0.2832,0.04,0.34,0.34,0.34,up,0.34,2026-09-02T09:42:08,13.3333,0.299999997019768,354.53,2026-09-02 15:44:18,2026-09-02 11:45:02
TSLA,TSLA260911P00305000,TSLA,2026-09-11,P,305.0,0.3,125.0,0.33,148.0,0.5106,663.0,36.0,-0.0288,0.0023,0.0376,-0.0939,-0.0028,0.3181,0.015,0.36,0.42,0.35,down,0.35,2026-09-02T11:00:18,4.47761,0.334999993443489,354.53,2026-09-02 15:44:18,2026-09-02 11:45:02
TSLA,TSLA260911P00307500,TSLA,2026-09-11,P,307.5,0.35,51.0,0.37,62.0,0.4989,70.0,3.0,-0.0328,0.0026,0.0419,-0.1028,-0.0032,0.3607,0.005,0.38,0.38,0.38,no_change,0.38,2026-09-02T09:36:29,1.33333,0.375,354.53,2026-09-02 15:44:18,2026-09-02 11:45:02
TSLA,TSLA260911P00310000,TSLA,2026-09-11,P,310.0,0.4,71.0,0.42,112.0,0.4868,1080.0,107.0,-0.0377,0.003,0.0468,-0.1132,-0.0038,0.4127,-0.015,0.41,0.56,0.37,up,0.41,2026-09-02T11:27:49,-3.52941,0.424999997019768,354.53,2026-09-02 15:44:18,2026-09-02 11:45:02
TSLA,TSLA260911P00312500,TSLA,2026-09-11,P,312.5,0.46,81.0,0.49,101.0,0.4761,85.0,19.0,-0.0435,0.0034,0.0526,-0.1254,-0.0042,0.4767,0.05,0.5,0.69,0.5,down,0.54,2026-09-02T11:03:38,10.2041,0.489999994635582,354.53,2026-09-02 15:44:18,2026-09-02 11:45:02
TSLA,TSLA260911P00315000,TSLA,2026-09-11,P,315.0,0.54,92.0,0.57,128.0,0.4662,970.0,247.0,-0.0505,0.0039,0.0593,-0.1395,-0.005,0.5558,0.015,0.49,0.77,0.48,down,0.58,2026-09-02T11:10:23,2.65487,0.564999997615814,354.53,2026-09-02 15:44:18,2026-09-02 11:45:02
TSLA,TSLA260911P00317500,TSLA,2026-09-11,P,317.5,0.64,84.0,0.67,111.0,0.4571,81.0,84.0,-0.059,0.0046,0.0671,-0.1558,-0.0059,0.6538,0.005,0.53,0.95,0.53,down,0.66,2026-09-02T10:18:15,0.763359,0.655000001192093,354.53,2026-09-02 15:44:18,2026-09-02 11:45:02
TSLA,TSLA260911P00320000,TSLA,2026-09-11,P,320.0,0.77,52.0,0.79,45.0,0.449,1269.0,460.0,-0.0692,0.0052,0.0758,-0.1746,-0.0068,0.7755,-0.025,0.62,1.1,0.58,down,0.74,2026-09-02T11:25:14,-3.26797,0.764999985694885,354.53,2026-09-02 15:44:18,2026-09-02 11:45:02
TSLA,TSLA260911P00322500,TSLA,2026-09-11,P,322.5,0.92,25.0,0.95,45.0,0.4418,213.0,126.0,-0.0815,0.006,0.0858,-0.196,-0.008,0.9263,-0.02,0.75,1.35,0.69,down,0.89,2026-09-02T11:26:54,-2.1978,0.909999996423721,354.53,2026-09-02 15:44:18,2026-09-02 11:45:02
TSLA,TSLA260911P00325000,TSLA,2026-09-11,P,325.0,1.11,1.0,1.13,13.0,0.4347,1247.0,399.0,-0.0961,0.007,0.0968,-0.2202,-0.0093,1.1135,-0.01,0.94,1.65,0.78,down,1.07,2026-09-02T11:26:39,-0.925924,1.0799999833107,354.53,2026-09-02 15:44:18,2026-09-02 11:45:02
TSLA,TSLA260911P00327500,TSLA,2026-09-11,P,327.5,1.34,26.0,1.37,24.0,0.4291,326.0,360.0,-0.1134,0.008,0.1092,-0.2468,-0.0111,1.3442,0.09,1.05,1.99,0.99,up,1.37,2026-09-02T11:29:08,7.03125,1.27999997138977,354.53,2026-09-02 15:44:18,2026-09-02 11:45:02
TSLA,TSLA260911P00330000,TSLA,2026-09-11,P,330.0,1.63,24.0,1.66,9.0,0.4249,1824.0,1544.0,-0.1337,0.009,0.1222,-0.276,-0.0128,1.6285,0.05,1.42,2.43,1.1,up,1.59,2026-09-02T11:27:49,3.24676,1.53999996185303,354.53,2026-09-02 15:44:18,2026-09-02 11:45:02
TSLA,TSLA260911P00332500,TSLA,2026-09-11,P,332.5,1.98,19.0,2.02,50.0,0.4209,333.0,432.0,-0.1572,0.0102,0.1364,-0.3071,-0.0147,1.9756,0.195,1.58,2.8,1.44,down,2.04,2026-09-02T11:15:32,10.5691,1.84500002861023,354.53,2026-09-02 15:44:18,2026-09-02 11:45:02
TSLA,TSLA260911P00335000,TSLA,2026-09-11,P,335.0,2.41,2.0,2.44,3.0,0.4178,1965.0,886.0,-0.184,0.0113,0.1504,-0.3396,-0.0174,2.3966,0.125,1.67,3.4,1.67,up,2.34,2026-09-02T11:27:31,5.64334,2.2150000333786,354.53,2026-09-02 15:44:18,2026-09-02 11:45:02
TSLA,TSLA260911P00337500,TSLA,2026-09-11,P,337.5,2.92,1.0,2.95,21.0,0.4154,642.0,586.0,-0.2142,0.0125,0.1647,-0.3725,-0.0199,2.9016,0.18,2.02,4.05,2.02,up,2.85,2026-09-02T11:28:09,6.74157,2.67000007629395,354.53,2026-09-02 15:44:18,2026-09-02 11:45:02
TSLA,TSLA260911P00340000,TSLA,2026-09-11,P,340.0,3.5,18.0,3.6,246.0,0.4136,3400.0,672.0,-0.2475,0.0136,0.1782,-0.4046,-0.0232,3.4988,0.15,2.54,4.85,2.51,no_change,3.35,2026-09-02T11:25:46,4.6875,3.20000004768372,354.53,2026-09-02 15:44:18,2026-09-02 11:45:02
TSLA,TSLA260911P00342500,TSLA,2026-09-11,P,342.5,4.2,2.0,4.25,49.0,0.4113,672.0,329.0,-0.2837,0.0146,0.191,-0.4348,-0.026,4.1975,0.2,3.0,5.7,2.96,down,4.0,2026-09-02T11:25:36,5.26316,3.79999995231628,354.53,2026-09-02 15:44:18,2026-09-02 11:45:02
TSLA,TSLA260911P00345000,TSLA,2026-09-11,P,345.0,4.95,71.0,5.1,304.0,0.4119,1446.0,1520.0,-0.3224,0.0155,0.2023,-0.4618,-0.0288,5.0014,0.225,4.1,6.9,3.7,down,4.75,2026-09-02T11:26:38,4.97238,4.52499985694885,354.53,2026-09-02 15:44:18,2026-09-02 11:45:02
TSLA,TSLA260911P00347500,TSLA,2026-09-11,P,347.5,5.85,55.0,6.0,90.0,0.4109,291.0,469.0,-0.363,0.0162,0.2113,-0.4841,-0.0326,5.9111,0.575,4.25,7.75,4.25,up,5.9,2026-09-02T11:28:28,10.7981,5.32500004768372,354.53,2026-09-02 15:44:18,2026-09-02 11:45:02
TSLA,TSLA260911P00350000,TSLA,2026-09-11,P,350.0,6.9,23.0,7.0,74.0,0.4111,1312.0,1667.0,-0.405,0.0168,0.2182,-0.5016,-0.0357,6.9385,0.7,5.15,9.0,5.05,no_change,6.95,2026-09-02T11:29:08,11.2,6.25,354.53,2026-09-02 15:44:18,2026-09-02 11:45:02
TSLA,TSLA260911P00352500,TSLA,2026-09-11,P,352.5,8.0,38.0,8.15,85.0,0.411,332.0,832.0,-0.4478,0.0171,0.2226,-0.5136,-0.0382,8.0802,0.775,5.95,10.33,5.95,up,8.05,2026-09-02T11:28:38,10.6529,7.27499985694885,354.53,2026-09-02 15:44:18,2026-09-02 11:45:02
TSLA,TSLA260911P00355000,TSLA,2026-09-11,P,355.0,9.3,1.0,9.4,71.0,0.413,610.0,836.0,-0.4905,0.0172,0.2244,-0.5194,-0.0416,9.3299,0.935,6.65,11.61,6.65,up,9.36,2026-09-02T11:29:12,11.0979,8.42500019073486,354.53,2026-09-02 15:44:18,2026-09-02 11:45:02
TSLA,TSLA260911P00357500,TSLA,2026-09-11,P,357.5,10.6,47.0,10.8,156.0,0.4132,351.0,660.0,-0.5331,0.0172,0.2236,-0.519,-0.0447,10.6955,0.98,9.1,13.05,8.15,up,10.68,2026-09-02T11:29:12,10.1031,9.7000002861023,354.53,2026-09-02 15:44:18,2026-09-02 11:45:02
TSLA,TSLA260911P00360000,TSLA,2026-09-11,P,360.0,12.15,16.0,12.3,119.0,0.4167,547.0,1425.0,-0.5748,0.0169,0.2206,-0.5128,-0.0478,12.1723,0.83,10.45,15.0,9.6,up,11.93,2026-09-02T11:27:33,7.47748,11.0999999046326,354.53,2026-09-02 15:44:18,2026-09-02 11:45:02
TSLA,TSLA260911P00362500,TSLA,2026-09-11,P,362.5,13.7,16.0,13.9,47.0,0.4178,298.0,187.0,-0.6151,0.0164,0.2152,-0.5013,-0.0505,13.7588,0.69,10.85,16.7,10.85,down,13.29,2026-09-02T11:26:06,5.47619,12.5999999046326,354.53,2026-09-02 15:44:18,2026-09-02 11:45:02
TSLA,TSLA260911P00365000,TSLA,2026-09-11,P,365.0,15.4,9.0,15.6,39.0,0.4204,817.0,311.0,-0.6535,0.0158,0.208,-0.4854,-0.0529,15.4483,0.775,12.6,18.35,12.5,no_change,15.0,2026-09-02T11:26:31,5.44816,14.2249999046326,354.53,2026-09-02 15:44:18,2026-09-02 11:45:02
TSLA,TSLA260911P00367500,TSLA,2026-09-11,P,367.5,17.15,28.0,17.4,38.0,0.4222,137.0,26.0,-0.6896,0.015,0.199,-0.4657,-0.0544,17.2375,0.825,13.65,19.85,13.65,no_change,16.7,2026-09-02T11:25:36,5.19685,15.875,354.53,2026-09-02 15:44:18,2026-09-02 11:45:02
TSLA,TSLA260911P00370000,TSLA,2026-09-11,P,370.0,19.05,15.0,19.3,52.0,0.4263,399.0,26.0,-0.7233,0.0142,0.1885,-0.4433,-0.0551,19.1166,1.15,15.35,22.3,15.35,no_change,19.0,2026-09-02T11:21:17,6.44258,17.8499994277954,354.53,2026-09-02 15:44:18,2026-09-02 11:45:02
TSLA,TSLA260911P00372500,TSLA,2026-09-11,P,372.5,20.7,108.0,21.3,58.0,0.422,30.0,22.0,-0.7541,0.0133,0.1778,-0.4189,-0.0574,21.0797,1.8,24.75,24.75,19.85,no_change,21.55,2026-09-02T11:11:07,9.11392,19.75,354.53,2026-09-02 15:44:18,2026-09-02 11:45:02
TSLA,TSLA260911P00375000,TSLA,2026-09-11,P,375.0,22.5,247.0,23.35,156.0,0.4184,170.0,6.0,-0.7823,0.0123,0.1656,-0.3936,-0.0573,23.1174,1.3,24.88,26.55,23.0,up,23.1,2026-09-02T10:51:32,5.9633,21.8000001907349,354.53,2026-09-02 15:44:18,2026-09-02 11:45:02
TSLA,TSLA260911P00377500,TSLA,2026-09-11,P,377.5,24.6,140.0,25.45,49.0,0.4215,8.0,3.0,-0.8076,0.0114,0.1546,-0.3681,-0.0591,25.2216,3.1,28.15,28.15,27.05,down,27.05,2026-09-02T10:13:27,12.9436,23.9499998092651,354.53,2026-09-02 15:44:18,2026-09-02 11:45:02
TSLA,TSLA260911P00380000,TSLA,2026-09-11,P,380.0,26.8,85.0,27.6,47.0,0.4259,67.0,8.0,-0.8304,0.0105,0.1426,-0.3432,-0.0575,27.3846,0.65,27.9,29.95,26.4,down,26.4,2026-09-02T10:28:25,2.52427,25.75,354.53,2026-09-02 15:44:18,2026-09-02 11:45:02
TSLA,TSLA260911P00382500,TSLA,2026-09-11,P,382.5,28.9,133.0,29.8,39.0,0.4247,4.0,5.0,-0.8506,0.0096,0.1319,-0.3196,-0.0588,29.5993,0.725,30.31,30.31,28.95,down,28.95,2026-09-02T10:38:38,2.56864,28.2250003814697,354.53,2026-09-02 15:44:18,2026-09-02 11:45:02
TSLA,TSLA260911P00385000,TSLA,2026-09-11,P,385.0,31.2,103.0,32.05,42.0,0.4297,130.0,2.0,-0.8684,0.0088,0.1207,-0.297,-0.0565,31.8574,2.04,34.0,34.0,32.34,down,32.34,2026-09-02T10:17:15,6.73268,30.2999992370606,354.53,2026-09-02 15:44:18,2026-09-02 11:45:02
TSLA,TSLA260911P00387500,TSLA,2026-09-11,P,387.5,33.45,122.0,34.35,42.0,0.4316,17.0,20.0,-0.8842,0.008,0.11,-0.2772,-0.0571,34.1554,1.95,33.0,36.0,33.0,up,34.55,2026-09-02T11:11:18,5.98159,32.6000003814697,354.53,2026-09-02 15:44:18,2026-09-02 11:45:02
TSLA,TSLA260911P00390000,TSLA,2026-09-11,P,390.0,35.75,106.0,36.7,38.0,0.4347,63.0,2.0,-0.8979,0.0073,0.1012,-0.2586,-0.0561,36.4834,0.875,39.27,39.27,35.95,down,35.95,2026-09-02T10:35:33,2.49466,35.0749988555908,354.53,2026-09-02 15:44:18,2026-09-02 11:45:02
TSLA,TSLA260911P00392500,TSLA,2026-09-11,P,392.5,38.1,43.0,39.05,26.0,0.4377,0.0,2.0,-0.9099,0.0067,0.0911,-0.2416,-0.0519,38.8403,2.525,40.65,40.65,40.65,no_change,40.65,2026-09-02T09:53:57,6.62295,38.125,354.53,2026-09-02 15:44:18,2026-09-02 11:45:02
TSLA,TSLA260911P00395000,TSLA,2026-09-11,P,395.0,40.45,67.0,41.45,35.0,0.4402,7.0,6.0,-0.9205,0.0061,0.0835,-0.2268,-0.053,41.221,0.735,43.45,44.9,40.66,down,40.66,2026-09-02T11:27:13,1.84095,39.9250011444092,354.53,2026-09-02 15:44:18,2026-09-02 11:45:02
TSLA,TSLA260911P00397500,TSLA,2026-09-11,P,397.5,42.85,32.0,43.85,30.0,0.4433,1.0,2.0,-0.9297,0.0056,0.0767,-0.2132,-0.0518,43.619,-0.525,46.0,46.0,42.4,down,42.4,2026-09-02T10:41:59,-1.22306,42.9249992370606,354.53,2026-09-02 15:44:18,2026-09-02 11:45:02
TSLA,TSLA260911P00400000,TSLA,2026-09-11,P,400.0,45.25,130.0,46.65,105.0,0.4795,393.0,24.0,-0.9376,0.0051,0.0698,-0.2004,-0.0452,46.0334,1.25,43.95,49.4,43.95,no_change,45.45,2026-09-02T10:29:57,2.82806,44.1999988555908,354.53,2026-09-02 15:44:18,2026-09-02 11:45:02
TSLA,TSLA260911P00402500,TSLA,2026-09-11,P,402.5,47.7,34.0,48.7,21.0,0.4479,0.0,3.0,-0.9446,0.0046,0.062,-0.1882,-0.0453,48.4637,1.475,50.75,50.75,48.8,down,48.8,2026-09-02T10:50:24,3.11674,47.3250007629394,354.53,2026-09-02 15:44:18,2026-09-02 11:45:02
TSLA,TSLA260911P00405000,TSLA,2026-09-11,P,405.0,50.15,35.0,51.4,29.0,0.4842,10.0,3.0,-0.9508,0.0043,0.0573,-0.1776,-0.0449,50.9033,3.1,53.2,53.2,52.55,down,52.55,2026-09-02T10:14:53,6.26896,49.4499988555908,354.53,2026-09-02 15:44:18,2026-09-02 11:45:02
TSLA,TSLA260911P00407500,TSLA,2026-09-11,P,407.5,52.6,33.0,54.2,31.0,0.5275,10.0,3.0,-0.9562,0.0039,0.0528,-0.168,-0.0444,53.3515,0.825,57.15,57.15,53.45,down,53.45,2026-09-02T10:24:23,1.5677,52.625,354.53,2026-09-02 15:44:18,2026-09-02 11:45:02
TSLA,TSLA260911P00410000,TSLA,2026-09-11,P,410.0,53.7,33.0,57.0,16.0,0.0,31.0,0.0,-0.9609,0.0036,0.0487,-0.159,-0.0364,55.8067,0.0,0.0,0.0,0.0,down,47.36,2026-08-31T11:32:46,0.0,54.3250007629394,354.53,2026-09-02 15:44:18,2026-09-02 11:45:02
TSLA,TSLA260911P00412500,TSLA,2026-09-11,P,412.5,56.45,31.0,59.45,16.0,0.0,0.0,0.0,-0.965,0.0033,0.0417,-0.1484,-0.0369,58.271,0.0,0.0,0.0,0.0,no_change,0.0,,0.0,56.5249996185303,354.53,2026-09-02 15:44:18,2026-09-02 11:45:02
TSLA,TSLA260911P00415000,TSLA,2026-09-11,P,415.0,59.1,32.0,61.95,17.0,0.0,4.0,0.0,-0.9687,0.0031,0.0389,-0.1393,-0.0337,60.7394,0.0,0.0,0.0,0.0,down,68.04,2026-08-27T09:31:38,0.0,59.25,354.53,2026-09-02 15:44:18,2026-09-02 11:45:02
TSLA,TSLA260911P00417500,TSLA,2026-09-11,P,417.5,61.35,30.0,64.8,16.0,0.498,0.0,0.0,-0.972,0.0028,0.0351,-0.1318,-0.0334,63.2124,0.0,0.0,0.0,0.0,no_change,0.0,,0.0,62.2250003814697,354.53,2026-09-02 15:44:18,2026-09-02 11:45:02
TSLA,TSLA260911P00420000,TSLA,2026-09-11,P,420.0,63.4,57.0,66.9,36.0,0.0,0.0,2.0,-0.975,0.0026,0.0328,-0.125,-0.0331,65.6883,3.075,68.0,68.0,68.0,up,68.0,2026-09-02T09:40:04,4.73624,64.9249992370606,354.53,2026-09-02 15:44:18,2026-09-02 11:45:02
TSLA,TSLA260911P00422500,TSLA,2026-09-11,P,422.5,66.55,31.0,69.8,17.0,0.5752,0.0,0.0,-0.9776,0.0024,0.0305,-0.1187,-0.0331,68.1669,0.0,0.0,0.0,0.0,no_change,0.0,,0.0,67.4749984741211,354.53,2026-09-02 15:44:18,2026-09-02 11:45:02
TSLA,TSLA260911P00425000,TSLA,2026-09-11,P,425.0,68.85,31.0,71.85,16.0,0.0,2.0,0.0,-0.9799,0.0022,0.0271,-0.1113,-0.026,70.6491,0.0,0.0,0.0,0.0,up,70.35,2026-08-24T09:38:41,0.0,69.7749977111816,354.53,2026-09-02 15:44:18,2026-09-02 11:45:02
TSLA,TSLA260911P00430000,TSLA,2026-09-11,P,430.0,74.0,31.0,77.25,17.0,0.602,0.0,0.0,-0.9838,0.0019,0.0219,-0.0973,-0.0199,75.6202,0.0,0.0,0.0,0.0,down,96.5,2026-08-13T10:39:59,0.0,74.25,354.53,2026-09-02 15:44:18,2026-09-02 11:45:02
TSLA,TSLA260911P00435000,TSLA,2026-09-11,P,435.0,77.95,32.0,81.8,15.0,0.0,0.0,0.0,-0.9871,0.0016,0.0173,-0.0882,-0.0198,80.599,0.0,0.0,0.0,0.0,no_change,79.34,2026-08-28T09:55:51,0.0,79.9250030517578,354.53,2026-09-02 15:44:18,2026-09-02 11:45:02
TSLA,TSLA260911P00440000,TSLA,2026-09-11,P,440.0,83.75,32.0,86.8,18.0,0.0,1.0,0.0,-0.9897,0.0013,0.0154,-0.0804,-0.0199,85.5812,0.0,0.0,0.0,0.0,up,81.65,2026-09-01T09:31:23,0.0,84.3499984741211,354.53,2026-09-02 15:44:18,2026-09-02 11:45:02
TSLA,TSLA260911P00445000,TSLA,2026-09-11,P,445.0,88.2,31.0,92.2,13.0,0.0,0.0,0.0,-0.9918,0.0011,0.0116,-0.0716,-0.0152,90.568,0.0,0.0,0.0,0.0,up,109.63,2026-08-14T11:28:14,0.0,89.9250030517578,354.53,2026-09-02 15:44:18,2026-09-02 11:45:02
TSLA,TSLA260911P00450000,TSLA,2026-09-11,P,450.0,93.25,32.0,96.8,17.0,0.0,0.0,0.0,-0.9934,0.0009,0.0094,-0.0647,-0.0086,95.558,0.0,0.0,0.0,0.0,down,89.39,2026-08-31T09:53:23,0.0,94.2000007629394,354.53,2026-09-02 15:44:18,2026-09-02 11:45:02
TSLA,TSLA260911P00455000,TSLA,2026-09-11,P,455.0,98.7,32.0,101.8,16.0,0.0,6.0,0.0,-0.9947,0.0007,0.0066,-0.0607,-0.0085,100.5514,0.0,0.0,0.0,0.0,up,128.62,2026-08-12T14:16:02,0.0,99.25,354.53,2026-09-02 15:44:18,2026-09-02 11:45:02
TSLA,TSLA260911P00460000,TSLA,2026-09-11,P,460.0,103.65,32.0,106.8,16.0,0.0,0.0,0.0,-0.9959,0.0006,0.006,-0.0571,-0.0086,105.5456,0.0,0.0,0.0,0.0,no_change,0.0,,0.0,104.850002288818,354.53,2026-09-02 15:44:18,2026-09-02 11:45:02
TSLA,TSLA260911P00465000,TSLA,2026-09-11,P,465.0,108.1,32.0,111.4,15.0,0.0,0.0,0.0,-0.9968,0.0005,0.005,-0.0537,-0.0064,110.5409,0.0,0.0,0.0,0.0,up,104.05,2026-09-01T09:30:00,0.0,109.400001525879,354.53,2026-09-02 15:44:18,2026-09-02 11:45:02
TSLA,TSLA260911P00470000,TSLA,2026-09-11,P,470.0,113.75,32.0,116.8,16.0,0.0,0.0,0.0,-0.9975,0.0004,0.004,-0.0505,-0.0064,115.5372,0.0,0.0,0.0,0.0,no_change,0.0,,0.0,114.825000762939,354.53,2026-09-02 15:44:18,2026-09-02 11:45:02
TSLA,TSLA260911P00475000,TSLA,2026-09-11,P,475.0,118.75,31.0,121.8,16.0,0.0,0.0,0.0,-0.998,0.0003,0.0028,-0.0485,-0.0023,120.5349,0.0,0.0,0.0,0.0,no_change,0.0,,0.0,119.650001525879,354.53,2026-09-02 15:44:18,2026-09-02 11:45:02
TSLA,TSLA260911P00480000,TSLA,2026-09-11,P,480.0,123.75,31.0,126.8,14.0,0.0,0.0,0.0,-0.9984,0.0003,0.0016,-0.0474,-0.0023,125.5336,0.0,0.0,0.0,0.0,no_change,0.0,,0.0,124.850002288818,354.53,2026-09-02 15:44:18,2026-09-02 11:45:02
TSLA,TSLA260911P00485000,TSLA,2026-09-11,P,485.0,128.75,31.0,131.8,13.0,0.0,0.0,0.0,-0.9988,0.0002,0.0015,-0.0464,-0.0023,130.5323,0.0,0.0,0.0,0.0,no_change,0.0,,0.0,129.800003051758,354.53,2026-09-02 15:44:18,2026-09-02 11:45:02
TSLA,TSLA260911P00490000,TSLA,2026-09-11,P,490.0,133.75,32.0,136.7,16.0,0.0,0.0,0.0,-0.9991,0.0002,0.0014,-0.0455,-0.0017,135.5312,0.0,0.0,0.0,0.0,no_change,0.0,,0.0,134.75,354.53,2026-09-02 15:44:18,2026-09-02 11:45:02
TSLA,TSLA260911P00495000,TSLA,2026-09-11,P,495.0,137.9,32.0,141.7,13.0,0.0,0.0,0.0,-0.9993,0.0001,0.001,-0.0448,-0.0017,140.5305,0.0,0.0,0.0,0.0,no_change,0.0,,0.0,139.800003051758,354.53,2026-09-02 15:44:18,2026-09-02 11:45:02
TSLA,TSLA260911P00500000,TSLA,2026-09-11,P,500.0,143.0,31.0,146.7,11.0,0.0,0.0,0.0,-0.9995,0.0001,0.0009,-0.0441,-0.0017,145.5298,0.0,0.0,0.0,0.0,no_change,0.0,,0.0,144.174995422363,354.53,2026-09-02 15:44:18,2026-09-02 11:45:02
TSLA,TSLA260911P00505000,TSLA,2026-09-11,P,505.0,148.75,31.0,151.8,16.0,0.0,0.0,0.0,-0.9996,0.0001,0.0006,-0.0438,-0.0003,150.5294,0.0,0.0,0.0,0.0,no_change,0.0,,0.0,149.149993896484,354.53,2026-09-02 15:44:18,2026-09-02 11:45:02
TSLA,TSLA260911P00510000,TSLA,2026-09-11,P,510.0,153.75,31.0,156.45,16.0,0.0,0.0,0.0,-0.9997,0.0001,0.0002,-0.0436,-0.0003,155.5293,0.0,0.0,0.0,0.0,no_change,0.0,,0.0,153.949996948242,354.53,2026-09-02 15:44:18,2026-09-02 11:45:02
TSLA,TSLA260911P00515000,TSLA,2026-09-11,P,515.0,158.05,32.0,161.95,16.0,0.0,0.0,0.0,-0.9998,0.0,0.0002,-0.0435,-0.0003,160.5292,0.0,0.0,0.0,0.0,no_change,0.0,,0.0,159.324996948242,354.53,2026-09-02 15:44:18,2026-09-02 11:45:02
TSLA,TSLA260911P00520000,TSLA,2026-09-11,P,520.0,163.75,31.0,166.8,16.0,0.0,0.0,0.0,-0.9998,0.0,0.0002,-0.0434,-0.0003,165.5291,0.0,0.0,0.0,0.0,no_change,0.0,,0.0,164.150001525879,354.53,2026-09-02 15:44:18,2026-09-02 11:45:02
TSLA,TSLA260911P00525000,TSLA,2026-09-11,P,525.0,168.75,31.0,171.8,15.0,0.0,0.0,0.0,-0.9999,0.0,0.0001,-0.0433,-0.0002,170.529,0.0,0.0,0.0,0.0,no_change,0.0,,0.0,169.149993896484,354.53,2026-09-02 15:44:18,2026-09-02 11:45:02
TSLA,TSLA260911P00530000,TSLA,2026-09-11,P,530.0,173.75,31.0,176.8,16.0,0.0,0.0,0.0,-0.9999,0.0,0.0001,-0.0432,-0.0002,175.5289,0.0,0.0,0.0,0.0,no_change,0.0,,0.0,173.925003051758,354.53,2026-09-02 15:44:18,2026-09-02 11:45:02
TSLA,TSLA260911P00535000,TSLA,2026-09-11,P,535.0,178.85,32.0,181.8,10.0,0.0,0.0,0.0,-0.9999,0.0,0.0001,-0.0432,-0.0002,180.5288,0.0,0.0,0.0,0.0,no_change,0.0,,0.0,178.800003051758,354.53,2026-09-02 15:44:18,2026-09-02 11:45:02
TSLA,TSLA260911P00540000,TSLA,2026-09-11,P,540.0,183.45,29.0,187.5,16.0,0.0,0.0,0.0,-1.0,0.0,0.0001,-0.0431,0.0,185.5288,0.0,0.0,0.0,0.0,no_change,0.0,,0.0,183.800003051758,354.53,2026-09-02 15:44:18,2026-09-02 11:45:02
TSLA,TSLA260911P00545000,TSLA,2026-09-11,P,545.0,188.75,32.0,191.8,11.0,0.0,0.0,0.0,-1.0,0.0,0.0,-0.0431,0.0,190.5288,0.0,0.0,0.0,0.0,no_change,0.0,,0.0,188.800003051758,354.53,2026-09-02 15:44:18,2026-09-02 11:45:02
TSLA,TSLA260911P00550000,TSLA,2026-09-11,P,550.0,193.75,31.0,196.8,11.0,0.0,0.0,0.0,-1.0,0.0,0.0,-0.0431,0.0,195.5288,0.0,0.0,0.0,0.0,no_change,0.0,,0.0,193.974998474121,354.53,2026-09-02 15:44:18,2026-09-02 11:45:02
TSLA,TSLA260911P00555000,TSLA,2026-09-11,P,555.0,198.75,31.0,201.8,7.0,0.0,0.0,0.0,-1.0,0.0,0.0,-0.0431,0.0,200.5288,0.0,0.0,0.0,0.0,no_change,0.0,,0.0,198.800003051758,354.53,2026-09-02 15:44:18,2026-09-02 11:45:02
TSLA,TSLA260911P00560000,TSLA,2026-09-11,P,560.0,203.9,31.0,207.15,17.0,0.0,5.0,0.0,-1.0,0.0,0.0,-0.0431,0.0,205.5288,0.0,0.0,0.0,0.0,down,198.0,2026-08-21T13:59:06,0.0,203.949996948242,354.53,2026-09-02 15:44:18,2026-09-02 11:45:02
TSLA,TSLA260911P00565000,TSLA,2026-09-11,P,565.0,209.1,31.0,211.8,17.0,0.0,0.0,0.0,-1.0,0.0,0.0,-0.0431,0.0,210.5288,0.0,0.0,0.0,0.0,no_change,0.0,,0.0,208.800003051758,354.53,2026-09-02 15:44:18,2026-09-02 11:45:02
TSLA,TSLA260911P00570000,TSLA,2026-09-11,P,570.0,213.05,32.0,217.5,14.0,0.0,0.0,0.0,-1.0,0.0,0.0,-0.0431,0.0,215.5288,0.0,0.0,0.0,0.0,no_change,0.0,,0.0,213.800003051758,354.53,2026-09-02 15:44:18,2026-09-02 11:45:02
TSLA,TSLA260911P00575000,TSLA,2026-09-11,P,575.0,218.6,30.0,221.5,14.0,0.0,0.0,0.0,-1.0,0.0,0.0,-0.0431,0.0,220.5288,0.0,0.0,0.0,0.0,no_change,0.0,,0.0,218.824996948242,354.53,2026-09-02 15:44:18,2026-09-02 11:45:02
TSLA,TSLA260911P00580000,TSLA,2026-09-11,P,580.0,223.15,32.0,226.5,15.0,0.0,0.0,0.0,-1.0,0.0,0.0,-0.0431,0.0,225.5288,0.0,0.0,0.0,0.0,no_change,0.0,,0.0,224.300003051758,354.53,2026-09-02 15:44:18,2026-09-02 11:45:02
TSLA,TSLA260911P00585000,TSLA,2026-09-11,P,585.0,228.75,31.0,231.8,14.0,0.0,0.0,0.0,-1.0,0.0,0.0,-0.0431,0.0,230.5288,0.0,0.0,0.0,0.0,no_change,0.0,,0.0,229.125,354.53,2026-09-02 15:44:18,2026-09-02 11:45:02
TSLA,TSLA260911P00590000,TSLA,2026-09-11,P,590.0,233.95,30.0,237.2,13.0,1.3206,0.0,0.0,-1.0,0.0,0.0,-0.0431,0.0,235.5288,0.0,0.0,0.0,0.0,no_change,0.0,,0.0,234.0,354.53,2026-09-02 15:44:18,2026-09-02 11:45:02
TSLA,TSLA260911P00595000,TSLA,2026-09-11,P,595.0,238.75,31.0,241.8,10.0,0.0,0.0,0.0,-1.0,0.0,0.0,-0.0431,0.0,240.5288,0.0,0.0,0.0,0.0,no_change,0.0,,0.0,239.349998474121,354.53,2026-09-02 15:44:18,2026-09-02 11:45:02
TSLA,TSLA260911P00600000,TSLA,2026-09-11,P,600.0,243.75,42.0,246.8,10.0,0.0,0.0,0.0,-1.0,0.0,0.0,-0.0431,0.0,245.5288,0.0,0.0,0.0,0.0,no_change,0.0,,0.0,244.649993896484,354.53,2026-09-02 15:44:18,2026-09-02 11:45:02
TSLA,TSLA260911P00605000,TSLA,2026-09-11,P,605.0,248.75,31.0,251.8,12.0,0.0,0.0,0.0,-1.0,0.0,0.0,-0.0431,0.0,250.5288,0.0,0.0,0.0,0.0,no_change,0.0,,0.0,249.324996948242,354.53,2026-09-02 15:44:18,2026-09-02 11:45:02
TSLA,TSLA260911P00610000,TSLA,2026-09-11,P,610.0,253.95,24.0,256.8,14.0,0.0,0.0,0.0,-1.0,0.0,0.0,-0.0431,0.0,255.5288,0.0,0.0,0.0,0.0,no_change,0.0,,0.0,254.300003051758,354.53,2026-09-02 15:44:18,2026-09-02 11:45:02
TSLA,TSLA260911P00615000,TSLA,2026-09-11,P,615.0,258.75,31.0,261.8,7.0,0.0,0.0,0.0,-1.0,0.0,0.0,-0.0431,0.0,260.5288,0.0,0.0,0.0,0.0,no_change,0.0,,0.0,259.300003051758,354.53,2026-09-02 15:44:18,2026-09-02 11:45:02
TSLA,TSLA260914C00280000,TSLA,2026-09-14,C,280.0,71.7,34.0,78.5,15.0,0.6076,0.0,0.0,0.9868,0.0009,0.0224,-0.0396,0.0903,75.0775,0.0,0.0,0.0,0.0,no_change,0.0,,0.0,76.5750007629394,354.53,2026-09-02 15:44:18,2026-09-02 11:45:02
TSLA,TSLA260914C00285000,TSLA,2026-09-14,C,285.0,66.7,37.0,73.45,15.0,0.554,0.0,0.0,0.9846,0.001,0.0255,-0.0447,0.0917,70.1074,0.0,0.0,0.0,0.0,no_change,0.0,,0.0,71.625,354.53,2026-09-02 15:44:18,2026-09-02 11:45:02
TSLA,TSLA260914C00290000,TSLA,2026-09-14,C,290.0,61.75,37.0,68.4,15.0,0.5123,0.0,0.0,0.9818,0.0013,0.0295,-0.0508,0.093,65.1442,0.0,0.0,0.0,0.0,no_change,0.0,,0.0,66.6500015258789,354.53,2026-09-02 15:44:18,2026-09-02 11:45:02
TSLA,TSLA260914C00295000,TSLA,2026-09-14,C,295.0,56.8,37.0,63.6,15.0,0.5151,6.0,0.0,0.978,0.0016,0.0346,-0.0587,0.0942,60.1918,0.0,0.0,0.0,0.0,no_change,62.06,2026-09-01T15:41:17,0.0,62.1749992370606,354.53,2026-09-02 15:44:18,2026-09-02 11:45:02
TSLA,TSLA260914C00300000,TSLA,2026-09-14,C,300.0,51.85,34.0,58.5,17.0,0.4657,6.0,0.0,0.9728,0.002,0.0413,-0.069,0.0952,55.2563,0.0,0.0,0.0,0.0,no_change,57.17,2026-09-01T15:41:17,0.0,57.1749992370606,354.53,2026-09-02 15:44:18,2026-09-02 11:45:02
TSLA,TSLA260914C00305000,TSLA,2026-09-14,C,305.0,46.95,53.0,53.25,18.0,0.4005,1.0,0.0,0.9655,0.0025,0.0504,-0.0827,0.096,50.3473,0.0,0.0,0.0,0.0,down,51.37,2026-09-01T15:50:02,0.0,51.8499984741211,354.53,2026-09-02 15:44:18,2026-09-02 11:45:02
TSLA,TSLA260914C00310000,TSLA,2026-09-14,C,310.0,44.7,28.0,46.3,35.0,0.4493,2.0,2.0,0.955,0.0033,0.0624,-0.1013,0.0964,45.4801,-4.45,43.45,43.45,42.5,down,42.5,2026-09-02T10:00:27,-9.47817,46.9500007629394,354.53,2026-09-02 15:44:18,2026-09-02 11:45:02
TSLA,TSLA260914C00315000,TSLA,2026-09-14,C,315.0,39.85,21.0,41.5,31.0,0.4294,0.0,0.0,0.9399,0.0043,0.0784,-0.126,0.0962,40.6767,0.0,0.0,0.0,0.0,no_change,0.0,,0.0,42.0249996185303,354.53,2026-09-02 15:44:18,2026-09-02 11:45:02
TSLA,TSLA260914C00320000,TSLA,2026-09-14,C,320.0,35.65,20.0,36.8,34.0,0.4413,0.0,0.0,0.9186,0.0056,0.0989,-0.1577,0.0953,35.9683,0.0,0.0,0.0,0.0,no_change,0.0,,0.0,35.9500007629394,354.53,2026-09-02 15:44:18,2026-09-02 11:45:02
TSLA,TSLA260914C00325000,TSLA,2026-09-14,C,325.0,30.95,31.0,32.2,121.0,0.4197,29.0,6.0,0.8892,0.0072,0.1238,-0.1965,0.0934,31.3965,0.1,31.5,32.2,31.5,up,32.2,2026-09-02T10:28:04,0.311525,32.1000003814697,354.53,2026-09-02 15:44:18,2026-09-02 11:45:02
TSLA,TSLA260914C00330000,TSLA,2026-09-14,C,330.0,26.65,15.0,27.85,117.0,0.4125,0.0,2.0,0.85,0.009,0.1523,-0.2411,0.0902,27.0137,-1.2,25.55,27.1,25.55,up,27.1,2026-09-02T10:20:19,-4.24028,28.3000001907349,354.53,2026-09-02 15:44:18,2026-09-02 11:45:02
TSLA,TSLA260914C00335000,TSLA,2026-09-14,C,335.0,22.45,58.0,23.55,171.0,0.3977,2.0,5.0,0.8002,0.011,0.1823,-0.2888,0.0858,22.8807,-0.7,21.75,23.8,21.75,no_change,23.8,2026-09-02T10:45:47,-2.85714,24.5,354.53,2026-09-02 15:44:18,2026-09-02 11:45:02
TSLA,TSLA260914C00340000,TSLA,2026-09-14,C,340.0,18.8,59.0,19.85,318.0,0.3996,14.0,6.0,0.7396,0.0129,0.2111,-0.335,0.08,19.0618,-2.01,20.95,20.95,17.35,down,18.34,2026-09-02T11:06:49,-9.87715,20.3500003814697,354.53,2026-09-02 15:44:18,2026-09-02 11:45:02
TSLA,TSLA260914C00345000,TSLA,2026-09-14,C,345.0,15.4,83.0,16.3,362.0,0.3951,90.0,11.0,0.6697,0.0144,0.2352,-0.3745,0.073,15.6162,-0.625,14.45,16.05,13.0,up,16.05,2026-09-02T10:27:28,-3.74812,16.6749992370605,354.53,2026-09-02 15:44:18,2026-09-02 11:45:02
TSLA,TSLA260914C00350000,TSLA,2026-09-14,C,350.0,12.4,149.0,13.2,342.0,0.3934,72.0,383.0,0.5934,0.0155,0.2517,-0.4025,0.065,12.5872,-0.675,13.3,13.57,10.48,no_change,13.0,2026-09-02T11:26:24,-4.93602,13.6750001907349,354.53,2026-09-02 15:44:18,2026-09-02 11:45:02
TSLA,TSLA260914C00355000,TSLA,2026-09-14,C,355.0,9.85,60.0,10.05,2.0,0.3845,116.0,583.0,0.5145,0.0158,0.2586,-0.4158,0.0566,9.9946,-0.775,11.25,11.7,8.1,down,10.0,2026-09-02T11:29:16,-7.19257,10.7749996185303,354.53,2026-09-02 15:44:18,2026-09-02 11:45:02
TSLA,TSLA260914C00360000,TSLA,2026-09-14,C,360.0,7.7,101.0,7.9,10.0,0.3876,203.0,205.0,0.4369,0.0156,0.2555,-0.4135,0.0482,7.8325,-0.725,9.19,9.7,6.3,down,7.85,2026-09-02T11:29:02,-8.45481,8.57499980926514,354.53,2026-09-02 15:44:18,2026-09-02 11:45:02
TSLA,TSLA260914C00365000,TSLA,2026-09-14,C,365.0,5.95,212.0,6.15,74.0,0.3919,245.0,272.0,0.3642,0.0147,0.2438,-0.3972,0.0403,6.0723,-0.4,7.4,7.85,4.8,no_change,6.25,2026-09-02T11:27:42,-6.01504,6.65000009536743,354.53,2026-09-02 15:44:18,2026-09-02 11:45:02
TSLA,TSLA260914C00370000,TSLA,2026-09-14,C,370.0,4.6,20.0,4.75,73.0,0.3979,293.0,235.0,0.2988,0.0134,0.2255,-0.3701,0.0331,4.6704,-0.45,5.5,5.5,3.7,down,4.6,2026-09-02T11:29:08,-8.91089,5.04999995231628,354.53,2026-09-02 15:44:18,2026-09-02 11:45:02
TSLA,TSLA260914C00375000,TSLA,2026-09-14,C,375.0,3.5,20.0,3.65,70.0,0.4039,223.0,166.0,0.2419,0.0119,0.2031,-0.336,0.0268,3.5721,-0.05,3.15,3.8,2.8,down,3.75,2026-09-02T11:18:57,-1.31579,3.80000007152557,354.53,2026-09-02 15:44:18,2026-09-02 11:45:02
TSLA,TSLA260914C00380000,TSLA,2026-09-14,C,380.0,2.66,24.0,2.79,54.0,0.4101,130.0,100.0,0.1944,0.0103,0.1793,-0.2993,0.0216,2.7347,-0.135,3.45,3.5,2.1,down,2.74,2026-09-02T11:28:34,-4.69565,2.875,354.53,2026-09-02 15:44:18,2026-09-02 11:45:02
TSLA,TSLA260914C00385000,TSLA,2026-09-14,C,385.0,2.02,27.0,2.14,55.0,0.4175,223.0,93.0,0.1554,0.0088,0.1558,-0.2626,0.0173,2.0983,0.045,2.41,2.41,1.64,up,2.2,2026-09-02T11:12:12,2.08817,2.15499997138977,354.53,2026-09-02 15:44:18,2026-09-02 11:45:02
TSLA,TSLA260914C00390000,TSLA,2026-09-14,C,390.0,1.55,70.0,1.66,101.0,0.4269,101.0,72.0,0.1239,0.0073,0.1337,-0.2282,0.0138,1.6186,-0.025,1.93,1.93,1.25,down,1.6,2026-09-02T11:28:28,-1.53846,1.625,354.53,2026-09-02 15:44:18,2026-09-02 11:45:02
TSLA,TSLA260914C00395000,TSLA,2026-09-14,C,395.0,1.19,114.0,1.3,77.0,0.4362,166.0,105.0,0.0995,0.0061,0.1144,-0.198,0.011,1.2671,0.13,1.5,1.5,1.0,up,1.36,2026-09-02T11:27:42,10.5691,1.23000001907349,354.53,2026-09-02 15:44:18,2026-09-02 11:45:02
TSLA,TSLA260914C00400000,TSLA,2026-09-14,C,400.0,0.95,37.0,1.04,77.0,0.4486,414.0,75.0,0.0804,0.0051,0.0977,-0.1718,0.0089,1.0046,0.05,1.2,1.2,0.79,down,1.01,2026-09-02T11:27:51,5.20833,0.96000000834465,354.53,2026-09-02 15:44:18,2026-09-02 11:45:02
TSLA,TSLA260914C00405000,TSLA,2026-09-14,C,405.0,0.77,39.0,0.85,56.0,0.4617,207.0,10.0,0.0658,0.0042,0.0839,-0.1503,0.0073,0.8131,-0.055,0.7,0.72,0.7,down,0.7,2026-09-02T09:54:31,-7.28477,0.755000025033951,354.53,2026-09-02 15:44:18,2026-09-02 11:45:02
TSLA,TSLA260914C00410000,TSLA,2026-09-14,C,410.0,0.63,41.0,0.71,132.0,0.4757,247.0,61.0,0.0545,0.0036,0.0724,-0.1323,0.006,0.6692,0.07,0.58,0.68,0.55,no_change,0.68,2026-09-02T11:11:18,11.4754,0.609999984502792,354.53,2026-09-02 15:44:18,2026-09-02 11:45:02
TSLA,TSLA260914C00415000,TSLA,2026-09-14,C,415.0,0.53,43.0,0.6,120.0,0.491,310.0,10.0,0.0457,0.003,0.0629,-0.1176,0.005,0.5604,0.09,0.55,0.6,0.54,up,0.6,2026-09-02T11:17:59,17.6471,0.510000005364418,354.53,2026-09-02 15:44:18,2026-09-02 11:45:02
TSLA,TSLA260914C00420000,TSLA,2026-09-14,C,420.0,0.44,43.0,0.51,64.0,0.5045,281.0,9.0,0.0389,0.0026,0.0553,-0.1057,0.0043,0.4789,0.075,0.53,0.53,0.4,up,0.5,2026-09-02T10:19:06,17.6471,0.424999997019768,354.53,2026-09-02 15:44:18,2026-09-02 11:45:02
TSLA,TSLA260914C00425000,TSLA,2026-09-14,C,425.0,0.39,39.0,0.45,103.0,0.5222,143.0,19.0,0.0335,0.0022,0.0488,-0.0957,0.0037,0.4147,0.025,0.41,0.41,0.33,down,0.39,2026-09-02T11:00:56,6.84932,0.364999994635582,354.53,2026-09-02 15:44:18,2026-09-02 11:45:02
TSLA,TSLA260914P00280000,TSLA,2026-09-14,P,280.0,0.14,220.0,0.2,280.0,0.5934,25.0,10.0,-0.0133,0.0009,0.0224,-0.0489,-0.0015,0.1786,-0.015,0.17,0.17,0.17,no_change,0.17,2026-09-02T10:23:14,-8.10811,0.184999994933605,354.53,2026-09-02 15:44:18,2026-09-02 11:45:02
TSLA,TSLA260914P00285000,TSLA,2026-09-14,P,285.0,0.17,184.0,0.22,71.0,0.5652,1.0,0.0,-0.0155,0.001,0.0256,-0.0533,-0.0018,0.2013,0.0,0.0,0.0,0.0,up,0.22,2026-08-31T15:47:55,0.0,0.21000000089407,354.53,2026-09-02 15:44:18,2026-09-02 11:45:02
TSLA,TSLA260914P00290000,TSLA,2026-09-14,P,290.0,0.2,249.0,0.26,153.0,0.539,5.0,3.0,-0.0183,0.0013,0.0295,-0.0589,-0.0021,0.231,-0.025,0.22,0.22,0.22,down,0.22,2026-09-02T09:37:03,-10.2041,0.245000004768372,354.53,2026-09-02 15:44:18,2026-09-02 11:45:02
TSLA,TSLA260914P00295000,TSLA,2026-09-14,P,295.0,0.24,186.0,0.3,231.0,0.512,0.0,0.0,-0.0221,0.0016,0.0347,-0.0661,-0.0025,0.2716,0.0,0.0,0.0,0.0,no_change,0.0,,0.0,0.280000001192093,354.53,2026-09-02 15:44:18,2026-09-02 11:45:02
TSLA,TSLA260914P00300000,TSLA,2026-09-14,P,300.0,0.3,166.0,0.36,170.0,0.488,137.0,3.0,-0.0273,0.002,0.0414,-0.0758,-0.0032,0.3291,0.0,0.34,0.34,0.34,no_change,0.34,2026-09-02T09:37:03,-1.05185e-06,0.340000003576279,354.53,2026-09-02 15:44:18,2026-09-02 11:45:02
TSLA,TSLA260914P00305000,TSLA,2026-09-14,P,305.0,0.38,196.0,0.45,215.0,0.4658,14.0,18.0,-0.0347,0.0025,0.0505,-0.089,-0.004,0.4133,0.025,0.53,0.53,0.4,up,0.45,2026-09-02T10:56:31,5.88235,0.424999997019768,354.53,2026-09-02 15:44:18,2026-09-02 11:45:02
TSLA,TSLA260914P00310000,TSLA,2026-09-14,P,310.0,0.51,239.0,0.57,154.0,0.4461,35.0,11.0,-0.0452,0.0033,0.0626,-0.1071,-0.0052,0.5393,-0.005,0.52,0.65,0.52,down,0.54,2026-09-02T11:12:28,-0.917429,0.544999986886978,354.53,2026-09-02 15:44:18,2026-09-02 11:45:02
TSLA,TSLA260914P00315000,TSLA,2026-09-14,P,315.0,0.69,238.0,0.77,181.0,0.4299,26.0,18.0,-0.0602,0.0043,0.0785,-0.131,-0.007,0.7281,-0.01,0.88,0.93,0.71,down,0.71,2026-09-02T11:15:50,-1.38889,0.719999998807907,354.53,2026-09-02 15:44:18,2026-09-02 11:45:02
TSLA,TSLA260914P00320000,TSLA,2026-09-14,P,320.0,1.0,2.0,1.04,23.0,0.4168,40.0,35.0,-0.0816,0.0056,0.099,-0.1622,-0.0094,1.013,0.03,1.16,1.33,1.0,down,1.0,2026-09-02T11:29:06,3.09278,0.969999998807907,354.53,2026-09-02 15:44:18,2026-09-02 11:45:02
TSLA,TSLA260914P00325000,TSLA,2026-09-14,P,325.0,1.37,130.0,1.5,194.0,0.4048,34.0,49.0,-0.1112,0.0072,0.124,-0.2007,-0.0128,1.4362,0.425,1.97,2.0,1.29,up,1.77,2026-09-02T11:01:42,31.5985,1.34499996900558,354.53,2026-09-02 15:44:18,2026-09-02 11:45:02
TSLA,TSLA260914P00330000,TSLA,2026-09-14,P,330.0,1.96,200.0,2.11,232.0,0.3967,108.0,147.0,-0.1503,0.009,0.1524,-0.2448,-0.0173,2.0459,0.155,1.55,2.8,1.55,no_change,2.04,2026-09-02T11:15:44,8.22281,1.88499999046326,354.53,2026-09-02 15:44:18,2026-09-02 11:45:02
TSLA,TSLA260914P00335000,TSLA,2026-09-14,P,335.0,2.82,93.0,2.96,36.0,0.3899,80.0,15.0,-0.2004,0.011,0.1825,-0.2921,-0.0228,2.9075,0.06,2.9,3.5,2.58,down,2.72,2026-09-02T11:26:49,2.25564,2.6599999666214,354.53,2026-09-02 15:44:18,2026-09-02 11:45:02
TSLA,TSLA260914P00340000,TSLA,2026-09-14,P,340.0,3.95,256.0,4.2,239.0,0.3868,129.0,69.0,-0.2612,0.0129,0.2115,-0.338,-0.0292,4.0842,0.375,4.4,5.16,3.79,down,4.1,2026-09-02T11:28:28,10.0671,3.72499990463257,354.53,2026-09-02 15:44:18,2026-09-02 11:45:02
TSLA,TSLA260914P00345000,TSLA,2026-09-14,P,345.0,5.5,241.0,5.75,133.0,0.3845,178.0,101.0,-0.3316,0.0145,0.2356,-0.3776,-0.0367,5.6413,0.175,6.15,7.35,5.07,down,5.3,2026-09-02T11:26:23,3.41463,5.125,354.53,2026-09-02 15:44:18,2026-09-02 11:45:02
TSLA,TSLA260914P00350000,TSLA,2026-09-14,P,350.0,7.5,50.0,7.75,200.0,0.3857,184.0,299.0,-0.4081,0.0156,0.2518,-0.4055,-0.0447,7.6064,0.405,7.0,9.55,6.6,down,7.33,2026-09-02T11:26:01,5.84837,6.92500019073486,354.53,2026-09-02 15:44:18,2026-09-02 11:45:02
TSLA,TSLA260914P00355000,TSLA,2026-09-14,P,355.0,9.9,130.0,10.15,108.0,0.3866,287.0,115.0,-0.4876,0.016,0.2584,-0.4189,-0.0526,10.0154,0.77,9.1,12.35,9.1,down,9.92,2026-09-02T11:19:12,8.4153,9.15000009536743,354.53,2026-09-02 15:44:18,2026-09-02 11:45:02
TSLA,TSLA260914P00360000,TSLA,2026-09-14,P,360.0,12.25,296.0,13.05,150.0,0.3808,183.0,116.0,-0.5657,0.0157,0.2551,-0.4166,-0.0597,12.8574,1.3,10.8,15.7,10.8,down,13.3,2026-09-02T11:08:42,10.8333,12.0,354.53,2026-09-02 15:44:18,2026-09-02 11:45:02
TSLA,TSLA260914P00365000,TSLA,2026-09-14,P,365.0,15.6,227.0,16.45,143.0,0.3895,85.0,602.0,-0.6391,0.0148,0.2429,-0.4002,-0.0657,16.1044,-0.465,19.0,19.3,14.85,no_change,14.86,2026-09-02T10:45:21,-3.03426,15.3249998092651,354.53,2026-09-02 15:44:18,2026-09-02 11:45:02
TSLA,TSLA260914P00370000,TSLA,2026-09-14,P,370.0,19.0,345.0,20.05,164.0,0.3893,28.0,121.0,-0.7052,0.0136,0.224,-0.3727,-0.0701,19.7126,4.3,22.85,23.15,22.6,up,23.15,2026-09-02T09:45:56,22.8117,18.8499994277954,354.53,2026-09-02 15:44:18,2026-09-02 11:45:02
TSLA,TSLA260914P00375000,TSLA,2026-09-14,P,375.0,22.8,279.0,23.95,96.0,0.3908,23.0,162.0,-0.7625,0.012,0.2009,-0.3382,-0.0726,23.6306,4.825,27.0,27.3,26.95,down,27.25,2026-09-02T09:45:56,21.5162,22.4250001907349,354.53,2026-09-02 15:44:18,2026-09-02 11:45:02
TSLA,TSLA260914P00380000,TSLA,2026-09-14,P,380.0,26.85,63.0,28.05,18.0,0.3899,25.0,9.0,-0.8108,0.0104,0.1757,-0.3005,-0.0731,27.8048,1.65,25.89,27.95,25.18,up,27.95,2026-09-02T11:15:29,6.27376,26.3000001907349,354.53,2026-09-02 15:44:18,2026-09-02 11:45:02
TSLA,TSLA260914P00385000,TSLA,2026-09-14,P,385.0,31.2,135.0,32.6,33.0,0.399,2.0,5.0,-0.8504,0.0089,0.1506,-0.2632,-0.0711,32.1844,1.97,35.35,35.35,31.45,up,32.92,2026-09-02T11:07:36,6.3651,30.9500007629394,354.53,2026-09-02 15:44:18,2026-09-02 11:45:02
TSLA,TSLA260914P00390000,TSLA,2026-09-14,P,390.0,35.75,59.0,36.95,18.0,0.3959,3.0,0.0,-0.8824,0.0076,0.1281,-0.2301,-0.0705,36.7247,0.0,0.0,0.0,0.0,up,37.85,2026-09-01T14:56:17,0.0,34.7250003814697,354.53,2026-09-02 15:44:18,2026-09-02 11:45:02
TSLA,TSLA260914P00395000,TSLA,2026-09-14,P,395.0,40.35,45.0,41.8,21.0,0.4052,1.0,5.0,-0.9078,0.0064,0.1083,-0.2023,-0.0693,41.3906,-0.725,44.75,44.75,39.45,no_change,39.45,2026-09-02T10:45:24,-1.8046,40.1749992370606,354.53,2026-09-02 15:44:18,2026-09-02 11:45:02
TSLA,TSLA260914P00400000,TSLA,2026-09-14,P,400.0,45.15,39.0,46.55,13.0,0.4103,0.0,0.0,-0.9275,0.0054,0.0892,-0.1783,-0.0598,46.1491,0.0,0.0,0.0,0.0,no_change,0.0,,0.0,45.7250003814697,354.53,2026-09-02 15:44:18,2026-09-02 11:45:02
TSLA,TSLA260914P00405000,TSLA,2026-09-14,P,405.0,50.0,41.0,52.1,20.0,0.472,0.0,0.0,-0.9431,0.0046,0.0744,-0.1592,-0.0584,50.9762,0.0,0.0,0.0,0.0,no_change,0.0,,0.0,50.5249996185303,354.53,2026-09-02 15:44:18,2026-09-02 11:45:02
TSLA,TSLA260914P00410000,TSLA,2026-09-14,P,410.0,54.9,37.0,56.4,13.0,0.4322,0.0,0.0,-0.9552,0.0039,0.0609,-0.1424,-0.0486,55.853,0.0,0.0,0.0,0.0,no_change,0.0,,0.0,55.3250007629394,354.53,2026-09-02 15:44:18,2026-09-02 11:45:02
TSLA,TSLA260914P00415000,TSLA,2026-09-14,P,415.0,59.4,31.0,64.15,10.0,0.6209,1.0,0.0,-0.9645,0.0034,0.0508,-0.1259,-0.0479,60.7655,0.0,0.0,0.0,0.0,up,58.0,2026-09-01T09:31:55,0.0,60.1000003814697,354.53,2026-09-02 15:44:18,2026-09-02 11:45:02
TSLA,TSLA260914P00420000,TSLA,2026-09-14,P,420.0,63.7,32.0,68.05,13.0,0.5416,0.0,0.0,-0.9719,0.0029,0.0416,-0.1151,-0.043,65.7029,0.0,0.0,0.0,0.0,no_change,0.0,,0.0,65.0750007629394,354.53,2026-09-02 15:44:18,2026-09-02 11:45:02
TSLA,TSLA260914P00425000,TSLA,2026-09-14,P,425.0,68.7,36.0,73.05,19.0,0.5716,0.0,0.0,-0.9775,0.0025,0.0325,-0.1021,-0.0342,70.6587,0.0,0.0,0.0,0.0,no_change,0.0,,0.0,69.5,354.53,2026-09-02 15:44:18,2026-09-02 11:45:02
TSLA,TSLA260916C00290000,TSLA,2026-09-16,C,290.0,61.85,33.0,69.45,12.0,0.597,0.0,0.0,0.9769,0.0015,0.039,-0.0581,0.1078,65.3183,0.0,0.0,0.0,0.0,no_change,0.0,,0.0,67.1749992370606,354.53,2026-09-02 15:44:18,2026-09-02 11:45:02
TSLA,TSLA260916C00295000,TSLA,2026-09-16,C,295.0,56.95,35.0,64.55,11.0,0.5697,1.0,0.0,0.9719,0.0018,0.0459,-0.0678,0.109,60.3902,0.0,0.0,0.0,0.0,up,63.25,2026-09-01T13:07:30,0.0,62.1750011444092,354.53,2026-09-02 15:44:18,2026-09-02 11:45:02
TSLA,TSLA260916C00300000,TSLA,2026-09-16,C,300.0,52.05,31.0,59.65,14.0,0.5401,0.0,0.0,0.9649,0.0023,0.0551,-0.0804,0.1099,55.4879,0.0,0.0,0.0,0.0,no_change,0.0,,0.0,57.2749996185303,354.53,2026-09-02 15:44:18,2026-09-02 11:45:02
TSLA,TSLA260916C00305000,TSLA,2026-09-16,C,305.0,49.9,26.0,51.45,18.0,0.472,3.0,0.0,0.9554,0.0029,0.0669,-0.0967,0.1105,50.6247,0.0,0.0,0.0,0.0,no_change,53.37,2026-09-01T13:49:00,0.0,52.4000015258789,354.53,2026-09-02 15:44:18,2026-09-02 11:45:02
TSLA,TSLA260916C00310000,TSLA,2026-09-16,C,310.0,44.95,22.0,46.65,31.0,0.4461,3.0,0.0,0.9421,0.0037,0.0822,-0.1178,0.1106,45.8197,0.0,0.0,0.0,0.0,no_change,48.51,2026-09-01T13:49:00,0.0,47.6749992370606,354.53,2026-09-02 15:44:18,2026-09-02 11:45:02
TSLA,TSLA260916C00315000,TSLA,2026-09-16,C,315.0,40.6,31.0,41.95,41.0,0.4525,0.0,1.0,0.9239,0.0047,0.1015,-0.1444,0.1099,41.0987,2.975,45.7,45.7,45.7,up,45.7,2026-09-02T09:30:01,6.96314,42.7250003814697,354.53,2026-09-02 15:44:18,2026-09-02 11:45:02
TSLA,TSLA260916C00320000,TSLA,2026-09-16,C,320.0,36.0,31.0,37.35,27.0,0.4391,0.0,0.0,0.8993,0.0059,0.1247,-0.1767,0.1083,36.4954,0.0,0.0,0.0,0.0,no_change,0.0,,0.0,38.0499992370606,354.53,2026-09-02 15:44:18,2026-09-02 11:45:02
TSLA,TSLA260916C00325000,TSLA,2026-09-16,C,325.0,31.55,32.0,32.95,32.0,0.4297,0.0,0.0,0.8672,0.0073,0.1514,-0.2141,0.1057,32.0511,0.0,0.0,0.0,0.0,no_change,0.0,,0.0,33.0500001907349,354.53,2026-09-02 15:44:18,2026-09-02 11:45:02
TSLA,TSLA260916C00330000,TSLA,2026-09-16,C,330.0,27.35,63.0,28.7,154.0,0.4221,0.0,2.0,0.8267,0.0089,0.1802,-0.2548,0.1018,27.8129,-5.15,24.4,24.45,24.4,up,24.45,2026-09-02T09:45:56,-17.3986,29.6000003814697,354.53,2026-09-02 15:44:18,2026-09-02 11:45:02
TSLA,TSLA260916C00335000,TSLA,2026-09-16,C,335.0,23.6,41.0,24.7,330.0,0.4212,0.0,7.0,0.7776,0.0104,0.2093,-0.296,0.0966,23.8307,-1.7,23.53,24.7,23.3,down,23.3,2026-09-02T10:50:15,-6.8,25.0,354.53,2026-09-02 15:44:18,2026-09-02 11:45:02
TSLA,TSLA260916C00340000,TSLA,2026-09-16,C,340.0,19.95,26.0,21.0,323.0,0.4168,1.0,32.0,0.7202,0.0119,0.236,-0.3344,0.0902,20.1522,-0.795,17.73,21.55,17.73,up,20.28,2026-09-02T11:19:36,-3.77224,21.0749998092651,354.53,2026-09-02 15:44:18,2026-09-02 11:45:02
TSLA,TSLA260916C00345000,TSLA,2026-09-16,C,345.0,16.6,47.0,17.55,310.0,0.412,55.0,39.0,0.6561,0.013,0.2578,-0.3663,0.0828,16.807,-0.85,15.0,18.1,14.58,up,16.95,2026-09-02T11:19:36,-4.77528,17.8000001907349,354.53,2026-09-02 15:44:18,2026-09-02 11:45:02
TSLA,TSLA260916C00350000,TSLA,2026-09-16,C,350.0,13.65,48.0,14.15,103.0,0.403,17.0,104.0,0.5879,0.0138,0.2724,-0.3885,0.0746,13.8549,-1.275,16.0,16.0,11.65,down,13.5,2026-09-02T11:14:31,-8.62944,14.7750000953674,354.53,2026-09-02 15:44:18,2026-09-02 11:45:02
TSLA,TSLA260916C00355000,TSLA,2026-09-16,C,355.0,11.1,76.0,11.9,301.0,0.4105,30.0,305.0,0.5174,0.0141,0.2789,-0.3993,0.066,11.2678,-1.075,12.0,12.75,9.3,down,11.05,2026-09-02T11:25:31,-8.86598,12.125,354.53,2026-09-02 15:44:18,2026-09-02 11:45:02
TSLA,TSLA260916C00360000,TSLA,2026-09-16,C,360.0,8.95,47.0,9.2,58.0,0.404,107.0,116.0,0.4484,0.0139,0.2768,-0.3981,0.0574,9.0769,-0.525,10.9,10.9,7.5,down,9.3,2026-09-02T11:26:30,-5.34351,9.82499980926514,354.53,2026-09-02 15:44:18,2026-09-02 11:45:02
TSLA,TSLA260916C00365000,TSLA,2026-09-16,C,365.0,7.1,216.0,7.35,68.0,0.4065,50.0,68.0,0.3822,0.0134,0.267,-0.3859,0.0491,7.2324,-0.4,8.7,8.7,6.0,up,7.4,2026-09-02T11:18:05,-5.1282,7.79999995231628,354.53,2026-09-02 15:44:18,2026-09-02 11:45:02
TSLA,TSLA260916C00370000,TSLA,2026-09-16,C,370.0,5.65,52.0,5.85,72.0,0.4117,227.0,205.0,0.3214,0.0124,0.251,-0.3647,0.0413,5.7182,-0.05,6.75,6.75,4.8,no_change,6.1,2026-09-02T11:25:11,-0.81301,6.15000009536743,354.53,2026-09-02 15:44:18,2026-09-02 11:45:02
TSLA,TSLA260916C00375000,TSLA,2026-09-16,C,375.0,4.4,226.0,4.6,59.0,0.4144,48.0,29.0,0.2677,0.0113,0.231,-0.3376,0.0345,4.5115,-0.025,5.1,5.1,3.75,up,4.8,2026-09-02T11:23:33,-0.518131,4.82499980926514,354.53,2026-09-02 15:44:18,2026-09-02 11:45:02
TSLA,TSLA260916C00380000,TSLA,2026-09-16,C,380.0,3.45,35.0,3.65,247.0,0.4209,42.0,60.0,0.2204,0.01,0.2081,-0.3064,0.0284,3.5366,-0.105,4.4,4.4,2.95,up,3.62,2026-09-02T11:13:16,-2.81879,3.72499990463257,354.53,2026-09-02 15:44:18,2026-09-02 11:45:02
TSLA,TSLA260916C00385000,TSLA,2026-09-16,C,385.0,2.67,215.0,2.86,193.0,0.4256,78.0,51.0,0.1808,0.0088,0.1849,-0.2746,0.0233,2.782,-0.42,2.91,3.1,2.2,down,2.51,2026-09-02T10:54:24,-14.3345,2.92999994754791,354.53,2026-09-02 15:44:18,2026-09-02 11:45:02
TSLA,TSLA260916C00390000,TSLA,2026-09-16,C,390.0,2.09,219.0,2.26,59.0,0.4325,54.0,22.0,0.1478,0.0076,0.1625,-0.2435,0.019,2.1934,0.075,3.0,3.0,1.8,no_change,2.32,2026-09-02T11:26:09,3.34076,2.24500000476837,354.53,2026-09-02 15:44:18,2026-09-02 11:45:02
TSLA,TSLA260916C00395000,TSLA,2026-09-16,C,395.0,1.65,212.0,1.8,179.0,0.4407,15.0,15.0,0.1208,0.0065,0.1417,-0.2145,0.0156,1.7389,-0.02,1.8,1.8,1.47,down,1.73,2026-09-02T10:36:35,-1.14286,1.75,354.53,2026-09-02 15:44:18,2026-09-02 11:45:02
TSLA,TSLA260916C00400000,TSLA,2026-09-16,C,400.0,1.32,228.0,1.45,148.0,0.4493,56.0,42.0,0.0992,0.0055,0.1231,-0.1889,0.0128,1.3959,0.005,1.62,1.77,1.15,up,1.38,2026-09-02T11:07:08,0.363636,1.375,354.53,2026-09-02 15:44:18,2026-09-02 11:45:02
TSLA,TSLA260916C00405000,TSLA,2026-09-16,C,405.0,1.1,33.0,1.19,48.0,0.4622,187.0,2.0,0.0818,0.0047,0.1068,-0.1662,0.0105,1.1299,0.115,1.12,1.21,1.12,up,1.21,2026-09-02T10:43:30,10.5023,1.09499996900558,354.53,2026-09-02 15:44:18,2026-09-02 11:45:02
TSLA,TSLA260916C00410000,TSLA,2026-09-16,C,410.0,0.91,2.0,0.99,68.0,0.4739,229.0,1.0,0.0681,0.004,0.0929,-0.1471,0.0087,0.9295,0.09,0.98,0.98,0.98,up,0.98,2026-09-02T10:42:24,10.1124,0.889999985694885,354.53,2026-09-02 15:44:18,2026-09-02 11:45:02
TSLA,TSLA260916C00415000,TSLA,2026-09-16,C,415.0,0.75,33.0,0.83,43.0,0.4851,273.0,41.0,0.0574,0.0034,0.0813,-0.1311,0.0074,0.7772,-0.04,0.82,0.82,0.69,down,0.69,2026-09-02T09:42:27,-5.47945,0.729999989271164,354.53,2026-09-02 15:44:18,2026-09-02 11:45:02
TSLA,TSLA260916C00420000,TSLA,2026-09-16,C,420.0,0.63,157.0,0.71,136.0,0.4976,260.0,2.0,0.0489,0.0029,0.0716,-0.1178,0.0062,0.6603,0.075,0.68,0.69,0.68,up,0.69,2026-09-02T11:06:11,12.1951,0.614999979734421,354.53,2026-09-02 15:44:18,2026-09-02 11:45:02
TSLA,TSLA260916C00425000,TSLA,2026-09-16,C,425.0,0.55,33.0,0.62,44.0,0.5124,11.0,0.0,0.042,0.0025,0.0635,-0.1066,0.0054,0.5687,0.0,0.0,0.0,0.0,no_change,0.51,2026-09-01T15:10:44,0.0,0.530000001192093,354.53,2026-09-02 15:44:18,2026-09-02 11:45:02
TSLA,TSLA260916C00430000,TSLA,2026-09-16,C,430.0,0.48,134.0,0.55,102.0,0.527,3.0,2.0,0.0366,0.0022,0.0567,-0.0975,0.0047,0.4981,0.05,0.46,0.51,0.46,up,0.51,2026-09-02T10:25:42,10.8696,0.459999993443489,354.53,2026-09-02 15:44:18,2026-09-02 11:45:02
TSLA,TSLA260916C00435000,TSLA,2026-09-16,C,435.0,0.42,108.0,0.49,57.0,0.5411,58.0,12.0,0.0323,0.0019,0.0512,-0.0899,0.0041,0.4423,-0.02,0.39,0.39,0.39,down,0.39,2026-09-02T10:05:30,-4.87805,0.409999996423721,354.53,2026-09-02 15:44:18,2026-09-02 11:45:02
TSLA,TSLA260916P00290000,TSLA,2026-09-16,P,290.0,0.29,101.0,0.36,204.0,0.528,50.0,0.0,-0.0232,0.0015,0.039,-0.0668,-0.0031,0.3205,0.0,0.0,0.0,0.0,up,0.38,2026-09-01T14:51:54,0.0,0.344999998807907,354.53,2026-09-02 15:44:18,2026-09-02 11:45:02
TSLA,TSLA260916P00295000,TSLA,2026-09-16,P,295.0,0.36,90.0,0.44,206.0,0.5072,63.0,0.0,-0.0283,0.0018,0.046,-0.0759,-0.0038,0.3843,0.0,0.0,0.0,0.0,up,0.45,2026-09-01T14:51:46,0.0,0.41499999165535,354.53,2026-09-02 15:44:18,2026-09-02 11:45:02
TSLA,TSLA260916P00300000,TSLA,2026-09-16,P,300.0,0.45,183.0,0.52,92.0,0.4848,30.0,5.0,-0.0353,0.0023,0.0553,-0.0878,-0.0047,0.474,-0.02,0.5,0.53,0.48,down,0.48,2026-09-02T11:17:30,-4.0,0.500000014901161,354.53,2026-09-02 15:44:18,2026-09-02 11:45:02
TSLA,TSLA260916P00305000,TSLA,2026-09-16,P,305.0,0.58,93.0,0.66,167.0,0.4669,2.0,0.0,-0.0449,0.0029,0.067,-0.1036,-0.006,0.603,0.0,0.0,0.0,0.0,up,0.64,2026-09-01T14:15:27,0.0,0.625,354.53,2026-09-02 15:44:18,2026-09-02 11:45:02
TSLA,TSLA260916P00310000,TSLA,2026-09-16,P,310.0,0.76,205.0,0.85,48.0,0.4502,5.0,7.0,-0.0582,0.0037,0.0824,-0.1241,-0.0078,0.7905,0.095,0.82,1.1,0.82,down,0.9,2026-09-02T10:55:56,11.8012,0.804999977350235,354.53,2026-09-02 15:44:18,2026-09-02 11:45:02
TSLA,TSLA260916P00315000,TSLA,2026-09-16,P,315.0,1.01,228.0,1.12,42.0,0.4358,70.0,4.0,-0.0765,0.0047,0.1017,-0.1501,-0.0102,1.0612,0.265,1.18,1.44,1.18,down,1.32,2026-09-02T10:01:50,25.1185,1.05500000715256,354.53,2026-09-02 15:44:18,2026-09-02 11:45:02
TSLA,TSLA260916P00320000,TSLA,2026-09-16,P,320.0,1.39,242.0,1.52,38.0,0.4253,75.0,13.0,-0.101,0.0059,0.125,-0.1818,-0.0134,1.4494,0.31,1.15,1.72,1.15,no_change,1.72,2026-09-02T11:01:15,21.9858,1.41000002622604,354.53,2026-09-02 15:44:18,2026-09-02 11:45:02
TSLA,TSLA260916P00325000,TSLA,2026-09-16,P,325.0,1.93,181.0,2.07,38.0,0.4167,25.0,21.0,-0.1332,0.0074,0.1517,-0.2187,-0.0176,1.998,0.045,1.56,2.51,1.56,down,1.96,2026-09-02T11:17:30,2.34987,1.91500002145767,354.53,2026-09-02 15:44:18,2026-09-02 11:45:02
TSLA,TSLA260916P00330000,TSLA,2026-09-16,P,330.0,2.68,219.0,2.85,43.0,0.4108,15.0,12.0,-0.1738,0.0089,0.1807,-0.2589,-0.0229,2.7533,0.405,2.81,3.35,2.5,no_change,3.0,2026-09-02T10:54:15,15.6069,2.59500002861023,354.53,2026-09-02 15:44:18,2026-09-02 11:45:02
TSLA,TSLA260916P00335000,TSLA,2026-09-16,P,335.0,3.65,286.0,3.9,200.0,0.4064,30.0,43.0,-0.2232,0.0105,0.2097,-0.2998,-0.0292,3.7656,0.375,2.96,4.9,2.96,no_change,3.9,2026-09-02T11:15:24,10.6383,3.52500009536743,354.53,2026-09-02 15:44:18,2026-09-02 11:45:02
TSLA,TSLA260916P00340000,TSLA,2026-09-16,P,340.0,4.95,126.0,5.2,152.0,0.4024,66.0,62.0,-0.2812,0.012,0.2365,-0.3381,-0.0365,5.0928,0.4,6.2,6.2,4.6,down,5.15,2026-09-02T11:18:28,8.42105,4.75,354.53,2026-09-02 15:44:18,2026-09-02 11:45:02
TSLA,TSLA260916P00345000,TSLA,2026-09-16,P,345.0,6.6,98.0,6.9,185.0,0.4018,64.0,16.0,-0.3451,0.0131,0.258,-0.3695,-0.0443,6.7456,-0.025,7.7,8.15,6.2,down,6.2,2026-09-02T10:46:36,-0.401605,6.22499990463257,354.53,2026-09-02 15:44:18,2026-09-02 11:45:02
TSLA,TSLA260916P00350000,TSLA,2026-09-16,P,350.0,8.65,75.0,8.95,135.0,0.402,22.0,69.0,-0.4139,0.0139,0.2726,-0.3916,-0.0524,8.7821,0.63,9.1,10.5,7.97,down,8.73,2026-09-02T11:19:36,7.77778,8.09999990463257,354.53,2026-09-02 15:44:18,2026-09-02 11:45:02
TSLA,TSLA260916P00355000,TSLA,2026-09-16,P,355.0,11.05,66.0,11.35,80.0,0.402,20.0,241.0,-0.4846,0.0142,0.2787,-0.4023,-0.0602,11.2048,0.75,10.2,13.55,10.2,down,11.1,2026-09-02T11:19:36,7.24638,10.3499999046326,354.53,2026-09-02 15:44:18,2026-09-02 11:45:02
TSLA,TSLA260916P00360000,TSLA,2026-09-16,P,360.0,13.25,235.0,14.35,105.0,0.3961,15.0,14.0,-0.5547,0.0141,0.2761,-0.401,-0.0673,14.019,1.525,11.5,16.3,11.5,down,14.75,2026-09-02T11:06:39,11.5312,13.2249999046326,354.53,2026-09-02 15:44:18,2026-09-02 11:45:02
TSLA,TSLA260916P00365000,TSLA,2026-09-16,P,365.0,16.5,143.0,17.5,61.0,0.3997,0.0,6.0,-0.6213,0.0135,0.266,-0.3888,-0.0736,17.1883,1.845,17.26,18.9,16.73,down,18.02,2026-09-02T11:06:39,11.4065,16.1750001907349,354.53,2026-09-02 15:44:18,2026-09-02 11:45:02
TSLA,TSLA260916P00370000,TSLA,2026-09-16,P,370.0,19.85,226.0,20.95,86.0,0.3992,0.0,0.0,-0.6824,0.0126,0.2496,-0.3676,-0.0791,20.6789,0.0,0.0,0.0,0.0,no_change,0.0,,0.0,19.0500001907349,354.53,2026-09-02 15:44:18,2026-09-02 11:45:02
TSLA,TSLA260916P00375000,TSLA,2026-09-16,P,375.0,23.55,216.0,24.7,37.0,0.3994,2.0,0.0,-0.7371,0.0114,0.2287,-0.3399,-0.0821,24.4742,0.0,0.0,0.0,0.0,no_change,20.47,2026-09-01T11:39:02,0.0,23.2250003814697,354.53,2026-09-02 15:44:18,2026-09-02 11:45:02
TSLA,TSLA260916P00380000,TSLA,2026-09-16,P,380.0,27.6,172.0,28.85,59.0,0.4055,24.0,9.0,-0.7847,0.0102,0.2046,-0.3083,-0.0834,28.5221,1.695,26.74,28.72,26.05,up,28.72,2026-09-02T11:15:29,6.27197,27.0249996185303,354.53,2026-09-02 15:44:18,2026-09-02 11:45:02
TSLA,TSLA260916P00385000,TSLA,2026-09-16,P,385.0,31.75,30.0,33.1,10.0,0.4061,1.0,0.0,-0.8251,0.0089,0.1804,-0.2755,-0.0846,32.7797,0.0,0.0,0.0,0.0,up,30.56,2026-09-01T12:58:01,0.0,32.0250005722046,354.53,2026-09-02 15:44:18,2026-09-02 11:45:02
TSLA,TSLA260916P00390000,TSLA,2026-09-16,P,390.0,36.25,38.0,37.45,15.0,0.4094,2.0,0.0,-0.8587,0.0078,0.1568,-0.2439,-0.0816,37.2082,0.0,0.0,0.0,0.0,up,35.12,2026-09-01T12:58:01,0.0,36.25,354.53,2026-09-02 15:44:18,2026-09-02 11:45:02
TSLA,TSLA260916P00395000,TSLA,2026-09-16,P,395.0,40.7,30.0,42.05,15.0,0.4093,1.0,0.0,-0.8864,0.0067,0.1351,-0.2152,-0.0812,41.7751,0.0,0.0,0.0,0.0,up,39.87,2026-09-01T12:58:01,0.0,40.875,354.53,2026-09-02 15:44:18,2026-09-02 11:45:02
TSLA,TSLA260916P00400000,TSLA,2026-09-16,P,400.0,45.4,32.0,46.7,16.0,0.411,0.0,11.0,-0.9087,0.0058,0.1154,-0.1903,-0.0786,46.449,4.075,49.65,49.65,49.3,down,49.3,2026-09-02T10:08:47,9.01051,45.2249984741211,354.53,2026-09-02 15:44:18,2026-09-02 11:45:02
TSLA,TSLA260916P00405000,TSLA,2026-09-16,P,405.0,50.15,37.0,52.4,38.0,0.4677,0.0,0.0,-0.9268,0.005,0.0974,-0.171,-0.0735,51.2066,0.0,0.0,0.0,0.0,no_change,0.0,,0.0,49.6749992370606,354.53,2026-09-02 15:44:18,2026-09-02 11:45:02
TSLA,TSLA260916P00410000,TSLA,2026-09-16,P,410.0,55.0,39.0,57.2,23.0,0.4804,0.0,0.0,-0.9412,0.0043,0.0832,-0.154,-0.0707,56.0266,0.0,0.0,0.0,0.0,no_change,0.0,,0.0,55.75,354.53,2026-09-02 15:44:18,2026-09-02 11:45:02
TSLA,TSLA260916P00415000,TSLA,2026-09-16,P,415.0,59.9,32.0,61.7,22.0,0.4678,0.0,0.0,-0.9527,0.0037,0.0682,-0.1393,-0.0609,60.8962,0.0,0.0,0.0,0.0,no_change,0.0,,0.0,60.2000007629394,354.53,2026-09-02 15:44:18,2026-09-02 11:45:02
TSLA,TSLA260916P00420000,TSLA,2026-09-16,P,420.0,64.8,37.0,66.6,19.0,0.4758,0.0,0.0,-0.9621,0.0033,0.0579,-0.1277,-0.0584,65.8006,0.0,0.0,0.0,0.0,no_change,0.0,,0.0,65.1000003814697,354.53,2026-09-02 15:44:18,2026-09-02 11:45:02
TSLA,TSLA260916P00425000,TSLA,2026-09-16,P,425.0,68.5,34.0,74.1,11.0,0.5952,0.0,0.0,-0.9693,0.0029,0.0481,-0.1158,-0.046,70.7298,0.0,0.0,0.0,0.0,no_change,0.0,,0.0,69.5750007629394,354.53,2026-09-02 15:44:18,2026-09-02 11:45:02
TSLA,TSLA260916P00430000,TSLA,2026-09-16,P,430.0,72.85,30.0,79.05,12.0,0.5771,0.0,0.0,-0.975,0.0025,0.0399,-0.1032,-0.0384,75.6798,0.0,0.0,0.0,0.0,no_change,0.0,,0.0,75.0,354.53,2026-09-02 15:44:18,2026-09-02 11:45:02
TSLA,TSLA260916P00435000,TSLA,2026-09-16,P,435.0,77.4,35.0,84.2,11.0,0.5776,0.0,0.0,-0.9798,0.0022,0.0322,-0.0968,-0.0378,80.6445,0.0,0.0,0.0,0.0,no_change,0.0,,0.0,79.9749984741211,354.53,2026-09-02 15:44:18,2026-09-02 11:45:02
TSLA,TSLA260918C00005000,TSLA,2026-09-18,C,5.0,348.0,26.0,350.6,55.0,0.0,2313.0,10.0,1.0,0.0,0.0,0.0,0.0025,349.4867,-2.095,349.05,349.08,348.98,up,349.08,2026-09-02T11:14:15,-0.59657,351.175003051758,354.53,2026-09-02 15:44:18,2026-09-02 11:45:02
TSLA,TSLA260918C00010000,TSLA,2026-09-18,C,10.0,341.1,16.0,346.95,16.0,0.0,38.0,0.0,1.0,0.0,0.0001,0.0,0.0049,344.5142,0.0,0.0,0.0,0.0,down,345.76,2026-09-01T15:36:02,0.0,346.875,354.53,2026-09-02 15:44:18,2026-09-02 11:45:02
TSLA,TSLA260918C00015000,TSLA,2026-09-18,C,15.0,336.1,16.0,342.8,28.0,0.0,5.0,0.0,1.0,0.0,0.0001,0.0,0.0074,339.5092,0.0,0.0,0.0,0.0,down,421.02,2025-10-07T15:18:27,0.0,341.074996948242,354.53,2026-09-02 15:44:18,2026-09-02 11:45:02
TSLA,TSLA260918C00020000,TSLA,2026-09-18,C,20.0,331.1,10.0,337.85,10.0,0.0,1.0,0.0,1.0,0.0,0.0001,0.0,0.0098,334.5204,0.0,0.0,0.0,0.0,up,290.25,2026-07-24T15:41:58,0.0,336.099990844727,354.53,2026-09-02 15:44:18,2026-09-02 11:45:02
TSLA,TSLA260918C00025000,TSLA,2026-09-18,C,25.0,326.15,16.0,332.85,16.0,0.0,101.0,0.0,1.0,0.0,0.0001,0.0,0.0123,329.5478,0.0,0.0,0.0,0.0,up,314.9,2026-08-17T12:56:46,0.0,331.224990844727,354.53,2026-09-02 15:44:18,2026-09-02 11:45:02
TSLA,TSLA260918C00030000,TSLA,2026-09-18,C,30.0,321.15,16.0,327.85,16.0,0.0,45.0,0.0,1.0,0.0,0.0001,0.0,0.0147,324.559,0.0,0.0,0.0,0.0,up,318.8,2026-08-19T15:26:11,0.0,326.125,354.53,2026-09-02 15:44:18,2026-09-02 11:45:02
TSLA,TSLA260918C00035000,TSLA,2026-09-18,C,35.0,316.15,10.0,322.85,10.0,0.0,37.0,0.0,1.0,0.0,0.0002,0.0,0.0172,319.5702,0.0,0.0,0.0,0.0,down,444.1,2025-12-15T11:19:08,0.0,321.150009155273,354.53,2026-09-02 15:44:18,2026-09-02 11:45:02
TSLA,TSLA260918C00040000,TSLA,2026-09-18,C,40.0,311.15,10.0,317.85,10.0,0.0,9.0,0.0,1.0,0.0,0.0002,0.0,0.0197,314.5814,0.0,0.0,0.0,0.0,down,325.96,2026-08-31T13:04:06,0.0,316.125,354.53,2026-09-02 15:44:18,2026-09-02 11:45:02
TSLA,TSLA260918C00045000,TSLA,2026-09-18,C,45.0,306.15,10.0,312.85,10.0,0.0,0.0,0.0,1.0,0.0,0.0002,0.0,0.0221,309.5927,0.0,0.0,0.0,0.0,down,222.55,2025-04-25T10:04:05,0.0,311.125,354.53,2026-09-02 15:44:18,2026-09-02 11:45:02
TSLA,TSLA260918C00050000,TSLA,2026-09-18,C,50.0,302.3,29.0,305.8,15.0,0.0,26.0,5.0,1.0,0.0,0.0003,0.0,0.0246,304.6039,-4.755,301.35,301.42,301.35,no_change,301.42,2026-09-02T11:00:19,-1.55303,306.175003051758,354.53,2026-09-02 15:44:18,2026-09-02 11:45:02
TSLA,TSLA260918C00060000,TSLA,2026-09-18,C,60.0,291.2,10.0,297.9,10.0,0.0,32.0,0.0,0.9999,0.0,0.0004,0.0,0.0295,294.6265,0.0,0.0,0.0,0.0,no_change,286.83,2026-08-28T13:24:23,0.0,296.175003051758,354.53,2026-09-02 15:44:18,2026-09-02 11:45:02
TSLA,TSLA260918C00070000,TSLA,2026-09-18,C,70.0,281.7,34.0,287.95,16.0,3.0208,62.0,0.0,0.9999,0.0,0.0004,0.0,0.0344,284.6493,0.0,0.0,0.0,0.0,up,289.0,2026-08-21T10:15:46,0.0,286.75,354.53,2026-09-02 15:44:18,2026-09-02 11:45:02
TSLA,TSLA260918C00080000,TSLA,2026-09-18,C,80.0,272.05,36.0,277.9,36.0,3.0061,20.0,0.0,0.9998,0.0,0.0006,0.0,0.0393,274.6722,0.0,0.0,0.0,0.0,up,328.6,2026-07-10T12:05:59,0.0,275.925003051758,354.53,2026-09-02 15:44:18,2026-09-02 11:45:02
TSLA,TSLA260918C00090000,TSLA,2026-09-18,C,90.0,262.1,40.0,267.55,40.0,2.5278,30.0,0.0,0.9998,0.0,0.0007,0.0,0.0442,264.6953,0.0,0.0,0.0,0.0,down,306.78,2026-07-02T11:07:23,0.0,266.300003051758,354.53,2026-09-02 15:44:18,2026-09-02 11:45:02
TSLA,TSLA260918C00100000,TSLA,2026-09-18,C,100.0,252.25,131.0,257.25,74.0,2.0828,231.0,0.0,0.9997,0.0,0.0008,0.0,0.0491,254.7186,0.0,0.0,0.0,0.0,up,259.0,2026-09-01T09:56:01,0.0,256.024993896484,354.53,2026-09-02 15:44:18,2026-09-02 11:45:02
TSLA,TSLA260918C00110000,TSLA,2026-09-18,C,110.0,243.8,91.0,246.1,93.0,2.2865,104.0,3.0,0.9997,0.0,0.001,0.0,0.054,244.7422,-2.64,243.61,243.61,243.61,up,243.61,2026-09-02T10:18:11,-1.07208,246.25,354.53,2026-09-02 15:44:18,2026-09-02 11:45:02
TSLA,TSLA260918C00115000,TSLA,2026-09-18,C,115.0,238.85,200.0,242.8,110.0,2.7471,146.0,0.0,0.9996,0.0,0.0011,0.0,0.0565,239.7541,0.0,0.0,0.0,0.0,up,241.25,2026-09-01T15:52:50,0.0,242.050003051758,354.53,2026-09-02 15:44:18,2026-09-02 11:45:02
TSLA,TSLA260918C00120000,TSLA,2026-09-18,C,120.0,232.1,46.0,238.0,68.0,2.2044,191.0,0.0,0.9996,0.0,0.0013,0.0,0.0589,234.7661,0.0,0.0,0.0,0.0,no_change,244.2,2026-08-21T13:20:17,0.0,236.075004577637,354.53,2026-09-02 15:44:18,2026-09-02 11:45:02
TSLA,TSLA260918C00125000,TSLA,2026-09-18,C,125.0,227.35,104.0,232.7,78.0,2.0925,221.0,0.0,0.9995,0.0,0.0014,0.0,0.0614,229.7782,0.0,0.0,0.0,0.0,no_change,230.66,2026-08-24T09:36:51,0.0,231.050003051758,354.53,2026-09-02 15:44:18,2026-09-02 11:45:02
TSLA,TSLA260918C00130000,TSLA,2026-09-18,C,130.0,222.35,137.0,227.05,75.0,0.0,373.0,0.0,0.9995,0.0,0.0015,0.0,0.0638,224.7904,0.0,0.0,0.0,0.0,up,215.65,2026-08-26T15:59:11,0.0,226.324996948242,354.53,2026-09-02 15:44:18,2026-09-02 11:45:02
TSLA,TSLA260918C00135000,TSLA,2026-09-18,C,135.0,217.4,136.0,223.05,92.0,2.0816,152.0,0.0,0.9994,0.0,0.0017,0.0,0.0663,219.8027,0.0,0.0,0.0,0.0,up,206.55,2026-08-17T09:30:04,0.0,221.275001525879,354.53,2026-09-02 15:44:18,2026-09-02 11:45:02
TSLA,TSLA260918C00140000,TSLA,2026-09-18,C,140.0,212.4,109.0,218.05,91.0,2.0017,103.0,0.0,0.9993,0.0,0.0019,0.0,0.0687,214.8151,0.0,0.0,0.0,0.0,down,246.56,2026-06-11T13:18:05,0.0,216.25,354.53,2026-09-02 15:44:18,2026-09-02 11:45:02
TSLA,TSLA260918C00145000,TSLA,2026-09-18,C,145.0,207.45,104.0,213.05,96.0,1.94,227.0,0.0,0.9992,0.0,0.002,0.0,0.0712,209.8277,0.0,0.0,0.0,0.0,up,247.3,2026-07-02T13:50:26,0.0,211.474998474121,354.53,2026-09-02 15:44:18,2026-09-02 11:45:02
TSLA,TSLA260918C00150000,TSLA,2026-09-18,C,150.0,202.45,40.0,207.85,39.0,1.8014,95.0,0.0,0.9992,0.0,0.0022,0.0,0.0736,204.8405,0.0,0.0,0.0,0.0,up,217.2,2026-08-31T15:45:58,0.0,206.324996948242,354.53,2026-09-02 15:44:18,2026-09-02 11:45:02
TSLA,TSLA260918C00155000,TSLA,2026-09-18,C,155.0,197.45,103.0,202.05,79.0,0.0,120.0,0.0,0.9991,0.0,0.0025,0.0,0.076,199.8534,0.0,0.0,0.0,0.0,up,172.85,2026-08-07T13:40:03,0.0,201.299995422363,354.53,2026-09-02 15:44:18,2026-09-02 11:45:02
TSLA,TSLA260918C00160000,TSLA,2026-09-18,C,160.0,192.45,110.0,198.05,75.0,1.7241,138.0,0.0,0.999,0.0,0.0027,0.0,0.0785,194.8665,0.0,0.0,0.0,0.0,up,180.86,2026-08-17T10:41:37,0.0,196.025001525879,354.53,2026-09-02 15:44:18,2026-09-02 11:45:02
TSLA,TSLA260918C00165000,TSLA,2026-09-18,C,165.0,187.25,44.0,192.25,56.0,0.0,187.0,0.0,0.9988,0.0,0.003,0.0,0.0809,189.8798,0.0,0.0,0.0,0.0,up,195.74,2026-08-31T09:52:32,0.0,191.225006103516,354.53,2026-09-02 15:44:18,2026-09-02 11:45:02
TSLA,TSLA260918C00170000,TSLA,2026-09-18,C,170.0,182.25,43.0,188.1,39.0,1.5469,72.0,0.0,0.9987,0.0,0.0033,0.0,0.0833,184.8934,0.0,0.0,0.0,0.0,up,170.94,2026-08-17T10:53:07,0.0,186.100006103516,354.53,2026-09-02 15:44:18,2026-09-02 11:45:02
TSLA,TSLA260918C00175000,TSLA,2026-09-18,C,175.0,177.3,176.0,182.65,74.0,1.3082,527.0,0.0,0.9985,0.0001,0.0036,0.0,0.0858,179.9072,0.0,0.0,0.0,0.0,down,171.05,2026-08-28T14:49:07,0.0,181.5,354.53,2026-09-02 15:44:18,2026-09-02 11:45:02
TSLA,TSLA260918C00180000,TSLA,2026-09-18,C,180.0,173.8,98.0,177.85,77.0,1.6896,255.0,0.0,0.9984,0.0001,0.004,0.0,0.0882,174.9214,0.0,0.0,0.0,0.0,down,186.25,2026-08-31T12:57:38,0.0,176.050003051758,354.53,2026-09-02 15:44:18,2026-09-02 11:45:02
TSLA,TSLA260918C00185000,TSLA,2026-09-18,C,185.0,167.55,36.0,172.25,40.0,0.9725,81.0,0.0,0.9982,0.0001,0.0044,0.0,0.0906,169.9358,0.0,0.0,0.0,0.0,up,183.5,2026-08-31T15:59:32,0.0,171.125,354.53,2026-09-02 15:44:18,2026-09-02 11:45:02
TSLA,TSLA260918C00190000,TSLA,2026-09-18,C,190.0,162.6,121.0,166.8,102.0,0.0,182.0,0.0,0.998,0.0001,0.0049,0.0,0.0931,164.9506,0.0,0.0,0.0,0.0,up,168.6,2026-09-01T10:22:48,0.0,166.074996948242,354.53,2026-09-02 15:44:18,2026-09-02 11:45:02
TSLA,TSLA260918C00195000,TSLA,2026-09-18,C,195.0,157.3,107.0,162.95,77.0,1.2171,115.0,0.0,0.9977,0.0001,0.0054,0.0,0.0955,159.9659,0.0,0.0,0.0,0.0,down,150.47,2026-08-26T11:06:52,0.0,161.649993896484,354.53,2026-09-02 15:44:18,2026-09-02 11:45:02
TSLA,TSLA260918C00200000,TSLA,2026-09-18,C,200.0,152.25,143.0,157.75,76.0,1.0413,564.0,0.0,0.9975,0.0001,0.006,0.0,0.0979,154.9816,0.0,0.0,0.0,0.0,down,156.5,2026-09-01T15:36:47,0.0,156.474998474121,354.53,2026-09-02 15:44:18,2026-09-02 11:45:02
TSLA,TSLA260918C00205000,TSLA,2026-09-18,C,205.0,147.35,35.0,153.15,35.0,1.1841,0.0,0.0,0.9972,0.0001,0.0066,-0.0003,0.1003,149.9978,0.0,0.0,0.0,0.0,no_change,0.0,,0.0,151.275001525879,354.53,2026-09-02 15:44:18,2026-09-02 11:45:02
TSLA,TSLA260918C00210000,TSLA,2026-09-18,C,210.0,143.65,122.0,148.2,94.0,1.3546,180.0,0.0,0.9968,0.0001,0.0073,-0.0022,0.1027,145.0147,0.0,0.0,0.0,0.0,up,154.45,2026-08-31T11:00:34,0.0,146.400001525879,354.53,2026-09-02 15:44:18,2026-09-02 11:45:02
TSLA,TSLA260918C00215000,TSLA,2026-09-18,C,215.0,137.5,38.0,142.5,38.0,0.8698,10.0,0.0,0.9964,0.0002,0.0081,-0.0042,0.1051,140.0323,0.0,0.0,0.0,0.0,up,126.17,2026-08-17T14:51:57,0.0,141.099998474121,354.53,2026-09-02 15:44:18,2026-09-02 11:45:02
TSLA,TSLA260918C00220000,TSLA,2026-09-18,C,220.0,132.75,154.0,137.1,81.0,0.0,662.0,0.0,0.996,0.0002,0.009,-0.0064,0.1074,135.0506,0.0,0.0,0.0,0.0,up,141.33,2026-08-31T10:09:32,0.0,136.424995422363,354.53,2026-09-02 15:44:18,2026-09-02 11:45:02
TSLA,TSLA260918C00225000,TSLA,2026-09-18,C,225.0,127.55,41.0,132.55,36.0,0.838,2.0,0.0,0.9954,0.0002,0.0101,-0.0087,0.1098,130.0698,0.0,0.0,0.0,0.0,no_change,120.5,2026-08-26T12:35:42,0.0,131.800003051758,354.53,2026-09-02 15:44:18,2026-09-02 11:45:02
TSLA,TSLA260918C00230000,TSLA,2026-09-18,C,230.0,122.8,127.0,127.15,83.0,0.0,213.0,0.0,0.9949,0.0002,0.0112,-0.0111,0.1122,125.0901,0.0,0.0,0.0,0.0,down,129.58,2026-09-01T11:25:23,0.0,126.625,354.53,2026-09-02 15:44:18,2026-09-02 11:45:02
TSLA,TSLA260918C00235000,TSLA,2026-09-18,C,235.0,117.35,39.0,123.25,39.0,0.9107,29.0,0.0,0.9942,0.0003,0.0125,-0.0138,0.1145,120.1116,0.0,0.0,0.0,0.0,up,97.5,2026-08-10T12:05:41,0.0,122.300003051758,354.53,2026-09-02 15:44:18,2026-09-02 11:45:02
TSLA,TSLA260918C00240000,TSLA,2026-09-18,C,240.0,112.85,160.0,118.05,81.0,0.9195,508.0,0.0,0.9934,0.0003,0.014,-0.0166,0.1168,115.1345,0.0,0.0,0.0,0.0,down,116.1,2026-09-01T15:43:27,0.0,116.799999237061,354.53,2026-09-02 15:44:18,2026-09-02 11:45:02
TSLA,TSLA260918C00245000,TSLA,2026-09-18,C,245.0,107.5,38.0,113.3,34.0,0.8573,22.0,0.0,0.9925,0.0004,0.0156,-0.0197,0.1191,110.159,0.0,0.0,0.0,0.0,up,120.5,2026-08-31T12:43:46,0.0,111.800003051758,354.53,2026-09-02 15:44:18,2026-09-02 11:45:02
TSLA,TSLA260918C00250000,TSLA,2026-09-18,C,250.0,104.25,105.0,107.1,97.0,0.8885,666.0,0.0,0.9915,0.0004,0.0176,-0.023,0.1214,105.1854,0.0,0.0,0.0,0.0,up,107.9,2026-09-01T15:21:38,0.0,106.775001525879,354.53,2026-09-02 15:44:18,2026-09-02 11:45:02
TSLA,TSLA260918C00255000,TSLA,2026-09-18,C,255.0,97.55,56.0,102.65,45.0,0.6103,81.0,0.0,0.9902,0.0005,0.0198,-0.0267,0.1236,100.2142,0.0,0.0,0.0,0.0,down,101.1,2026-09-01T14:20:28,0.0,101.275001525879,354.53,2026-09-02 15:44:18,2026-09-02 11:45:02
TSLA,TSLA260918C00260000,TSLA,2026-09-18,C,260.0,92.65,148.0,97.45,78.0,0.0,481.0,0.0,0.9888,0.0006,0.0223,-0.0306,0.1258,95.2457,0.0,0.0,0.0,0.0,up,104.9,2026-08-31T11:40:02,0.0,96.8250007629394,354.53,2026-09-02 15:44:18,2026-09-02 11:45:02
TSLA,TSLA260918C00265000,TSLA,2026-09-18,C,265.0,88.95,63.0,92.3,62.0,0.743,35.0,1.0,0.9871,0.0007,0.0252,-0.035,0.128,90.2806,-4.75,87.0,87.0,87.0,down,87.0,2026-09-02T10:02:00,-5.17711,91.75,354.53,2026-09-02 15:44:18,2026-09-02 11:45:02
TSLA,TSLA260918C00270000,TSLA,2026-09-18,C,270.0,83.9,102.0,87.1,96.0,0.6705,599.0,0.0,0.985,0.0008,0.0286,-0.0399,0.1301,85.3199,0.0,0.0,0.0,0.0,down,89.5,2026-09-01T12:16:29,0.0,86.6500015258789,354.53,2026-09-02 15:44:18,2026-09-02 11:45:02
TSLA,TSLA260918C00275000,TSLA,2026-09-18,C,275.0,78.5,112.0,81.75,88.0,0.4636,115.0,0.0,0.9826,0.001,0.0326,-0.0454,0.1321,80.365,0.0,0.0,0.0,0.0,down,78.7,2026-08-31T09:33:02,0.0,81.4500007629394,354.53,2026-09-02 15:44:18,2026-09-02 11:45:02
TSLA,TSLA260918C00280000,TSLA,2026-09-18,C,280.0,73.45,113.0,77.5,73.0,0.5824,571.0,4.0,0.9795,0.0012,0.0375,-0.0518,0.134,75.4178,-1.125,76.55,76.55,72.49,down,75.4,2026-09-02T11:21:45,-1.47011,76.5250015258789,354.53,2026-09-02 15:44:18,2026-09-02 11:45:02
TSLA,TSLA260918C00285000,TSLA,2026-09-18,C,285.0,69.15,112.0,72.4,81.0,0.6024,112.0,0.0,0.9757,0.0014,0.0433,-0.0593,0.1358,70.4818,0.0,0.0,0.0,0.0,up,72.12,2026-09-01T15:17:07,0.0,71.8000030517578,354.53,2026-09-02 15:44:18,2026-09-02 11:45:02
TSLA,TSLA260918C00290000,TSLA,2026-09-18,C,290.0,64.5,98.0,66.5,81.0,0.509,889.0,4.0,0.9708,0.0017,0.0505,-0.0683,0.1374,65.5618,-1.46,66.74,66.74,62.58,down,65.49,2026-09-02T11:21:45,-2.18073,66.9500007629394,354.53,2026-09-02 15:44:18,2026-09-02 11:45:02
TSLA,TSLA260918C00295000,TSLA,2026-09-18,C,295.0,59.65,104.0,61.25,45.0,0.459,112.0,0.0,0.9643,0.0021,0.0596,-0.0796,0.1387,60.6655,0.0,0.0,0.0,0.0,up,62.28,2026-09-01T15:17:07,0.0,62.4500007629394,354.53,2026-09-02 15:44:18,2026-09-02 11:45:02
TSLA,TSLA260918C00300000,TSLA,2026-09-18,C,300.0,55.55,36.0,56.35,116.0,0.5036,2510.0,52.0,0.9557,0.0026,0.0709,-0.0937,0.1396,55.8037,-0.925,54.07,57.55,52.25,up,56.45,2026-09-02T11:24:51,-1.6122,57.375,354.53,2026-09-02 15:44:18,2026-09-02 11:45:02
TSLA,TSLA260918C00305000,TSLA,2026-09-18,C,305.0,50.75,36.0,51.3,41.0,0.4713,1159.0,13.0,0.9442,0.0032,0.0852,-0.1113,0.14,50.992,-4.05,49.45,49.45,47.5,down,48.65,2026-09-02T10:57:30,-7.68501,52.7000007629394,354.53,2026-09-02 15:44:18,2026-09-02 11:45:02
TSLA,TSLA260918C00310000,TSLA,2026-09-18,C,310.0,46.0,54.0,46.5,69.0,0.4534,3187.0,31.0,0.9288,0.004,0.1029,-0.1331,0.1396,46.2506,-1.01,48.15,48.15,42.25,up,47.04,2026-09-02T11:25:10,-2.10198,48.0500011444092,354.53,2026-09-02 15:44:18,2026-09-02 11:45:02
TSLA,TSLA260918C00315000,TSLA,2026-09-18,C,315.0,41.35,73.0,41.85,99.0,0.4413,2381.0,29.0,0.9085,0.005,0.124,-0.1594,0.1384,41.6061,-4.35,39.45,42.38,39.0,no_change,39.0,2026-09-02T11:03:17,-10.0346,43.3500003814697,354.53,2026-09-02 15:44:18,2026-09-02 11:45:02
TSLA,TSLA260918C00320000,TSLA,2026-09-18,C,320.0,36.85,59.0,37.35,76.0,0.4329,3255.0,14.0,0.8824,0.0061,0.1485,-0.1899,0.1361,37.0908,-2.445,33.73,37.86,33.73,up,36.33,2026-09-02T11:08:13,-6.30561,38.7749996185303,354.53,2026-09-02 15:44:18,2026-09-02 11:45:02
TSLA,TSLA260918C00322500,TSLA,2026-09-18,C,322.5,34.7,39.0,35.45,74.0,0.4395,27.0,5.0,0.8668,0.0067,0.1619,-0.2065,0.1344,34.8928,-4.0,36.42,36.42,31.5,up,32.5,2026-09-02T10:58:24,-10.9589,36.5,354.53,2026-09-02 15:44:18,2026-09-02 11:45:02
TSLA,TSLA260918C00325000,TSLA,2026-09-18,C,325.0,32.55,50.0,32.95,71.0,0.4251,5124.0,16.0,0.8495,0.0073,0.1757,-0.2238,0.1325,32.7418,-4.2,30.35,33.46,30.2,down,30.2,2026-09-02T10:58:45,-12.2093,34.3999996185303,354.53,2026-09-02 15:44:18,2026-09-02 11:45:02
TSLA,TSLA260918C00327500,TSLA,2026-09-18,C,327.5,30.4,52.0,31.2,115.0,0.4298,9.0,7.0,0.8303,0.008,0.1899,-0.2415,0.1301,30.6422,-4.0,27.38,28.2,27.38,up,28.2,2026-09-02T10:58:39,-12.4224,32.1999998092651,354.53,2026-09-02 15:44:18,2026-09-02 11:45:02
TSLA,TSLA260918C00330000,TSLA,2026-09-18,C,330.0,28.35,109.0,28.85,100.0,0.4187,5094.0,265.0,0.8094,0.0087,0.2042,-0.2594,0.1275,28.6002,-0.98,33.05,33.05,25.35,up,29.17,2026-09-02T11:23:35,-3.25041,30.1499996185303,354.53,2026-09-02 15:44:18,2026-09-02 11:45:02
TSLA,TSLA260918C00332500,TSLA,2026-09-18,C,332.5,26.4,51.0,27.15,100.0,0.4234,16.0,10.0,0.7866,0.0093,0.2182,-0.2771,0.1245,26.6203,-4.2,28.75,28.75,23.6,no_change,23.6,2026-09-02T10:02:28,-15.1079,27.8000001907349,354.53,2026-09-02 15:44:18,2026-09-02 11:45:02
TSLA,TSLA260918C00335000,TSLA,2026-09-18,C,335.0,24.55,78.0,24.95,169.0,0.416,2954.0,75.0,0.762,0.01,0.232,-0.2944,0.1211,24.7083,-1.45,29.0,29.0,21.7,up,24.7,2026-09-02T11:13:54,-5.54493,26.1499996185303,354.53,2026-09-02 15:44:18,2026-09-02 11:45:02
TSLA,TSLA260918C00337500,TSLA,2026-09-18,C,337.5,22.7,133.0,23.35,212.0,0.4189,177.0,18.0,0.7357,0.0106,0.245,-0.311,0.1174,22.8687,-2.675,21.25,24.0,20.15,down,21.45,2026-09-02T11:04:38,-11.0881,24.125,354.53,2026-09-02 15:44:18,2026-09-02 11:45:02
TSLA,TSLA260918C00340000,TSLA,2026-09-18,C,340.0,20.95,192.0,21.3,152.0,0.4129,4458.0,126.0,0.7079,0.0111,0.2572,-0.3263,0.1134,21.1061,-1.175,24.23,24.23,18.5,up,21.25,2026-09-02T11:28:05,-5.23969,22.4250001907349,354.53,2026-09-02 15:44:18,2026-09-02 11:45:02
TSLA,TSLA260918C00342500,TSLA,2026-09-18,C,342.5,19.3,35.0,19.55,39.0,0.4105,174.0,53.0,0.6786,0.0116,0.268,-0.3404,0.1091,19.4135,-0.95,18.1,20.09,16.75,no_change,19.85,2026-09-02T11:26:26,-4.56731,20.8000001907349,354.53,2026-09-02 15:44:18,2026-09-02 11:45:02
TSLA,TSLA260918C00345000,TSLA,2026-09-18,C,345.0,17.75,39.0,17.9,26.0,0.4088,3483.0,172.0,0.6483,0.0121,0.2775,-0.3526,0.1045,17.8166,-1.125,20.6,20.6,15.22,down,17.9,2026-09-02T11:28:32,-5.91327,19.0249996185303,354.53,2026-09-02 15:44:18,2026-09-02 11:45:02
TSLA,TSLA260918C00347500,TSLA,2026-09-18,C,347.5,16.2,63.0,16.4,45.0,0.4087,455.0,101.0,0.6171,0.0124,0.2853,-0.3629,0.0998,16.307,-0.925,15.79,16.65,14.15,up,16.55,2026-09-02T11:22:51,-5.29327,17.4749994277954,354.53,2026-09-02 15:44:18,2026-09-02 11:45:02
TSLA,TSLA260918C00350000,TSLA,2026-09-18,C,350.0,14.85,6.0,14.95,11.0,0.4072,5345.0,837.0,0.5854,0.0127,0.2913,-0.3709,0.095,14.8948,-0.75,17.7,17.7,12.8,down,15.3,2026-09-02T11:26:54,-4.6729,16.0499997138977,354.53,2026-09-02 15:44:18,2026-09-02 11:45:02
TSLA,TSLA260918C00352500,TSLA,2026-09-18,C,352.5,13.5,81.0,13.65,51.0,0.4087,480.0,683.0,0.553,0.0129,0.2955,-0.3767,0.0899,13.5535,-0.625,15.14,15.14,11.5,no_change,14.0,2026-09-02T11:27:22,-4.2735,14.625,354.53,2026-09-02 15:44:18,2026-09-02 11:45:02
TSLA,TSLA260918C00355000,TSLA,2026-09-18,C,355.0,12.3,4.0,12.35,4.0,0.4085,2884.0,1164.0,0.5208,0.013,0.2977,-0.3801,0.0849,12.3186,-0.95,14.2,14.2,10.5,no_change,12.35,2026-09-02T11:29:17,-7.14286,13.3000001907349,354.53,2026-09-02 15:44:18,2026-09-02 11:45:02
TSLA,TSLA260918C00357500,TSLA,2026-09-18,C,357.5,11.1,53.0,11.25,52.0,0.4101,924.0,648.0,0.4887,0.013,0.298,-0.3811,0.0798,11.1637,-0.55,13.6,13.6,9.3,up,11.55,2026-09-02T11:27:22,-4.54545,12.0999999046326,354.53,2026-09-02 15:44:18,2026-09-02 11:45:02
TSLA,TSLA260918C00360000,TSLA,2026-09-18,C,360.0,10.05,158.0,10.15,26.0,0.411,6904.0,4065.0,0.4567,0.0129,0.2964,-0.3797,0.0748,10.0876,-0.82,12.5,12.5,8.4,up,10.13,2026-09-02T11:29:09,-7.48858,10.9499998092651,354.53,2026-09-02 15:44:18,2026-09-02 11:45:02
TSLA,TSLA260918C00362500,TSLA,2026-09-18,C,362.5,9.05,52.0,9.2,49.0,0.4112,363.0,301.0,0.4258,0.0127,0.293,-0.3761,0.0698,9.1101,-0.425,11.05,11.15,7.55,no_change,9.45,2026-09-02T11:26:54,-4.3038,9.875,354.53,2026-09-02 15:44:18,2026-09-02 11:45:02
TSLA,TSLA260918C00365000,TSLA,2026-09-18,C,365.0,8.2,14.0,8.3,76.0,0.4125,3450.0,1462.0,0.3956,0.0124,0.288,-0.3704,0.065,8.2065,-0.72,10.3,10.3,6.75,down,8.18,2026-09-02T11:29:09,-8.08989,8.90000009536743,354.53,2026-09-02 15:44:18,2026-09-02 11:45:02
TSLA,TSLA260918C00367500,TSLA,2026-09-18,C,367.5,7.35,49.0,7.45,40.0,0.4154,733.0,206.0,0.3661,0.0121,0.2813,-0.3626,0.0601,7.3678,-0.45,8.87,8.87,6.2,down,7.55,2026-09-02T11:21:58,-5.625,8.0,354.53,2026-09-02 15:44:18,2026-09-02 11:45:02
TSLA,TSLA260918C00370000,TSLA,2026-09-18,C,370.0,6.6,202.0,6.7,72.0,0.4168,10963.0,3226.0,0.3384,0.0117,0.2736,-0.3535,0.0557,6.6233,-0.525,8.05,8.2,5.4,no_change,6.65,2026-09-02T11:29:08,-7.31707,7.17499995231628,354.53,2026-09-02 15:44:18,2026-09-02 11:45:02
TSLA,TSLA260918C00372500,TSLA,2026-09-18,C,372.5,5.9,109.0,6.0,2.0,0.418,940.0,148.0,0.3118,0.0113,0.2647,-0.3428,0.0513,5.9409,-0.475,7.2,7.3,4.95,down,5.95,2026-09-02T11:28:28,-7.393,6.42499995231628,354.53,2026-09-02 15:44:18,2026-09-02 11:45:02
TSLA,TSLA260918C00375000,TSLA,2026-09-18,C,375.0,5.3,298.0,5.4,55.0,0.4206,7251.0,591.0,0.2867,0.0108,0.2548,-0.331,0.0472,5.3244,-0.4,6.2,6.2,4.4,no_change,5.35,2026-09-02T11:28:44,-6.95652,5.75,354.53,2026-09-02 15:44:18,2026-09-02 11:45:02
TSLA,TSLA260918C00377500,TSLA,2026-09-18,C,377.5,4.75,55.0,4.85,79.0,0.4231,374.0,61.0,0.2631,0.0103,0.2445,-0.3183,0.0434,4.7683,-0.125,5.85,5.85,4.05,up,5.0,2026-09-02T11:23:16,-2.43902,5.125,354.53,2026-09-02 15:44:18,2026-09-02 11:45:02
TSLA,TSLA260918C00380000,TSLA,2026-09-18,C,380.0,4.25,53.0,4.35,94.0,0.4256,8842.0,620.0,0.241,0.0098,0.2334,-0.305,0.0397,4.2689,-0.2,5.3,5.3,3.5,no_change,4.35,2026-09-02T11:28:20,-4.3956,4.54999995231628,354.53,2026-09-02 15:44:18,2026-09-02 11:45:02
TSLA,TSLA260918C00382500,TSLA,2026-09-18,C,382.5,3.8,50.0,3.9,120.0,0.4281,913.0,47.0,0.2204,0.0092,0.2222,-0.2913,0.0364,3.8217,-0.025,4.06,4.15,3.15,up,4.05,2026-09-02T11:25:14,-0.613498,4.07500004768372,354.53,2026-09-02 15:44:18,2026-09-02 11:45:02
TSLA,TSLA260918C00385000,TSLA,2026-09-18,C,385.0,3.4,39.0,3.45,1.0,0.4296,3286.0,275.0,0.2014,0.0087,0.211,-0.2775,0.0333,3.4247,0.0,3.95,4.25,2.8,no_change,3.6,2026-09-02T11:25:21,-6.62274e-07,3.60000002384186,354.53,2026-09-02 15:44:18,2026-09-02 11:45:02
TSLA,TSLA260918C00390000,TSLA,2026-09-18,C,390.0,2.73,38.0,2.77,1.0,0.4357,11122.0,1155.0,0.1678,0.0077,0.1885,-0.25,0.0277,2.752,-0.105,3.41,3.41,2.23,down,2.78,2026-09-02T11:28:32,-3.63951,2.88499999046326,354.53,2026-09-02 15:44:18,2026-09-02 11:45:02
TSLA,TSLA260918C00395000,TSLA,2026-09-18,C,395.0,2.19,51.0,2.24,39.0,0.4426,4376.0,441.0,0.1396,0.0067,0.1669,-0.2236,0.023,2.2206,-0.045,2.68,2.68,1.84,down,2.25,2026-09-02T11:28:00,-1.96078,2.29499995708466,354.53,2026-09-02 15:44:18,2026-09-02 11:45:02
TSLA,TSLA260918C00400000,TSLA,2026-09-18,C,400.0,1.8,3.0,1.82,25.0,0.4505,23206.0,2056.0,0.1164,0.0058,0.1474,-0.1996,0.0192,1.807,-0.04,2.2,2.2,1.48,no_change,1.8,2026-09-02T11:29:16,-2.17391,1.8400000333786,354.53,2026-09-02 15:44:18,2026-09-02 11:45:02
TSLA,TSLA260918C00405000,TSLA,2026-09-18,C,405.0,1.46,42.0,1.49,4.0,0.4591,4940.0,61.0,0.0976,0.005,0.1298,-0.1781,0.0161,1.4853,0.045,1.74,1.74,1.24,down,1.54,2026-09-02T11:22:52,3.01003,1.49500000476837,354.53,2026-09-02 15:44:18,2026-09-02 11:45:02
TSLA,TSLA260918C00410000,TSLA,2026-09-18,C,410.0,1.21,40.0,1.24,11.0,0.4688,5622.0,178.0,0.0823,0.0043,0.1145,-0.1594,0.0135,1.2349,0.045,1.47,1.47,1.03,down,1.27,2026-09-02T11:20:43,3.67347,1.22500002384186,354.53,2026-09-02 15:44:18,2026-09-02 11:45:02
TSLA,TSLA260918C00415000,TSLA,2026-09-18,C,415.0,1.02,34.0,1.05,42.0,0.48,2307.0,82.0,0.0699,0.0037,0.1011,-0.1432,0.0115,1.0391,0.005,1.2,1.2,0.87,up,1.02,2026-09-02T11:10:38,0.492612,1.01499998569489,354.53,2026-09-02 15:44:18,2026-09-02 11:45:02
TSLA,TSLA260918C00420000,TSLA,2026-09-18,C,420.0,0.86,42.0,0.89,38.0,0.4904,17027.0,622.0,0.06,0.0032,0.0899,-0.1295,0.0099,0.8872,0.02,1.0,1.05,0.75,down,0.88,2026-09-02T11:28:43,2.32558,0.860000014305115,354.53,2026-09-02 15:44:18,2026-09-02 11:45:02
TSLA,TSLA260918C00425000,TSLA,2026-09-18,C,425.0,0.75,19.0,0.78,45.0,0.5032,8050.0,61.0,0.052,0.0028,0.0803,-0.1178,0.0085,0.7674,0.07,0.84,0.84,0.67,up,0.8,2026-09-02T11:17:29,9.58904,0.730000019073486,354.53,2026-09-02 15:44:18,2026-09-02 11:45:02
TSLA,TSLA260918C00430000,TSLA,2026-09-18,C,430.0,0.65,59.0,0.68,42.0,0.5155,5073.0,104.0,0.0454,0.0025,0.0721,-0.1078,0.0074,0.6705,0.025,0.69,0.72,0.58,up,0.66,2026-09-02T11:10:38,3.93701,0.634999990463257,354.53,2026-09-02 15:44:18,2026-09-02 11:45:02
TSLA,TSLA260918C00435000,TSLA,2026-09-18,C,435.0,0.58,40.0,0.61,177.0,0.5293,2655.0,69.0,0.04,0.0022,0.0651,-0.0992,0.0065,0.5925,0.055,0.59,0.61,0.52,up,0.61,2026-09-02T11:11:28,9.90991,0.555000007152557,354.53,2026-09-02 15:44:18,2026-09-02 11:45:02
TSLA,TSLA260918C00440000,TSLA,2026-09-18,C,440.0,0.52,60.0,0.55,275.0,0.5436,8344.0,78.0,0.0355,0.0019,0.059,-0.092,0.0058,0.529,0.06,0.56,0.6,0.45,no_change,0.56,2026-09-02T11:26:42,12.0,0.5,354.53,2026-09-02 15:44:18,2026-09-02 11:45:02
TSLA,TSLA260918C00445000,TSLA,2026-09-18,C,445.0,0.47,45.0,0.49,40.0,0.5564,1050.0,25.0,0.0318,0.0017,0.0539,-0.0857,0.0052,0.4767,0.025,0.43,0.48,0.43,no_change,0.48,2026-09-02T11:15:03,5.49451,0.454999998211861,354.53,2026-09-02 15:44:18,2026-09-02 11:45:02
TSLA,TSLA260918C00450000,TSLA,2026-09-18,C,450.0,0.44,1.0,0.45,134.0,0.5719,21055.0,285.0,0.0286,0.0015,0.0494,-0.08,0.0047,0.4321,0.03,0.4,0.44,0.38,no_change,0.44,2026-09-02T11:11:20,7.31707,0.409999996423721,354.53,2026-09-02 15:44:18,2026-09-02 11:45:02
TSLA,TSLA260918C00455000,TSLA,2026-09-18,C,455.0,0.39,76.0,0.41,79.0,0.584,2126.0,14.0,0.0259,0.0014,0.0454,-0.0751,0.0042,0.3943,0.03,0.35,0.41,0.35,up,0.41,2026-09-02T11:11:28,7.89474,0.379999995231628,354.53,2026-09-02 15:44:18,2026-09-02 11:45:02
TSLA,TSLA260918C00460000,TSLA,2026-09-18,C,460.0,0.36,77.0,0.38,78.0,0.5981,4600.0,108.0,0.0236,0.0012,0.0419,-0.0707,0.0038,0.3617,0.03,0.35,0.39,0.33,up,0.38,2026-09-02T11:28:04,8.57143,0.350000008940697,354.53,2026-09-02 15:44:18,2026-09-02 11:45:02
TSLA,TSLA260918C00465000,TSLA,2026-09-18,C,465.0,0.33,133.0,0.35,58.0,0.6111,1764.0,0.0,0.0215,0.0011,0.0388,-0.0668,0.0035,0.3334,0.0,0.0,0.0,0.0,down,0.32,2026-09-01T15:47:59,0.0,0.329999998211861,354.53,2026-09-02 15:44:18,2026-09-02 11:45:02
TSLA,TSLA260918C00470000,TSLA,2026-09-18,C,470.0,0.3,190.0,0.33,193.0,0.6244,5250.0,40.0,0.0198,0.001,0.0361,-0.0632,0.0032,0.3084,0.02,0.3,0.32,0.29,up,0.32,2026-09-02T11:12:38,6.66667,0.299999997019768,354.53,2026-09-02 15:44:18,2026-09-02 11:45:02
TSLA,TSLA260918C00475000,TSLA,2026-09-18,C,475.0,0.28,150.0,0.3,126.0,0.6367,4006.0,3.0,0.0182,0.0009,0.0336,-0.0599,0.0029,0.2864,0.0,0.29,0.31,0.28,down,0.28,2026-09-02T11:28:04,-4.25747e-07,0.280000001192093,354.53,2026-09-02 15:44:18,2026-09-02 11:45:02
TSLA,TSLA260918C00480000,TSLA,2026-09-18,C,480.0,0.26,209.0,0.28,150.0,0.6495,6270.0,13.0,0.0168,0.0008,0.0314,-0.0569,0.0027,0.2667,-0.01,0.28,0.28,0.24,up,0.26,2026-09-02T10:16:59,-3.7037,0.269999995827675,354.53,2026-09-02 15:44:18,2026-09-02 11:45:02
TSLA,TSLA260918C00485000,TSLA,2026-09-18,C,485.0,0.24,349.0,0.26,114.0,0.6614,2625.0,41.0,0.0155,0.0008,0.0293,-0.0542,0.0025,0.2492,0.0,0.29,0.29,0.25,no_change,0.25,2026-09-02T11:07:15,2.98023e-06,0.249999992549419,354.53,2026-09-02 15:44:18,2026-09-02 11:45:02
TSLA,TSLA260918C00490000,TSLA,2026-09-18,C,490.0,0.22,208.0,0.25,183.0,0.6743,6816.0,4.0,0.0144,0.0007,0.0275,-0.0516,0.0023,0.2333,-0.015,0.22,0.22,0.22,no_change,0.22,2026-09-02T09:45:39,-6.38298,0.234999999403954,354.53,2026-09-02 15:44:18,2026-09-02 11:45:02
TSLA,TSLA260918C00495000,TSLA,2026-09-18,C,495.0,0.21,99.0,0.23,119.0,0.6864,4114.0,12.0,0.0134,0.0007,0.0259,-0.0493,0.0022,0.2189,0.0,0.22,0.23,0.22,down,0.22,2026-09-02T11:27:59,5.4186e-07,0.219999998807907,354.53,2026-09-02 15:44:18,2026-09-02 11:45:02
TSLA,TSLA260918C00500000,TSLA,2026-09-18,C,500.0,0.2,150.0,0.21,86.0,0.6978,18889.0,52.0,0.0125,0.0006,0.0244,-0.0471,0.002,0.2057,-0.02,0.19,0.21,0.19,down,0.19,2026-09-02T10:55:05,-9.52381,0.21000000089407,354.53,2026-09-02 15:44:18,2026-09-02 11:45:02
TSLA,TSLA260918C00505000,TSLA,2026-09-18,C,505.0,0.18,232.0,0.2,49.0,0.7084,2714.0,90.0,0.0117,0.0006,0.0229,-0.045,0.0019,0.1938,0.0,0.2,0.2,0.2,no_change,0.2,2026-09-02T10:28:15,2.23517e-06,0.199999995529652,354.53,2026-09-02 15:44:18,2026-09-02 11:45:02
TSLA,TSLA260918C00510000,TSLA,2026-09-18,C,510.0,0.17,164.0,0.19,126.0,0.7206,1839.0,3.0,0.011,0.0005,0.0216,-0.0431,0.0018,0.1828,-0.01,0.18,0.18,0.18,down,0.18,2026-09-02T10:46:41,-5.26316,0.190000005066395,354.53,2026-09-02 15:44:18,2026-09-02 11:45:02
TSLA,TSLA260918C00515000,TSLA,2026-09-18,C,515.0,0.16,188.0,0.18,148.0,0.7322,1379.0,130.0,0.0103,0.0005,0.0204,-0.0413,0.0016,0.1727,0.0,0.18,0.18,0.18,no_change,0.18,2026-09-02T10:42:26,1.65568e-07,0.179999999701977,354.53,2026-09-02 15:44:18,2026-09-02 11:45:02
TSLA,TSLA260918C00520000,TSLA,2026-09-18,C,520.0,0.15,186.0,0.17,175.0,0.7432,3750.0,2.0,0.0096,0.0005,0.0193,-0.0396,0.0015,0.1634,-0.01,0.16,0.16,0.16,no_change,0.16,2026-09-02T11:17:29,-5.88235,0.170000001788139,354.53,2026-09-02 15:44:18,2026-09-02 11:45:02
TSLA,TSLA260918C00525000,TSLA,2026-09-18,C,525.0,0.14,99.0,0.16,98.0,0.7535,1419.0,1.0,0.0091,0.0004,0.0183,-0.038,0.0014,0.1549,-0.02,0.14,0.14,0.14,down,0.14,2026-09-02T11:17:43,-12.5,0.160000003874302,354.53,2026-09-02 15:44:18,2026-09-02 11:45:02
TSLA,TSLA260918C00530000,TSLA,2026-09-18,C,530.0,0.13,93.0,0.15,88.0,0.7632,1074.0,0.0,0.0086,0.0004,0.0174,-0.0365,0.0014,0.1469,0.0,0.0,0.0,0.0,down,0.14,2026-09-01T11:11:30,0.0,0.149999998509884,354.53,2026-09-02 15:44:18,2026-09-02 11:45:02
TSLA,TSLA260918C00535000,TSLA,2026-09-18,C,535.0,0.12,173.0,0.15,176.0,0.7755,804.0,14.0,0.0081,0.0004,0.0165,-0.0351,0.0013,0.1395,-0.01,0.14,0.14,0.13,down,0.13,2026-09-02T10:09:13,-7.14286,0.140000000596046,354.53,2026-09-02 15:44:18,2026-09-02 11:45:02
TSLA,TSLA260918C00540000,TSLA,2026-09-18,C,540.0,0.12,182.0,0.14,184.0,0.7874,2507.0,4.0,0.0076,0.0004,0.0157,-0.0338,0.0012,0.1326,-0.01,0.12,0.12,0.12,down,0.12,2026-09-02T11:24:55,-7.69231,0.129999998956919,354.53,2026-09-02 15:44:18,2026-09-02 11:45:02
TSLA,TSLA260918C00545000,TSLA,2026-09-18,C,545.0,0.11,78.0,0.13,98.0,0.7954,693.0,0.0,0.0072,0.0003,0.0149,-0.0325,0.0011,0.1262,0.0,0.0,0.0,0.0,no_change,0.12,2026-09-01T09:46:02,0.0,0.12499999627471,354.53,2026-09-02 15:44:18,2026-09-02 11:45:02
TSLA,TSLA260918C00550000,TSLA,2026-09-18,C,550.0,0.1,210.0,0.12,185.0,0.8025,8431.0,172.0,0.0068,0.0003,0.0142,-0.0313,0.0011,0.1202,0.005,0.11,0.12,0.11,no_change,0.12,2026-09-02T10:46:08,4.34783,0.114999998360872,354.53,2026-09-02 15:44:18,2026-09-02 11:45:02
TSLA,TSLA260918C00555000,TSLA,2026-09-18,C,555.0,0.09,198.0,0.12,167.0,0.8129,522.0,4.0,0.0065,0.0003,0.0135,-0.0301,0.001,0.1146,-0.02,0.09,0.09,0.09,down,0.09,2026-09-02T10:09:47,-18.1818,0.109999999403954,354.53,2026-09-02 15:44:18,2026-09-02 11:45:02
TSLA,TSLA260918C00560000,TSLA,2026-09-18,C,560.0,0.07,350.0,0.11,152.0,0.814,1150.0,5.0,0.0061,0.0003,0.0129,-0.029,0.001,0.1094,-0.01,0.1,0.1,0.1,down,0.1,2026-09-02T11:03:15,-9.09091,0.109999999403954,354.53,2026-09-02 15:44:18,2026-09-02 11:45:02
TSLA,TSLA260918C00565000,TSLA,2026-09-18,C,565.0,0.07,283.0,0.11,199.0,0.8279,33.0,3.0,0.0058,0.0003,0.0123,-0.028,0.0009,0.1045,-0.02,0.1,0.1,0.1,down,0.1,2026-09-02T09:32:33,-16.6667,0.120000004768372,354.53,2026-09-02 15:44:18,2026-09-02 11:45:02
TSLA,TSLA260918C00570000,TSLA,2026-09-18,C,570.0,0.06,221.0,0.1,45.0,0.8316,1750.0,0.0,0.0055,0.0002,0.0118,-0.027,0.0009,0.0998,0.0,0.0,0.0,0.0,no_change,0.12,2026-08-31T12:08:28,0.0,0.0999999977648258,354.53,2026-09-02 15:44:18,2026-09-02 11:45:02
TSLA,TSLA260918C00575000,TSLA,2026-09-18,C,575.0,0.04,98.0,0.1,51.0,0.834,87.0,0.0,0.0053,0.0002,0.0113,-0.0261,0.0008,0.0955,0.0,0.0,0.0,0.0,no_change,0.12,2026-08-31T15:15:59,0.0,0.119999997317791,354.53,2026-09-02 15:44:18,2026-09-02 11:45:02
TSLA,TSLA260918C00580000,TSLA,2026-09-18,C,580.0,0.07,110.0,0.1,111.0,0.8636,2009.0,0.0,0.005,0.0002,0.0108,-0.0252,0.0008,0.0914,0.0,0.0,0.0,0.0,down,0.09,2026-09-01T09:39:05,0.0,0.0899999998509884,354.53,2026-09-02 15:44:18,2026-09-02 11:45:02
TSLA,TSLA260918C00585000,TSLA,2026-09-18,C,585.0,0.01,218.0,0.1,55.0,0.8406,223.0,0.0,0.0048,0.0002,0.0103,-0.0244,0.0008,0.0875,0.0,0.0,0.0,0.0,down,0.08,2026-09-01T14:21:52,0.0,0.0849999990314245,354.53,2026-09-02 15:44:18,2026-09-02 11:45:02
TSLA,TSLA260918C00590000,TSLA,2026-09-18,C,590.0,0.01,195.0,0.09,54.0,0.8458,1279.0,0.0,0.0046,0.0002,0.0099,-0.0236,0.0007,0.0839,0.0,0.0,0.0,0.0,down,0.08,2026-09-01T12:26:44,0.0,0.0800000000745058,354.53,2026-09-02 15:44:18,2026-09-02 11:45:02
TSLA,TSLA260918C00595000,TSLA,2026-09-18,C,595.0,0.05,100.0,0.1,85.0,0.8918,1827.0,0.0,0.0043,0.0002,0.0095,-0.0228,0.0007,0.0805,0.0,0.0,0.0,0.0,down,0.11,2026-09-01T11:33:38,0.0,0.10500000230968,354.53,2026-09-02 15:44:18,2026-09-02 11:45:02
TSLA,TSLA260918C00600000,TSLA,2026-09-18,C,600.0,0.06,204.0,0.09,205.0,0.9045,10845.0,53.0,0.0042,0.0002,0.0091,-0.022,0.0006,0.0773,-0.01,0.07,0.07,0.07,no_change,0.07,2026-09-02T10:18:05,-12.5,0.0800000000745058,354.53,2026-09-02 15:44:18,2026-09-02 11:45:02
TSLA,TSLA260918C00605000,TSLA,2026-09-18,C,605.0,0.01,170.0,0.09,78.0,0.8828,278.0,0.0,0.004,0.0002,0.0087,-0.0214,0.0006,0.0742,0.0,0.0,0.0,0.0,no_change,0.11,2026-09-01T14:22:06,0.0,0.0800000000745058,354.53,2026-09-02 15:44:18,2026-09-02 11:45:02
TSLA,TSLA260918C00610000,TSLA,2026-09-18,C,610.0,0.05,124.0,0.09,137.0,0.9233,3209.0,0.0,0.0038,0.0002,0.0084,-0.0207,0.0006,0.0713,0.0,0.0,0.0,0.0,no_change,0.09,2026-08-31T15:38:36,0.0,0.0750000011175871,354.53,2026-09-02 15:44:18,2026-09-02 11:45:02
TSLA,TSLA260918C00615000,TSLA,2026-09-18,C,615.0,0.02,181.0,0.09,100.0,0.9147,2184.0,0.0,0.0036,0.0001,0.008,-0.02,0.0006,0.0686,0.0,0.0,0.0,0.0,down,0.08,2026-09-01T12:01:51,0.0,0.0750000011175871,354.53,2026-09-02 15:44:18,2026-09-02 11:45:02
TSLA,TSLA260918C00620000,TSLA,2026-09-18,C,620.0,0.04,80.0,0.08,90.0,0.9341,2531.0,0.0,0.0035,0.0001,0.0078,-0.0194,0.0006,0.066,0.0,0.0,0.0,0.0,up,0.13,2026-08-31T09:31:58,0.0,0.0700000021606684,354.53,2026-09-02 15:44:18,2026-09-02 11:45:02
TSLA,TSLA260918C00625000,TSLA,2026-09-18,C,625.0,0.05,87.0,0.08,162.0,0.953,90.0,10.0,0.0033,0.0001,0.0075,-0.0188,0.0005,0.0635,-0.025,0.05,0.05,0.05,down,0.05,2026-09-02T09:30:01,-33.3333,0.0750000011175871,354.53,2026-09-02 15:44:18,2026-09-02 11:45:02
TSLA,TSLA260918C00630000,TSLA,2026-09-18,C,630.0,0.05,20.0,0.06,34.0,0.9501,2668.0,222.0,0.0032,0.0001,0.0072,-0.0182,0.0005,0.0611,-0.015,0.05,0.05,0.05,no_change,0.05,2026-09-02T11:28:01,-23.0769,0.0650000013411045,354.53,2026-09-02 15:44:18,2026-09-02 11:45:02
TSLA,TSLA260918C00635000,TSLA,2026-09-18,C,635.0,0.01,161.0,0.08,72.0,0.9445,41.0,0.0,0.0031,0.0001,0.0069,-0.0177,0.0005,0.0589,0.0,0.0,0.0,0.0,no_change,0.12,2026-09-01T09:36:56,0.0,0.0599999986588955,354.53,2026-09-02 15:44:18,2026-09-02 11:45:02
TSLA,TSLA260918C00640000,TSLA,2026-09-18,C,640.0,0.02,172.0,0.08,91.0,0.9648,927.0,0.0,0.003,0.0001,0.0067,-0.0172,0.0005,0.0568,0.0,0.0,0.0,0.0,up,0.06,2026-09-01T13:24:28,0.0,0.0700000002980232,354.53,2026-09-02 15:44:18,2026-09-02 11:45:02
TSLA,TSLA260918C00650000,TSLA,2026-09-18,C,650.0,0.03,156.0,0.07,181.0,0.9873,4458.0,0.0,0.0027,0.0001,0.0062,-0.0162,0.0004,0.0528,0.0,0.0,0.0,0.0,up,0.06,2026-09-01T13:38:52,0.0,0.0599999986588955,354.53,2026-09-02 15:44:18,2026-09-02 11:45:02
TSLA,TSLA260918C00660000,TSLA,2026-09-18,C,660.0,0.01,82.0,0.06,164.0,0.9787,798.0,0.0,0.0025,0.0001,0.0058,-0.0153,0.0004,0.0492,0.0,0.0,0.0,0.0,up,0.05,2026-09-01T15:48:40,0.0,0.0400000000372529,354.53,2026-09-02 15:44:18,2026-09-02 11:45:02
TSLA,TSLA260918C00670000,TSLA,2026-09-18,C,670.0,0.03,53.0,0.07,95.0,1.031,771.0,0.0,0.0023,0.0001,0.0054,-0.0144,0.0004,0.046,0.0,0.0,0.0,0.0,no_change,0.11,2026-08-31T09:48:20,0.0,0.0400000000372529,354.53,2026-09-02 15:44:18,2026-09-02 11:45:02
TSLA,TSLA260918C00680000,TSLA,2026-09-18,C,680.0,0.01,134.0,0.07,247.0,1.0321,1110.0,0.0,0.0022,0.0001,0.005,-0.0137,0.0003,0.043,0.0,0.0,0.0,0.0,down,0.08,2026-09-01T09:30:03,0.0,0.0400000000372529,354.53,2026-09-02 15:44:18,2026-09-02 11:45:02
TSLA,TSLA260918C00690000,TSLA,2026-09-18,C,690.0,0.01,131.0,0.07,281.0,1.0527,891.0,0.0,0.002,0.0001,0.0047,-0.0129,0.0003,0.0403,0.0,0.0,0.0,0.0,down,0.03,2026-09-01T15:36:10,0.0,0.0299999993294477,354.53,2026-09-02 15:44:18,2026-09-02 11:45:02
TSLA,TSLA260918C00700000,TSLA,2026-09-18,C,700.0,0.02,140.0,0.05,162.0,1.061,7291.0,151.0,0.0019,0.0001,0.0044,-0.0123,0.0003,0.0378,-0.005,0.03,0.03,0.03,no_change,0.03,2026-09-02T11:21:56,-14.2857,0.0350000001490116,354.53,2026-09-02 15:44:18,2026-09-02 11:45:02
TSLA,TSLA260918C00710000,TSLA,2026-09-18,C,710.0,0.02,192.0,0.05,270.0,1.0807,4255.0,2.0,0.0018,0.0001,0.0042,-0.0116,0.0003,0.0355,0.0,0.04,0.04,0.03,down,0.03,2026-09-02T11:03:41,-8.69234e-07,0.0300000002607703,354.53,2026-09-02 15:44:18,2026-09-02 11:45:02
TSLA,TSLA260918C00720000,TSLA,2026-09-18,C,720.0,0.01,39.0,0.05,202.0,1.0864,616.0,0.0,0.0016,0.0001,0.0039,-0.0111,0.0002,0.0334,0.0,0.0,0.0,0.0,down,0.06,2026-09-01T10:15:52,0.0,0.0300000002607703,354.53,2026-09-02 15:44:18,2026-09-02 11:45:02
TSLA,TSLA260918C00730000,TSLA,2026-09-18,C,730.0,0.01,140.0,0.05,299.0,1.1053,929.0,1.0,0.0015,0.0001,0.0037,-0.0105,0.0002,0.0315,0.0,0.03,0.03,0.03,no_change,0.03,2026-09-02T10:08:30,-8.69234e-07,0.0300000002607703,354.53,2026-09-02 15:44:18,2026-09-02 11:45:02
TSLA,TSLA260918C00740000,TSLA,2026-09-18,C,740.0,0.01,27.0,0.05,35.0,1.1239,857.0,0.0,0.0014,0.0001,0.0034,-0.01,0.0002,0.0297,0.0,0.0,0.0,0.0,no_change,0.12,2026-08-25T12:07:52,0.0,0.0300000002607703,354.53,2026-09-02 15:44:18,2026-09-02 11:45:02
TSLA,TSLA260918C00750000,TSLA,2026-09-18,C,750.0,0.01,27.0,0.05,35.0,1.1422,6104.0,0.0,0.0014,0.0,0.0032,-0.0095,0.0002,0.028,0.0,0.0,0.0,0.0,down,0.03,2026-08-31T15:11:16,0.0,0.0149999996647239,354.53,2026-09-02 15:44:18,2026-09-02 11:45:02
TSLA,TSLA260918C00760000,TSLA,2026-09-18,C,760.0,0.01,27.0,0.05,36.0,1.1602,1106.0,0.0,0.0013,0.0,0.0031,-0.0091,0.0002,0.0265,0.0,0.0,0.0,0.0,no_change,0.03,2026-08-31T15:14:21,0.0,0.0300000002607703,354.53,2026-09-02 15:44:18,2026-09-02 11:45:02
TSLA,TSLA260918C00770000,TSLA,2026-09-18,C,770.0,0.01,76.0,0.05,145.0,1.178,382.0,5.0,0.0012,0.0,0.0029,-0.0087,0.0002,0.025,-0.01,0.03,0.03,0.02,no_change,0.02,2026-09-02T11:04:48,-33.3333,0.0300000002607703,354.53,2026-09-02 15:44:18,2026-09-02 11:45:02
TSLA,TSLA260918C00780000,TSLA,2026-09-18,C,780.0,0.01,25.0,0.05,36.0,1.1955,419.0,0.0,0.0011,0.0,0.0028,-0.0083,0.0002,0.0237,0.0,0.0,0.0,0.0,no_change,0.02,2026-09-01T10:09:48,0.0,0.0300000002607703,354.53,2026-09-02 15:44:18,2026-09-02 11:45:02
TSLA,TSLA260918C00790000,TSLA,2026-09-18,C,790.0,0.01,23.0,0.05,36.0,1.2127,595.0,0.0,0.0011,0.0,0.0026,-0.0079,0.0002,0.0225,0.0,0.0,0.0,0.0,down,0.05,2026-08-25T15:13:23,0.0,0.0300000002607703,354.53,2026-09-02 15:44:18,2026-09-02 11:45:02
TSLA,TSLA260918C00800000,TSLA,2026-09-18,C,800.0,0.01,52.0,0.04,37.0,1.2124,8896.0,0.0,0.001,0.0,0.0025,-0.0076,0.0001,0.0213,0.0,0.0,0.0,0.0,no_change,0.01,2026-09-01T14:42:09,0.0,0.0149999996647239,354.53,2026-09-02 15:44:18,2026-09-02 11:45:02
TSLA,TSLA260918C00810000,TSLA,2026-09-18,C,810.0,0.01,19.0,0.05,39.0,1.2464,945.0,0.0,0.001,0.0,0.0024,-0.0072,0.0001,0.0203,0.0,0.0,0.0,0.0,down,0.05,2026-08-28T12:51:19,0.0,0.025000000372529,354.53,2026-09-02 15:44:18,2026-09-02 11:45:02
TSLA,TSLA260918C00820000,TSLA,2026-09-18,C,820.0,0.01,21.0,0.04,39.0,1.2453,1166.0,0.0,0.0009,0.0,0.0022,-0.0069,0.0001,0.0193,0.0,0.0,0.0,0.0,no_change,0.04,2026-08-25T13:13:08,0.0,0.00999999977648258,354.53,2026-09-02 15:44:18,2026-09-02 11:45:02
TSLA,TSLA260918C00830000,TSLA,2026-09-18,C,830.0,0.01,19.0,0.05,39.0,1.2792,499.0,0.0,0.0008,0.0,0.0021,-0.0066,0.0001,0.0183,0.0,0.0,0.0,0.0,down,0.03,2026-09-01T11:12:19,0.0,0.025000000372529,354.53,2026-09-02 15:44:18,2026-09-02 11:45:02
TSLA,TSLA260918C00840000,TSLA,2026-09-18,C,840.0,0.01,19.0,0.05,90.0,1.2953,1306.0,0.0,0.0008,0.0,0.002,-0.0064,0.0001,0.0175,0.0,0.0,0.0,0.0,no_change,0.03,2026-09-01T11:12:10,0.0,0.025000000372529,354.53,2026-09-02 15:44:18,2026-09-02 11:45:02
TSLA,TSLA260918C00850000,TSLA,2026-09-18,C,850.0,0.01,21.0,0.02,20.0,1.2453,3484.0,0.0,0.0008,0.0,0.0019,-0.0061,0.0001,0.0166,0.0,0.0,0.0,0.0,no_change,0.02,2026-09-01T11:11:50,0.0,0.025000000372529,354.53,2026-09-02 15:44:18,2026-09-02 11:45:02
TSLA,TSLA260918C00860000,TSLA,2026-09-18,C,860.0,0.01,1.0,0.05,38.0,1.3267,2382.0,0.0,0.0007,0.0,0.0018,-0.0059,0.0001,0.0159,0.0,0.0,0.0,0.0,no_change,0.02,2026-09-01T10:12:38,0.0,0.025000000372529,354.53,2026-09-02 15:44:18,2026-09-02 11:45:02
TSLA,TSLA260918C00870000,TSLA,2026-09-18,C,870.0,0.01,1.0,0.04,37.0,1.3236,275.0,0.0,0.0007,0.0,0.0018,-0.0056,0.0001,0.0151,0.0,0.0,0.0,0.0,down,0.01,2026-09-01T10:12:13,0.0,0.025000000372529,354.53,2026-09-02 15:44:18,2026-09-02 11:45:02
TSLA,TSLA260918C00880000,TSLA,2026-09-18,C,880.0,0.01,2.0,0.04,38.0,1.3387,932.0,0.0,0.0007,0.0,0.0017,-0.0054,0.0001,0.0145,0.0,0.0,0.0,0.0,no_change,0.01,2026-09-01T13:04:29,0.0,0.00999999977648258,354.53,2026-09-02 15:44:18,2026-09-02 11:45:02
TSLA,TSLA260918C00890000,TSLA,2026-09-18,C,890.0,0.01,1.0,0.04,37.0,1.3535,722.0,0.0,0.0006,0.0,0.0016,-0.0052,0.0001,0.0138,0.0,0.0,0.0,0.0,down,0.03,2026-08-27T10:25:18,0.0,0.0199999995529652,354.53,2026-09-02 15:44:18,2026-09-02 11:45:02
TSLA,TSLA260918C00900000,TSLA,2026-09-18,C,900.0,0.01,4.0,0.03,43.0,1.3458,7443.0,0.0,0.0006,0.0,0.0015,-0.005,0.0001,0.0132,0.0,0.0,0.0,0.0,down,0.01,2026-09-01T13:04:21,0.0,0.00999999977648258,354.53,2026-09-02 15:44:18,2026-09-02 11:45:02
TSLA,TSLA260918C00910000,TSLA,2026-09-18,C,910.0,0.01,1.0,0.04,147.0,1.3827,632.0,60.0,0.0006,0.0,0.0015,-0.0048,0.0001,0.0126,0.015,0.02,0.02,0.02,no_change,0.02,2026-09-02T10:58:35,300.0,0.00499999988824129,354.53,2026-09-02 15:44:18,2026-09-02 11:45:02
TSLA,TSLA260918C00920000,TSLA,2026-09-18,C,920.0,0.01,1.0,0.04,185.0,1.397,1225.0,175.0,0.0006,0.0,0.0014,-0.0046,0.0001,0.0121,-0.005,0.02,0.02,0.01,no_change,0.02,2026-09-02T11:02:28,-20.0,0.025000000372529,354.53,2026-09-02 15:44:18,2026-09-02 11:45:02
TSLA,TSLA260918C00930000,TSLA,2026-09-18,C,930.0,0.01,7.0,0.02,25.0,1.3601,1190.0,89.0,0.0005,0.0,0.0013,-0.0045,0.0001,0.0116,0.015,0.01,0.02,0.01,no_change,0.02,2026-09-02T11:02:37,300.0,0.00499999988824129,354.53,2026-09-02 15:44:18,2026-09-02 11:45:02
TSLA,TSLA260918C00940000,TSLA,2026-09-18,C,940.0,0.0,0.0,0.01,10.0,1.2783,10358.0,0.0,0.0005,0.0,0.0013,-0.0043,0.0001,0.0111,0.0,0.0,0.0,0.0,down,0.01,2026-09-01T09:33:14,0.0,0.00499999988824129,354.53,2026-09-02 15:44:18,2026-09-02 11:45:02
TSLA,TSLA260918C00950000,TSLA,2026-09-18,C,950.0,0.0,0.0,0.01,1.0,1.2909,323.0,0.0,0.0005,0.0,0.0012,-0.0042,0.0001,0.0107,0.0,0.0,0.0,0.0,no_change,0.05,2026-08-26T13:46:01,0.0,0.0149999996647239,354.53,2026-09-02 15:44:18,2026-09-02 11:45:02
TSLA,TSLA260918C00960000,TSLA,2026-09-18,C,960.0,0.0,0.0,0.01,15.0,1.3034,1361.0,0.0,0.0005,0.0,0.0012,-0.004,0.0001,0.0102,0.0,0.0,0.0,0.0,up,0.02,2026-08-27T15:29:01,0.0,0.0149999996647239,354.53,2026-09-02 15:44:18,2026-09-02 11:45:02
TSLA,TSLA260918C00970000,TSLA,2026-09-18,C,970.0,0.0,0.0,0.01,16.0,1.3157,2339.0,0.0,0.0004,0.0,0.0011,-0.0039,0.0001,0.0098,0.0,0.0,0.0,0.0,no_change,0.01,2026-08-31T11:53:30,0.0,0.0149999996647239,354.53,2026-09-02 15:44:18,2026-09-02 11:45:02
TSLA,TSLA260918C00980000,TSLA,2026-09-18,C,980.0,0.0,0.0,0.01,10.0,1.328,6794.0,0.0,0.0004,0.0,0.0011,-0.0037,0.0001,0.0094,0.0,0.0,0.0,0.0,down,0.01,2026-08-21T13:48:30,0.0,0.00499999988824129,354.53,2026-09-02 15:44:18,2026-09-02 11:45:02
TSLA,TSLA260918C00990000,TSLA,2026-09-18,C,990.0,0.0,0.0,0.01,80.0,1.34,43117.0,0.0,0.0004,0.0,0.001,-0.0036,0.0001,0.0091,0.0,0.0,0.0,0.0,no_change,0.01,2026-09-01T13:20:12,0.0,0.00499999988824129,354.53,2026-09-02 15:44:18,2026-09-02 11:45:02
TSLA,TSLA260918P00005000,TSLA,2026-09-18,P,5.0,0.0,0.0,0.01,1000.0,6.1112,1212.0,0.0,0.0,0.0,0.0,-0.0005,0.0,0.0011,0.0,0.0,0.0,0.0,down,0.01,2026-09-01T12:48:42,0.0,0.00499999988824129,354.53,2026-09-02 15:44:18,2026-09-02 11:45:02
TSLA,TSLA260918P00010000,TSLA,2026-09-18,P,10.0,0.0,0.0,0.01,1000.0,5.036,911.0,0.0,0.0,0.0,0.0001,-0.0007,0.0,0.0016,0.0,0.0,0.0,0.0,down,0.01,2026-06-30T13:33:19,0.0,0.00499999988824129,354.53,2026-09-02 15:44:18,2026-09-02 11:45:02
TSLA,TSLA260918P00015000,TSLA,2026-09-18,P,15.0,0.0,0.0,0.01,1000.0,4.4301,811.0,0.0,0.0,0.0,0.0001,-0.0008,0.0,0.002,0.0,0.0,0.0,0.0,no_change,0.01,2026-08-19T09:32:05,0.0,0.00499999988824129,354.53,2026-09-02 15:44:18,2026-09-02 11:45:02
TSLA,TSLA260918P00020000,TSLA,2026-09-18,P,20.0,0.0,0.0,0.01,1000.0,4.0093,2874.0,0.0,0.0,0.0,0.0001,-0.001,0.0,0.0024,0.0,0.0,0.0,0.0,no_change,0.01,2026-07-24T15:41:35,0.0,0.00499999988824129,354.53,2026-09-02 15:44:18,2026-09-02 11:45:02
TSLA,TSLA260918P00025000,TSLA,2026-09-18,P,25.0,0.0,0.0,0.01,1000.0,3.6875,5082.0,0.0,0.0,0.0,0.0001,-0.0011,0.0,0.0028,0.0,0.0,0.0,0.0,down,0.01,2026-07-23T15:38:09,0.0,0.00499999988824129,354.53,2026-09-02 15:44:18,2026-09-02 11:45:02
TSLA,TSLA260918P00030000,TSLA,2026-09-18,P,30.0,0.0,0.0,0.01,994.0,3.4274,870.0,0.0,0.0,0.0,0.0001,-0.0013,0.0,0.0032,0.0,0.0,0.0,0.0,no_change,0.01,2026-08-24T11:43:15,0.0,0.00499999988824129,354.53,2026-09-02 15:44:18,2026-09-02 11:45:02
TSLA,TSLA260918P00035000,TSLA,2026-09-18,P,35.0,0.0,0.0,0.01,996.0,3.2094,1515.0,0.0,-0.0001,0.0,0.0002,-0.0014,0.0,0.0036,0.0,0.0,0.0,0.0,no_change,0.01,2026-08-24T12:50:18,0.0,0.00499999988824129,354.53,2026-09-02 15:44:18,2026-09-02 11:45:02
TSLA,TSLA260918P00040000,TSLA,2026-09-18,P,40.0,0.0,0.0,0.01,1000.0,3.0217,864.0,0.0,-0.0001,0.0,0.0002,-0.0016,0.0,0.004,0.0,0.0,0.0,0.0,no_change,0.01,2026-08-11T13:07:00,0.0,0.00499999988824129,354.53,2026-09-02 15:44:18,2026-09-02 11:45:02
TSLA,TSLA260918P00045000,TSLA,2026-09-18,P,45.0,0.0,0.0,0.03,23.0,3.0935,417.0,0.0,-0.0001,0.0,0.0002,-0.0018,0.0,0.0045,0.0,0.0,0.0,0.0,no_change,0.02,2026-07-28T15:03:27,0.0,0.0149999996647239,354.53,2026-09-02 15:44:18,2026-09-02 11:45:02
TSLA,TSLA260918P00050000,TSLA,2026-09-18,P,50.0,0.0,0.0,0.01,19.0,2.7107,1469.0,0.0,-0.0001,0.0,0.0003,-0.0019,0.0,0.0049,0.0,0.0,0.0,0.0,no_change,0.01,2026-08-24T15:05:30,0.0,0.025000000372529,354.53,2026-09-02 15:44:18,2026-09-02 11:45:02
TSLA,TSLA260918P00060000,TSLA,2026-09-18,P,60.0,0.0,0.0,0.01,22.0,2.4586,1209.0,0.0,-0.0001,0.0,0.0004,-0.0023,0.0,0.006,0.0,0.0,0.0,0.0,no_change,0.01,2026-08-19T10:38:02,0.0,0.0149999996647239,354.53,2026-09-02 15:44:18,2026-09-02 11:45:02
TSLA,TSLA260918P00070000,TSLA,2026-09-18,P,70.0,0.0,0.0,0.01,22.0,2.2468,686.0,0.0,-0.0002,0.0,0.0004,-0.0027,0.0,0.0071,0.0,0.0,0.0,0.0,no_change,0.01,2026-08-25T13:00:37,0.0,0.0149999996647239,354.53,2026-09-02 15:44:18,2026-09-02 11:45:02
TSLA,TSLA260918P00080000,TSLA,2026-09-18,P,80.0,0.0,0.0,0.01,22.0,2.0642,677.0,0.0,-0.0002,0.0,0.0006,-0.0031,0.0,0.0084,0.0,0.0,0.0,0.0,no_change,0.01,2026-08-24T13:00:00,0.0,0.0149999996647239,354.53,2026-09-02 15:44:18,2026-09-02 11:45:02
TSLA,TSLA260918P00090000,TSLA,2026-09-18,P,90.0,0.0,0.0,0.01,10.0,1.9037,3795.0,0.0,-0.0003,0.0,0.0007,-0.0036,0.0,0.0099,0.0,0.0,0.0,0.0,no_change,0.01,2026-08-31T15:28:20,0.0,0.0149999996647239,354.53,2026-09-02 15:44:18,2026-09-02 11:45:02
TSLA,TSLA260918P00100000,TSLA,2026-09-18,P,100.0,0.0,0.0,0.01,10.0,1.7605,5293.0,0.0,-0.0003,0.0,0.0008,-0.0041,-0.0001,0.0116,0.0,0.0,0.0,0.0,no_change,0.01,2026-08-24T12:38:40,0.0,0.00999999977648258,354.53,2026-09-02 15:44:18,2026-09-02 11:45:02
TSLA,TSLA260918P00110000,TSLA,2026-09-18,P,110.0,0.0,0.0,0.01,10.0,1.6313,650.0,0.0,-0.0004,0.0,0.001,-0.0047,-0.0001,0.0136,0.0,0.0,0.0,0.0,no_change,0.01,2026-08-31T10:20:36,0.0,0.025000000372529,354.53,2026-09-02 15:44:18,2026-09-02 11:45:02
TSLA,TSLA260918P00115000,TSLA,2026-09-18,P,115.0,0.0,0.0,0.03,29.0,1.7023,651.0,0.0,-0.0004,0.0,0.0011,-0.0051,-0.0001,0.0147,0.0,0.0,0.0,0.0,no_change,0.01,2026-08-28T10:12:18,0.0,0.0149999996647239,354.53,2026-09-02 15:44:18,2026-09-02 11:45:02
TSLA,TSLA260918P00120000,TSLA,2026-09-18,P,120.0,0.0,0.0,0.02,24.0,1.5901,2677.0,0.0,-0.0005,0.0,0.0013,-0.0054,-0.0001,0.0159,0.0,0.0,0.0,0.0,down,0.01,2026-08-31T13:54:10,0.0,0.0149999996647239,354.53,2026-09-02 15:44:18,2026-09-02 11:45:02
TSLA,TSLA260918P00125000,TSLA,2026-09-18,P,125.0,0.0,0.0,0.02,24.0,1.5323,210.0,0.0,-0.0005,0.0,0.0014,-0.0058,-0.0001,0.0172,0.0,0.0,0.0,0.0,no_change,0.01,2026-08-31T10:00:54,0.0,0.00999999977648258,354.53,2026-09-02 15:44:18,2026-09-02 11:45:02
TSLA,TSLA260918P00130000,TSLA,2026-09-18,P,130.0,0.0,0.0,0.02,192.0,1.4767,2043.0,5.0,-0.0006,0.0,0.0015,-0.0062,-0.0001,0.0186,-0.005,0.01,0.01,0.01,no_change,0.01,2026-09-02T09:58:55,-33.3333,0.0149999996647239,354.53,2026-09-02 15:44:18,2026-09-02 11:45:02
TSLA,TSLA260918P00135000,TSLA,2026-09-18,P,135.0,0.01,25.0,0.02,192.0,1.4682,518.0,2.0,-0.0007,0.0,0.0017,-0.0066,-0.0001,0.0201,0.015,0.03,0.03,0.03,up,0.03,2026-09-02T09:45:19,100.0,0.0149999996647239,354.53,2026-09-02 15:44:18,2026-09-02 11:45:02
TSLA,TSLA260918P00140000,TSLA,2026-09-18,P,140.0,0.01,278.0,0.02,662.0,1.4152,3306.0,50.0,-0.0007,0.0,0.0019,-0.0071,-0.0001,0.0218,-0.005,0.01,0.01,0.01,down,0.01,2026-09-02T09:33:48,-33.3333,0.0149999996647239,354.53,2026-09-02 15:44:18,2026-09-02 11:45:02
TSLA,TSLA260918P00145000,TSLA,2026-09-18,P,145.0,0.01,1.0,0.05,36.0,1.445,229.0,0.0,-0.0008,0.0,0.002,-0.0076,-0.0001,0.0236,0.0,0.0,0.0,0.0,down,0.04,2026-08-27T11:17:25,0.0,0.025000000372529,354.53,2026-09-02 15:44:18,2026-09-02 11:45:02
TSLA,TSLA260918P00150000,TSLA,2026-09-18,P,150.0,0.01,4.0,0.03,34.0,1.3457,4078.0,0.0,-0.0009,0.0,0.0022,-0.0081,-0.0002,0.0255,0.0,0.0,0.0,0.0,up,0.02,2026-08-31T10:36:59,0.0,0.0300000002607703,354.53,2026-09-02 15:44:18,2026-09-02 11:45:02
TSLA,TSLA260918P00155000,TSLA,2026-09-18,P,155.0,0.01,29.0,0.05,33.0,1.3424,295.0,2.0,-0.001,0.0,0.0025,-0.0087,-0.0002,0.0277,-0.02,0.05,0.05,0.01,down,0.01,2026-09-02T10:05:53,-66.6667,0.0300000002607703,354.53,2026-09-02 15:44:18,2026-09-02 11:45:02
TSLA,TSLA260918P00160000,TSLA,2026-09-18,P,160.0,0.01,31.0,0.03,6.0,1.2495,407.0,0.0,-0.0011,0.0,0.0027,-0.0093,-0.0002,0.03,0.0,0.0,0.0,0.0,no_change,0.05,2026-08-25T14:00:06,0.0,0.0300000002607703,354.53,2026-09-02 15:44:18,2026-09-02 11:45:02
TSLA,TSLA260918P00165000,TSLA,2026-09-18,P,165.0,0.01,31.0,0.05,35.0,1.2462,581.0,0.0,-0.0012,0.0,0.003,-0.01,-0.0002,0.0325,0.0,0.0,0.0,0.0,up,0.04,2026-09-01T14:43:13,0.0,0.0350000001490116,354.53,2026-09-02 15:44:18,2026-09-02 11:45:02
TSLA,TSLA260918P00170000,TSLA,2026-09-18,P,170.0,0.02,33.0,0.04,33.0,1.2003,6403.0,0.0,-0.0014,0.0,0.0033,-0.0107,-0.0002,0.0353,0.0,0.0,0.0,0.0,down,0.03,2026-08-31T15:46:12,0.0,0.0350000001490116,354.53,2026-09-02 15:44:18,2026-09-02 11:45:02
TSLA,TSLA260918P00175000,TSLA,2026-09-18,P,175.0,0.01,51.0,0.05,54.0,1.1557,1775.0,0.0,-0.0015,0.0001,0.0036,-0.0115,-0.0003,0.0383,0.0,0.0,0.0,0.0,no_change,0.05,2026-08-27T14:32:19,0.0,0.0300000002607703,354.53,2026-09-02 15:44:18,2026-09-02 11:45:02
TSLA,TSLA260918P00180000,TSLA,2026-09-18,P,180.0,0.02,92.0,0.05,58.0,1.1278,5130.0,12.0,-0.0017,0.0001,0.004,-0.0123,-0.0003,0.0416,0.0,0.04,0.05,0.04,no_change,0.05,2026-09-02T10:54:45,2.23517e-06,0.0499999988824129,354.53,2026-09-02 15:44:18,2026-09-02 11:45:02
TSLA,TSLA260918P00185000,TSLA,2026-09-18,P,185.0,0.02,44.0,0.07,72.0,1.1108,2324.0,0.0,-0.0019,0.0001,0.0044,-0.0132,-0.0003,0.0453,0.0,0.0,0.0,0.0,up,0.04,2026-09-01T09:45:48,0.0,0.0499999988824129,354.53,2026-09-02 15:44:18,2026-09-02 11:45:02
TSLA,TSLA260918P00190000,TSLA,2026-09-18,P,190.0,0.03,102.0,0.06,53.0,1.0682,9018.0,3.0,-0.0021,0.0001,0.0049,-0.0142,-0.0004,0.0493,-0.005,0.05,0.05,0.05,down,0.05,2026-09-02T10:15:56,-9.09091,0.0549999987706542,354.53,2026-09-02 15:44:18,2026-09-02 11:45:02
TSLA,TSLA260918P00195000,TSLA,2026-09-18,P,195.0,0.04,49.0,0.08,69.0,1.0562,677.0,0.0,-0.0023,0.0001,0.0054,-0.0152,-0.0004,0.0538,0.0,0.0,0.0,0.0,no_change,0.04,2026-08-31T12:14:33,0.0,0.0600000014528632,354.53,2026-09-02 15:44:18,2026-09-02 11:45:02
TSLA,TSLA260918P00200000,TSLA,2026-09-18,P,200.0,0.05,100.0,0.08,162.0,1.0229,18196.0,7.0,-0.0026,0.0001,0.006,-0.0164,-0.0004,0.0587,-0.02,0.06,0.08,0.05,down,0.05,2026-09-02T11:12:48,-28.5714,0.0699999984353781,354.53,2026-09-02 15:44:18,2026-09-02 11:45:02
TSLA,TSLA260918P00205000,TSLA,2026-09-18,P,205.0,0.05,40.0,0.07,15.0,0.9741,189.0,12.0,-0.0029,0.0001,0.0066,-0.0176,-0.0005,0.0642,-0.025,0.09,0.09,0.05,down,0.05,2026-09-02T11:12:06,-33.3333,0.0750000011175871,354.53,2026-09-02 15:44:18,2026-09-02 11:45:02
TSLA,TSLA260918P00210000,TSLA,2026-09-18,P,210.0,0.04,86.0,0.08,20.0,0.9345,1713.0,0.0,-0.0033,0.0001,0.0073,-0.0189,-0.0006,0.0703,0.0,0.0,0.0,0.0,up,0.07,2026-09-01T15:55:44,0.0,0.0750000011175871,354.53,2026-09-02 15:44:18,2026-09-02 11:45:02
TSLA,TSLA260918P00215000,TSLA,2026-09-18,P,215.0,0.05,32.0,0.09,20.0,0.9101,1539.0,0.0,-0.0036,0.0002,0.0081,-0.0204,-0.0006,0.077,0.0,0.0,0.0,0.0,up,0.09,2026-09-01T15:55:39,0.0,0.0999999977648258,354.53,2026-09-02 15:44:18,2026-09-02 11:45:02
TSLA,TSLA260918P00220000,TSLA,2026-09-18,P,220.0,0.08,38.0,0.1,29.0,0.8956,1815.0,15.0,-0.0041,0.0002,0.009,-0.022,-0.0007,0.0846,-0.005,0.1,0.1,0.09,down,0.09,2026-09-02T10:20:47,-5.26316,0.0949999988079071,354.53,2026-09-02 15:44:18,2026-09-02 11:45:02
TSLA,TSLA260918P00225000,TSLA,2026-09-18,P,225.0,0.08,31.0,0.11,20.0,0.8622,444.0,11.0,-0.0046,0.0002,0.0101,-0.0237,-0.0008,0.093,-0.02,0.11,0.12,0.08,down,0.08,2026-09-02T10:58:18,-20.0,0.100000001490116,354.53,2026-09-02 15:44:18,2026-09-02 11:45:02
TSLA,TSLA260918P00230000,TSLA,2026-09-18,P,230.0,0.1,53.0,0.12,34.0,0.8381,1481.0,7.0,-0.0052,0.0002,0.0112,-0.0256,-0.0009,0.1026,0.0,0.12,0.12,0.1,up,0.11,2026-09-02T10:44:51,5.4186e-07,0.109999999403954,354.53,2026-09-02 15:44:18,2026-09-02 11:45:02
TSLA,TSLA260918P00235000,TSLA,2026-09-18,P,235.0,0.11,48.0,0.13,30.0,0.8085,2207.0,20.0,-0.0059,0.0003,0.0125,-0.0277,-0.001,0.1133,0.01,0.13,0.15,0.1,up,0.13,2026-09-02T11:12:06,8.33334,0.119999997317791,354.53,2026-09-02 15:44:18,2026-09-02 11:45:02
TSLA,TSLA260918P00240000,TSLA,2026-09-18,P,240.0,0.12,89.0,0.14,45.0,0.7785,3209.0,14.0,-0.0067,0.0003,0.014,-0.03,-0.0011,0.1254,0.0,0.16,0.16,0.13,up,0.14,2026-09-02T10:45:21,-4.25747e-07,0.140000000596046,354.53,2026-09-02 15:44:18,2026-09-02 11:45:02
TSLA,TSLA260918P00245000,TSLA,2026-09-18,P,245.0,0.14,45.0,0.16,158.0,0.7547,389.0,16.0,-0.0076,0.0004,0.0157,-0.0325,-0.0013,0.1391,0.015,0.15,0.17,0.15,up,0.17,2026-09-02T10:29:18,9.67742,0.155000001192093,354.53,2026-09-02 15:44:18,2026-09-02 11:45:02
TSLA,TSLA260918P00250000,TSLA,2026-09-18,P,250.0,0.15,82.0,0.17,113.0,0.7236,10008.0,48.0,-0.0086,0.0004,0.0176,-0.0352,-0.0014,0.1548,-0.01,0.18,0.18,0.15,no_change,0.16,2026-09-02T11:24:00,-5.88235,0.170000001788139,354.53,2026-09-02 15:44:18,2026-09-02 11:45:02
TSLA,TSLA260918P00255000,TSLA,2026-09-18,P,255.0,0.17,71.0,0.19,120.0,0.6976,584.0,4.0,-0.0098,0.0005,0.0198,-0.0383,-0.0016,0.1729,-0.03,0.19,0.19,0.16,down,0.16,2026-09-02T11:12:53,-15.7895,0.190000005066395,354.53,2026-09-02 15:44:18,2026-09-02 11:45:02
TSLA,TSLA260918P00260000,TSLA,2026-09-18,P,260.0,0.19,152.0,0.21,185.0,0.6706,7336.0,27.0,-0.0113,0.0006,0.0223,-0.0417,-0.0019,0.1937,-0.02,0.22,0.22,0.19,no_change,0.19,2026-09-02T11:22:26,-9.52381,0.21000000089407,354.53,2026-09-02 15:44:18,2026-09-02 11:45:02
TSLA,TSLA260918P00265000,TSLA,2026-09-18,P,265.0,0.21,89.0,0.23,101.0,0.6427,1477.0,27.0,-0.013,0.0007,0.0253,-0.0455,-0.0022,0.2178,-0.02,0.24,0.24,0.21,up,0.22,2026-09-02T11:27:45,-8.33333,0.240000002086163,354.53,2026-09-02 15:44:18,2026-09-02 11:45:02
TSLA,TSLA260918P00270000,TSLA,2026-09-18,P,270.0,0.23,150.0,0.25,142.0,0.614,5389.0,82.0,-0.0151,0.0008,0.0287,-0.0499,-0.0025,0.2466,-0.015,0.25,0.25,0.23,up,0.25,2026-09-02T11:12:53,-5.66038,0.265000000596046,354.53,2026-09-02 15:44:18,2026-09-02 11:45:02
TSLA,TSLA260918P00275000,TSLA,2026-09-18,P,275.0,0.26,227.0,0.29,152.0,0.5896,1223.0,5.0,-0.0175,0.001,0.0326,-0.0548,-0.0029,0.2809,-0.01,0.31,0.31,0.28,no_change,0.29,2026-09-02T10:27:32,-3.33333,0.299999997019768,354.53,2026-09-02 15:44:18,2026-09-02 11:45:02
TSLA,TSLA260918P00280000,TSLA,2026-09-18,P,280.0,0.3,164.0,0.33,141.0,0.5651,8690.0,63.0,-0.0206,0.0012,0.0377,-0.0606,-0.0034,0.323,-0.005,0.31,0.38,0.3,up,0.34,2026-09-02T10:57:50,-1.44928,0.344999998807907,354.53,2026-09-02 15:44:18,2026-09-02 11:45:02
TSLA,TSLA260918P00285000,TSLA,2026-09-18,P,285.0,0.36,112.0,0.38,93.0,0.5413,2274.0,3.0,-0.0245,0.0014,0.0434,-0.0676,-0.004,0.3767,-0.02,0.44,0.44,0.38,no_change,0.38,2026-09-02T11:15:34,-5.0,0.399999991059303,354.53,2026-09-02 15:44:18,2026-09-02 11:45:02
TSLA,TSLA260918P00290000,TSLA,2026-09-18,P,290.0,0.43,359.0,0.46,183.0,0.5221,13956.0,3.0,-0.0294,0.0017,0.0505,-0.0762,-0.0049,0.4459,0.0,0.43,0.47,0.42,up,0.47,2026-09-02T11:04:38,2.53637e-07,0.469999998807907,354.53,2026-09-02 15:44:18,2026-09-02 11:45:02
TSLA,TSLA260918P00295000,TSLA,2026-09-18,P,295.0,0.52,228.0,0.55,131.0,0.5011,8106.0,766.0,-0.0359,0.0021,0.0598,-0.0869,-0.0059,0.5397,-0.005,0.62,0.7,0.52,down,0.56,2026-09-02T11:08:33,-0.884955,0.564999997615814,354.53,2026-09-02 15:44:18,2026-09-02 11:45:02
TSLA,TSLA260918P00300000,TSLA,2026-09-18,P,300.0,0.65,170.0,0.68,4.0,0.4831,21729.0,316.0,-0.0446,0.0026,0.0712,-0.1005,-0.0074,0.6677,-0.045,0.73,0.88,0.56,no_change,0.65,2026-09-02T11:25:05,-6.47482,0.694999992847443,354.53,2026-09-02 15:44:18,2026-09-02 11:45:02
TSLA,TSLA260918P00305000,TSLA,2026-09-18,P,305.0,0.84,92.0,0.85,1.0,0.4673,2598.0,145.0,-0.0562,0.0032,0.0854,-0.1177,-0.0092,0.8459,0.06,0.71,1.12,0.71,down,0.93,2026-09-02T11:06:04,6.89655,0.870000004768372,354.53,2026-09-02 15:44:18,2026-09-02 11:45:02
TSLA,TSLA260918P00310000,TSLA,2026-09-18,P,310.0,1.09,66.0,1.12,49.0,0.4545,9258.0,122.0,-0.0716,0.004,0.1033,-0.139,-0.0115,1.095,0.02,0.89,1.48,0.89,down,1.13,2026-09-02T11:15:33,1.8018,1.11000001430511,354.53,2026-09-02 15:44:18,2026-09-02 11:45:02
TSLA,TSLA260918P00315000,TSLA,2026-09-18,P,315.0,1.43,137.0,1.47,71.0,0.4424,3268.0,188.0,-0.092,0.005,0.1249,-0.165,-0.015,1.4422,0.03,1.28,1.93,1.28,down,1.46,2026-09-02T11:28:31,2.0979,1.43000000715256,354.53,2026-09-02 15:44:18,2026-09-02 11:45:02
TSLA,TSLA260918P00320000,TSLA,2026-09-18,P,320.0,1.91,100.0,1.95,38.0,0.433,12643.0,413.0,-0.1184,0.0061,0.1487,-0.1952,-0.0192,1.9195,0.03,1.62,2.52,1.55,down,1.9,2026-09-02T11:27:53,1.60428,1.87000000476837,354.53,2026-09-02 15:44:18,2026-09-02 11:45:02
TSLA,TSLA260918P00322500,TSLA,2026-09-18,P,322.5,2.21,44.0,2.25,44.0,0.4291,1449.0,89.0,-0.134,0.0067,0.1627,-0.2116,-0.0212,2.2167,0.51,2.12,2.93,2.12,up,2.65,2026-09-02T10:59:33,23.8318,2.13999998569489,354.53,2026-09-02 15:44:18,2026-09-02 11:45:02
TSLA,TSLA260918P00325000,TSLA,2026-09-18,P,325.0,2.55,38.0,2.6,33.0,0.4252,5114.0,223.0,-0.1515,0.0074,0.1761,-0.2288,-0.0242,2.5643,0.1,2.18,3.35,1.98,down,2.56,2026-09-02T11:17:25,4.06504,2.46000003814697,354.53,2026-09-02 15:44:18,2026-09-02 11:45:02
TSLA,TSLA260918P00327500,TSLA,2026-09-18,P,327.5,2.95,14.0,3.0,31.0,0.4223,414.0,84.0,-0.1707,0.008,0.191,-0.2462,-0.0266,2.9592,0.165,2.33,3.7,2.31,down,2.99,2026-09-02T11:18:29,5.84071,2.82499992847443,354.53,2026-09-02 15:44:18,2026-09-02 11:45:02
TSLA,TSLA260918P00330000,TSLA,2026-09-18,P,330.0,3.4,36.0,3.5,124.0,0.4202,11101.0,626.0,-0.192,0.0087,0.2047,-0.2641,-0.0304,3.418,0.05,3.0,4.45,2.67,no_change,3.3,2026-09-02T11:25:08,1.53846,3.25,354.53,2026-09-02 15:44:18,2026-09-02 11:45:02
TSLA,TSLA260918P00332500,TSLA,2026-09-18,P,332.5,3.9,99.0,4.0,102.0,0.4169,997.0,92.0,-0.2149,0.0094,0.2196,-0.2817,-0.0333,3.9349,0.4,3.1,5.0,3.1,down,4.1,2026-09-02T11:10:37,10.8108,3.70000004768372,354.53,2026-09-02 15:44:18,2026-09-02 11:45:02
TSLA,TSLA260918P00335000,TSLA,2026-09-18,P,335.0,4.5,18.0,4.6,110.0,0.4154,4444.0,436.0,-0.2397,0.01,0.2326,-0.2989,-0.0374,4.5231,0.2,3.89,5.75,3.6,down,4.45,2026-09-02T11:28:06,4.70588,4.25,354.53,2026-09-02 15:44:18,2026-09-02 11:45:02
TSLA,TSLA260918P00337500,TSLA,2026-09-18,P,337.5,5.15,50.0,5.25,87.0,0.4131,449.0,209.0,-0.2663,0.0106,0.2456,-0.3154,-0.0415,5.1862,0.15,4.5,6.55,4.05,no_change,5.0,2026-09-02T11:25:48,3.09278,4.85000014305115,354.53,2026-09-02 15:44:18,2026-09-02 11:45:02
TSLA,TSLA260918P00340000,TSLA,2026-09-18,P,340.0,5.9,10.0,6.0,51.0,0.4125,21195.0,634.0,-0.294,0.0112,0.2578,-0.3305,-0.0452,5.9155,0.2,4.88,7.5,4.7,no_change,5.7,2026-09-02T11:26:38,3.63636,5.5,354.53,2026-09-02 15:44:18,2026-09-02 11:45:02
TSLA,TSLA260918P00342500,TSLA,2026-09-18,P,342.5,6.7,45.0,6.8,73.0,0.4103,1245.0,452.0,-0.3237,0.0117,0.2683,-0.3445,-0.0503,6.7437,0.6,5.3,8.4,5.3,down,6.85,2026-09-02T11:15:32,9.6,6.25,354.53,2026-09-02 15:44:18,2026-09-02 11:45:02
TSLA,TSLA260918P00345000,TSLA,2026-09-18,P,345.0,7.6,47.0,7.7,56.0,0.4107,3453.0,615.0,-0.3539,0.0122,0.278,-0.3564,-0.0535,7.6371,0.3,6.55,9.4,6.05,down,7.4,2026-09-02T11:26:31,4.22535,7.10000014305115,354.53,2026-09-02 15:44:18,2026-09-02 11:45:02
TSLA,TSLA260918P00347500,TSLA,2026-09-18,P,347.5,8.6,35.0,8.7,45.0,0.4095,1057.0,347.0,-0.3855,0.0125,0.2855,-0.3667,-0.0588,8.6327,0.275,7.24,10.5,6.85,no_change,8.3,2026-09-02T11:26:42,3.42679,8.02500009536743,354.53,2026-09-02 15:44:18,2026-09-02 11:45:02
TSLA,TSLA260918P00350000,TSLA,2026-09-18,P,350.0,9.65,62.0,9.8,57.0,0.4091,12814.0,1135.0,-0.4177,0.0128,0.2916,-0.3746,-0.0619,9.7144,0.49,7.45,11.8,7.45,up,9.49,2026-09-02T11:25:17,5.44444,9.0,354.53,2026-09-02 15:44:18,2026-09-02 11:45:02
TSLA,TSLA260918P00352500,TSLA,2026-09-18,P,352.5,10.85,31.0,10.9,1.0,0.4094,513.0,558.0,-0.4502,0.013,0.2955,-0.3802,-0.067,10.8841,0.625,9.35,13.0,8.8,up,10.7,2026-09-02T11:28:14,6.20348,10.0749998092651,354.53,2026-09-02 15:44:18,2026-09-02 11:45:02
TSLA,TSLA260918P00355000,TSLA,2026-09-18,P,355.0,12.1,32.0,12.25,174.0,0.4102,2496.0,688.0,-0.4828,0.0131,0.2974,-0.3835,-0.0698,12.1446,0.925,10.55,14.5,9.9,up,12.2,2026-09-02T11:28:47,8.20399,11.2750000953674,354.53,2026-09-02 15:44:18,2026-09-02 11:45:02
TSLA,TSLA260918P00357500,TSLA,2026-09-18,P,357.5,13.4,78.0,13.6,44.0,0.4099,690.0,249.0,-0.5153,0.0131,0.2977,-0.3843,-0.0753,13.4942,0.8,11.7,15.67,11.1,up,13.3,2026-09-02T11:27:50,6.4,12.5,354.53,2026-09-02 15:44:18,2026-09-02 11:45:02
TSLA,TSLA260918P00360000,TSLA,2026-09-18,P,360.0,14.9,1.0,15.0,9.0,0.4121,7900.0,219.0,-0.5473,0.013,0.2952,-0.3829,-0.077,14.9293,1.08,12.2,17.5,12.15,up,14.98,2026-09-02T11:29:08,7.76978,13.9000000953674,354.53,2026-09-02 15:44:18,2026-09-02 11:45:02
TSLA,TSLA260918P00362500,TSLA,2026-09-18,P,362.5,16.35,63.0,16.6,57.0,0.4126,192.0,50.0,-0.5785,0.0128,0.2922,-0.3791,-0.0823,16.4427,2.725,13.6,18.12,13.6,up,18.05,2026-09-02T10:56:22,17.7814,15.3249998092651,354.53,2026-09-02 15:44:18,2026-09-02 11:45:02
TSLA,TSLA260918P00365000,TSLA,2026-09-18,P,365.0,17.95,53.0,18.2,45.0,0.4136,2695.0,74.0,-0.6092,0.0126,0.2867,-0.3734,-0.0851,18.0523,2.275,14.88,20.8,14.88,up,19.1,2026-09-02T11:04:50,13.5215,16.8250007629395,354.53,2026-09-02 15:44:18,2026-09-02 11:45:02
TSLA,TSLA260918P00367500,TSLA,2026-09-18,P,367.5,19.65,28.0,19.9,113.0,0.4156,206.0,35.0,-0.6387,0.0122,0.2796,-0.3655,-0.0877,19.7368,0.7,18.43,22.15,18.43,down,19.2,2026-09-02T11:27:21,3.78378,18.5,354.53,2026-09-02 15:44:18,2026-09-02 11:45:02
TSLA,TSLA260918P00370000,TSLA,2026-09-18,P,370.0,21.4,34.0,21.65,58.0,0.4175,4433.0,156.0,-0.6667,0.0119,0.2719,-0.3563,-0.0905,21.4792,1.45,17.5,24.25,17.5,up,21.6,2026-09-02T11:18:26,7.19603,20.1499996185303,354.53,2026-09-02 15:44:18,2026-09-02 11:45:02
TSLA,TSLA260918P00372500,TSLA,2026-09-18,P,372.5,23.25,2.0,23.5,95.0,0.4202,57.0,24.0,-0.6936,0.0114,0.2613,-0.3454,-0.0911,23.3062,0.85,24.75,24.75,22.75,down,22.75,2026-09-02T11:27:15,3.88128,21.8999996185303,354.53,2026-09-02 15:44:18,2026-09-02 11:45:02
TSLA,TSLA260918P00375000,TSLA,2026-09-18,P,375.0,24.85,210.0,25.35,36.0,0.4157,3494.0,27.0,-0.719,0.011,0.2524,-0.3334,-0.0942,25.1972,0.72,28.1,28.1,24.62,down,24.62,2026-09-02T11:26:48,3.01255,23.9000005722046,354.53,2026-09-02 15:44:18,2026-09-02 11:45:02
TSLA,TSLA260918P00377500,TSLA,2026-09-18,P,377.5,26.55,266.0,27.3,41.0,0.4124,76.0,8.0,-0.743,0.0105,0.2405,-0.3206,-0.0936,27.1483,1.5,24.55,27.25,24.55,up,27.25,2026-09-02T10:50:27,5.82524,25.75,354.53,2026-09-02 15:44:18,2026-09-02 11:45:02
TSLA,TSLA260918P00380000,TSLA,2026-09-18,P,380.0,28.75,155.0,29.35,107.0,0.4193,8219.0,48.0,-0.7654,0.0099,0.2293,-0.3069,-0.0964,29.1609,1.175,25.5,31.85,25.5,no_change,28.95,2026-09-02T11:22:51,4.23042,27.7750005722046,354.53,2026-09-02 15:44:18,2026-09-02 11:45:02
TSLA,TSLA260918P00382500,TSLA,2026-09-18,P,382.5,30.55,249.0,31.4,74.0,0.4153,11.0,18.0,-0.7863,0.0094,0.2183,-0.2929,-0.0961,31.2213,1.675,27.05,31.5,27.05,up,31.5,2026-09-02T11:13:54,5.61609,29.8249998092651,354.53,2026-09-02 15:44:18,2026-09-02 11:45:02
TSLA,TSLA260918P00385000,TSLA,2026-09-18,P,385.0,33.0,106.0,33.55,65.0,0.4267,2555.0,14.0,-0.8056,0.0089,0.2043,-0.2786,-0.095,33.3328,1.4,31.67,34.95,31.67,no_change,33.25,2026-09-02T11:15:51,4.3956,31.8500003814697,354.53,2026-09-02 15:44:18,2026-09-02 11:45:02
TSLA,TSLA260918P00390000,TSLA,2026-09-18,P,390.0,37.15,129.0,37.85,55.0,0.4256,5651.0,5.0,-0.8398,0.0078,0.1827,-0.2504,-0.0962,37.6803,1.4,40.81,40.81,37.45,down,37.45,2026-09-02T10:22:58,3.8835,36.0499992370606,354.53,2026-09-02 15:44:18,2026-09-02 11:45:02
TSLA,TSLA260918P00395000,TSLA,2026-09-18,P,395.0,41.8,91.0,42.35,50.0,0.4365,2291.0,3.0,-0.8683,0.0068,0.16,-0.2235,-0.0958,42.175,0.845,41.95,41.95,41.27,down,41.27,2026-09-02T10:28:12,2.09029,40.4249992370606,354.53,2026-09-02 15:44:18,2026-09-02 11:45:02
TSLA,TSLA260918P00400000,TSLA,2026-09-18,P,400.0,46.2,99.0,47.05,75.0,0.4389,14401.0,13.0,-0.892,0.006,0.1376,-0.1991,-0.0918,46.7832,1.905,49.7,49.7,45.9,no_change,46.88,2026-09-02T11:13:16,4.23569,44.9750003814697,354.53,2026-09-02 15:44:18,2026-09-02 11:45:02
TSLA,TSLA260918P00405000,TSLA,2026-09-18,P,405.0,50.85,45.0,51.7,65.0,0.4412,1667.0,0.0,-0.9115,0.0052,0.1208,-0.1792,-0.0868,51.4837,0.0,0.0,0.0,0.0,up,47.57,2026-09-01T10:29:32,0.0,49.9000015258789,354.53,2026-09-02 15:44:18,2026-09-02 11:45:02
TSLA,TSLA260918P00410000,TSLA,2026-09-18,P,410.0,55.6,112.0,56.45,55.0,0.4447,3405.0,5.0,-0.9272,0.0046,0.1031,-0.1616,-0.084,56.2563,5.925,60.15,60.35,59.8,up,60.35,2026-09-02T09:45:56,10.8865,54.4250011444092,354.53,2026-09-02 15:44:18,2026-09-02 11:45:02
TSLA,TSLA260918P00415000,TSLA,2026-09-18,P,415.0,60.35,86.0,61.4,47.0,0.4535,1728.0,0.0,-0.9402,0.004,0.0888,-0.1483,-0.075,61.0837,0.0,0.0,0.0,0.0,up,56.67,2026-09-01T09:59:33,0.0,59.375,354.53,2026-09-02 15:44:18,2026-09-02 11:45:02
TSLA,TSLA260918P00420000,TSLA,2026-09-18,P,420.0,65.2,120.0,66.35,60.0,0.464,2468.0,20.0,-0.9507,0.0035,0.0754,-0.1366,-0.0736,65.9537,5.325,61.77,69.9,61.77,down,69.6,2026-09-02T10:02:21,8.28471,64.2749996185303,354.53,2026-09-02 15:44:18,2026-09-02 11:45:02
TSLA,TSLA260918P00425000,TSLA,2026-09-18,P,425.0,70.1,139.0,71.25,56.0,0.4692,3329.0,6.0,-0.9593,0.0032,0.0652,-0.1268,-0.0598,70.8541,1.5,66.73,70.75,66.73,up,70.75,2026-09-02T10:20:08,2.16606,69.25,354.53,2026-09-02 15:44:18,2026-09-02 11:45:02
TSLA,TSLA260918P00430000,TSLA,2026-09-18,P,430.0,75.1,134.0,76.25,82.0,0.4937,3426.0,1.0,-0.9664,0.0028,0.0548,-0.1161,-0.0568,75.7803,2.875,76.8,76.8,76.8,up,76.8,2026-09-02T11:06:36,3.88907,73.9250030517578,354.53,2026-09-02 15:44:18,2026-09-02 11:45:02
TSLA,TSLA260918P00435000,TSLA,2026-09-18,P,435.0,80.0,124.0,81.1,56.0,0.4642,1621.0,2.0,-0.972,0.0025,0.0476,-0.1067,-0.057,80.7232,5.05,84.2,84.2,84.2,up,84.2,2026-09-02T09:43:16,6.38029,79.1499977111816,354.53,2026-09-02 15:44:18,2026-09-02 11:45:02
TSLA,TSLA260918P00440000,TSLA,2026-09-18,P,440.0,84.95,154.0,86.1,59.0,0.0,7485.0,1.0,-0.9768,0.0022,0.0413,-0.1009,-0.0474,85.6781,4.6,88.75,88.75,88.75,up,88.75,2026-09-02T11:02:18,5.46643,84.1499977111816,354.53,2026-09-02 15:44:18,2026-09-02 11:45:02
TSLA,TSLA260918P00445000,TSLA,2026-09-18,P,445.0,88.95,85.0,91.7,79.0,0.0,267.0,0.0,-0.9808,0.0019,0.0319,-0.0928,-0.0371,90.6463,0.0,0.0,0.0,0.0,up,79.24,2026-08-31T15:11:22,0.0,89.0,354.53,2026-09-02 15:44:18,2026-09-02 11:45:02
TSLA,TSLA260918P00450000,TSLA,2026-09-18,P,450.0,94.85,62.0,96.2,60.0,0.0,3038.0,7.0,-0.984,0.0017,0.0272,-0.0842,-0.0348,95.6215,1.38,95.19,95.23,95.14,up,95.23,2026-09-02T09:36:36,1.47043,93.8499984741211,354.53,2026-09-02 15:44:18,2026-09-02 11:45:02
TSLA,TSLA260918P00455000,TSLA,2026-09-18,P,455.0,98.9,39.0,101.65,41.0,0.0,7.0,0.0,-0.9866,0.0015,0.0247,-0.0769,-0.0351,100.6007,0.0,0.0,0.0,0.0,down,96.25,2026-08-31T09:53:38,0.0,99.0250015258789,354.53,2026-09-02 15:44:18,2026-09-02 11:45:02
TSLA,TSLA260918P00460000,TSLA,2026-09-18,P,460.0,103.85,89.0,106.65,94.0,0.0,140.0,0.0,-0.9889,0.0013,0.0232,-0.0703,-0.0303,105.5823,0.0,0.0,0.0,0.0,up,105.95,2026-09-01T14:40:01,0.0,103.774997711182,354.53,2026-09-02 15:44:18,2026-09-02 11:45:02
TSLA,TSLA260918P00465000,TSLA,2026-09-18,P,465.0,108.8,35.0,111.55,35.0,0.0,0.0,0.0,-0.9908,0.0011,0.017,-0.0688,-0.0181,110.5705,0.0,0.0,0.0,0.0,down,103.11,2026-08-21T11:41:01,0.0,108.774997711182,354.53,2026-09-02 15:44:18,2026-09-02 11:45:02
TSLA,TSLA260918P00470000,TSLA,2026-09-18,P,470.0,113.85,35.0,116.6,35.0,0.0,39.0,0.0,-0.9923,0.001,0.0119,-0.0646,-0.0148,115.5625,0.0,0.0,0.0,0.0,down,113.15,2026-09-01T14:40:01,0.0,114.25,354.53,2026-09-02 15:44:18,2026-09-02 11:45:02
TSLA,TSLA260918P00475000,TSLA,2026-09-18,P,475.0,118.55,42.0,121.5,42.0,0.0,14.0,0.0,-0.9936,0.0008,0.0099,-0.0604,-0.0141,120.556,0.0,0.0,0.0,0.0,down,114.45,2026-08-31T09:53:17,0.0,118.975002288818,354.53,2026-09-02 15:44:18,2026-09-02 11:45:02
TSLA,TSLA260918P00480000,TSLA,2026-09-18,P,480.0,123.85,35.0,126.1,19.0,0.0,63.0,10.0,-0.9946,0.0007,0.009,-0.0568,-0.0142,125.5503,1.705,126.0,126.08,125.98,down,125.98,2026-09-02T11:14:15,1.37196,124.274997711182,354.53,2026-09-02 15:44:18,2026-09-02 11:45:02
TSLA,TSLA260918P00485000,TSLA,2026-09-18,P,485.0,128.35,35.0,132.35,35.0,0.0,0.0,0.0,-0.9956,0.0006,0.0086,-0.0533,-0.0144,130.545,0.0,0.0,0.0,0.0,no_change,174.5,2026-07-24T11:29:33,0.0,129.400001525879,354.53,2026-09-02 15:44:18,2026-09-02 11:45:02
TSLA,TSLA260918P00490000,TSLA,2026-09-18,P,490.0,133.85,31.0,136.65,36.0,0.0,6.0,0.0,-0.9964,0.0005,0.0082,-0.0502,-0.0143,135.54,0.0,0.0,0.0,0.0,up,180.88,2026-07-27T11:03:10,0.0,134.099998474121,354.53,2026-09-02 15:44:18,2026-09-02 11:45:02
TSLA,TSLA260918P00495000,TSLA,2026-09-18,P,495.0,138.85,33.0,141.65,31.0,0.0,0.0,0.0,-0.9971,0.0004,0.0071,-0.0478,-0.004,140.5361,0.0,0.0,0.0,0.0,up,190.24,2026-07-28T11:06:43,0.0,139.275001525879,354.53,2026-09-02 15:44:18,2026-09-02 11:45:02
TSLA,TSLA260918P00500000,TSLA,2026-09-18,P,500.0,143.3,85.0,146.55,102.0,0.0,364.0,0.0,-0.9976,0.0004,0.0039,-0.0478,-0.003,145.5347,0.0,0.0,0.0,0.0,up,146.0,2026-09-01T14:40:01,0.0,144.025001525879,354.53,2026-09-02 15:44:18,2026-09-02 11:45:02
TSLA,TSLA260918P00505000,TSLA,2026-09-18,P,505.0,148.8,36.0,151.7,35.0,0.0,0.0,0.0,-0.998,0.0003,0.0021,-0.0469,-0.0028,150.5337,0.0,0.0,0.0,0.0,up,181.75,2026-07-23T14:42:31,0.0,148.300003051758,354.53,2026-09-02 15:44:18,2026-09-02 11:45:02
TSLA,TSLA260918P00510000,TSLA,2026-09-18,P,510.0,153.8,36.0,156.5,36.0,0.0,3.0,0.0,-0.9983,0.0003,0.0017,-0.046,-0.0027,155.5329,0.0,0.0,0.0,0.0,up,187.25,2026-07-23T14:42:22,0.0,154.125,354.53,2026-09-02 15:44:18,2026-09-02 11:45:02
TSLA,TSLA260918P00515000,TSLA,2026-09-18,P,515.0,158.8,36.0,161.7,36.0,0.0,0.0,0.0,-0.9986,0.0002,0.0016,-0.0453,-0.0027,160.5321,0.0,0.0,0.0,0.0,up,197.25,2026-07-23T14:42:35,0.0,159.099998474121,354.53,2026-09-02 15:44:18,2026-09-02 11:45:02
TSLA,TSLA260918P00520000,TSLA,2026-09-18,P,520.0,163.8,36.0,166.55,36.0,0.0,8.0,0.0,-0.9988,0.0002,0.0015,-0.0445,-0.0027,165.5313,0.0,0.0,0.0,0.0,up,172.45,2026-08-28T15:41:22,0.0,164.0,354.53,2026-09-02 15:44:18,2026-09-02 11:45:02
TSLA,TSLA260918P00525000,TSLA,2026-09-18,P,525.0,168.8,35.0,171.7,32.0,0.0,0.0,0.0,-0.999,0.0001,0.0014,-0.0438,-0.0028,170.5306,0.0,0.0,0.0,0.0,up,202.0,2026-07-23T14:42:18,0.0,168.5,354.53,2026-09-02 15:44:18,2026-09-02 11:45:02
TSLA,TSLA260918P00530000,TSLA,2026-09-18,P,530.0,173.8,36.0,176.55,32.0,0.0,1.0,0.0,-0.9992,0.0001,0.0014,-0.0432,-0.0028,175.5299,0.0,0.0,0.0,0.0,up,219.67,2026-07-24T11:05:49,0.0,173.775001525879,354.53,2026-09-02 15:44:18,2026-09-02 11:45:02
TSLA,TSLA260918P00535000,TSLA,2026-09-18,P,535.0,178.8,33.0,181.7,32.0,0.0,0.0,0.0,-0.9994,0.0001,0.0013,-0.0426,-0.0028,180.5293,0.0,0.0,0.0,0.0,up,211.65,2026-07-23T14:42:18,0.0,178.925003051758,354.53,2026-09-02 15:44:18,2026-09-02 11:45:02
TSLA,TSLA260918P00540000,TSLA,2026-09-18,P,540.0,183.8,32.0,186.45,32.0,0.0,0.0,0.0,-0.9996,0.0001,0.0012,-0.0421,0.0,185.5288,0.0,0.0,0.0,0.0,up,222.25,2026-07-23T14:42:26,0.0,183.775001525879,354.53,2026-09-02 15:44:18,2026-09-02 11:45:02
TSLA,TSLA260918P00545000,TSLA,2026-09-18,P,545.0,188.15,34.0,191.6,34.0,0.0,0.0,0.0,-0.9997,0.0001,0.0005,-0.0421,0.0,190.5288,0.0,0.0,0.0,0.0,up,226.31,2026-07-23T14:42:54,0.0,188.900001525879,354.53,2026-09-02 15:44:18,2026-09-02 11:45:02
TSLA,TSLA260918P00550000,TSLA,2026-09-18,P,550.0,193.65,35.0,196.6,35.0,0.0,1.0,0.0,-0.9997,0.0,0.0,-0.0421,0.0,195.5288,0.0,0.0,0.0,0.0,down,227.85,2026-07-23T14:41:37,0.0,193.625,354.53,2026-09-02 15:44:18,2026-09-02 11:45:02
TSLA,TSLA260918P00555000,TSLA,2026-09-18,P,555.0,198.85,31.0,201.3,30.0,0.0,0.0,0.0,-0.9998,0.0,0.0,-0.0421,0.0,200.5288,0.0,0.0,0.0,0.0,no_change,0.0,,0.0,199.100006103516,354.53,2026-09-02 15:44:18,2026-09-02 11:45:02
TSLA,TSLA260918P00560000,TSLA,2026-09-18,P,560.0,203.65,34.0,206.3,33.0,0.0,0.0,0.0,-0.9998,0.0,0.0,-0.0421,0.0,205.5288,0.0,0.0,0.0,0.0,up,240.3,2026-07-23T14:41:37,0.0,203.775001525879,354.53,2026-09-02 15:44:18,2026-09-02 11:45:02
TSLA,TSLA260918P00565000,TSLA,2026-09-18,P,565.0,208.65,31.0,211.3,30.0,0.0,0.0,0.0,-0.9998,0.0,0.0,-0.0421,0.0,210.5288,0.0,0.0,0.0,0.0,up,246.0,2026-07-23T14:18:47,0.0,208.825004577637,354.53,2026-09-02 15:44:18,2026-09-02 11:45:02
TSLA,TSLA260918P00570000,TSLA,2026-09-18,P,570.0,213.85,34.0,216.45,31.0,0.0,0.0,0.0,-0.9999,0.0,0.0,-0.0421,0.0,215.5288,0.0,0.0,0.0,0.0,up,250.45,2026-07-23T14:41:59,0.0,213.900001525879,354.53,2026-09-02 15:44:18,2026-09-02 11:45:02
TSLA,TSLA260918P00575000,TSLA,2026-09-18,P,575.0,218.9,28.0,221.65,29.0,0.0,0.0,0.0,-0.9999,0.0,0.0,-0.0421,0.0,220.5288,0.0,0.0,0.0,0.0,up,252.08,2026-07-23T13:10:26,0.0,218.825004577637,354.53,2026-09-02 15:44:18,2026-09-02 11:45:02
TSLA,TSLA260918P00580000,TSLA,2026-09-18,P,580.0,223.85,28.0,226.65,36.0,0.0,0.0,0.0,-0.9999,0.0,0.0,-0.0421,0.0,225.5288,0.0,0.0,0.0,0.0,up,260.75,2026-07-23T14:42:49,0.0,224.050003051758,354.53,2026-09-02 15:44:18,2026-09-02 11:45:02
TSLA,TSLA260918P00585000,TSLA,2026-09-18,P,585.0,228.9,30.0,231.65,36.0,0.0,0.0,0.0,-0.9999,0.0,0.0,-0.0421,0.0,230.5288,0.0,0.0,0.0,0.0,no_change,0.0,,0.0,228.75,354.53,2026-09-02 15:44:18,2026-09-02 11:45:02
TSLA,TSLA260918P00590000,TSLA,2026-09-18,P,590.0,233.85,29.0,236.65,34.0,0.0,0.0,0.0,-1.0,0.0,0.0,-0.0421,0.0,235.5288,0.0,0.0,0.0,0.0,up,282.52,2026-07-31T11:03:36,0.0,233.800003051758,354.53,2026-09-02 15:44:18,2026-09-02 11:45:02
TSLA,TSLA260918P00595000,TSLA,2026-09-18,P,595.0,238.85,34.0,241.65,34.0,0.0,0.0,0.0,-1.0,0.0,0.0,-0.0421,0.0,240.5288,0.0,0.0,0.0,0.0,no_change,0.0,,0.0,239.150001525879,354.53,2026-09-02 15:44:18,2026-09-02 11:45:02
TSLA,TSLA260918P00600000,TSLA,2026-09-18,P,600.0,243.85,31.0,246.65,34.0,0.0,0.0,0.0,-1.0,0.0,0.0,-0.0421,0.0,245.5288,0.0,0.0,0.0,0.0,up,225.65,2026-07-20T10:38:05,0.0,244.025001525879,354.53,2026-09-02 15:44:18,2026-09-02 11:45:02
TSLA,TSLA260918P00605000,TSLA,2026-09-18,P,605.0,248.55,32.0,252.0,36.0,0.0,0.0,0.0,-1.0,0.0,0.0,-0.0421,0.0,250.5288,0.0,0.0,0.0,0.0,no_change,0.0,,0.0,249.350006103516,354.53,2026-09-02 15:44:18,2026-09-02 11:45:02
TSLA,TSLA260918P00610000,TSLA,2026-09-18,P,610.0,253.85,35.0,256.65,34.0,0.0,0.0,0.0,-1.0,0.0,0.0,-0.0421,0.0,255.5288,0.0,0.0,0.0,0.0,down,206.75,2026-06-08T12:39:42,0.0,254.099990844727,354.53,2026-09-02 15:44:18,2026-09-02 11:45:02
TSLA,TSLA260918P00615000,TSLA,2026-09-18,P,615.0,259.0,25.0,262.0,26.0,0.0,0.0,0.0,-1.0,0.0,0.0,-0.0421,0.0,260.5288,0.0,0.0,0.0,0.0,no_change,0.0,,0.0,258.574996948242,354.53,2026-09-02 15:44:18,2026-09-02 11:45:02
TSLA,TSLA260918P00620000,TSLA,2026-09-18,P,620.0,263.85,27.0,266.65,36.0,0.0,0.0,0.0,-1.0,0.0,0.0,-0.0421,0.0,265.5288,0.0,0.0,0.0,0.0,down,216.6,2026-06-08T12:39:07,0.0,263.975006103516,354.53,2026-09-02 15:44:18,2026-09-02 11:45:02
TSLA,TSLA260918P00625000,TSLA,2026-09-18,P,625.0,268.85,35.0,271.65,28.0,0.0,0.0,0.0,-1.0,0.0,0.0,-0.0421,0.0,270.5288,0.0,0.0,0.0,0.0,no_change,0.0,,0.0,268.825012207031,354.53,2026-09-02 15:44:18,2026-09-02 11:45:02
TSLA,TSLA260918P00630000,TSLA,2026-09-18,P,630.0,273.85,35.0,276.65,35.0,0.0,0.0,0.0,-1.0,0.0,0.0,-0.0421,0.0,275.5288,0.0,0.0,0.0,0.0,up,232.2,2026-03-18T12:21:56,0.0,273.975006103516,354.53,2026-09-02 15:44:18,2026-09-02 11:45:02
TSLA,TSLA260918P00635000,TSLA,2026-09-18,P,635.0,278.35,34.0,281.45,30.0,0.0,0.0,0.0,-1.0,0.0,0.0,-0.0421,0.0,280.5288,0.0,0.0,0.0,0.0,no_change,0.0,,0.0,278.925003051758,354.53,2026-09-02 15:44:18,2026-09-02 11:45:02
TSLA,TSLA260918P00640000,TSLA,2026-09-18,P,640.0,283.35,31.0,286.45,34.0,0.0,0.0,0.0,-1.0,0.0,0.0,-0.0421,0.0,285.5288,0.0,0.0,0.0,0.0,up,240.3,2026-07-02T11:51:15,0.0,283.925003051758,354.53,2026-09-02 15:44:18,2026-09-02 11:45:02
TSLA,TSLA260918P00650000,TSLA,2026-09-18,P,650.0,293.85,34.0,296.65,35.0,0.0,0.0,0.0,-1.0,0.0,0.0,-0.0421,0.0,295.5288,0.0,0.0,0.0,0.0,up,254.19,2026-07-13T11:53:52,0.0,294.100006103516,354.53,2026-09-02 15:44:18,2026-09-02 11:45:02
TSLA,TSLA260918P00660000,TSLA,2026-09-18,P,660.0,303.85,28.0,306.65,35.0,0.0,0.0,0.0,-1.0,0.0,0.0,-0.0421,0.0,305.5288,0.0,0.0,0.0,0.0,up,340.85,2026-07-23T14:42:54,0.0,304.149993896484,354.53,2026-09-02 15:44:18,2026-09-02 11:45:02
TSLA,TSLA260918P00670000,TSLA,2026-09-18,P,670.0,313.55,43.0,316.25,10.0,0.0,0.0,0.0,-1.0,0.0,0.0,-0.0421,0.0,315.5288,0.0,0.0,0.0,0.0,down,243.55,2026-05-22T11:17:15,0.0,314.149993896484,354.53,2026-09-02 15:44:18,2026-09-02 11:45:02
TSLA,TSLA260918P00680000,TSLA,2026-09-18,P,680.0,323.55,47.0,326.25,10.0,0.0,0.0,0.0,-1.0,0.0,0.0,-0.0421,0.0,325.5288,0.0,0.0,0.0,0.0,up,278.95,2026-07-02T11:51:36,0.0,324.149993896484,354.53,2026-09-02 15:44:18,2026-09-02 11:45:02
TSLA,TSLA260918P00690000,TSLA,2026-09-18,P,690.0,333.85,34.0,336.65,35.0,0.0,0.0,0.0,-1.0,0.0,0.0,-0.0421,0.0,335.5288,0.0,0.0,0.0,0.0,up,294.23,2026-07-13T11:53:30,0.0,333.975006103516,354.53,2026-09-02 15:44:18,2026-09-02 11:45:02
TSLA,TSLA260918P00700000,TSLA,2026-09-18,P,700.0,343.55,36.0,346.25,10.0,0.0,0.0,0.0,-1.0,0.0,0.0,-0.0421,0.0,345.5288,0.0,0.0,0.0,0.0,down,279.9,2026-06-01T12:51:46,0.0,343.824996948242,354.53,2026-09-02 15:44:18,2026-09-02 11:45:02
TSLA,TSLA260918P00710000,TSLA,2026-09-18,P,710.0,353.85,34.0,356.65,35.0,0.0,0.0,0.0,-1.0,0.0,0.0,-0.0421,0.0,355.5288,0.0,0.0,0.0,0.0,up,305.5,2026-06-05T11:05:36,0.0,353.775009155273,354.53,2026-09-02 15:44:18,2026-09-02 11:45:02
TSLA,TSLA260918P00720000,TSLA,2026-09-18,P,720.0,363.85,27.0,366.65,31.0,0.0,0.0,0.0,-1.0,0.0,0.0,-0.0421,0.0,365.5288,0.0,0.0,0.0,0.0,up,398.4,2026-08-06T10:42:16,0.0,364.125,354.53,2026-09-02 15:44:18,2026-09-02 11:45:02
TSLA,TSLA260918P00730000,TSLA,2026-09-18,P,730.0,373.55,36.0,376.25,7.0,0.0,0.0,0.0,-1.0,0.0,0.0,-0.0421,0.0,375.5288,0.0,0.0,0.0,0.0,down,335.12,2026-02-23T15:12:15,0.0,373.774993896484,354.53,2026-09-02 15:44:18,2026-09-02 11:45:02
TSLA,TSLA260918P00740000,TSLA,2026-09-18,P,740.0,383.85,27.0,386.65,35.0,0.0,0.0,0.0,-1.0,0.0,0.0,-0.0421,0.0,385.5288,0.0,0.0,0.0,0.0,up,354.25,2026-06-10T11:35:37,0.0,383.800003051758,354.53,2026-09-02 15:44:18,2026-09-02 11:45:02
TSLA,TSLA260918P00750000,TSLA,2026-09-18,P,750.0,393.85,26.0,396.65,26.0,0.0,0.0,0.0,-1.0,0.0,0.0,-0.0421,0.0,395.5288,0.0,0.0,0.0,0.0,up,348.46,2026-06-12T14:18:28,0.0,393.899993896484,354.53,2026-09-02 15:44:18,2026-09-02 11:45:02
TSLA,TSLA260918P00760000,TSLA,2026-09-18,P,760.0,403.55,28.0,407.1,28.0,0.0,0.0,0.0,-1.0,0.0,0.0,-0.0421,0.0,405.5288,0.0,0.0,0.0,0.0,down,285.38,2025-12-22T09:38:41,0.0,403.774993896484,354.53,2026-09-02 15:44:18,2026-09-02 11:45:02
TSLA,TSLA260918P00770000,TSLA,2026-09-18,P,770.0,413.85,31.0,416.65,31.0,0.0,0.0,0.0,-1.0,0.0,0.0,-0.0421,0.0,415.5288,0.0,0.0,0.0,0.0,up,348.25,2026-01-20T14:16:39,0.0,414.225006103516,354.53,2026-09-02 15:44:18,2026-09-02 11:45:02
TSLA,TSLA260918P00780000,TSLA,2026-09-18,P,780.0,423.85,27.0,426.6,23.0,0.0,0.0,0.0,-1.0,0.0,0.0,-0.0421,0.0,425.5288,0.0,0.0,0.0,0.0,up,378.0,2026-03-18T09:46:38,0.0,424.175003051758,354.53,2026-09-02 15:44:18,2026-09-02 11:45:02
TSLA,TSLA260918P00790000,TSLA,2026-09-18,P,790.0,433.85,26.0,436.65,27.0,0.0,0.0,0.0,-1.0,0.0,0.0,-0.0421,0.0,435.5288,0.0,0.0,0.0,0.0,up,385.73,2026-02-04T11:52:28,0.0,434.225006103516,354.53,2026-09-02 15:44:18,2026-09-02 11:45:02
TSLA,TSLA260918P00800000,TSLA,2026-09-18,P,800.0,443.55,44.0,446.25,10.0,0.0,0.0,0.0,-1.0,0.0,0.0,-0.0421,0.0,445.5288,0.0,0.0,0.0,0.0,down,384.53,2026-02-12T15:33:28,0.0,444.175003051758,354.53,2026-09-02 15:44:18,2026-09-02 11:45:02
TSLA,TSLA260918P00810000,TSLA,2026-09-18,P,810.0,453.85,23.0,456.65,26.0,0.0,0.0,0.0,-1.0,0.0,0.0,-0.0421,0.0,455.5288,0.0,0.0,0.0,0.0,down,346.6,2025-12-15T09:33:37,0.0,454.225006103516,354.53,2026-09-02 15:44:18,2026-09-02 11:45:02
TSLA,TSLA260918P00820000,TSLA,2026-09-18,P,820.0,463.85,30.0,466.65,28.0,0.0,0.0,0.0,-1.0,0.0,0.0,-0.0421,0.0,465.5288,0.0,0.0,0.0,0.0,no_change,411.55,2025-10-10T15:52:50,0.0,464.300003051758,354.53,2026-09-02 15:44:18,2026-09-02 11:45:02
TSLA,TSLA260918P00830000,TSLA,2026-09-18,P,830.0,473.85,33.0,476.65,34.0,0.0,0.0,0.0,-1.0,0.0,0.0,-0.0421,0.0,475.5288,0.0,0.0,0.0,0.0,no_change,422.45,2025-10-10T15:43:29,0.0,474.175003051758,354.53,2026-09-02 15:44:18,2026-09-02 11:45:02
TSLA,TSLA260918P00840000,TSLA,2026-09-18,P,840.0,483.5,47.0,486.25,10.0,0.0,0.0,0.0,-1.0,0.0,0.0,-0.0421,0.0,485.5288,0.0,0.0,0.0,0.0,down,392.35,2026-01-12T09:57:50,0.0,484.175003051758,354.53,2026-09-02 15:44:18,2026-09-02 11:45:02
TSLA,TSLA260918P00850000,TSLA,2026-09-18,P,850.0,493.85,27.0,496.65,28.0,0.0,0.0,0.0,-1.0,0.0,0.0,-0.0421,0.0,495.5288,0.0,0.0,0.0,0.0,down,412.25,2025-10-20T15:29:48,0.0,494.525009155273,354.53,2026-09-02 15:44:18,2026-09-02 11:45:02
TSLA,TSLA260918P00860000,TSLA,2026-09-18,P,860.0,503.85,27.0,506.65,35.0,0.0,0.0,0.0,-1.0,0.0,0.0,-0.0421,0.0,505.5288,0.0,0.0,0.0,0.0,no_change,432.1,2025-10-17T11:03:52,0.0,504.625,354.53,2026-09-02 15:44:18,2026-09-02 11:45:02
TSLA,TSLA260918P00870000,TSLA,2026-09-18,P,870.0,513.85,34.0,516.65,35.0,0.0,0.0,0.0,-1.0,0.0,0.0,-0.0421,0.0,515.5288,0.0,0.0,0.0,0.0,down,412.9,2025-12-30T13:28:20,0.0,514.174987792969,354.53,2026-09-02 15:44:18,2026-09-02 11:45:02
TSLA,TSLA260918P00880000,TSLA,2026-09-18,P,880.0,523.5,33.0,526.25,10.0,0.0,0.0,0.0,-1.0,0.0,0.0,-0.0421,0.0,525.5288,0.0,0.0,0.0,0.0,down,394.95,2025-12-22T09:41:36,0.0,524.174987792969,354.53,2026-09-02 15:44:18,2026-09-02 11:45:02
TSLA,TSLA260918P00890000,TSLA,2026-09-18,P,890.0,533.85,34.0,536.65,35.0,0.0,0.0,0.0,-1.0,0.0,0.0,-0.0421,0.0,535.5288,0.0,0.0,0.0,0.0,up,472.3,2025-10-16T14:32:41,0.0,534.174987792969,354.53,2026-09-02 15:44:18,2026-09-02 11:45:02
TSLA,TSLA260918P00900000,TSLA,2026-09-18,P,900.0,543.5,35.0,547.1,40.0,0.0,0.0,0.0,-1.0,0.0,0.0,-0.0421,0.0,545.5288,0.0,0.0,0.0,0.0,down,450.91,2025-12-31T15:12:13,0.0,544.174987792969,354.53,2026-09-02 15:44:18,2026-09-02 11:45:02
TSLA,TSLA260918P00910000,TSLA,2026-09-18,P,910.0,553.5,28.0,557.05,37.0,0.0,0.0,0.0,-1.0,0.0,0.0,-0.0421,0.0,555.5288,0.0,0.0,0.0,0.0,no_change,485.95,2025-10-17T09:49:52,0.0,554.5,354.53,2026-09-02 15:44:18,2026-09-02 11:45:02
TSLA,TSLA260918P00920000,TSLA,2026-09-18,P,920.0,563.85,34.0,566.65,22.0,0.0,0.0,0.0,-1.0,0.0,0.0,-0.0421,0.0,565.5288,0.0,0.0,0.0,0.0,down,430.6,2025-12-22T14:04:57,0.0,564.5,354.53,2026-09-02 15:44:18,2026-09-02 11:45:02
TSLA,TSLA260918P00930000,TSLA,2026-09-18,P,930.0,573.85,26.0,576.65,26.0,0.0,0.0,0.0,-1.0,0.0,0.0,-0.0421,0.0,575.5288,0.0,0.0,0.0,0.0,down,500.85,2025-11-07T14:02:59,0.0,574.5,354.53,2026-09-02 15:44:18,2026-09-02 11:45:02
TSLA,TSLA260918P00940000,TSLA,2026-09-18,P,940.0,583.85,27.0,586.65,28.0,0.0,0.0,0.0,-1.0,0.0,0.0,-0.0421,0.0,585.5288,0.0,0.0,0.0,0.0,down,505.83,2026-01-22T09:43:18,0.0,584.5,354.53,2026-09-02 15:44:18,2026-09-02 11:45:02
TSLA,TSLA260918P00950000,TSLA,2026-09-18,P,950.0,593.5,26.0,597.1,26.0,0.0,0.0,0.0,-1.0,0.0,0.0,-0.0421,0.0,595.5288,0.0,0.0,0.0,0.0,down,515.82,2026-01-22T09:43:18,0.0,594.174987792969,354.53,2026-09-02 15:44:18,2026-09-02 11:45:02
TSLA,TSLA260918P00960000,TSLA,2026-09-18,P,960.0,603.5,33.0,606.25,10.0,0.0,0.0,0.0,-1.0,0.0,0.0,-0.0421,0.0,605.5288,0.0,0.0,0.0,0.0,no_change,0.0,,0.0,604.375,354.53,2026-09-02 15:44:18,2026-09-02 11:45:02
TSLA,TSLA260918P00970000,TSLA,2026-09-18,P,970.0,613.85,27.0,616.65,36.0,0.0,0.0,0.0,-1.0,0.0,0.0,-0.0421,0.0,615.5288,0.0,0.0,0.0,0.0,no_change,0.0,,0.0,614.224975585938,354.53,2026-09-02 15:44:18,2026-09-02 11:45:02
TSLA,TSLA260918P00980000,TSLA,2026-09-18,P,980.0,623.85,34.0,626.65,28.0,0.0,0.0,0.0,-1.0,0.0,0.0,-0.0421,0.0,625.5288,0.0,0.0,0.0,0.0,up,591.4,2026-05-05T15:58:21,0.0,624.5,354.53,2026-09-02 15:44:18,2026-09-02 11:45:02
TSLA,TSLA260918P00990000,TSLA,2026-09-18,P,990.0,633.55,26.0,637.1,27.0,0.0,0.0,0.0,-1.0,0.0,0.0,-0.0421,0.0,635.5288,0.0,0.0,0.0,0.0,up,682.5,2026-07-31T11:03:36,0.0,634.5,354.53,2026-09-02 15:44:18,2026-09-02 11:45:02
TSLA,TSLA260925C00050000,TSLA,2026-09-25,C,50.0,300.7,16.0,308.1,16.0,0.0,7.0,0.0,1.0,0.0,0.0005,0.0,0.0341,304.6658,0.0,0.0,0.0,0.0,up,307.27,2026-08-28T09:41:06,0.0,306.049987792969,354.53,2026-09-02 15:44:18,2026-09-02 11:45:02
TSLA,TSLA260925C00060000,TSLA,2026-09-25,C,60.0,290.8,16.0,298.3,16.0,0.0,0.0,0.0,0.9999,0.0,0.0006,0.0,0.0409,294.6973,0.0,0.0,0.0,0.0,no_change,0.0,,0.0,296.074996948242,354.53,2026-09-02 15:44:18,2026-09-02 11:45:02
TSLA,TSLA260925C00070000,TSLA,2026-09-25,C,70.0,280.85,16.0,288.15,16.0,0.0,0.0,0.0,0.9999,0.0,0.0008,0.0,0.0477,284.729,0.0,0.0,0.0,0.0,no_change,0.0,,0.0,286.074996948242,354.53,2026-09-02 15:44:18,2026-09-02 11:45:02
TSLA,TSLA260925C00080000,TSLA,2026-09-25,C,80.0,270.95,16.0,278.15,16.0,0.0,0.0,0.0,0.9998,0.0,0.0009,0.0,0.0545,274.761,0.0,0.0,0.0,0.0,no_change,0.0,,0.0,276.099990844727,354.53,2026-09-02 15:44:18,2026-09-02 11:45:02
TSLA,TSLA260925C00090000,TSLA,2026-09-25,C,90.0,261.0,16.0,268.25,16.0,0.0,0.0,0.0,0.9997,0.0,0.0012,0.0,0.0613,264.7932,0.0,0.0,0.0,0.0,no_change,0.0,,0.0,266.149993896484,354.53,2026-09-02 15:44:18,2026-09-02 11:45:02
TSLA,TSLA260925C00100000,TSLA,2026-09-25,C,100.0,250.8,1.0,258.25,16.0,0.0,0.0,0.0,0.9997,0.0,0.0014,0.0,0.0681,254.8257,0.0,0.0,0.0,0.0,no_change,0.0,,0.0,256.150001525879,354.53,2026-09-02 15:44:18,2026-09-02 11:45:02
TSLA,TSLA260925C00110000,TSLA,2026-09-25,C,110.0,241.0,16.0,248.4,1.0,0.0,0.0,0.0,0.9996,0.0,0.0017,0.0,0.0749,244.8585,0.0,0.0,0.0,0.0,no_change,0.0,,0.0,246.224998474121,354.53,2026-09-02 15:44:18,2026-09-02 11:45:02
TSLA,TSLA260925C00120000,TSLA,2026-09-25,C,120.0,231.0,16.0,238.5,1.0,0.0,0.0,0.0,0.9994,0.0,0.002,0.0,0.0817,234.8918,0.0,0.0,0.0,0.0,no_change,0.0,,0.0,236.25,354.53,2026-09-02 15:44:18,2026-09-02 11:45:02
TSLA,TSLA260925C00130000,TSLA,2026-09-25,C,130.0,221.1,16.0,228.45,1.0,0.0,0.0,0.0,0.9993,0.0,0.0024,0.0,0.0885,224.9257,0.0,0.0,0.0,0.0,no_change,0.0,,0.0,226.300003051758,354.53,2026-09-02 15:44:18,2026-09-02 11:45:02
TSLA,TSLA260925C00140000,TSLA,2026-09-25,C,140.0,211.1,18.0,218.35,17.0,0.0,0.0,0.0,0.9991,0.0,0.0029,0.0,0.0953,214.9602,0.0,0.0,0.0,0.0,no_change,0.0,,0.0,216.275001525879,354.53,2026-09-02 15:44:18,2026-09-02 11:45:02
TSLA,TSLA260925C00150000,TSLA,2026-09-25,C,150.0,201.2,18.0,208.45,17.0,0.0,0.0,0.0,0.9989,0.0,0.0035,0.0,0.102,204.9955,0.0,0.0,0.0,0.0,no_change,0.0,,0.0,206.350006103516,354.53,2026-09-02 15:44:18,2026-09-02 11:45:02
TSLA,TSLA260925C00160000,TSLA,2026-09-25,C,160.0,191.2,16.0,198.6,17.0,0.0,1.0,0.0,0.9986,0.0,0.0043,0.0,0.1088,195.0317,0.0,0.0,0.0,0.0,down,195.79,2026-08-25T13:03:02,0.0,196.349998474121,354.53,2026-09-02 15:44:18,2026-09-02 11:45:02
TSLA,TSLA260925C00170000,TSLA,2026-09-25,C,170.0,183.55,16.0,188.55,17.0,1.5418,10.0,0.0,0.9983,0.0001,0.0051,0.0,0.1156,185.0692,0.0,0.0,0.0,0.0,up,191.33,2026-08-31T09:53:35,0.0,187.349998474121,354.53,2026-09-02 15:44:18,2026-09-02 11:45:02
TSLA,TSLA260925C00180000,TSLA,2026-09-25,C,180.0,171.3,16.0,178.65,21.0,0.0,2.0,0.0,0.9979,0.0001,0.0062,0.0,0.1223,175.1082,0.0,0.0,0.0,0.0,up,167.25,2026-08-28T15:08:44,0.0,176.574996948242,354.53,2026-09-02 15:44:18,2026-09-02 11:45:02
TSLA,TSLA260925C00190000,TSLA,2026-09-25,C,190.0,162.6,91.0,168.6,20.0,1.195,1.0,0.0,0.9974,0.0001,0.0076,0.0,0.129,165.1491,0.0,0.0,0.0,0.0,up,175.17,2026-08-31T10:42:33,0.0,167.224998474121,354.53,2026-09-02 15:44:18,2026-09-02 11:45:02
TSLA,TSLA260925C00200000,TSLA,2026-09-25,C,200.0,151.5,20.0,158.65,17.0,0.0,2.0,0.0,0.9967,0.0001,0.0092,0.0,0.1356,155.1925,0.0,0.0,0.0,0.0,up,156.1,2026-08-27T14:43:21,0.0,156.175003051758,354.53,2026-09-02 15:44:18,2026-09-02 11:45:02
TSLA,TSLA260925C00210000,TSLA,2026-09-25,C,210.0,141.65,16.0,148.65,20.0,0.6662,6.0,0.0,0.9958,0.0002,0.0113,-0.0025,0.1422,145.239,0.0,0.0,0.0,0.0,up,154.89,2026-08-31T10:29:32,0.0,146.75,354.53,2026-09-02 15:44:18,2026-09-02 11:45:02
TSLA,TSLA260925C00220000,TSLA,2026-09-25,C,220.0,131.45,20.0,138.7,21.0,0.0,16.0,0.0,0.9947,0.0002,0.0139,-0.0065,0.1488,135.2895,0.0,0.0,0.0,0.0,down,128.36,2026-08-28T12:24:45,0.0,136.599998474121,354.53,2026-09-02 15:44:18,2026-09-02 11:45:02
TSLA,TSLA260925C00230000,TSLA,2026-09-25,C,230.0,121.55,17.0,128.85,20.0,0.0,1.0,0.0,0.9933,0.0003,0.0171,-0.011,0.1552,125.3455,0.0,0.0,0.0,0.0,up,110.95,2026-08-14T15:52:27,0.0,126.75,354.53,2026-09-02 15:44:18,2026-09-02 11:45:02
TSLA,TSLA260925C00235000,TSLA,2026-09-25,C,235.0,116.7,16.0,123.75,16.0,0.5299,1.0,0.0,0.9924,0.0003,0.0191,-0.0135,0.1584,120.3761,0.0,0.0,0.0,0.0,up,105.0,2026-08-17T10:01:02,0.0,121.875,354.53,2026-09-02 15:44:18,2026-09-02 11:45:02
TSLA,TSLA260925C00240000,TSLA,2026-09-25,C,240.0,111.65,32.0,118.8,28.0,0.0,12.0,0.0,0.9914,0.0004,0.0214,-0.0162,0.1616,115.4089,0.0,0.0,0.0,0.0,up,115.89,2026-08-27T15:45:13,0.0,116.924999237061,354.53,2026-09-02 15:44:18,2026-09-02 11:45:02
TSLA,TSLA260925C00245000,TSLA,2026-09-25,C,245.0,107.5,27.0,113.8,29.0,0.7248,0.0,0.0,0.9902,0.0004,0.0239,-0.0192,0.1647,110.4444,0.0,0.0,0.0,0.0,no_change,0.0,,0.0,112.025001525879,354.53,2026-09-02 15:44:18,2026-09-02 11:45:02
TSLA,TSLA260925C00250000,TSLA,2026-09-25,C,250.0,101.75,31.0,108.9,29.0,0.5448,32.0,0.0,0.9888,0.0005,0.0268,-0.0225,0.1678,105.483,0.0,0.0,0.0,0.0,up,115.67,2026-08-31T12:45:57,0.0,106.975002288818,354.53,2026-09-02 15:44:18,2026-09-02 11:45:02
TSLA,TSLA260925C00255000,TSLA,2026-09-25,C,255.0,97.25,27.0,103.95,27.0,0.6347,2.0,0.0,0.9871,0.0006,0.0303,-0.0261,0.1708,100.5257,0.0,0.0,0.0,0.0,up,103.8,2026-09-01T11:00:50,0.0,102.024997711182,354.53,2026-09-02 15:44:18,2026-09-02 11:45:02
TSLA,TSLA260925C00260000,TSLA,2026-09-25,C,260.0,92.5,28.0,99.0,34.0,0.6355,55.0,0.0,0.9851,0.0007,0.0342,-0.0301,0.1737,95.5735,0.0,0.0,0.0,0.0,no_change,87.75,2026-08-28T14:06:25,0.0,96.8999977111816,354.53,2026-09-02 15:44:18,2026-09-02 11:45:02
TSLA,TSLA260925C00265000,TSLA,2026-09-25,C,265.0,87.3,33.0,94.0,31.0,0.5752,55.0,0.0,0.9828,0.0008,0.0388,-0.0346,0.1765,90.628,0.0,0.0,0.0,0.0,up,84.44,2026-08-28T12:18:52,0.0,92.0750007629394,354.53,2026-09-02 15:44:18,2026-09-02 11:45:02
TSLA,TSLA260925C00270000,TSLA,2026-09-25,C,270.0,83.0,32.0,88.45,33.0,0.5572,37.0,0.0,0.9798,0.001,0.0444,-0.0398,0.1792,85.6912,0.0,0.0,0.0,0.0,no_change,95.48,2026-08-31T10:34:30,0.0,87.125,354.53,2026-09-02 15:44:18,2026-09-02 11:45:02
TSLA,TSLA260925C00275000,TSLA,2026-09-25,C,275.0,78.35,33.0,82.95,36.0,0.5046,25.0,0.0,0.9762,0.0012,0.051,-0.0459,0.1817,80.7665,0.0,0.0,0.0,0.0,no_change,84.83,2026-09-01T12:14:19,0.0,82.0999984741211,354.53,2026-09-02 15:44:18,2026-09-02 11:45:02
TSLA,TSLA260925C00280000,TSLA,2026-09-25,C,280.0,75.3,20.0,77.15,43.0,0.5671,21.0,62.0,0.9717,0.0014,0.0589,-0.0532,0.184,75.8582,-3.055,73.02,74.76,73.02,no_change,74.42,2026-09-02T10:16:44,-3.94321,77.4749984741211,354.53,2026-09-02 15:44:18,2026-09-02 11:45:02
TSLA,TSLA260925C00285000,TSLA,2026-09-25,C,285.0,69.65,36.0,72.15,33.0,0.4848,27.0,62.0,0.966,0.0017,0.0686,-0.0618,0.1859,70.9724,-2.755,68.18,69.86,68.18,no_change,69.52,2026-09-02T10:16:44,-3.81183,72.2750015258789,354.53,2026-09-02 15:44:18,2026-09-02 11:45:02
TSLA,TSLA260925C00290000,TSLA,2026-09-25,C,290.0,65.1,78.0,67.15,70.0,0.4818,105.0,122.0,0.9586,0.002,0.0803,-0.0722,0.1875,66.1176,-4.275,62.97,63.45,61.88,down,63.35,2026-09-02T10:09:26,-6.32163,67.625,354.53,2026-09-02 15:44:18,2026-09-02 11:45:02
TSLA,TSLA260925C00295000,TSLA,2026-09-25,C,295.0,60.95,21.0,61.9,31.0,0.4798,90.0,124.0,0.9492,0.0025,0.0947,-0.0847,0.1885,61.3049,-0.45,58.17,62.2,57.08,up,62.2,2026-09-02T10:39:29,-0.718273,62.6499977111816,354.53,2026-09-02 15:44:18,2026-09-02 11:45:02
TSLA,TSLA260925C00300000,TSLA,2026-09-25,C,300.0,56.15,22.0,57.1,99.0,0.4621,195.0,10.0,0.9372,0.003,0.1118,-0.0996,0.1889,56.5485,-4.0,53.75,56.6,53.15,down,54.2,2026-09-02T10:57:30,-6.87285,58.1999988555908,354.53,2026-09-02 15:44:18,2026-09-02 11:45:02
TSLA,TSLA260925C00305000,TSLA,2026-09-25,C,305.0,51.55,36.0,52.45,39.0,0.4548,55.0,27.0,0.9219,0.0037,0.132,-0.1171,0.1884,51.8664,-4.85,48.6,53.35,48.6,down,48.7,2026-09-02T11:00:17,-9.05695,53.5499992370606,354.53,2026-09-02 15:44:18,2026-09-02 11:45:02
TSLA,TSLA260925C00310000,TSLA,2026-09-25,C,310.0,47.05,14.0,47.85,36.0,0.4466,42.0,22.0,0.9028,0.0044,0.1553,-0.1372,0.1869,47.2798,-2.825,43.9,45.9,43.9,no_change,45.9,2026-09-02T11:05:24,-5.79785,48.7250003814697,354.53,2026-09-02 15:44:18,2026-09-02 11:45:02
TSLA,TSLA260925C00315000,TSLA,2026-09-25,C,315.0,42.6,18.0,43.35,113.0,0.437,246.0,1.0,0.8792,0.0052,0.1811,-0.1596,0.1843,42.8139,-2.475,41.95,41.95,41.95,down,41.95,2026-09-02T11:04:59,-5.57119,44.4250011444092,354.53,2026-09-02 15:44:18,2026-09-02 11:45:02
TSLA,TSLA260925C00320000,TSLA,2026-09-25,C,320.0,38.2,35.0,39.0,118.0,0.4268,106.0,13.0,0.8507,0.0061,0.2092,-0.1839,0.1803,38.4963,-3.675,42.38,42.38,35.6,down,36.55,2026-09-02T10:56:14,-9.13611,40.2249984741211,354.53,2026-09-02 15:44:18,2026-09-02 11:45:02
TSLA,TSLA260925C00325000,TSLA,2026-09-25,C,325.0,34.05,60.0,34.85,122.0,0.4206,84.0,13.0,0.817,0.0071,0.2383,-0.209,0.1749,34.3565,-0.745,38.0,38.0,34.0,up,35.08,2026-09-02T11:25:44,-2.07956,35.8250007629394,354.53,2026-09-02 15:44:18,2026-09-02 11:45:02
TSLA,TSLA260925C00330000,TSLA,2026-09-25,C,330.0,30.2,101.0,30.9,239.0,0.4173,468.0,29.0,0.7782,0.008,0.267,-0.2339,0.1682,30.4246,-3.5,34.5,34.5,27.8,no_change,28.2,2026-09-02T10:59:19,-11.041,31.6999988555908,354.53,2026-09-02 15:44:18,2026-09-02 11:45:02
TSLA,TSLA260925C00335000,TSLA,2026-09-25,C,335.0,26.55,86.0,27.15,210.0,0.4136,295.0,14.0,0.7344,0.0089,0.2939,-0.2573,0.1601,26.7296,-3.025,24.9,27.05,24.1,no_change,24.75,2026-09-02T10:58:24,-10.8911,27.7749996185303,354.53,2026-09-02 15:44:18,2026-09-02 11:45:02
TSLA,TSLA260925C00340000,TSLA,2026-09-25,C,340.0,23.1,133.0,23.7,201.0,0.4105,606.0,79.0,0.6864,0.0097,0.3175,-0.2779,0.1508,23.2969,-1.88,25.85,25.85,20.85,up,22.67,2026-09-02T11:07:21,-7.65784,24.5500001907349,354.53,2026-09-02 15:44:18,2026-09-02 11:45:02
TSLA,TSLA260925C00345000,TSLA,2026-09-25,C,345.0,20.0,31.0,20.5,194.0,0.409,675.0,120.0,0.635,0.0103,0.3364,-0.2946,0.1404,20.146,-1.505,22.5,23.2,17.8,up,19.57,2026-09-02T11:07:21,-7.14117,21.0750007629395,354.53,2026-09-02 15:44:18,2026-09-02 11:45:02
TSLA,TSLA260925C00350000,TSLA,2026-09-25,C,350.0,17.15,167.0,17.6,268.0,0.408,1147.0,334.0,0.5813,0.0107,0.3494,-0.3064,0.1292,17.2805,-0.9,19.63,20.1,15.0,no_change,17.3,2026-09-02T11:28:28,-4.94505,18.1999998092651,354.53,2026-09-02 15:44:18,2026-09-02 11:45:02
TSLA,TSLA260925C00355000,TSLA,2026-09-25,C,355.0,14.6,177.0,14.9,79.0,0.4058,971.0,453.0,0.5271,0.0109,0.3559,-0.3127,0.1178,14.7336,-0.475,16.51,17.08,12.78,up,15.1,2026-09-02T11:26:54,-3.04976,15.5750002861023,354.53,2026-09-02 15:44:18,2026-09-02 11:45:02
TSLA,TSLA260925C00360000,TSLA,2026-09-25,C,360.0,12.4,33.0,12.55,30.0,0.4054,955.0,347.0,0.473,0.0109,0.356,-0.3134,0.1062,12.4742,-0.5,14.5,14.62,10.7,no_change,12.8,2026-09-02T11:26:26,-3.7594,13.2999997138977,354.53,2026-09-02 15:44:18,2026-09-02 11:45:02
TSLA,TSLA260925C00365000,TSLA,2026-09-25,C,365.0,10.4,46.0,10.55,29.0,0.4068,974.0,359.0,0.4206,0.0107,0.3497,-0.3089,0.0947,10.5006,-0.6,12.1,12.45,8.9,no_change,10.6,2026-09-02T11:28:00,-5.35715,11.2000002861023,354.53,2026-09-02 15:44:18,2026-09-02 11:45:02
TSLA,TSLA260925C00370000,TSLA,2026-09-25,C,370.0,8.75,39.0,8.85,36.0,0.4088,1195.0,258.0,0.3708,0.0103,0.338,-0.2996,0.0837,8.796,-0.21,10.45,10.45,7.48,up,9.14,2026-09-02T11:26:07,-2.24599,9.34999990463257,354.53,2026-09-02 15:44:18,2026-09-02 11:45:02
TSLA,TSLA260925C00375000,TSLA,2026-09-25,C,375.0,7.3,32.0,7.4,53.0,0.4115,1239.0,260.0,0.3244,0.0097,0.3221,-0.2865,0.0734,7.3402,-0.225,8.78,8.78,6.25,up,7.55,2026-09-02T11:23:31,-2.89389,7.77499985694885,354.53,2026-09-02 15:44:18,2026-09-02 11:45:02
TSLA,TSLA260925C00380000,TSLA,2026-09-25,C,380.0,6.05,43.0,6.15,36.0,0.4148,1708.0,185.0,0.2819,0.0091,0.3026,-0.2704,0.0639,6.109,-0.095,7.05,7.05,5.15,down,6.33,2026-09-02T11:22:59,-1.4786,6.42499995231628,354.53,2026-09-02 15:44:18,2026-09-02 11:45:02
TSLA,TSLA260925C00385000,TSLA,2026-09-25,C,385.0,5.0,115.0,5.15,93.0,0.4187,1116.0,361.0,0.2436,0.0083,0.281,-0.2525,0.0552,5.0733,-0.075,5.4,5.5,4.4,no_change,5.25,2026-09-02T11:22:53,-1.40845,5.32500004768372,354.53,2026-09-02 15:44:18,2026-09-02 11:45:02
TSLA,TSLA260925C00390000,TSLA,2026-09-25,C,390.0,4.15,82.0,4.3,343.0,0.4234,1524.0,289.0,0.2096,0.0076,0.2585,-0.2335,0.0476,4.2123,0.005,5.08,5.08,3.5,down,4.38,2026-09-02T11:22:59,0.114286,4.375,354.53,2026-09-02 15:44:18,2026-09-02 11:45:02
TSLA,TSLA260925C00395000,TSLA,2026-09-25,C,395.0,3.45,78.0,3.55,67.0,0.4273,517.0,35.0,0.1801,0.0068,0.2357,-0.2146,0.0409,3.5057,-0.475,4.2,4.2,2.93,down,3.15,2026-09-02T10:56:19,-13.1034,3.625,354.53,2026-09-02 15:44:18,2026-09-02 11:45:02
TSLA,TSLA260925C00400000,TSLA,2026-09-25,C,400.0,2.91,2.0,2.95,32.0,0.4317,5971.0,577.0,0.1546,0.0061,0.214,-0.1962,0.0352,2.9282,-0.1,3.28,3.5,2.4,no_change,2.91,2026-09-02T11:29:13,-3.32226,3.00999999046326,354.53,2026-09-02 15:44:18,2026-09-02 11:45:02
TSLA,TSLA260925C00405000,TSLA,2026-09-25,C,405.0,2.42,43.0,2.48,44.0,0.4385,2579.0,39.0,0.1328,0.0054,0.1932,-0.1788,0.0302,2.4546,0.045,2.75,2.75,2.21,up,2.52,2026-09-02T11:21:17,1.81818,2.47500002384186,354.53,2026-09-02 15:44:18,2026-09-02 11:45:02
TSLA,TSLA260925C00410000,TSLA,2026-09-25,C,410.0,2.03,43.0,2.09,46.0,0.4446,1481.0,49.0,0.1142,0.0048,0.174,-0.1626,0.0259,2.0688,0.145,2.41,2.41,1.73,up,2.21,2026-09-02T10:45:29,7.02179,2.06499993801117,354.53,2026-09-02 15:44:18,2026-09-02 11:45:02
TSLA,TSLA260925C00415000,TSLA,2026-09-25,C,415.0,1.72,51.0,1.78,129.0,0.4518,1239.0,28.0,0.0985,0.0043,0.1565,-0.1479,0.0224,1.7557,0.12,1.63,1.87,1.5,up,1.85,2026-09-02T11:26:55,6.93642,1.73000001907349,354.53,2026-09-02 15:44:18,2026-09-02 11:45:02
TSLA,TSLA260925C00420000,TSLA,2026-09-25,C,420.0,1.47,33.0,1.52,89.0,0.4594,1383.0,121.0,0.0853,0.0038,0.1408,-0.1346,0.0194,1.5,0.025,1.48,1.58,1.25,down,1.49,2026-09-02T11:29:04,1.70648,1.4650000333786,354.53,2026-09-02 15:44:18,2026-09-02 11:45:02
TSLA,TSLA260925C00425000,TSLA,2026-09-25,C,425.0,1.26,103.0,1.31,68.0,0.467,758.0,15.0,0.0744,0.0033,0.1269,-0.123,0.0168,1.2943,0.03,1.15,1.3,1.15,up,1.28,2026-09-02T11:28:28,2.4,1.25,354.53,2026-09-02 15:44:18,2026-09-02 11:45:02
TSLA,TSLA260925C00430000,TSLA,2026-09-25,C,430.0,1.1,36.0,1.14,92.0,0.476,870.0,11.0,0.0651,0.003,0.1147,-0.1126,0.0148,1.1246,0.075,0.98,1.16,0.98,up,1.16,2026-09-02T11:26:49,6.91244,1.08500003814697,354.53,2026-09-02 15:44:18,2026-09-02 11:45:02
TSLA,TSLA260925C00435000,TSLA,2026-09-25,C,435.0,0.96,98.0,1.0,220.0,0.4846,225.0,4.0,0.0574,0.0026,0.1039,-0.1036,0.013,0.9869,0.0,0.85,0.94,0.85,up,0.94,2026-09-02T09:53:28,2.53637e-07,0.939999997615814,354.53,2026-09-02 15:44:18,2026-09-02 11:45:02
TSLA,TSLA260925C00440000,TSLA,2026-09-25,C,440.0,0.85,46.0,0.89,136.0,0.4944,930.0,5.0,0.0508,0.0024,0.0944,-0.0956,0.0115,0.8722,0.07,0.75,0.9,0.75,up,0.9,2026-09-02T10:34:21,8.43373,0.830000013113022,354.53,2026-09-02 15:44:18,2026-09-02 11:45:02
TSLA,TSLA260925C00445000,TSLA,2026-09-25,C,445.0,0.75,141.0,0.79,367.0,0.5032,815.0,2.0,0.0454,0.0021,0.0863,-0.0887,0.0103,0.7781,0.085,0.69,0.82,0.69,up,0.82,2026-09-02T10:44:01,11.5646,0.735000014305115,354.53,2026-09-02 15:44:18,2026-09-02 11:45:02
TSLA,TSLA260925C00450000,TSLA,2026-09-25,C,450.0,0.68,39.0,0.71,251.0,0.5144,1154.0,122.0,0.0407,0.0019,0.079,-0.0825,0.0092,0.6976,0.03,0.66,0.69,0.62,up,0.69,2026-09-02T11:10:19,4.54545,0.659999996423721,354.53,2026-09-02 15:44:18,2026-09-02 11:45:02
TSLA,TSLA260925C00455000,TSLA,2026-09-25,C,455.0,0.61,139.0,0.65,162.0,0.524,284.0,14.0,0.0367,0.0017,0.0725,-0.077,0.0082,0.6304,0.075,0.67,0.67,0.67,up,0.67,2026-09-02T10:45:24,12.605,0.594999998807907,354.53,2026-09-02 15:44:18,2026-09-02 11:45:02
TSLA,TSLA260925C00460000,TSLA,2026-09-25,C,460.0,0.56,44.0,0.59,109.0,0.5344,323.0,7.0,0.0332,0.0015,0.0669,-0.0722,0.0075,0.573,-0.035,0.55,0.55,0.51,down,0.51,2026-09-02T10:04:24,-6.42202,0.544999986886978,354.53,2026-09-02 15:44:18,2026-09-02 11:45:02
TSLA,TSLA260925C00465000,TSLA,2026-09-25,C,465.0,0.51,75.0,0.54,61.0,0.5444,220.0,4.0,0.0302,0.0014,0.062,-0.0679,0.0068,0.5237,0.01,0.51,0.51,0.51,down,0.51,2026-09-02T11:10:22,2.0,0.499999985098839,354.53,2026-09-02 15:44:18,2026-09-02 11:45:02
TSLA,TSLA260925C00470000,TSLA,2026-09-25,C,470.0,0.47,49.0,0.5,86.0,0.5552,225.0,1.0,0.0276,0.0013,0.0574,-0.064,0.0062,0.4804,0.045,0.51,0.51,0.51,up,0.51,2026-09-02T11:26:03,9.67742,0.464999988675118,354.53,2026-09-02 15:44:18,2026-09-02 11:45:02
TSLA,TSLA260925C00475000,TSLA,2026-09-25,C,475.0,0.43,275.0,0.46,55.0,0.5648,134.0,57.0,0.0254,0.0012,0.0534,-0.0604,0.0057,0.443,0.005,0.39,0.43,0.39,up,0.43,2026-09-02T10:58:47,1.17647,0.424999997019768,354.53,2026-09-02 15:44:18,2026-09-02 11:45:02
TSLA,TSLA260925C00480000,TSLA,2026-09-25,C,480.0,0.4,171.0,0.43,109.0,0.5757,163.0,0.0,0.0233,0.0011,0.0498,-0.0572,0.0052,0.4095,0.0,0.0,0.0,0.0,up,0.43,2026-09-01T13:20:12,0.0,0.394999995827675,354.53,2026-09-02 15:44:18,2026-09-02 11:45:02
TSLA,TSLA260925C00485000,TSLA,2026-09-25,C,485.0,0.37,180.0,0.4,107.0,0.5857,76.0,0.0,0.0215,0.001,0.0465,-0.0542,0.0048,0.3799,0.0,0.0,0.0,0.0,up,0.37,2026-09-01T15:46:35,0.0,0.370000004768372,354.53,2026-09-02 15:44:18,2026-09-02 11:45:02
TSLA,TSLA260925C00490000,TSLA,2026-09-25,C,490.0,0.35,43.0,0.37,92.0,0.5959,69.0,0.0,0.0199,0.0009,0.0436,-0.0515,0.0044,0.3535,0.0,0.0,0.0,0.0,down,0.36,2026-09-01T15:50:05,0.0,0.345000013709068,354.53,2026-09-02 15:44:18,2026-09-02 11:45:02
TSLA,TSLA260925C00495000,TSLA,2026-09-25,C,495.0,0.32,152.0,0.35,61.0,0.6056,122.0,0.0,0.0185,0.0008,0.0408,-0.049,0.0041,0.3295,0.0,0.0,0.0,0.0,no_change,0.47,2026-08-31T11:51:52,0.0,0.320000007748604,354.53,2026-09-02 15:44:18,2026-09-02 11:45:02
TSLA,TSLA260925C00500000,TSLA,2026-09-25,C,500.0,0.3,202.0,0.33,169.0,0.6157,471.0,5.0,0.0172,0.0008,0.0383,-0.0467,0.0038,0.308,-0.02,0.3,0.31,0.28,down,0.28,2026-09-02T10:58:47,-6.66667,0.299999997019768,354.53,2026-09-02 15:44:18,2026-09-02 11:45:02
TSLA,TSLA260925C00505000,TSLA,2026-09-25,C,505.0,0.28,195.0,0.31,159.0,0.6252,105.0,1.0,0.016,0.0007,0.036,-0.0445,0.0036,0.2884,-0.005,0.28,0.28,0.28,down,0.28,2026-09-02T10:02:45,-1.75439,0.285000011324882,354.53,2026-09-02 15:44:18,2026-09-02 11:45:02
TSLA,TSLA260925C00510000,TSLA,2026-09-25,C,510.0,0.26,191.0,0.29,129.0,0.634,97.0,2.0,0.0149,0.0007,0.034,-0.0425,0.0033,0.2706,-0.01,0.26,0.26,0.26,down,0.26,2026-09-02T09:38:00,-3.7037,0.269999995827675,354.53,2026-09-02 15:44:18,2026-09-02 11:45:02
TSLA,TSLA260925C00515000,TSLA,2026-09-25,C,515.0,0.24,146.0,0.27,98.0,0.6422,71.0,0.0,0.014,0.0006,0.0321,-0.0406,0.0031,0.2542,0.0,0.0,0.0,0.0,down,0.25,2026-09-01T13:32:42,0.0,0.249999992549419,354.53,2026-09-02 15:44:18,2026-09-02 11:45:02
TSLA,TSLA260925C00520000,TSLA,2026-09-25,C,520.0,0.23,50.0,0.25,60.0,0.6513,114.0,0.0,0.0131,0.0006,0.0303,-0.0388,0.0029,0.2392,0.0,0.0,0.0,0.0,no_change,0.34,2026-08-31T14:30:35,0.0,0.240000002086163,354.53,2026-09-02 15:44:18,2026-09-02 11:45:02
TSLA,TSLA260925C00525000,TSLA,2026-09-25,C,525.0,0.21,69.0,0.24,41.0,0.6599,197.0,0.0,0.0122,0.0005,0.0286,-0.0371,0.0027,0.2254,0.0,0.0,0.0,0.0,up,0.31,2026-08-31T15:26:52,0.0,0.224999994039536,354.53,2026-09-02 15:44:18,2026-09-02 11:45:02
TSLA,TSLA260925C00530000,TSLA,2026-09-25,C,530.0,0.2,67.0,0.23,72.0,0.6698,112.0,0.0,0.0115,0.0005,0.0271,-0.0355,0.0025,0.2127,0.0,0.0,0.0,0.0,down,0.25,2026-08-27T11:07:47,0.0,0.21000000089407,354.53,2026-09-02 15:44:18,2026-09-02 11:45:02
TSLA,TSLA260925C00535000,TSLA,2026-09-25,C,535.0,0.19,57.0,0.21,58.0,0.6772,41.0,0.0,0.0108,0.0005,0.0256,-0.034,0.0024,0.2009,0.0,0.0,0.0,0.0,down,0.2,2026-09-01T12:27:01,0.0,0.199999995529652,354.53,2026-09-02 15:44:18,2026-09-02 11:45:02
TSLA,TSLA260925C00540000,TSLA,2026-09-25,C,540.0,0.17,170.0,0.2,56.0,0.684,19.0,0.0,0.0102,0.0004,0.0243,-0.0326,0.0022,0.1901,0.0,0.0,0.0,0.0,down,0.2,2026-09-01T10:19:52,0.0,0.190000005066395,354.53,2026-09-02 15:44:18,2026-09-02 11:45:02
TSLA,TSLA260925C00545000,TSLA,2026-09-25,C,545.0,0.16,186.0,0.19,47.0,0.6924,19.0,0.0,0.0096,0.0004,0.0231,-0.0313,0.0021,0.1799,0.0,0.0,0.0,0.0,down,0.18,2026-09-01T10:25:45,0.0,0.179999999701977,354.53,2026-09-02 15:44:18,2026-09-02 11:45:02
TSLA,TSLA260925C00550000,TSLA,2026-09-25,C,550.0,0.16,99.0,0.18,58.0,0.7028,103.0,1.0,0.009,0.0004,0.0219,-0.03,0.002,0.1705,0.0,0.17,0.17,0.17,down,0.17,2026-09-02T09:58:41,-1.05185e-06,0.170000001788139,354.53,2026-09-02 15:44:18,2026-09-02 11:45:02
TSLA,TSLA260925C00555000,TSLA,2026-09-25,C,555.0,0.15,57.0,0.17,63.0,0.7104,25.0,0.0,0.0085,0.0004,0.0209,-0.0288,0.0019,0.1617,0.0,0.0,0.0,0.0,up,0.22,2026-08-31T14:19:55,0.0,0.165000006556511,354.53,2026-09-02 15:44:18,2026-09-02 11:45:02
TSLA,TSLA260925C00560000,TSLA,2026-09-25,C,560.0,0.14,36.0,0.16,39.0,0.7174,31.0,0.0,0.0081,0.0003,0.0198,-0.0277,0.0018,0.1535,0.0,0.0,0.0,0.0,down,0.2,2026-08-26T11:35:25,0.0,0.155000001192093,354.53,2026-09-02 15:44:18,2026-09-02 11:45:02
TSLA,TSLA260925C00565000,TSLA,2026-09-25,C,565.0,0.13,79.0,0.16,70.0,0.7268,12.0,0.0,0.0076,0.0003,0.0189,-0.0266,0.0017,0.1459,0.0,0.0,0.0,0.0,down,0.15,2026-08-28T10:26:51,0.0,0.149999998509884,354.53,2026-09-02 15:44:18,2026-09-02 11:45:02
TSLA,TSLA260925C00570000,TSLA,2026-09-25,C,570.0,0.12,57.0,0.15,67.0,0.7329,12.0,0.0,0.0072,0.0003,0.018,-0.0256,0.0016,0.1387,0.0,0.0,0.0,0.0,down,0.19,2026-08-31T11:52:05,0.0,0.140000000596046,354.53,2026-09-02 15:44:18,2026-09-02 11:45:02
TSLA,TSLA260925C00575000,TSLA,2026-09-25,C,575.0,0.12,34.0,0.14,38.0,0.7416,1.0,0.0,0.0069,0.0003,0.0171,-0.0246,0.0015,0.132,0.0,0.0,0.0,0.0,down,0.31,2026-08-20T09:55:17,0.0,0.135000001639128,354.53,2026-09-02 15:44:18,2026-09-02 11:45:02
TSLA,TSLA260925C00580000,TSLA,2026-09-25,C,580.0,0.11,49.0,0.14,44.0,0.75,6.0,0.0,0.0065,0.0003,0.0164,-0.0237,0.0014,0.1257,0.0,0.0,0.0,0.0,down,0.17,2026-08-27T10:45:11,0.0,0.129999998956919,354.53,2026-09-02 15:44:18,2026-09-02 11:45:02
TSLA,TSLA260925C00585000,TSLA,2026-09-25,C,585.0,0.1,36.0,0.13,43.0,0.7547,3.0,0.0,0.0062,0.0002,0.0156,-0.0228,0.0014,0.1198,0.0,0.0,0.0,0.0,down,0.17,2026-08-31T14:23:28,0.0,0.125,354.53,2026-09-02 15:44:18,2026-09-02 11:45:02
TSLA,TSLA260925C00590000,TSLA,2026-09-25,C,590.0,0.1,120.0,0.13,139.0,0.7659,15.0,6.0,0.0059,0.0002,0.0149,-0.022,0.0013,0.1143,-0.01,0.1,0.11,0.1,up,0.11,2026-09-02T11:02:16,-8.33333,0.119999997317791,354.53,2026-09-02 15:44:18,2026-09-02 11:45:02
TSLA,TSLA260925C00595000,TSLA,2026-09-25,C,595.0,0.06,126.0,0.12,41.0,0.7578,9.0,0.0,0.0056,0.0002,0.0143,-0.0212,0.0012,0.1091,0.0,0.0,0.0,0.0,up,0.19,2026-09-01T15:39:12,0.0,0.125,354.53,2026-09-02 15:44:18,2026-09-02 11:45:02
TSLA,TSLA260925C00600000,TSLA,2026-09-25,C,600.0,0.07,196.0,0.12,145.0,0.7727,97.0,5.0,0.0053,0.0002,0.0137,-0.0204,0.0012,0.1041,0.005,0.11,0.11,0.11,down,0.11,2026-09-02T09:31:33,4.76191,0.104999996721745,354.53,2026-09-02 15:44:18,2026-09-02 11:45:02
TSLA,TSLA260925C00605000,TSLA,2026-09-25,C,605.0,0.08,104.0,0.12,76.0,0.7875,6.0,0.0,0.0051,0.0002,0.0131,-0.0197,0.0011,0.0995,0.0,0.0,0.0,0.0,down,0.19,2026-09-01T15:38:00,0.0,0.115000002086163,354.53,2026-09-02 15:44:18,2026-09-02 11:45:02
TSLA,TSLA260925C00610000,TSLA,2026-09-25,C,610.0,0.08,177.0,0.12,171.0,0.7981,14.0,2.0,0.0048,0.0002,0.0125,-0.019,0.001,0.0951,0.01,0.12,0.12,0.11,down,0.11,2026-09-02T09:31:02,10.0,0.0999999977648258,354.53,2026-09-02 15:44:18,2026-09-02 11:45:02
TSLA,TSLA260925C00615000,TSLA,2026-09-25,C,615.0,0.07,52.0,0.11,43.0,0.8002,326.0,0.0,0.0046,0.0002,0.012,-0.0184,0.001,0.091,0.0,0.0,0.0,0.0,up,0.11,2026-09-01T15:59:40,0.0,0.0949999988079071,354.53,2026-09-02 15:44:18,2026-09-02 11:45:02
TSLA,TSLA260925P00050000,TSLA,2026-09-25,P,50.0,0.0,0.0,0.01,26.0,2.2663,14.0,0.0,-0.0001,0.0,0.0005,-0.0022,0.0,0.008,0.0,0.0,0.0,0.0,down,0.01,2026-08-31T15:19:12,0.0,0.025000000372529,354.53,2026-09-02 15:44:18,2026-09-02 11:45:02
TSLA,TSLA260925P00060000,TSLA,2026-09-25,P,60.0,0.0,0.0,0.01,26.0,2.0556,0.0,0.0,-0.0002,0.0,0.0006,-0.0025,0.0,0.0094,0.0,0.0,0.0,0.0,no_change,0.0,,0.0,0.025000000372529,354.53,2026-09-02 15:44:18,2026-09-02 11:45:02
TSLA,TSLA260925P00070000,TSLA,2026-09-25,P,70.0,0.0,0.0,0.01,30.0,1.8786,0.0,0.0,-0.0002,0.0,0.0008,-0.0029,-0.0001,0.011,0.0,0.0,0.0,0.0,no_change,0.0,,0.0,0.025000000372529,354.53,2026-09-02 15:44:18,2026-09-02 11:45:02
TSLA,TSLA260925P00080000,TSLA,2026-09-25,P,80.0,0.0,0.0,0.01,10.0,1.726,0.0,0.0,-0.0003,0.0,0.0009,-0.0033,-0.0001,0.0128,0.0,0.0,0.0,0.0,no_change,0.0,,0.0,0.025000000372529,354.53,2026-09-02 15:44:18,2026-09-02 11:45:02
TSLA,TSLA260925P00090000,TSLA,2026-09-25,P,90.0,0.0,0.0,0.01,10.0,1.5919,0.0,0.0,-0.0004,0.0,0.0012,-0.0037,-0.0001,0.0149,0.0,0.0,0.0,0.0,no_change,0.0,,0.0,0.025000000372529,354.53,2026-09-02 15:44:18,2026-09-02 11:45:02
TSLA,TSLA260925P00100000,TSLA,2026-09-25,P,100.0,0.0,0.0,0.01,10.0,1.4722,34.0,0.0,-0.0004,0.0,0.0014,-0.0042,-0.0001,0.0172,0.0,0.0,0.0,0.0,no_change,0.01,2026-08-31T09:57:28,0.0,0.025000000372529,354.53,2026-09-02 15:44:18,2026-09-02 11:45:02
TSLA,TSLA260925P00110000,TSLA,2026-09-25,P,110.0,0.0,0.0,0.02,30.0,1.433,152.0,0.0,-0.0005,0.0,0.0017,-0.0048,-0.0001,0.0199,0.0,0.0,0.0,0.0,no_change,0.01,2026-08-31T12:35:41,0.0,0.025000000372529,354.53,2026-09-02 15:44:18,2026-09-02 11:45:02
TSLA,TSLA260925P00120000,TSLA,2026-09-25,P,120.0,0.01,1.0,0.03,34.0,1.4036,2.0,0.0,-0.0007,0.0,0.002,-0.0055,-0.0002,0.0231,0.0,0.0,0.0,0.0,down,0.05,2026-08-20T11:15:15,0.0,0.025000000372529,354.53,2026-09-02 15:44:18,2026-09-02 11:45:02
TSLA,TSLA260925P00130000,TSLA,2026-09-25,P,130.0,0.01,1.0,0.03,34.0,1.3038,22.0,0.0,-0.0008,0.0,0.0024,-0.0062,-0.0002,0.0268,0.0,0.0,0.0,0.0,no_change,0.02,2026-08-31T11:02:03,0.0,0.0300000002607703,354.53,2026-09-02 15:44:18,2026-09-02 11:45:02
TSLA,TSLA260925P00140000,TSLA,2026-09-25,P,140.0,0.02,33.0,0.04,34.0,1.2537,5.0,0.0,-0.001,0.0,0.0029,-0.007,-0.0002,0.0312,0.0,0.0,0.0,0.0,no_change,0.02,2026-08-31T10:38:51,0.0,0.0350000001490116,354.53,2026-09-02 15:44:18,2026-09-02 11:45:02
TSLA,TSLA260925P00150000,TSLA,2026-09-25,P,150.0,0.01,22.0,0.05,32.0,1.1651,51.0,0.0,-0.0012,0.0,0.0035,-0.008,-0.0003,0.0363,0.0,0.0,0.0,0.0,down,0.01,2026-08-31T09:48:32,0.0,0.0350000001490116,354.53,2026-09-02 15:44:18,2026-09-02 11:45:02
TSLA,TSLA260925P00160000,TSLA,2026-09-25,P,160.0,0.01,24.0,0.05,100.0,1.0821,50.0,0.0,-0.0015,0.0,0.0043,-0.0091,-0.0004,0.0424,0.0,0.0,0.0,0.0,up,0.18,2026-08-28T14:27:22,0.0,0.0350000001490116,354.53,2026-09-02 15:44:18,2026-09-02 11:45:02
TSLA,TSLA260925P00170000,TSLA,2026-09-25,P,170.0,0.01,25.0,0.07,32.0,1.0306,216.0,0.0,-0.0018,0.0001,0.0052,-0.0104,-0.0004,0.0498,0.0,0.0,0.0,0.0,down,0.04,2026-08-27T10:24:56,0.0,0.0400000000372529,354.53,2026-09-02 15:44:18,2026-09-02 11:45:02
TSLA,TSLA260925P00180000,TSLA,2026-09-25,P,180.0,0.01,26.0,0.1,32.0,0.9847,222.0,1.0,-0.0022,0.0001,0.0062,-0.0119,-0.0005,0.0587,0.035,0.09,0.09,0.09,up,0.09,2026-09-02T11:22:20,63.6364,0.0550000015646219,354.53,2026-09-02 15:44:18,2026-09-02 11:45:02
TSLA,TSLA260925P00190000,TSLA,2026-09-25,P,190.0,0.03,27.0,0.1,28.0,0.9267,930.0,2.0,-0.0028,0.0001,0.0076,-0.0137,-0.0007,0.0695,-0.03,0.08,0.08,0.04,down,0.04,2026-09-02T11:20:12,-42.8571,0.0700000002980232,354.53,2026-09-02 15:44:18,2026-09-02 11:45:02
TSLA,TSLA260925P00200000,TSLA,2026-09-25,P,200.0,0.08,51.0,0.1,75.0,0.8857,333.0,5.0,-0.0034,0.0001,0.0092,-0.0157,-0.0008,0.0827,0.005,0.1,0.1,0.1,up,0.1,2026-09-02T09:51:06,5.26316,0.0949999988079071,354.53,2026-09-02 15:44:18,2026-09-02 11:45:02
TSLA,TSLA260925P00210000,TSLA,2026-09-25,P,210.0,0.02,96.0,0.11,15.0,0.7885,200.0,1.0,-0.0043,0.0002,0.0113,-0.0182,-0.001,0.0991,-0.02,0.08,0.08,0.08,down,0.08,2026-09-02T11:22:42,-20.0,0.100000001490116,354.53,2026-09-02 15:44:18,2026-09-02 11:45:02
TSLA,TSLA260925P00220000,TSLA,2026-09-25,P,220.0,0.11,36.0,0.13,20.0,0.7744,159.0,1.0,-0.0054,0.0002,0.0139,-0.021,-0.0013,0.1196,0.015,0.13,0.13,0.13,up,0.13,2026-09-02T10:10:33,13.0435,0.115000002086163,354.53,2026-09-02 15:44:18,2026-09-02 11:45:02
TSLA,TSLA260925P00230000,TSLA,2026-09-25,P,230.0,0.13,84.0,0.16,71.0,0.7249,196.0,7.0,-0.0068,0.0003,0.0172,-0.0245,-0.0016,0.1455,-0.025,0.17,0.17,0.13,down,0.13,2026-09-02T11:28:31,-16.129,0.155000001192093,354.53,2026-09-02 15:44:18,2026-09-02 11:45:02
TSLA,TSLA260925P00235000,TSLA,2026-09-25,P,235.0,0.15,29.0,0.17,20.0,0.7009,130.0,0.0,-0.0077,0.0003,0.0192,-0.0265,-0.0018,0.1611,0.0,0.0,0.0,0.0,no_change,0.16,2026-08-31T14:26:23,0.0,0.174999997019768,354.53,2026-09-02 15:44:18,2026-09-02 11:45:02
TSLA,TSLA260925P00240000,TSLA,2026-09-25,P,240.0,0.17,42.0,0.19,23.0,0.6788,331.0,3.0,-0.0088,0.0004,0.0215,-0.0287,-0.0021,0.1789,-0.01,0.2,0.2,0.18,down,0.18,2026-09-02T10:43:36,-5.26316,0.190000005066395,354.53,2026-09-02 15:44:18,2026-09-02 11:45:02
TSLA,TSLA260925P00245000,TSLA,2026-09-25,P,245.0,0.19,39.0,0.22,203.0,0.6578,35.0,1.0,-0.01,0.0004,0.024,-0.0312,-0.0023,0.1994,-0.03,0.19,0.19,0.19,down,0.19,2026-09-02T11:22:42,-13.6364,0.219999998807907,354.53,2026-09-02 15:44:18,2026-09-02 11:45:02
TSLA,TSLA260925P00250000,TSLA,2026-09-25,P,250.0,0.22,55.0,0.24,76.0,0.6357,539.0,0.0,-0.0114,0.0005,0.0269,-0.0339,-0.0027,0.2231,0.0,0.0,0.0,0.0,up,0.26,2026-09-01T14:55:03,0.0,0.240000002086163,354.53,2026-09-02 15:44:18,2026-09-02 11:45:02
TSLA,TSLA260925P00255000,TSLA,2026-09-25,P,255.0,0.24,93.0,0.27,104.0,0.6126,226.0,0.0,-0.013,0.0006,0.0303,-0.037,-0.0031,0.2508,0.0,0.0,0.0,0.0,up,0.27,2026-09-01T15:06:38,0.0,0.269999995827675,354.53,2026-09-02 15:44:18,2026-09-02 11:45:02
TSLA,TSLA260925P00260000,TSLA,2026-09-25,P,260.0,0.27,106.0,0.3,125.0,0.5903,77.0,6.0,-0.015,0.0007,0.0345,-0.0405,-0.0035,0.2837,0.0,0.31,0.31,0.27,up,0.3,2026-09-02T11:28:31,9.93411e-07,0.299999997019768,354.53,2026-09-02 15:44:18,2026-09-02 11:45:02
TSLA,TSLA260925P00265000,TSLA,2026-09-25,P,265.0,0.31,269.0,0.34,291.0,0.5697,75.0,1.0,-0.0174,0.0008,0.039,-0.0445,-0.004,0.3234,0.03,0.37,0.37,0.37,up,0.37,2026-09-02T10:05:40,8.82353,0.340000003576279,354.53,2026-09-02 15:44:18,2026-09-02 11:45:02
TSLA,TSLA260925P00270000,TSLA,2026-09-25,P,270.0,0.35,113.0,0.38,80.0,0.5478,178.0,0.0,-0.0204,0.001,0.0444,-0.0492,-0.0048,0.3718,0.0,0.0,0.0,0.0,up,0.4,2026-09-01T14:37:41,0.0,0.385000005364418,354.53,2026-09-02 15:44:18,2026-09-02 11:45:02
TSLA,TSLA260925P00275000,TSLA,2026-09-25,P,275.0,0.41,204.0,0.45,176.0,0.53,433.0,1.0,-0.024,0.0012,0.0513,-0.0548,-0.0055,0.4324,-0.03,0.42,0.42,0.42,down,0.42,2026-09-02T10:30:12,-6.66667,0.450000002980232,354.53,2026-09-02 15:44:18,2026-09-02 11:45:02
TSLA,TSLA260925P00280000,TSLA,2026-09-25,P,280.0,0.49,172.0,0.52,93.0,0.5118,448.0,30.0,-0.0285,0.0014,0.059,-0.0616,-0.0066,0.5096,0.055,0.49,0.61,0.49,down,0.58,2026-09-02T09:49:59,10.4762,0.525000005960464,354.53,2026-09-02 15:44:18,2026-09-02 11:45:02
TSLA,TSLA260925P00285000,TSLA,2026-09-25,P,285.0,0.59,84.0,0.62,85.0,0.4954,335.0,3.0,-0.0343,0.0017,0.0692,-0.0697,-0.008,0.6091,0.035,0.7,0.7,0.65,up,0.66,2026-09-02T11:04:08,5.6,0.625,354.53,2026-09-02 15:44:18,2026-09-02 11:45:02
TSLA,TSLA260925P00290000,TSLA,2026-09-25,P,290.0,0.72,99.0,0.76,95.0,0.4809,577.0,37.0,-0.0416,0.0021,0.0805,-0.0796,-0.0096,0.7397,0.045,0.9,0.9,0.7,up,0.8,2026-09-02T11:04:42,5.96027,0.754999995231628,354.53,2026-09-02 15:44:18,2026-09-02 11:45:02
TSLA,TSLA260925P00295000,TSLA,2026-09-25,P,295.0,0.89,143.0,0.93,67.0,0.4668,451.0,13.0,-0.0512,0.0025,0.0956,-0.0917,-0.0117,0.9134,0.04,0.92,1.09,0.92,no_change,0.96,2026-09-02T10:54:16,4.34783,0.919999986886978,354.53,2026-09-02 15:44:18,2026-09-02 11:45:02
TSLA,TSLA260925P00300000,TSLA,2026-09-25,P,300.0,1.12,112.0,1.16,36.0,0.4548,1379.0,133.0,-0.0633,0.003,0.112,-0.1062,-0.0146,1.1432,0.04,0.96,1.46,0.96,no_change,1.18,2026-09-02T11:15:30,3.50877,1.13999998569489,354.53,2026-09-02 15:44:18,2026-09-02 11:45:02
TSLA,TSLA260925P00305000,TSLA,2026-09-25,P,305.0,1.42,358.0,1.47,60.0,0.4444,989.0,14.0,-0.0787,0.0037,0.1327,-0.1233,-0.0179,1.4482,0.175,1.69,1.69,1.5,down,1.6,2026-09-02T11:03:53,12.2807,1.42500001192093,354.53,2026-09-02 15:44:18,2026-09-02 11:45:02
TSLA,TSLA260925P00310000,TSLA,2026-09-25,P,310.0,1.82,104.0,1.87,54.0,0.4359,826.0,49.0,-0.0978,0.0044,0.1561,-0.1429,-0.0224,1.8472,0.285,1.78,2.31,1.72,down,2.08,2026-09-02T10:56:50,15.8774,1.7950000166893,354.53,2026-09-02 15:44:18,2026-09-02 11:45:02
TSLA,TSLA260925P00315000,TSLA,2026-09-25,P,315.0,2.34,52.0,2.4,43.0,0.428,1207.0,140.0,-0.1217,0.0053,0.1815,-0.1651,-0.0277,2.3717,0.165,2.02,2.89,2.02,no_change,2.45,2026-09-02T11:15:30,7.22101,2.2849999666214,354.53,2026-09-02 15:44:18,2026-09-02 11:45:02
TSLA,TSLA260925P00320000,TSLA,2026-09-25,P,320.0,3.0,87.0,3.1,95.0,0.4219,1712.0,88.0,-0.1506,0.0062,0.21,-0.1891,-0.0339,3.0468,0.145,2.59,3.65,2.45,down,3.05,2026-09-02T11:21:01,4.99139,2.90499997138977,354.53,2026-09-02 15:44:18,2026-09-02 11:45:02
TSLA,TSLA260925P00325000,TSLA,2026-09-25,P,325.0,3.85,197.0,3.95,53.0,0.4167,1042.0,176.0,-0.1845,0.0072,0.2399,-0.2139,-0.0411,3.8981,0.28,3.2,4.74,3.2,up,3.98,2026-09-02T11:18:15,7.56757,3.70000004768372,354.53,2026-09-02 15:44:18,2026-09-02 11:45:02
TSLA,TSLA260925P00330000,TSLA,2026-09-25,P,330.0,4.9,68.0,5.05,79.0,0.4133,1062.0,145.0,-0.2235,0.0081,0.2678,-0.2385,-0.0499,4.9544,0.33,4.05,6.0,4.05,down,4.98,2026-09-02T11:16:35,7.09678,4.64999985694885,354.53,2026-09-02 15:44:18,2026-09-02 11:45:02
TSLA,TSLA260925P00335000,TSLA,2026-09-25,P,335.0,6.2,58.0,6.35,66.0,0.4101,630.0,21.0,-0.2677,0.009,0.2944,-0.2617,-0.0594,6.2552,0.495,7.32,7.32,5.9,down,6.37,2026-09-02T11:15:09,8.42553,5.875,354.53,2026-09-02 15:44:18,2026-09-02 11:45:02
TSLA,TSLA260925P00340000,TSLA,2026-09-25,P,340.0,7.75,76.0,7.9,149.0,0.4072,1288.0,359.0,-0.3163,0.0098,0.3182,-0.2822,-0.0692,7.8267,0.515,7.35,9.25,7.25,no_change,7.84,2026-09-02T11:28:49,7.03072,7.32500004768372,354.53,2026-09-02 15:44:18,2026-09-02 11:45:02
TSLA,TSLA260925P00345000,TSLA,2026-09-25,P,345.0,9.6,55.0,9.75,39.0,0.4058,1021.0,228.0,-0.3682,0.0104,0.3371,-0.2986,-0.079,9.6766,0.525,8.0,11.5,7.95,no_change,9.55,2026-09-02T11:28:14,5.81717,9.02500009536743,354.53,2026-09-02 15:44:18,2026-09-02 11:45:02
TSLA,TSLA260925P00350000,TSLA,2026-09-25,P,350.0,11.8,2.0,11.85,2.0,0.4054,630.0,336.0,-0.4223,0.0108,0.3498,-0.3102,-0.0891,11.8218,0.64,10.1,13.65,9.8,no_change,11.69,2026-09-02T11:28:14,5.79186,11.0499997138977,354.53,2026-09-02 15:44:18,2026-09-02 11:45:02
TSLA,TSLA260925P00355000,TSLA,2026-09-25,P,355.0,14.2,29.0,14.35,35.0,0.4055,1186.0,146.0,-0.4773,0.0111,0.3557,-0.3163,-0.0998,14.2714,0.85,11.55,16.5,11.55,no_change,14.2,2026-09-02T11:22:48,6.36704,13.3499999046326,354.53,2026-09-02 15:44:18,2026-09-02 11:45:02
TSLA,TSLA260925P00360000,TSLA,2026-09-25,P,360.0,16.9,39.0,17.15,35.0,0.4065,542.0,168.0,-0.5318,0.0111,0.3554,-0.3169,-0.11,17.0122,1.3,15.65,19.5,15.64,down,17.3,2026-09-02T11:11:07,8.125,16.0,354.53,2026-09-02 15:44:18,2026-09-02 11:45:02
TSLA,TSLA260925P00365000,TSLA,2026-09-25,P,365.0,19.8,130.0,20.2,28.0,0.406,273.0,22.0,-0.5849,0.0108,0.348,-0.3121,-0.1171,20.0511,2.45,18.5,22.37,18.5,down,21.4,2026-09-02T11:03:45,12.9288,18.9499998092651,354.53,2026-09-02 15:44:18,2026-09-02 11:45:02
TSLA,TSLA260925P00370000,TSLA,2026-09-25,P,370.0,22.9,153.0,23.55,76.0,0.4055,273.0,44.0,-0.6355,0.0104,0.3342,-0.3028,-0.1228,23.3586,1.525,20.4,24.83,20.4,up,23.7,2026-09-02T11:11:07,6.87711,22.1750001907349,354.53,2026-09-02 15:44:18,2026-09-02 11:45:02
TSLA,TSLA260925P00375000,TSLA,2026-09-25,P,375.0,26.4,184.0,27.15,139.0,0.4078,84.0,33.0,-0.6824,0.0099,0.319,-0.2896,-0.1295,26.9081,1.02,25.78,29.65,25.78,down,26.67,2026-09-02T11:28:10,3.97661,25.6499996185303,354.53,2026-09-02 15:44:18,2026-09-02 11:45:02
TSLA,TSLA260925P00380000,TSLA,2026-09-25,P,380.0,30.1,205.0,30.95,110.0,0.4088,100.0,6.0,-0.7258,0.0092,0.2978,-0.2733,-0.1327,30.7117,-0.15,33.23,33.23,29.5,down,29.5,2026-09-02T10:43:59,-0.505901,29.6499996185303,354.53,2026-09-02 15:44:18,2026-09-02 11:45:02
TSLA,TSLA260925P00385000,TSLA,2026-09-25,P,385.0,34.05,163.0,34.9,113.0,0.4108,28.0,0.0,-0.7646,0.0085,0.2728,-0.2552,-0.133,34.6883,0.0,0.0,0.0,0.0,no_change,34.22,2026-09-01T14:23:49,0.0,33.3500003814697,354.53,2026-09-02 15:44:18,2026-09-02 11:45:02
TSLA,TSLA260925P00390000,TSLA,2026-09-25,P,390.0,38.15,158.0,39.05,32.0,0.4125,58.0,1.0,-0.7992,0.0078,0.2523,-0.2362,-0.1352,38.8541,4.575,42.15,42.15,42.15,up,42.15,2026-09-02T09:43:44,12.1757,37.5749988555908,354.53,2026-09-02 15:44:18,2026-09-02 11:45:02
TSLA,TSLA260925P00395000,TSLA,2026-09-25,P,395.0,42.45,44.0,43.35,20.0,0.415,48.0,0.0,-0.8294,0.007,0.2258,-0.2166,-0.1342,43.176,0.0,0.0,0.0,0.0,down,35.64,2026-08-31T10:33:30,0.0,41.5499992370606,354.53,2026-09-02 15:44:18,2026-09-02 11:45:02
TSLA,TSLA260925P00400000,TSLA,2026-09-25,P,400.0,46.8,121.0,47.8,9.0,0.4162,129.0,2.0,-0.8556,0.0063,0.2033,-0.1975,-0.1312,47.62,1.775,46.7,47.7,46.7,up,47.7,2026-09-02T10:51:03,3.86499,45.9250011444092,354.53,2026-09-02 15:44:18,2026-09-02 11:45:02
TSLA,TSLA260925P00405000,TSLA,2026-09-25,P,405.0,51.35,56.0,52.4,10.0,0.4211,9.0,0.0,-0.8781,0.0056,0.1807,-0.1794,-0.1272,52.1781,0.0,0.0,0.0,0.0,up,49.0,2026-09-01T09:31:31,0.0,50.9749984741211,354.53,2026-09-02 15:44:18,2026-09-02 11:45:02
TSLA,TSLA260925P00410000,TSLA,2026-09-25,P,410.0,56.0,46.0,57.0,13.0,0.4234,9.0,0.0,-0.8972,0.005,0.1601,-0.1622,-0.1222,56.8188,0.0,0.0,0.0,0.0,down,48.91,2026-08-31T11:27:03,0.0,55.3999996185303,354.53,2026-09-02 15:44:18,2026-09-02 11:45:02
TSLA,TSLA260925P00415000,TSLA,2026-09-25,P,415.0,60.7,66.0,61.8,19.0,0.4299,8.0,2.0,-0.9135,0.0045,0.14,-0.1479,-0.119,61.5386,4.375,60.35,64.35,60.35,up,64.35,2026-09-02T10:58:45,7.29471,59.9750003814697,354.53,2026-09-02 15:44:18,2026-09-02 11:45:02
TSLA,TSLA260925P00420000,TSLA,2026-09-25,P,420.0,65.45,61.0,66.5,11.0,0.428,13.0,5.0,-0.9272,0.004,0.1253,-0.1345,-0.1132,66.3103,3.325,69.85,69.85,65.4,up,68.45,2026-09-02T11:04:37,5.10557,65.125,354.53,2026-09-02 15:44:18,2026-09-02 11:45:02
TSLA,TSLA260925P00425000,TSLA,2026-09-25,P,425.0,70.25,27.0,71.85,57.0,0.4591,28.0,17.0,-0.939,0.0037,0.1051,-0.1259,-0.1002,71.1363,2.325,73.35,73.35,70.95,up,71.65,2026-09-02T10:52:49,3.35377,69.3250007629394,354.53,2026-09-02 15:44:18,2026-09-02 11:45:02
TSLA,TSLA260925P00430000,TSLA,2026-09-25,P,430.0,75.15,26.0,76.5,23.0,0.4553,1.0,1.0,-0.949,0.0033,0.0942,-0.1187,-0.0995,75.9969,0.425,75.35,75.35,75.35,down,75.35,2026-09-02T10:27:06,0.567235,74.9249992370606,354.53,2026-09-02 15:44:18,2026-09-02 11:45:02
TSLA,TSLA260925P00435000,TSLA,2026-09-25,P,435.0,80.05,28.0,81.4,27.0,0.4605,1.0,4.0,-0.9572,0.003,0.0828,-0.1118,-0.0951,80.8841,1.025,83.0,83.0,80.8,down,80.8,2026-09-02T10:19:41,1.28486,79.7750015258789,354.53,2026-09-02 15:44:18,2026-09-02 11:45:02
TSLA,TSLA260925P00440000,TSLA,2026-09-25,P,440.0,84.95,32.0,86.25,23.0,0.4514,1.0,2.0,-0.9645,0.0027,0.0644,-0.1059,-0.0712,85.8038,-0.625,88.2,88.2,84.15,down,84.15,2026-09-02T10:46:38,-0.737243,84.7749977111816,354.53,2026-09-02 15:44:18,2026-09-02 11:45:02
TSLA,TSLA260925P00445000,TSLA,2026-09-25,P,445.0,87.8,28.0,93.15,28.0,0.0,0.0,0.0,-0.9706,0.0025,0.0581,-0.0998,-0.0705,90.7393,0.0,0.0,0.0,0.0,no_change,0.0,,0.0,89.6500015258789,354.53,2026-09-02 15:44:18,2026-09-02 11:45:02
TSLA,TSLA260925P00450000,TSLA,2026-09-25,P,450.0,94.15,31.0,96.55,28.0,0.0,4.0,0.0,-0.9758,0.0022,0.0525,-0.0943,-0.0703,95.6854,0.0,0.0,0.0,0.0,no_change,95.12,2026-08-21T10:02:41,0.0,94.625,354.53,2026-09-02 15:44:18,2026-09-02 11:45:02
TSLA,TSLA260925P00455000,TSLA,2026-09-25,P,455.0,97.45,26.0,103.05,25.0,0.0,0.0,0.0,-0.9799,0.002,0.046,-0.0899,-0.0366,100.6421,0.0,0.0,0.0,0.0,no_change,0.0,,0.0,99.2999992370606,354.53,2026-09-02 15:44:18,2026-09-02 11:45:02
TSLA,TSLA260925P00460000,TSLA,2026-09-25,P,460.0,102.2,26.0,108.15,26.0,0.0,0.0,0.0,-0.9835,0.0018,0.0284,-0.082,-0.0346,105.6181,0.0,0.0,0.0,0.0,no_change,0.0,,0.0,104.25,354.53,2026-09-02 15:44:18,2026-09-02 11:45:02
TSLA,TSLA260925P00465000,TSLA,2026-09-25,P,465.0,107.2,25.0,113.0,26.0,0.0,0.0,0.0,-0.9865,0.0015,0.0254,-0.0748,-0.0344,110.5976,0.0,0.0,0.0,0.0,no_change,0.0,,0.0,108.950000762939,354.53,2026-09-02 15:44:18,2026-09-02 11:45:02
TSLA,TSLA260925P00470000,TSLA,2026-09-25,P,470.0,112.05,26.0,118.0,25.0,0.0,0.0,0.0,-0.989,0.0013,0.0234,-0.0684,-0.034,115.5797,0.0,0.0,0.0,0.0,no_change,0.0,,0.0,114.25,354.53,2026-09-02 15:44:18,2026-09-02 11:45:02
TSLA,TSLA260925P00475000,TSLA,2026-09-25,P,475.0,117.15,28.0,123.1,24.0,0.0,0.0,0.0,-0.9912,0.0011,0.0212,-0.0629,-0.034,120.5644,0.0,0.0,0.0,0.0,up,123.04,2026-08-25T14:33:51,0.0,119.200000762939,354.53,2026-09-02 15:44:18,2026-09-02 11:45:02
TSLA,TSLA260925P00480000,TSLA,2026-09-25,P,480.0,122.1,23.0,128.1,25.0,0.0,0.0,0.0,-0.993,0.001,0.0196,-0.058,-0.024,125.5509,0.0,0.0,0.0,0.0,no_change,127.0,2026-08-25T14:53:28,0.0,124.025001525879,354.53,2026-09-02 15:44:18,2026-09-02 11:45:02
TSLA,TSLA260925P00485000,TSLA,2026-09-25,P,485.0,126.95,10.0,133.1,16.0,0.0,0.0,0.0,-0.9943,0.0008,0.0115,-0.0547,-0.0081,130.5455,0.0,0.0,0.0,0.0,no_change,0.0,,0.0,129.024997711182,354.53,2026-09-02 15:44:18,2026-09-02 11:45:02
TSLA,TSLA260925P00490000,TSLA,2026-09-25,P,490.0,131.95,16.0,138.1,16.0,0.0,1.0,0.0,-0.9953,0.0007,0.0056,-0.0517,-0.008,135.5421,0.0,0.0,0.0,0.0,down,138.55,2026-08-31T09:41:26,0.0,134.150001525879,354.53,2026-09-02 15:44:18,2026-09-02 11:45:02
TSLA,TSLA260925P00495000,TSLA,2026-09-25,P,495.0,137.05,28.0,143.1,25.0,0.0,0.0,0.0,-0.9962,0.0006,0.0052,-0.0489,-0.0078,140.539,0.0,0.0,0.0,0.0,no_change,0.0,,0.0,139.150001525879,354.53,2026-09-02 15:44:18,2026-09-02 11:45:02
TSLA,TSLA260925P00500000,TSLA,2026-09-25,P,500.0,141.9,25.0,148.7,25.0,0.0,0.0,0.0,-0.997,0.0005,0.0048,-0.0464,-0.0078,145.5363,0.0,0.0,0.0,0.0,no_change,0.0,,0.0,144.099998474121,354.53,2026-09-02 15:44:18,2026-09-02 11:45:02
TSLA,TSLA260925P00505000,TSLA,2026-09-25,P,505.0,147.1,24.0,153.55,25.0,0.0,0.0,0.0,-0.9976,0.0004,0.0045,-0.0442,-0.0078,150.5338,0.0,0.0,0.0,0.0,no_change,0.0,,0.0,149.200004577637,354.53,2026-09-02 15:44:18,2026-09-02 11:45:02
TSLA,TSLA260925P00510000,TSLA,2026-09-25,P,510.0,152.1,28.0,158.35,25.0,0.0,0.0,0.0,-0.9983,0.0003,0.0042,-0.0421,-0.0076,155.5314,0.0,0.0,0.0,0.0,no_change,0.0,,0.0,154.200004577637,354.53,2026-09-02 15:44:18,2026-09-02 11:45:02
TSLA,TSLA260925P00515000,TSLA,2026-09-25,P,515.0,157.1,25.0,163.35,25.0,0.0,0.0,0.0,-0.9988,0.0002,0.004,-0.0402,-0.0053,160.5293,0.0,0.0,0.0,0.0,no_change,0.0,,0.0,159.200004577637,354.53,2026-09-02 15:44:18,2026-09-02 11:45:02
TSLA,TSLA260925P00520000,TSLA,2026-09-25,P,520.0,162.1,16.0,168.35,16.0,0.0,0.0,0.0,-0.9991,0.0002,0.0023,-0.0397,0.0,165.5288,0.0,0.0,0.0,0.0,down,163.1,2026-08-28T09:42:20,0.0,164.300003051758,354.53,2026-09-02 15:44:18,2026-09-02 11:45:02
TSLA,TSLA260925P00525000,TSLA,2026-09-25,P,525.0,166.95,16.0,173.35,16.0,0.0,0.0,0.0,-0.9992,0.0001,0.0002,-0.0397,0.0,170.5288,0.0,0.0,0.0,0.0,no_change,0.0,,0.0,169.25,354.53,2026-09-02 15:44:18,2026-09-02 11:45:02
TSLA,TSLA260925P00530000,TSLA,2026-09-25,P,530.0,172.0,16.0,178.35,16.0,0.0,0.0,0.0,-0.9994,0.0001,0.0,-0.0397,0.0,175.5288,0.0,0.0,0.0,0.0,no_change,0.0,,0.0,174.150001525879,354.53,2026-09-02 15:44:18,2026-09-02 11:45:02
TSLA,TSLA260925P00535000,TSLA,2026-09-25,P,535.0,176.95,16.0,183.35,16.0,0.0,0.0,0.0,-0.9995,0.0001,0.0,-0.0397,0.0,180.5288,0.0,0.0,0.0,0.0,no_change,0.0,,0.0,179.0,354.53,2026-09-02 15:44:18,2026-09-02 11:45:02
TSLA,TSLA260925P00540000,TSLA,2026-09-25,P,540.0,182.05,10.0,188.35,16.0,0.0,0.0,0.0,-0.9996,0.0001,0.0,-0.0397,0.0,185.5288,0.0,0.0,0.0,0.0,no_change,0.0,,0.0,184.150001525879,354.53,2026-09-02 15:44:18,2026-09-02 11:45:02
TSLA,TSLA260925P00545000,TSLA,2026-09-25,P,545.0,186.95,25.0,193.35,24.0,0.0,0.0,0.0,-0.9997,0.0,0.0,-0.0397,0.0,190.5288,0.0,0.0,0.0,0.0,no_change,0.0,,0.0,189.275001525879,354.53,2026-09-02 15:44:18,2026-09-02 11:45:02
TSLA,TSLA260925P00550000,TSLA,2026-09-25,P,550.0,191.95,26.0,198.35,26.0,0.0,0.0,0.0,-0.9998,0.0,0.0,-0.0397,0.0,195.5288,0.0,0.0,0.0,0.0,no_change,0.0,,0.0,194.150001525879,354.53,2026-09-02 15:44:18,2026-09-02 11:45:02
TSLA,TSLA260925P00555000,TSLA,2026-09-25,P,555.0,196.95,25.0,203.35,25.0,0.0,0.0,0.0,-0.9999,0.0,0.0,-0.0397,0.0,200.5288,0.0,0.0,0.0,0.0,no_change,0.0,,0.0,199.224998474121,354.53,2026-09-02 15:44:18,2026-09-02 11:45:02
TSLA,TSLA260925P00560000,TSLA,2026-09-25,P,560.0,202.05,17.0,208.35,16.0,0.0,0.0,0.0,-1.0,0.0,0.0,-0.0397,0.0,205.5288,0.0,0.0,0.0,0.0,no_change,0.0,,0.0,204.324996948242,354.53,2026-09-02 15:44:18,2026-09-02 11:45:02
TSLA,TSLA260925P00565000,TSLA,2026-09-25,P,565.0,207.05,26.0,213.15,16.0,0.0,0.0,0.0,-1.0,0.0,0.0,-0.0397,0.0,210.5288,0.0,0.0,0.0,0.0,no_change,0.0,,0.0,209.375,354.53,2026-09-02 15:44:18,2026-09-02 11:45:02
TSLA,TSLA260925P00570000,TSLA,2026-09-25,P,570.0,212.05,26.0,218.15,16.0,0.0,0.0,0.0,-1.0,0.0,0.0,-0.0397,0.0,215.5288,0.0,0.0,0.0,0.0,no_change,0.0,,0.0,214.375,354.53,2026-09-02 15:44:18,2026-09-02 11:45:02
TSLA,TSLA260925P00575000,TSLA,2026-09-25,P,575.0,217.05,26.0,223.15,16.0,0.0,0.0,0.0,-1.0,0.0,0.0,-0.0397,0.0,220.5288,0.0,0.0,0.0,0.0,no_change,0.0,,0.0,219.375,354.53,2026-09-02 15:44:18,2026-09-02 11:45:02
TSLA,TSLA260925P00580000,TSLA,2026-09-25,P,580.0,222.0,10.0,227.95,16.0,0.0,0.0,0.0,-1.0,0.0,0.0,-0.0397,0.0,225.5288,0.0,0.0,0.0,0.0,no_change,0.0,,0.0,224.375,354.53,2026-09-02 15:44:18,2026-09-02 11:45:02
TSLA,TSLA260925P00585000,TSLA,2026-09-25,P,585.0,227.05,24.0,232.95,25.0,0.0,0.0,0.0,-1.0,0.0,0.0,-0.0397,0.0,230.5288,0.0,0.0,0.0,0.0,no_change,0.0,,0.0,229.375,354.53,2026-09-02 15:44:18,2026-09-02 11:45:02
TSLA,TSLA260925P00590000,TSLA,2026-09-25,P,590.0,232.05,25.0,238.1,25.0,0.0,0.0,0.0,-1.0,0.0,0.0,-0.0397,0.0,235.5288,0.0,0.0,0.0,0.0,no_change,0.0,,0.0,234.375,354.53,2026-09-02 15:44:18,2026-09-02 11:45:02
TSLA,TSLA260925P00595000,TSLA,2026-09-25,P,595.0,237.05,26.0,243.1,26.0,0.0,0.0,0.0,-1.0,0.0,0.0,-0.0397,0.0,240.5288,0.0,0.0,0.0,0.0,no_change,0.0,,0.0,239.375,354.53,2026-09-02 15:44:18,2026-09-02 11:45:02
TSLA,TSLA260925P00600000,TSLA,2026-09-25,P,600.0,242.05,24.0,248.1,24.0,0.0,0.0,0.0,-1.0,0.0,0.0,-0.0397,0.0,245.5288,0.0,0.0,0.0,0.0,no_change,0.0,,0.0,244.375,354.53,2026-09-02 15:44:18,2026-09-02 11:45:02
TSLA,TSLA260925P00605000,TSLA,2026-09-25,P,605.0,247.05,23.0,253.1,23.0,0.0,0.0,0.0,-1.0,0.0,0.0,-0.0397,0.0,250.5288,0.0,0.0,0.0,0.0,no_change,0.0,,0.0,249.150001525879,354.53,2026-09-02 15:44:18,2026-09-02 11:45:02
TSLA,TSLA260925P00610000,TSLA,2026-09-25,P,610.0,252.05,16.0,258.1,16.0,0.0,0.0,0.0,-1.0,0.0,0.0,-0.0397,0.0,255.5288,0.0,0.0,0.0,0.0,no_change,0.0,,0.0,254.375,354.53,2026-09-02 15:44:18,2026-09-02 11:45:02
TSLA,TSLA260925P00615000,TSLA,2026-09-25,P,615.0,257.05,25.0,263.1,25.0,0.0,0.0,0.0,-1.0,0.0,0.0,-0.0397,0.0,260.5288,0.0,0.0,0.0,0.0,no_change,0.0,,0.0,259.375,354.53,2026-09-02 15:44:18,2026-09-02 11:45:02
TSLA,TSLA261002C00050000,TSLA,2026-10-02,C,50.0,300.95,16.0,308.3,16.0,0.0,0.0,0.0,0.9999,0.0,0.0007,0.0,0.0436,304.7214,0.0,0.0,0.0,0.0,no_change,0.0,,0.0,306.074996948242,354.53,2026-09-02 15:44:18,2026-09-02 11:45:02
TSLA,TSLA261002C00060000,TSLA,2026-10-02,C,60.0,290.9,16.0,298.3,16.0,0.0,0.0,0.0,0.9999,0.0,0.0009,0.0,0.0523,294.7623,0.0,0.0,0.0,0.0,no_change,0.0,,0.0,296.149993896484,354.53,2026-09-02 15:44:18,2026-09-02 11:45:02
TSLA,TSLA261002C00070000,TSLA,2026-10-02,C,70.0,280.75,17.0,288.45,16.0,0.0,0.0,0.0,0.9998,0.0,0.0012,0.0,0.061,284.8034,0.0,0.0,0.0,0.0,no_change,0.0,,0.0,286.149993896484,354.53,2026-09-02 15:44:18,2026-09-02 11:45:02
TSLA,TSLA261002C00080000,TSLA,2026-10-02,C,80.0,271.05,16.0,278.25,16.0,0.0,1.0,0.0,0.9997,0.0,0.0014,0.0,0.0697,274.8448,0.0,0.0,0.0,0.0,up,273.03,2026-08-25T15:08:32,0.0,276.175003051758,354.53,2026-09-02 15:44:18,2026-09-02 11:45:02
TSLA,TSLA261002C00090000,TSLA,2026-10-02,C,90.0,261.0,16.0,268.45,16.0,0.0,0.0,0.0,0.9996,0.0,0.0018,0.0,0.0784,264.8866,0.0,0.0,0.0,0.0,no_change,0.0,,0.0,266.25,354.53,2026-09-02 15:44:18,2026-09-02 11:45:02
TSLA,TSLA261002C00100000,TSLA,2026-10-02,C,100.0,251.1,16.0,258.35,16.0,0.0,2.0,0.0,0.9995,0.0,0.0021,0.0,0.0871,254.9289,0.0,0.0,0.0,0.0,up,253.48,2026-08-25T15:06:36,0.0,256.250007629395,354.53,2026-09-02 15:44:18,2026-09-02 11:45:02
TSLA,TSLA261002C00110000,TSLA,2026-10-02,C,110.0,241.25,16.0,248.45,16.0,0.0,0.0,0.0,0.9994,0.0,0.0026,0.0,0.0958,244.9718,0.0,0.0,0.0,0.0,no_change,0.0,,0.0,246.300003051758,354.53,2026-09-02 15:44:18,2026-09-02 11:45:02
TSLA,TSLA261002C00120000,TSLA,2026-10-02,C,120.0,231.0,16.0,238.4,16.0,0.0,0.0,0.0,0.9992,0.0,0.0031,0.0,0.1044,235.0152,0.0,0.0,0.0,0.0,no_change,0.0,,0.0,236.350006103516,354.53,2026-09-02 15:44:18,2026-09-02 11:45:02
TSLA,TSLA261002C00130000,TSLA,2026-10-02,C,130.0,221.0,16.0,228.55,16.0,0.0,5.0,0.0,0.999,0.0,0.0037,0.0,0.1131,225.0595,0.0,0.0,0.0,0.0,up,217.92,2026-08-19T11:25:22,0.0,226.375,354.53,2026-09-02 15:44:18,2026-09-02 11:45:02
TSLA,TSLA261002C00140000,TSLA,2026-10-02,C,140.0,211.15,18.0,218.75,16.0,0.0,0.0,0.0,0.9988,0.0,0.0045,0.0,0.1217,215.1047,0.0,0.0,0.0,0.0,no_change,0.0,,0.0,216.349998474121,354.53,2026-09-02 15:44:18,2026-09-02 11:45:02
TSLA,TSLA261002C00150000,TSLA,2026-10-02,C,150.0,201.2,16.0,208.7,17.0,0.0,5.0,0.0,0.9985,0.0,0.0054,0.0,0.1304,205.1511,0.0,0.0,0.0,0.0,up,198.5,2026-08-19T11:24:32,0.0,206.400001525879,354.53,2026-09-02 15:44:18,2026-09-02 11:45:02
TSLA,TSLA261002C00160000,TSLA,2026-10-02,C,160.0,191.6,20.0,198.6,20.0,0.0,0.0,0.0,0.9981,0.0001,0.0065,0.0,0.139,195.1989,0.0,0.0,0.0,0.0,no_change,0.0,,0.0,196.599998474121,354.53,2026-09-02 15:44:18,2026-09-02 11:45:02
TSLA,TSLA261002C00170000,TSLA,2026-10-02,C,170.0,181.4,20.0,188.65,18.0,0.0,0.0,0.0,0.9977,0.0001,0.0078,0.0,0.1475,185.2485,0.0,0.0,0.0,0.0,no_change,0.0,,0.0,186.424995422363,354.53,2026-09-02 15:44:18,2026-09-02 11:45:02
TSLA,TSLA261002C00180000,TSLA,2026-10-02,C,180.0,171.9,20.0,178.95,20.0,1.0015,0.0,0.0,0.9971,0.0001,0.0094,0.0,0.1561,175.3003,0.0,0.0,0.0,0.0,no_change,0.0,,0.0,176.574996948242,354.53,2026-09-02 15:44:18,2026-09-02 11:45:02
TSLA,TSLA261002C00190000,TSLA,2026-10-02,C,190.0,161.55,20.0,168.9,20.0,0.0,0.0,0.0,0.9964,0.0001,0.0114,0.0,0.1646,165.3548,0.0,0.0,0.0,0.0,no_change,0.0,,0.0,166.75,354.53,2026-09-02 15:44:18,2026-09-02 11:45:02
TSLA,TSLA261002C00200000,TSLA,2026-10-02,C,200.0,151.7,20.0,159.05,17.0,0.7715,1.0,0.0,0.9955,0.0002,0.0138,0.0,0.173,155.4127,0.0,0.0,0.0,0.0,down,159.32,2026-09-01T10:40:39,0.0,157.0,354.53,2026-09-02 15:44:18,2026-09-02 11:45:02
TSLA,TSLA261002C00210000,TSLA,2026-10-02,C,210.0,141.65,20.0,148.9,20.0,0.0,0.0,0.0,0.9944,0.0002,0.0168,-0.0016,0.1814,145.4751,0.0,0.0,0.0,0.0,no_change,0.0,,0.0,146.774993896484,354.53,2026-09-02 15:44:18,2026-09-02 11:45:02
TSLA,TSLA261002C00220000,TSLA,2026-10-02,C,220.0,132.15,20.0,139.05,20.0,0.7372,0.0,0.0,0.9929,0.0003,0.0206,-0.0058,0.1897,135.5432,0.0,0.0,0.0,0.0,no_change,0.0,,0.0,136.924995422363,354.53,2026-09-02 15:44:18,2026-09-02 11:45:02
TSLA,TSLA261002C00230000,TSLA,2026-10-02,C,230.0,122.25,25.0,129.0,26.0,0.6702,1.0,0.0,0.991,0.0004,0.0253,-0.0106,0.1978,125.6193,0.0,0.0,0.0,0.0,down,114.61,2026-08-20T11:21:11,0.0,126.875,354.53,2026-09-02 15:44:18,2026-09-02 11:45:02
TSLA,TSLA261002C00235000,TSLA,2026-10-02,C,235.0,117.05,17.0,124.1,17.0,0.6099,1.0,0.0,0.9899,0.0004,0.0281,-0.0133,0.2018,120.6613,0.0,0.0,0.0,0.0,up,124.62,2026-08-21T10:06:48,0.0,122.150001525879,354.53,2026-09-02 15:44:18,2026-09-02 11:45:02
TSLA,TSLA261002C00240000,TSLA,2026-10-02,C,240.0,111.95,17.0,119.1,16.0,0.5404,1.0,0.0,0.9885,0.0005,0.0313,-0.0162,0.2057,115.7065,0.0,0.0,0.0,0.0,up,124.52,2026-08-21T11:04:18,0.0,117.200000762939,354.53,2026-09-02 15:44:18,2026-09-02 11:45:02
TSLA,TSLA261002C00245000,TSLA,2026-10-02,C,245.0,107.65,25.0,114.35,29.0,0.665,0.0,0.0,0.9869,0.0006,0.035,-0.0193,0.2096,110.7559,0.0,0.0,0.0,0.0,no_change,0.0,,0.0,112.225002288818,354.53,2026-09-02 15:44:18,2026-09-02 11:45:02
TSLA,TSLA261002C00250000,TSLA,2026-10-02,C,250.0,104.1,30.0,109.1,33.0,0.7221,18.0,0.0,0.9851,0.0006,0.0392,-0.0228,0.2133,105.8106,0.0,0.0,0.0,0.0,down,106.0,2026-08-27T12:55:38,0.0,107.224998474121,354.53,2026-09-02 15:44:18,2026-09-02 11:45:02
TSLA,TSLA261002C00255000,TSLA,2026-10-02,C,255.0,97.95,30.0,104.4,31.0,0.6264,0.0,0.0,0.9829,0.0007,0.0441,-0.0267,0.217,100.872,0.0,0.0,0.0,0.0,up,108.0,2026-08-31T10:24:46,0.0,102.225002288818,354.53,2026-09-02 15:44:18,2026-09-02 11:45:02
TSLA,TSLA261002C00260000,TSLA,2026-10-02,C,260.0,93.0,24.0,99.35,27.0,0.592,4.0,0.0,0.9802,0.0009,0.0499,-0.0311,0.2205,95.9422,0.0,0.0,0.0,0.0,up,105.47,2026-08-31T11:40:02,0.0,97.3000030517578,354.53,2026-09-02 15:44:18,2026-09-02 11:45:02
TSLA,TSLA261002C00265000,TSLA,2026-10-02,C,265.0,88.6,34.0,92.7,34.0,0.4309,3.0,0.0,0.977,0.001,0.0567,-0.0362,0.2238,91.0241,0.0,0.0,0.0,0.0,down,83.18,2026-08-28T13:10:38,0.0,92.5,354.53,2026-09-02 15:44:18,2026-09-02 11:45:02
TSLA,TSLA261002C00270000,TSLA,2026-10-02,C,270.0,83.95,35.0,89.15,34.0,0.5741,7.0,0.0,0.973,0.0012,0.0648,-0.0421,0.2269,86.1214,0.0,0.0,0.0,0.0,down,89.5,2026-09-01T15:51:15,0.0,87.1500015258789,354.53,2026-09-02 15:44:18,2026-09-02 11:45:02
TSLA,TSLA261002C00275000,TSLA,2026-10-02,C,275.0,79.35,34.0,82.75,34.0,0.4729,0.0,0.0,0.968,0.0014,0.0745,-0.049,0.2296,81.2395,0.0,0.0,0.0,0.0,no_change,0.0,,0.0,82.4500007629394,354.53,2026-09-02 15:44:18,2026-09-02 11:45:02
TSLA,TSLA261002C00280000,TSLA,2026-10-02,C,280.0,74.1,34.0,78.15,36.0,0.4533,24.0,0.0,0.9618,0.0017,0.086,-0.0571,0.232,76.3852,0.0,0.0,0.0,0.0,down,79.43,2026-09-01T12:21:22,0.0,78.0,354.53,2026-09-02 15:44:18,2026-09-02 11:45:02
TSLA,TSLA261002C00285000,TSLA,2026-10-02,C,285.0,70.55,31.0,73.4,38.0,0.5137,20.0,0.0,0.9541,0.002,0.0998,-0.0667,0.2338,71.5669,0.0,0.0,0.0,0.0,down,74.61,2026-09-01T12:21:22,0.0,73.3500022888184,354.53,2026-09-02 15:44:18,2026-09-02 11:45:02
TSLA,TSLA261002C00290000,TSLA,2026-10-02,C,290.0,66.15,23.0,67.35,22.0,0.4604,10.0,5.0,0.9444,0.0024,0.116,-0.078,0.235,66.7959,-0.05,68.45,68.45,68.45,down,68.45,2026-09-02T10:32:28,-0.0729927,68.5,354.53,2026-09-02 15:44:18,2026-09-02 11:45:02
TSLA,TSLA261002C00295000,TSLA,2026-10-02,C,295.0,61.35,28.0,63.25,35.0,0.4704,29.0,0.0,0.9324,0.0028,0.135,-0.091,0.2354,62.0847,0.0,0.0,0.0,0.0,down,61.9,2026-09-01T14:39:08,0.0,63.8500003814697,354.53,2026-09-02 15:44:18,2026-09-02 11:45:02
TSLA,TSLA261002C00300000,TSLA,2026-10-02,C,300.0,56.7,21.0,58.5,35.0,0.4429,12.0,0.0,0.9177,0.0033,0.1566,-0.1058,0.235,57.4493,0.0,0.0,0.0,0.0,down,61.45,2026-09-01T09:50:33,0.0,59.0,354.53,2026-09-02 15:44:18,2026-09-02 11:45:02
TSLA,TSLA261002C00305000,TSLA,2026-10-02,C,305.0,51.7,56.0,54.05,39.0,0.4369,50.0,0.0,0.8998,0.0039,0.1811,-0.1223,0.2334,52.907,0.0,0.0,0.0,0.0,down,53.6,2026-09-01T14:13:11,0.0,54.5250015258789,354.53,2026-09-02 15:44:18,2026-09-02 11:45:02
TSLA,TSLA261002C00310000,TSLA,2026-10-02,C,310.0,47.65,51.0,49.4,86.0,0.4346,36.0,0.0,0.8784,0.0046,0.2076,-0.1403,0.2307,48.478,0.0,0.0,0.0,0.0,down,52.0,2026-09-01T09:56:20,0.0,49.6750011444092,354.53,2026-09-02 15:44:18,2026-09-02 11:45:02
TSLA,TSLA261002C00315000,TSLA,2026-10-02,C,315.0,43.65,118.0,44.65,134.0,0.4223,39.0,31.0,0.8532,0.0053,0.236,-0.1595,0.2266,44.1838,-1.375,42.95,45.2,42.95,down,44.3,2026-09-02T11:28:33,-3.0104,45.6749992370606,354.53,2026-09-02 15:44:18,2026-09-02 11:45:02
TSLA,TSLA261002C00320000,TSLA,2026-10-02,C,320.0,38.95,139.0,41.05,150.0,0.4207,57.0,14.0,0.8241,0.006,0.2653,-0.1792,0.2211,40.0464,-0.92,45.3,45.3,37.99,up,40.28,2026-09-02T11:22:34,-2.23301,41.1999988555908,354.53,2026-09-02 15:44:18,2026-09-02 11:45:02
TSLA,TSLA261002C00325000,TSLA,2026-10-02,C,325.0,35.8,14.0,36.65,117.0,0.4234,23.0,4.0,0.7911,0.0067,0.2942,-0.1988,0.2144,36.089,-2.075,36.75,37.1,35.1,down,35.1,2026-09-02T11:05:09,-5.58171,37.1749992370606,354.53,2026-09-02 15:44:18,2026-09-02 11:45:02
TSLA,TSLA261002C00330000,TSLA,2026-10-02,C,330.0,32.0,142.0,32.85,242.0,0.4187,301.0,66.0,0.7544,0.0074,0.3221,-0.2176,0.2062,32.3334,-0.78,37.1,37.1,29.46,up,32.87,2026-09-02T11:24:45,-2.31798,33.6500015258789,354.53,2026-09-02 15:44:18,2026-09-02 11:45:02
TSLA,TSLA261002C00335000,TSLA,2026-10-02,C,335.0,28.55,27.0,29.3,187.0,0.4176,236.0,8.0,0.7141,0.008,0.3476,-0.2349,0.1967,28.7871,-1.525,30.44,30.44,26.65,down,28.35,2026-09-02T10:52:49,-5.1046,29.875,354.53,2026-09-02 15:44:18,2026-09-02 11:45:02
TSLA,TSLA261002C00340000,TSLA,2026-10-02,C,340.0,25.15,198.0,25.95,195.0,0.4133,278.0,37.0,0.6712,0.0086,0.3693,-0.2498,0.1863,25.5026,-2.65,24.2,26.05,23.15,up,23.85,2026-09-02T11:00:46,-10.0,26.5,354.53,2026-09-02 15:44:18,2026-09-02 11:45:02
TSLA,TSLA261002C00345000,TSLA,2026-10-02,C,345.0,22.3,26.0,22.85,178.0,0.4141,162.0,33.0,0.626,0.009,0.3868,-0.2619,0.1748,22.4572,-1.775,24.17,24.17,20.3,up,21.65,2026-09-02T11:06:17,-7.57737,23.4249992370605,354.53,2026-09-02 15:44:18,2026-09-02 11:45:02
TSLA,TSLA261002C00350000,TSLA,2026-10-02,C,350.0,19.5,129.0,19.7,1.0,0.4127,660.0,144.0,0.5795,0.0093,0.399,-0.2706,0.1627,19.6691,-0.725,23.25,23.25,17.5,down,19.8,2026-09-02T11:28:06,-3.53228,20.5250005722046,354.53,2026-09-02 15:44:18,2026-09-02 11:45:02
TSLA,TSLA261002C00355000,TSLA,2026-10-02,C,355.0,17.05,83.0,17.25,34.0,0.4113,491.0,2460.0,0.5323,0.0094,0.4057,-0.2757,0.1503,17.1321,-0.565,19.23,19.23,15.2,up,17.36,2026-09-02T11:27:51,-3.15202,17.9250001907349,354.53,2026-09-02 15:44:18,2026-09-02 11:45:02
TSLA,TSLA261002C00360000,TSLA,2026-10-02,C,360.0,14.75,56.0,14.95,49.0,0.411,1122.0,552.0,0.4857,0.0095,0.4068,-0.2771,0.1377,14.8689,-0.45,17.75,17.75,13.0,up,15.25,2026-09-02T11:26:58,-2.86624,15.7000002861023,354.53,2026-09-02 15:44:18,2026-09-02 11:45:02
TSLA,TSLA261002C00365000,TSLA,2026-10-02,C,365.0,12.75,24.0,12.95,37.0,0.4126,430.0,183.0,0.4401,0.0093,0.4024,-0.2749,0.1252,12.8484,-0.45,14.7,14.85,11.2,no_change,13.1,2026-09-02T11:27:27,-3.32103,13.5499997138977,354.53,2026-09-02 15:44:18,2026-09-02 11:45:02
TSLA,TSLA261002C00370000,TSLA,2026-10-02,C,370.0,10.95,175.0,11.15,56.0,0.4139,807.0,487.0,0.3961,0.0091,0.3934,-0.2695,0.1131,11.0563,-0.265,12.58,12.85,9.5,no_change,11.36,2026-09-02T11:24:09,-2.27957,11.625,354.53,2026-09-02 15:44:18,2026-09-02 11:45:02
TSLA,TSLA261002C00375000,TSLA,2026-10-02,C,375.0,9.4,58.0,9.6,62.0,0.4165,425.0,103.0,0.3544,0.0087,0.3799,-0.2613,0.1014,9.4837,-0.275,10.95,10.95,8.16,up,9.7,2026-09-02T11:20:17,-2.7569,9.97500038146973,354.53,2026-09-02 15:44:18,2026-09-02 11:45:02
TSLA,TSLA261002C00380000,TSLA,2026-10-02,C,380.0,8.05,100.0,8.25,82.0,0.419,1612.0,603.0,0.3158,0.0083,0.3633,-0.251,0.0906,8.1274,-0.15,9.3,9.35,7.0,up,8.35,2026-09-02T11:22:58,-1.76471,8.5,354.53,2026-09-02 15:44:18,2026-09-02 11:45:02
TSLA,TSLA261002C00385000,TSLA,2026-10-02,C,385.0,6.85,66.0,7.05,67.0,0.4212,347.0,114.0,0.28,0.0078,0.3441,-0.2388,0.0805,6.9461,-0.2,7.6,7.6,5.9,down,7.05,2026-09-02T11:18:12,-2.75862,7.25,354.53,2026-09-02 15:44:18,2026-09-02 11:45:02
TSLA,TSLA261002C00390000,TSLA,2026-10-02,C,390.0,5.85,74.0,6.0,82.0,0.4239,1411.0,351.0,0.2473,0.0073,0.3232,-0.2254,0.0711,5.9333,0.0,6.83,6.83,5.0,up,6.15,2026-09-02T11:25:56,-1.55069e-06,6.15000009536743,354.53,2026-09-02 15:44:18,2026-09-02 11:45:02
TSLA,TSLA261002C00395000,TSLA,2026-10-02,C,395.0,5.0,66.0,5.15,89.0,0.4278,427.0,185.0,0.2179,0.0067,0.3016,-0.2114,0.0628,5.0702,0.0,4.6,5.4,4.31,up,5.2,2026-09-02T11:22:53,-9.16995e-07,5.20000004768372,354.53,2026-09-02 15:44:18,2026-09-02 11:45:02
TSLA,TSLA261002C00400000,TSLA,2026-10-02,C,400.0,4.25,78.0,4.4,149.0,0.4311,1325.0,559.0,0.1916,0.0062,0.2794,-0.1972,0.0552,4.3346,-0.005,5.2,5.3,3.67,down,4.42,2026-09-02T11:27:32,-0.112993,4.42499995231628,354.53,2026-09-02 15:44:18,2026-09-02 11:45:02
TSLA,TSLA261002C00405000,TSLA,2026-10-02,C,405.0,3.65,38.0,3.8,249.0,0.4362,316.0,42.0,0.1683,0.0056,0.2579,-0.1832,0.0486,3.7121,-0.025,4.0,4.0,3.2,up,3.75,2026-09-02T11:12:12,-0.662251,3.77499997615814,354.53,2026-09-02 15:44:18,2026-09-02 11:45:02
TSLA,TSLA261002C00410000,TSLA,2026-10-02,C,410.0,3.1,86.0,3.25,183.0,0.4397,900.0,22.0,0.1478,0.0051,0.2368,-0.1696,0.0426,3.1869,0.1,3.3,3.4,2.75,up,3.3,2026-09-02T11:22:14,3.125,3.19999992847443,354.53,2026-09-02 15:44:18,2026-09-02 11:45:02
TSLA,TSLA261002C00415000,TSLA,2026-10-02,C,415.0,2.69,61.0,2.78,70.0,0.4452,265.0,30.0,0.1299,0.0046,0.2171,-0.1567,0.0375,2.7452,0.035,2.59,2.81,2.41,down,2.77,2026-09-02T11:20:57,1.27971,2.73500001430511,354.53,2026-09-02 15:44:18,2026-09-02 11:45:02
TSLA,TSLA261002C00420000,TSLA,2026-10-02,C,420.0,2.32,60.0,2.41,72.0,0.4504,527.0,28.0,0.1143,0.0042,0.1986,-0.1446,0.033,2.3738,0.1,2.55,2.55,1.97,up,2.45,2026-09-02T11:23:40,4.25532,2.35000002384186,354.53,2026-09-02 15:44:18,2026-09-02 11:45:02
TSLA,TSLA261002C00425000,TSLA,2026-10-02,C,425.0,2.01,74.0,2.09,99.0,0.4556,323.0,16.0,0.1008,0.0038,0.1814,-0.1334,0.029,2.0619,-0.095,1.71,1.96,1.71,up,1.93,2026-09-02T11:11:12,-4.69136,2.02499997615814,354.53,2026-09-02 15:44:18,2026-09-02 11:45:02
TSLA,TSLA261002C00430000,TSLA,2026-10-02,C,430.0,1.76,20.0,1.83,103.0,0.462,733.0,34.0,0.0891,0.0034,0.166,-0.1232,0.0257,1.8009,-0.015,1.8,1.82,1.5,up,1.74,2026-09-02T11:11:18,-0.854701,1.75499999523163,354.53,2026-09-02 15:44:18,2026-09-02 11:45:02
TSLA,TSLA261002C00435000,TSLA,2026-10-02,C,435.0,1.54,41.0,1.61,93.0,0.4684,227.0,31.0,0.079,0.0031,0.1516,-0.1138,0.0228,1.5808,0.115,1.45,1.65,1.45,up,1.65,2026-09-02T10:43:38,7.49185,1.53500002622604,354.53,2026-09-02 15:44:18,2026-09-02 11:45:02
TSLA,TSLA261002C00440000,TSLA,2026-10-02,C,440.0,1.36,30.0,1.42,129.0,0.4752,646.0,6.0,0.0704,0.0028,0.1388,-0.1054,0.0203,1.3953,0.065,1.26,1.42,1.25,up,1.41,2026-09-02T10:37:02,4.83272,1.34499996900558,354.53,2026-09-02 15:44:18,2026-09-02 11:45:02
TSLA,TSLA261002C00445000,TSLA,2026-10-02,C,445.0,1.2,49.0,1.27,110.0,0.4821,268.0,1.0,0.0629,0.0025,0.1275,-0.0979,0.0181,1.2397,0.04,1.24,1.24,1.24,up,1.24,2026-09-02T10:26:29,3.33333,1.19999998807907,354.53,2026-09-02 15:44:18,2026-09-02 11:45:02
TSLA,TSLA261002C00450000,TSLA,2026-10-02,C,450.0,1.08,17.0,1.13,124.0,0.4896,890.0,42.0,0.0565,0.0023,0.117,-0.091,0.0162,1.107,0.07,0.99,1.14,0.97,up,1.13,2026-09-02T11:27:32,6.60377,1.06000000238419,354.53,2026-09-02 15:44:18,2026-09-02 11:45:02
TSLA,TSLA261002C00455000,TSLA,2026-10-02,C,455.0,0.96,102.0,1.02,108.0,0.4968,116.0,14.0,0.0509,0.002,0.1078,-0.0849,0.0146,0.9945,0.035,1.0,1.0,0.99,down,0.99,2026-09-02T10:43:02,3.66492,0.955000013113022,354.53,2026-09-02 15:44:18,2026-09-02 11:45:02
TSLA,TSLA261002C00460000,TSLA,2026-10-02,C,460.0,0.87,38.0,0.92,97.0,0.5045,247.0,1.0,0.0461,0.0019,0.0997,-0.0795,0.0132,0.8985,-0.015,0.85,0.85,0.85,down,0.85,2026-09-02T09:37:28,-1.7341,0.864999979734421,354.53,2026-09-02 15:44:18,2026-09-02 11:45:02
TSLA,TSLA261002C00465000,TSLA,2026-10-02,C,465.0,0.79,32.0,0.84,103.0,0.5127,53.0,2.0,0.0418,0.0017,0.0922,-0.0745,0.012,0.8152,0.045,0.83,0.83,0.83,up,0.83,2026-09-02T11:12:15,5.73248,0.784999996423721,354.53,2026-09-02 15:44:18,2026-09-02 11:45:02
TSLA,TSLA261002C00470000,TSLA,2026-10-02,C,470.0,0.72,34.0,0.77,120.0,0.5207,608.0,47.0,0.0382,0.0016,0.0855,-0.0701,0.0109,0.744,0.035,0.75,0.75,0.75,no_change,0.75,2026-09-02T10:42:24,4.8951,0.715000003576279,354.53,2026-09-02 15:44:18,2026-09-02 11:45:02
TSLA,TSLA261002C00475000,TSLA,2026-10-02,C,475.0,0.66,141.0,0.71,119.0,0.529,95.0,0.0,0.035,0.0014,0.0796,-0.0661,0.01,0.6818,0.0,0.0,0.0,0.0,down,0.69,2026-09-01T12:02:06,0.0,0.655000001192093,354.53,2026-09-02 15:44:18,2026-09-02 11:45:02
TSLA,TSLA261002C00480000,TSLA,2026-10-02,C,480.0,0.61,41.0,0.65,83.0,0.5371,156.0,0.0,0.0321,0.0013,0.0743,-0.0624,0.0092,0.6269,0.0,0.0,0.0,0.0,no_change,0.59,2026-09-01T15:32:37,0.0,0.604999989271164,354.53,2026-09-02 15:44:18,2026-09-02 11:45:02
TSLA,TSLA261002C00485000,TSLA,2026-10-02,C,485.0,0.56,65.0,0.61,89.0,0.5456,27.0,0.0,0.0296,0.0012,0.0694,-0.0591,0.0084,0.5789,0.0,0.0,0.0,0.0,down,0.57,2026-09-01T12:58:49,0.0,0.560000002384186,354.53,2026-09-02 15:44:18,2026-09-02 11:45:02
TSLA,TSLA261002C00490000,TSLA,2026-10-02,C,490.0,0.52,51.0,0.56,120.0,0.5534,180.0,10.0,0.0273,0.0011,0.0649,-0.056,0.0078,0.5362,0.02,0.54,0.54,0.54,no_change,0.54,2026-09-02T09:30:09,3.84615,0.520000010728836,354.53,2026-09-02 15:44:18,2026-09-02 11:45:02
TSLA,TSLA261002C00495000,TSLA,2026-10-02,C,495.0,0.49,10.0,0.52,73.0,0.562,141.0,0.0,0.0253,0.001,0.0609,-0.0533,0.0072,0.4984,0.0,0.0,0.0,0.0,up,0.51,2026-09-01T12:22:24,0.0,0.489999994635582,354.53,2026-09-02 15:44:18,2026-09-02 11:45:02
TSLA,TSLA261002C00500000,TSLA,2026-10-02,C,500.0,0.45,101.0,0.49,117.0,0.5699,530.0,7.0,0.0235,0.001,0.0572,-0.0507,0.0067,0.4645,-0.035,0.43,0.43,0.42,down,0.42,2026-09-02T10:12:01,-7.69231,0.454999998211861,354.53,2026-09-02 15:44:18,2026-09-02 11:45:02
TSLA,TSLA261002C00505000,TSLA,2026-10-02,C,505.0,0.41,177.0,0.46,78.0,0.5771,176.0,0.0,0.0219,0.0009,0.054,-0.0483,0.0062,0.4339,0.0,0.0,0.0,0.0,up,0.41,2026-09-01T10:25:58,0.0,0.424999997019768,354.53,2026-09-02 15:44:18,2026-09-02 11:45:02
TSLA,TSLA261002C00510000,TSLA,2026-10-02,C,510.0,0.39,46.0,0.43,42.0,0.5856,333.0,0.0,0.0204,0.0008,0.0509,-0.0461,0.0058,0.4063,0.0,0.0,0.0,0.0,up,0.4,2026-09-01T15:08:04,0.0,0.399999991059303,354.53,2026-09-02 15:44:18,2026-09-02 11:45:02
TSLA,TSLA261002C00515000,TSLA,2026-10-02,C,515.0,0.36,122.0,0.4,35.0,0.5925,345.0,0.0,0.0191,0.0008,0.048,-0.0441,0.0054,0.3812,0.0,0.0,0.0,0.0,up,0.38,2026-09-01T12:25:10,0.0,0.375,354.53,2026-09-02 15:44:18,2026-09-02 11:45:02
TSLA,TSLA261002C00520000,TSLA,2026-10-02,C,520.0,0.34,25.0,0.38,28.0,0.6008,38.0,0.0,0.0179,0.0007,0.0454,-0.0422,0.0051,0.3586,0.0,0.0,0.0,0.0,no_change,0.49,2026-08-31T12:30:41,0.0,0.355000004172325,354.53,2026-09-02 15:44:18,2026-09-02 11:45:02
TSLA,TSLA261002C00525000,TSLA,2026-10-02,C,525.0,0.31,99.0,0.35,24.0,0.6076,7.0,0.0,0.0168,0.0007,0.043,-0.0404,0.0048,0.3378,0.0,0.0,0.0,0.0,down,0.45,2026-08-31T15:24:16,0.0,0.329999998211861,354.53,2026-09-02 15:44:18,2026-09-02 11:45:02
TSLA,TSLA261002C00530000,TSLA,2026-10-02,C,530.0,0.3,104.0,0.34,33.0,0.6162,179.0,1.0,0.0158,0.0006,0.0407,-0.0388,0.0045,0.3188,-0.015,0.3,0.3,0.3,no_change,0.3,2026-09-02T11:29:09,-4.76191,0.315000012516975,354.53,2026-09-02 15:44:18,2026-09-02 11:45:02
TSLA,TSLA261002C00535000,TSLA,2026-10-02,C,535.0,0.28,74.0,0.32,31.0,0.6232,1.0,1.0,0.0149,0.0006,0.0387,-0.0372,0.0042,0.3013,-0.02,0.28,0.28,0.28,down,0.28,2026-09-02T11:29:04,-6.66667,0.299999997019768,354.53,2026-09-02 15:44:18,2026-09-02 11:45:02
TSLA,TSLA261002C00540000,TSLA,2026-10-02,C,540.0,0.27,51.0,0.3,25.0,0.6311,131.0,0.0,0.014,0.0006,0.0368,-0.0357,0.004,0.285,0.0,0.0,0.0,0.0,down,0.28,2026-09-01T14:47:23,0.0,0.280000001192093,354.53,2026-09-02 15:44:18,2026-09-02 11:45:02
TSLA,TSLA261002C00545000,TSLA,2026-10-02,C,545.0,0.25,245.0,0.29,113.0,0.6384,28.0,4.0,0.0132,0.0005,0.035,-0.0344,0.0037,0.2703,-0.03,0.24,0.24,0.24,down,0.24,2026-09-02T09:48:29,-11.1111,0.269999995827675,354.53,2026-09-02 15:44:18,2026-09-02 11:45:02
TSLA,TSLA261002C00550000,TSLA,2026-10-02,C,550.0,0.24,264.0,0.27,72.0,0.6438,153.0,2.0,0.0125,0.0005,0.0333,-0.0331,0.0035,0.2565,-0.015,0.24,0.24,0.24,no_change,0.24,2026-09-02T11:00:59,-5.88235,0.255000002682209,354.53,2026-09-02 15:44:18,2026-09-02 11:45:02
TSLA,TSLA261002C00555000,TSLA,2026-10-02,C,555.0,0.22,134.0,0.26,31.0,0.6518,65.0,1.0,0.0118,0.0005,0.0318,-0.0318,0.0033,0.2437,0.01,0.25,0.25,0.25,up,0.25,2026-09-02T11:29:09,4.16667,0.239999994635582,354.53,2026-09-02 15:44:18,2026-09-02 11:45:02
TSLA,TSLA261002C00560000,TSLA,2026-10-02,C,560.0,0.21,219.0,0.25,61.0,0.6596,6.0,1.0,0.0112,0.0004,0.0303,-0.0307,0.0032,0.2318,0.01,0.24,0.24,0.24,up,0.24,2026-09-02T11:29:04,4.34783,0.229999996721745,354.53,2026-09-02 15:44:18,2026-09-02 11:45:02
TSLA,TSLA261002C00565000,TSLA,2026-10-02,C,565.0,0.2,33.0,0.23,24.0,0.6653,82.0,0.0,0.0106,0.0004,0.0289,-0.0296,0.003,0.2206,0.0,0.0,0.0,0.0,down,0.23,2026-09-01T12:24:54,0.0,0.219999998807907,354.53,2026-09-02 15:44:18,2026-09-02 11:45:02
TSLA,TSLA261002C00570000,TSLA,2026-10-02,C,570.0,0.19,37.0,0.23,48.0,0.6742,123.0,0.0,0.0101,0.0004,0.0276,-0.0285,0.0028,0.2104,0.0,0.0,0.0,0.0,down,0.23,2026-09-01T11:08:21,0.0,0.21000000089407,354.53,2026-09-02 15:44:18,2026-09-02 11:45:02
TSLA,TSLA261002C00575000,TSLA,2026-10-02,C,575.0,0.18,53.0,0.22,63.0,0.681,23.0,0.0,0.0096,0.0004,0.0264,-0.0275,0.0027,0.2007,0.0,0.0,0.0,0.0,up,0.2,2026-09-01T13:50:50,0.0,0.200000002980232,354.53,2026-09-02 15:44:18,2026-09-02 11:45:02
TSLA,TSLA261002C00580000,TSLA,2026-10-02,C,580.0,0.17,36.0,0.21,42.0,0.6874,4.0,0.0,0.0092,0.0004,0.0253,-0.0266,0.0026,0.1916,0.0,0.0,0.0,0.0,down,0.18,2026-09-01T11:26:29,0.0,0.195000000298023,354.53,2026-09-02 15:44:18,2026-09-02 11:45:02
TSLA,TSLA261002C00585000,TSLA,2026-10-02,C,585.0,0.16,40.0,0.2,39.0,0.6935,96.0,0.0,0.0087,0.0003,0.0242,-0.0257,0.0024,0.1831,0.0,0.0,0.0,0.0,down,0.15,2026-09-01T12:26:21,0.0,0.185000002384186,354.53,2026-09-02 15:44:18,2026-09-02 11:45:02
TSLA,TSLA261002C00590000,TSLA,2026-10-02,C,590.0,0.15,34.0,0.19,34.0,0.6992,7.0,0.0,0.0083,0.0003,0.0232,-0.0248,0.0023,0.1751,0.0,0.0,0.0,0.0,down,0.17,2026-09-01T09:53:32,0.0,0.174999997019768,354.53,2026-09-02 15:44:18,2026-09-02 11:45:02
TSLA,TSLA261002C00595000,TSLA,2026-10-02,C,595.0,0.14,34.0,0.18,36.0,0.7044,7.0,0.0,0.0079,0.0003,0.0223,-0.024,0.0022,0.1676,0.0,0.0,0.0,0.0,down,0.17,2026-09-01T09:52:50,0.0,0.170000001788139,354.53,2026-09-02 15:44:18,2026-09-02 11:45:02
TSLA,TSLA261002C00600000,TSLA,2026-10-02,C,600.0,0.14,36.0,0.18,48.0,0.7143,87.0,0.0,0.0076,0.0003,0.0214,-0.0232,0.0021,0.1605,0.0,0.0,0.0,0.0,down,0.16,2026-09-01T13:50:50,0.0,0.165000006556511,354.53,2026-09-02 15:44:18,2026-09-02 11:45:02
TSLA,TSLA261002C00605000,TSLA,2026-10-02,C,605.0,0.13,46.0,0.17,49.0,0.719,9.0,0.0,0.0072,0.0003,0.0205,-0.0225,0.002,0.1538,0.0,0.0,0.0,0.0,up,0.21,2026-08-31T15:40:13,0.0,0.155000001192093,354.53,2026-09-02 15:44:18,2026-09-02 11:45:02
TSLA,TSLA261002C00610000,TSLA,2026-10-02,C,610.0,0.13,34.0,0.17,48.0,0.7286,111.0,0.0,0.0069,0.0003,0.0197,-0.0218,0.0019,0.1476,0.0,0.0,0.0,0.0,down,0.25,2026-08-25T10:43:17,0.0,0.149999998509884,354.53,2026-09-02 15:44:18,2026-09-02 11:45:02
TSLA,TSLA261002C00615000,TSLA,2026-10-02,C,615.0,0.12,207.0,0.16,158.0,0.7327,172.0,3.0,0.0066,0.0002,0.0189,-0.0211,0.0018,0.1416,-0.02,0.13,0.13,0.13,down,0.13,2026-09-02T10:37:17,-13.3333,0.149999998509884,354.53,2026-09-02 15:44:18,2026-09-02 11:45:02
TSLA,TSLA261002P00050000,TSLA,2026-10-02,P,50.0,0.0,0.0,0.1,33.0,2.3812,0.0,0.0,-0.0002,0.0,0.0007,-0.0023,-0.0001,0.0112,0.0,0.0,0.0,0.0,no_change,0.0,,0.0,0.0500000007450581,354.53,2026-09-02 15:44:18,2026-09-02 11:45:02
TSLA,TSLA261002P00060000,TSLA,2026-10-02,P,60.0,0.0,0.0,0.1,34.0,2.1595,65.0,0.0,-0.0002,0.0,0.0009,-0.0027,-0.0001,0.0134,0.0,0.0,0.0,0.0,no_change,0.12,2026-08-26T13:08:06,0.0,0.0500000007450581,354.53,2026-09-02 15:44:18,2026-09-02 11:45:02
TSLA,TSLA261002P00070000,TSLA,2026-10-02,P,70.0,0.0,0.0,0.1,34.0,1.9737,52.0,0.0,-0.0003,0.0,0.0012,-0.0031,-0.0001,0.0157,0.0,0.0,0.0,0.0,down,0.12,2026-08-26T12:14:02,0.0,0.0500000007450581,354.53,2026-09-02 15:44:18,2026-09-02 11:45:02
TSLA,TSLA261002P00080000,TSLA,2026-10-02,P,80.0,0.0,0.0,0.1,35.0,1.8138,0.0,0.0,-0.0004,0.0,0.0014,-0.0036,-0.0001,0.0184,0.0,0.0,0.0,0.0,no_change,0.0,,0.0,0.0500000007450581,354.53,2026-09-02 15:44:18,2026-09-02 11:45:02
TSLA,TSLA261002P00090000,TSLA,2026-10-02,P,90.0,0.0,0.0,0.1,36.0,1.6736,18.0,0.0,-0.0005,0.0,0.0018,-0.0041,-0.0002,0.0215,0.0,0.0,0.0,0.0,no_change,0.12,2026-08-17T14:17:17,0.0,0.0500000007450581,354.53,2026-09-02 15:44:18,2026-09-02 11:45:02
TSLA,TSLA261002P00100000,TSLA,2026-10-02,P,100.0,0.0,0.0,0.1,36.0,1.5486,28.0,0.0,-0.0006,0.0,0.0021,-0.0047,-0.0002,0.025,0.0,0.0,0.0,0.0,up,0.04,2026-08-28T10:16:05,0.0,0.0500000007450581,354.53,2026-09-02 15:44:18,2026-09-02 11:45:02
TSLA,TSLA261002P00110000,TSLA,2026-10-02,P,110.0,0.0,0.0,0.1,37.0,1.4487,0.0,0.0,-0.0007,0.0,0.0026,-0.0053,-0.0002,0.0291,0.0,0.0,0.0,0.0,no_change,0.0,,0.0,0.0500000007450581,354.53,2026-09-02 15:44:18,2026-09-02 11:45:02
TSLA,TSLA261002P00120000,TSLA,2026-10-02,P,120.0,0.0,0.0,0.1,37.0,1.3453,1.0,0.0,-0.0009,0.0,0.0031,-0.0061,-0.0003,0.0338,0.0,0.0,0.0,0.0,up,0.18,2026-08-28T14:24:03,0.0,0.0500000007450581,354.53,2026-09-02 15:44:18,2026-09-02 11:45:02
TSLA,TSLA261002P00130000,TSLA,2026-10-02,P,130.0,0.01,25.0,0.1,35.0,1.2502,72.0,0.0,-0.0011,0.0,0.0037,-0.0069,-0.0004,0.0394,0.0,0.0,0.0,0.0,down,0.04,2026-09-01T10:14:30,0.0,0.0500000007450581,354.53,2026-09-02 15:44:18,2026-09-02 11:45:02
TSLA,TSLA261002P00140000,TSLA,2026-10-02,P,140.0,0.01,29.0,0.1,35.0,1.1624,33.0,0.0,-0.0014,0.0,0.0045,-0.0078,-0.0004,0.0459,0.0,0.0,0.0,0.0,no_change,0.05,2026-09-01T15:18:29,0.0,0.0550000006332994,354.53,2026-09-02 15:44:18,2026-09-02 11:45:02
TSLA,TSLA261002P00150000,TSLA,2026-10-02,P,150.0,0.02,29.0,0.08,35.0,1.0708,10.0,0.0,-0.0016,0.0,0.0054,-0.0089,-0.0005,0.0535,0.0,0.0,0.0,0.0,no_change,0.09,2026-09-01T14:35:20,0.0,0.0550000006332994,354.53,2026-09-02 15:44:18,2026-09-02 11:45:02
TSLA,TSLA261002P00160000,TSLA,2026-10-02,P,160.0,0.01,31.0,0.15,164.0,1.0421,159.0,0.0,-0.002,0.0001,0.0065,-0.0101,-0.0006,0.0626,0.0,0.0,0.0,0.0,down,0.08,2026-09-01T11:24:39,0.0,0.0800000028684735,354.53,2026-09-02 15:44:18,2026-09-02 11:45:02
TSLA,TSLA261002P00170000,TSLA,2026-10-02,P,170.0,0.03,32.0,0.13,35.0,0.9677,259.0,2.0,-0.0025,0.0001,0.0078,-0.0115,-0.0008,0.0735,-0.025,0.09,0.09,0.06,down,0.06,2026-09-02T10:42:25,-29.4118,0.0849999999627471,354.53,2026-09-02 15:44:18,2026-09-02 11:45:02
TSLA,TSLA261002P00180000,TSLA,2026-10-02,P,180.0,0.03,27.0,0.13,32.0,0.8975,55.0,0.0,-0.003,0.0001,0.0094,-0.0131,-0.001,0.0865,0.0,0.0,0.0,0.0,down,0.07,2026-09-01T15:18:09,0.0,0.0750000011175871,354.53,2026-09-02 15:44:18,2026-09-02 11:45:02
TSLA,TSLA261002P00190000,TSLA,2026-10-02,P,190.0,0.05,231.0,0.13,74.0,0.8415,34.0,0.0,-0.0038,0.0001,0.0114,-0.0149,-0.0012,0.1023,0.0,0.0,0.0,0.0,up,0.14,2026-09-01T10:51:19,0.0,0.119999997317791,354.53,2026-09-02 15:44:18,2026-09-02 11:45:02
TSLA,TSLA261002P00200000,TSLA,2026-10-02,P,200.0,0.11,24.0,0.14,36.0,0.8063,66.0,4.0,-0.0046,0.0002,0.0139,-0.0171,-0.0014,0.1215,-0.01,0.13,0.13,0.11,down,0.11,2026-09-02T11:15:58,-8.33333,0.119999997317791,354.53,2026-09-02 15:44:18,2026-09-02 11:45:02
TSLA,TSLA261002P00210000,TSLA,2026-10-02,P,210.0,0.05,325.0,0.18,284.0,0.7364,56.0,0.0,-0.0058,0.0002,0.0169,-0.0196,-0.0018,0.1452,0.0,0.0,0.0,0.0,up,0.17,2026-09-01T10:51:19,0.0,0.149999998509884,354.53,2026-09-02 15:44:18,2026-09-02 11:45:02
TSLA,TSLA261002P00220000,TSLA,2026-10-02,P,220.0,0.16,119.0,0.2,242.0,0.7139,205.0,21.0,-0.0072,0.0003,0.0206,-0.0226,-0.0022,0.1748,0.0,0.18,0.18,0.18,no_change,0.18,2026-09-02T10:10:32,1.65568e-07,0.179999999701977,354.53,2026-09-02 15:44:18,2026-09-02 11:45:02
TSLA,TSLA261002P00230000,TSLA,2026-10-02,P,230.0,0.21,21.0,0.23,28.0,0.6709,125.0,0.0,-0.0091,0.0004,0.0253,-0.0262,-0.0028,0.2123,0.0,0.0,0.0,0.0,up,0.23,2026-09-01T15:54:50,0.0,0.215000003576279,354.53,2026-09-02 15:44:18,2026-09-02 11:45:02
TSLA,TSLA261002P00235000,TSLA,2026-10-02,P,235.0,0.22,61.0,0.25,20.0,0.647,32.0,0.0,-0.0103,0.0004,0.0282,-0.0283,-0.0031,0.2348,0.0,0.0,0.0,0.0,up,0.24,2026-09-01T15:11:56,0.0,0.244999997317791,354.53,2026-09-02 15:44:18,2026-09-02 11:45:02
TSLA,TSLA261002P00240000,TSLA,2026-10-02,P,240.0,0.25,40.0,0.28,80.0,0.6277,517.0,0.0,-0.0117,0.0005,0.0314,-0.0306,-0.0035,0.2609,0.0,0.0,0.0,0.0,up,0.29,2026-09-01T15:28:03,0.0,0.274999991059303,354.53,2026-09-02 15:44:18,2026-09-02 11:45:02
TSLA,TSLA261002P00245000,TSLA,2026-10-02,P,245.0,0.28,26.0,0.3,3.0,0.606,53.0,0.0,-0.0132,0.0006,0.0351,-0.0331,-0.004,0.2911,0.0,0.0,0.0,0.0,up,0.32,2026-09-01T15:35:38,0.0,0.304999992251396,354.53,2026-09-02 15:44:18,2026-09-02 11:45:02
TSLA,TSLA261002P00250000,TSLA,2026-10-02,P,250.0,0.31,34.0,0.35,235.0,0.5879,187.0,4.0,-0.0151,0.0006,0.0394,-0.036,-0.0046,0.3265,0.0,0.37,0.37,0.33,no_change,0.34,2026-09-02T11:02:46,-1.05185e-06,0.340000003576279,354.53,2026-09-02 15:44:18,2026-09-02 11:45:02
TSLA,TSLA261002P00255000,TSLA,2026-10-02,P,255.0,0.34,130.0,0.39,131.0,0.5673,110.0,1.0,-0.0173,0.0007,0.0443,-0.0393,-0.0052,0.3687,0.0,0.38,0.38,0.38,up,0.38,2026-09-02T11:15:58,-2.66652e-06,0.38000001013279,354.53,2026-09-02 15:44:18,2026-09-02 11:45:02
TSLA,TSLA261002P00260000,TSLA,2026-10-02,P,260.0,0.39,170.0,0.44,155.0,0.5492,244.0,2.0,-0.02,0.0009,0.05,-0.0431,-0.006,0.4198,-0.015,0.46,0.46,0.42,down,0.42,2026-09-02T10:32:00,-3.44828,0.435000002384186,354.53,2026-09-02 15:44:18,2026-09-02 11:45:02
TSLA,TSLA261002P00265000,TSLA,2026-10-02,P,265.0,0.46,44.0,0.51,175.0,0.5335,55.0,0.0,-0.0233,0.001,0.0568,-0.0476,-0.007,0.4825,0.0,0.0,0.0,0.0,up,0.47,2026-09-01T12:21:30,0.0,0.499999985098839,354.53,2026-09-02 15:44:18,2026-09-02 11:45:02
TSLA,TSLA261002P00270000,TSLA,2026-10-02,P,270.0,0.54,71.0,0.58,132.0,0.5167,248.0,0.0,-0.0273,0.0012,0.065,-0.0529,-0.0081,0.561,0.0,0.0,0.0,0.0,down,0.6,2026-09-01T15:01:57,0.0,0.580000013113022,354.53,2026-09-02 15:44:18,2026-09-02 11:45:02
TSLA,TSLA261002P00275000,TSLA,2026-10-02,P,275.0,0.64,189.0,0.69,179.0,0.5025,51.0,6.0,-0.0323,0.0014,0.0746,-0.0592,-0.0097,0.6602,-0.03,0.65,0.65,0.65,no_change,0.65,2026-09-02T10:52:30,-4.41176,0.679999977350235,354.53,2026-09-02 15:44:18,2026-09-02 11:45:02
TSLA,TSLA261002P00280000,TSLA,2026-10-02,P,280.0,0.76,201.0,0.82,174.0,0.4885,274.0,5.0,-0.0385,0.0017,0.0866,-0.0668,-0.0115,0.787,0.025,0.93,0.93,0.83,down,0.83,2026-09-02T11:06:26,3.10559,0.804999977350235,354.53,2026-09-02 15:44:18,2026-09-02 11:45:02
TSLA,TSLA261002P00285000,TSLA,2026-10-02,P,285.0,0.92,182.0,0.98,68.0,0.4756,656.0,13.0,-0.0463,0.002,0.1,-0.0759,-0.0138,0.9505,0.105,1.05,1.07,1.02,up,1.07,2026-09-02T10:00:10,10.8808,0.965000003576279,354.53,2026-09-02 15:44:18,2026-09-02 11:45:02
TSLA,TSLA261002P00290000,TSLA,2026-10-02,P,290.0,1.13,142.0,1.19,83.0,0.4644,1921.0,445.0,-0.056,0.0024,0.1168,-0.0866,-0.0167,1.1609,-0.005,1.12,1.36,1.12,down,1.17,2026-09-02T11:11:50,-0.425533,1.17500001192093,354.53,2026-09-02 15:44:18,2026-09-02 11:45:02
TSLA,TSLA261002P00295000,TSLA,2026-10-02,P,295.0,1.39,179.0,1.45,31.0,0.4538,282.0,78.0,-0.0681,0.0028,0.1353,-0.099,-0.0202,1.4322,0.125,1.38,1.55,1.36,up,1.55,2026-09-02T10:56:01,8.77193,1.42500001192093,354.53,2026-09-02 15:44:18,2026-09-02 11:45:02
TSLA,TSLA261002P00300000,TSLA,2026-10-02,P,300.0,1.73,115.0,1.8,26.0,0.4448,1201.0,121.0,-0.0829,0.0034,0.1574,-0.1134,-0.0245,1.7795,0.25,1.74,2.16,1.66,up,2.0,2026-09-02T10:58:50,14.2857,1.75,354.53,2026-09-02 15:44:18,2026-09-02 11:45:02
TSLA,TSLA261002P00305000,TSLA,2026-10-02,P,305.0,2.16,98.0,2.25,103.0,0.4378,445.0,76.0,-0.101,0.0039,0.1815,-0.1294,-0.0299,2.2209,0.05,2.02,2.7,2.02,no_change,2.22,2026-09-02T11:22:44,2.30415,2.16999995708466,354.53,2026-09-02 15:44:18,2026-09-02 11:45:02
TSLA,TSLA261002P00310000,TSLA,2026-10-02,P,310.0,2.71,117.0,2.81,53.0,0.4315,1360.0,353.0,-0.1225,0.0046,0.2084,-0.147,-0.0359,2.7767,0.125,2.17,3.39,2.17,down,2.82,2026-09-02T11:10:14,4.63822,2.69500005245209,354.53,2026-09-02 15:44:18,2026-09-02 11:45:02
TSLA,TSLA261002P00315000,TSLA,2026-10-02,P,315.0,3.4,81.0,3.5,38.0,0.4252,732.0,54.0,-0.1478,0.0053,0.2375,-0.1657,-0.0432,3.466,0.095,3.35,3.95,3.25,down,3.42,2026-09-02T11:25:26,2.85714,3.32500004768372,354.53,2026-09-02 15:44:18,2026-09-02 11:45:02
TSLA,TSLA261002P00320000,TSLA,2026-10-02,P,320.0,4.25,70.0,4.4,69.0,0.4217,1070.0,60.0,-0.1773,0.006,0.2659,-0.1851,-0.0518,4.3189,0.075,3.6,5.25,3.6,down,4.2,2026-09-02T11:25:26,1.81818,4.125,354.53,2026-09-02 15:44:18,2026-09-02 11:45:02
TSLA,TSLA261002P00325000,TSLA,2026-10-02,P,325.0,5.25,90.0,5.4,40.0,0.4181,702.0,55.0,-0.2104,0.0068,0.2952,-0.2042,-0.0608,5.3462,0.53,5.35,6.25,5.0,down,5.63,2026-09-02T11:06:40,10.3922,5.09999990463257,354.53,2026-09-02 15:44:18,2026-09-02 11:45:02
TSLA,TSLA261002P00330000,TSLA,2026-10-02,P,330.0,6.5,77.0,6.65,57.0,0.4156,536.0,186.0,-0.2477,0.0075,0.3237,-0.2228,-0.0711,6.5849,0.2,6.1,7.72,6.1,down,6.45,2026-09-02T11:27:26,3.2,6.25,354.53,2026-09-02 15:44:18,2026-09-02 11:45:02
TSLA,TSLA261002P00335000,TSLA,2026-10-02,P,335.0,7.95,60.0,8.15,48.0,0.4138,655.0,202.0,-0.2882,0.0081,0.3482,-0.2397,-0.0824,8.0426,0.6,6.55,9.15,6.55,down,8.2,2026-09-02T11:08:31,7.89474,7.59999990463257,354.53,2026-09-02 15:44:18,2026-09-02 11:45:02
TSLA,TSLA261002P00340000,TSLA,2026-10-02,P,340.0,9.65,84.0,9.85,51.0,0.4123,697.0,226.0,-0.3317,0.0087,0.3701,-0.2544,-0.0936,9.7424,0.49,8.7,11.3,8.65,down,9.69,2026-09-02T11:22:10,5.32608,9.2000002861023,354.53,2026-09-02 15:44:18,2026-09-02 11:45:02
TSLA,TSLA261002P00345000,TSLA,2026-10-02,P,345.0,11.6,54.0,11.8,47.0,0.4112,615.0,133.0,-0.3774,0.0091,0.3876,-0.2661,-0.1054,11.6938,0.775,11.07,13.5,10.75,down,11.8,2026-09-02T11:14:29,7.02948,11.0249996185303,354.53,2026-09-02 15:44:18,2026-09-02 11:45:02
TSLA,TSLA261002P00350000,TSLA,2026-10-02,P,350.0,13.8,39.0,14.0,45.0,0.4104,582.0,132.0,-0.4246,0.0094,0.3992,-0.2746,-0.1171,13.9132,0.675,12.5,15.7,12.4,no_change,13.8,2026-09-02T11:22:50,5.14286,13.125,354.53,2026-09-02 15:44:18,2026-09-02 11:45:02
TSLA,TSLA261002P00355000,TSLA,2026-10-02,P,355.0,16.3,29.0,16.5,45.0,0.4115,319.0,147.0,-0.472,0.0096,0.4054,-0.2794,-0.1286,16.373,0.675,14.2,18.5,14.2,no_change,16.15,2026-09-02T11:27:50,4.36187,15.4750003814697,354.53,2026-09-02 15:44:18,2026-09-02 11:45:02
TSLA,TSLA261002P00360000,TSLA,2026-10-02,P,360.0,18.65,287.0,19.4,199.0,0.409,259.0,66.0,-0.5197,0.0096,0.4056,-0.2805,-0.1389,19.1257,0.65,17.8,21.1,17.8,no_change,18.85,2026-09-02T11:12:09,3.57143,18.1999998092651,354.53,2026-09-02 15:44:18,2026-09-02 11:45:02
TSLA,TSLA261002P00365000,TSLA,2026-10-02,P,365.0,21.6,224.0,22.3,42.0,0.4091,201.0,81.0,-0.5657,0.0095,0.4008,-0.2782,-0.1483,22.089,1.15,19.45,24.5,19.45,down,22.2,2026-09-02T11:14:30,5.46319,21.0499992370605,354.53,2026-09-02 15:44:18,2026-09-02 11:45:02
TSLA,TSLA261002P00370000,TSLA,2026-10-02,P,370.0,24.75,201.0,25.55,27.0,0.4099,173.0,12.0,-0.6103,0.0092,0.3908,-0.2726,-0.1576,25.3141,2.5,23.95,28.0,23.95,down,26.75,2026-09-02T10:11:47,10.3093,24.25,354.53,2026-09-02 15:44:18,2026-09-02 11:45:02
TSLA,TSLA261002P00375000,TSLA,2026-10-02,P,375.0,28.15,173.0,28.9,21.0,0.4094,35.0,1.0,-0.6528,0.0089,0.375,-0.2642,-0.1625,28.7712,0.74,28.29,28.29,28.29,up,28.29,2026-09-02T11:26:48,2.68602,27.5500001907349,354.53,2026-09-02 15:44:18,2026-09-02 11:45:02
TSLA,TSLA261002P00380000,TSLA,2026-10-02,P,380.0,31.75,297.0,32.55,67.0,0.4109,191.0,11.0,-0.6923,0.0085,0.3583,-0.2536,-0.1679,32.4144,0.825,34.0,34.4,31.54,no_change,32.1,2026-09-02T11:17:27,2.63789,31.2749996185303,354.53,2026-09-02 15:44:18,2026-09-02 11:45:02
TSLA,TSLA261002P00385000,TSLA,2026-10-02,P,385.0,35.55,255.0,36.5,35.0,0.4141,69.0,5.0,-0.7289,0.008,0.3368,-0.2413,-0.1718,36.2583,0.5,36.05,37.16,35.9,down,35.9,2026-09-02T11:11:46,1.41243,35.3999996185303,354.53,2026-09-02 15:44:18,2026-09-02 11:45:02
TSLA,TSLA261002P00390000,TSLA,2026-10-02,P,390.0,39.5,230.0,40.5,67.0,0.4155,18.0,0.0,-0.7623,0.0075,0.3151,-0.2277,-0.1724,40.2676,0.0,0.0,0.0,0.0,up,39.65,2026-09-01T14:17:15,0.0,39.0500011444092,354.53,2026-09-02 15:44:18,2026-09-02 11:45:02
TSLA,TSLA261002P00395000,TSLA,2026-10-02,P,395.0,43.6,78.0,44.6,13.0,0.4155,43.0,0.0,-0.7927,0.0069,0.2909,-0.2134,-0.175,44.4452,0.0,0.0,0.0,0.0,up,42.11,2026-09-01T12:53:56,0.0,42.9750003814697,354.53,2026-09-02 15:44:18,2026-09-02 11:45:02
TSLA,TSLA261002P00400000,TSLA,2026-10-02,P,400.0,47.3,97.0,49.25,32.0,0.414,22.0,0.0,-0.8197,0.0064,0.2674,-0.1989,-0.1707,48.7237,0.0,0.0,0.0,0.0,up,46.3,2026-09-01T09:31:55,0.0,47.2999992370606,354.53,2026-09-02 15:44:18,2026-09-02 11:45:02
TSLA,TSLA261002P00405000,TSLA,2026-10-02,P,405.0,52.0,77.0,53.65,33.0,0.4225,25.0,3.0,-0.8437,0.0058,0.2434,-0.1844,-0.1712,53.1353,3.94,54.52,55.64,52.52,up,55.64,2026-09-02T11:03:23,7.62089,51.7000007629394,354.53,2026-09-02 15:44:18,2026-09-02 11:45:02
TSLA,TSLA261002P00410000,TSLA,2026-10-02,P,410.0,55.75,81.0,59.05,75.0,0.4289,10.0,0.0,-0.8649,0.0053,0.221,-0.1701,-0.1633,57.6406,0.0,0.0,0.0,0.0,up,55.0,2026-09-01T12:22:24,0.0,56.1999988555908,354.53,2026-09-02 15:44:18,2026-09-02 11:45:02
TSLA,TSLA261002P00415000,TSLA,2026-10-02,P,415.0,60.85,58.0,63.3,52.0,0.4369,7.0,0.0,-0.8835,0.0048,0.1978,-0.1563,-0.1605,62.236,0.0,0.0,0.0,0.0,down,54.25,2026-08-31T12:07:00,0.0,60.625,354.53,2026-09-02 15:44:18,2026-09-02 11:45:02
TSLA,TSLA261002P00420000,TSLA,2026-10-02,P,420.0,65.55,59.0,68.45,59.0,0.4564,12.0,2.0,-0.8997,0.0044,0.1795,-0.1435,-0.1533,66.8972,1.045,69.0,69.0,66.42,down,66.42,2026-09-02T10:31:13,1.59847,65.375,354.53,2026-09-02 15:44:18,2026-09-02 11:45:02
TSLA,TSLA261002P00425000,TSLA,2026-10-02,P,425.0,70.25,41.0,72.7,41.0,0.4464,6.0,2.0,-0.9139,0.004,0.1575,-0.1318,-0.146,71.623,4.31,74.11,74.11,74.11,up,74.11,2026-09-02T09:50:48,6.17479,69.7999992370606,354.53,2026-09-02 15:44:18,2026-09-02 11:45:02
TSLA,TSLA261002P00430000,TSLA,2026-10-02,P,430.0,74.2,35.0,78.0,43.0,0.4389,0.0,0.0,-0.926,0.0037,0.1433,-0.1207,-0.1465,76.3964,0.0,0.0,0.0,0.0,down,89.0,2026-08-17T15:25:47,0.0,74.6500015258789,354.53,2026-09-02 15:44:18,2026-09-02 11:45:02
TSLA,TSLA261002P00435000,TSLA,2026-10-02,P,435.0,79.6,29.0,82.85,29.0,0.4699,32.0,0.0,-0.9368,0.0034,0.1242,-0.1138,-0.1304,81.2116,0.0,0.0,0.0,0.0,up,69.0,2026-08-31T15:52:01,0.0,79.75,354.53,2026-09-02 15:44:18,2026-09-02 11:45:02
TSLA,TSLA261002P00440000,TSLA,2026-10-02,P,440.0,84.25,30.0,87.7,28.0,0.4667,19.0,0.0,-0.9462,0.0031,0.1088,-0.1081,-0.1209,86.0652,0.0,0.0,0.0,0.0,no_change,87.8,2026-08-27T12:08:15,0.0,84.4000015258789,354.53,2026-09-02 15:44:18,2026-09-02 11:45:02
TSLA,TSLA261002P00445000,TSLA,2026-10-02,P,445.0,88.75,34.0,92.6,29.0,0.4457,0.0,0.0,-0.9544,0.0029,0.0991,-0.1023,-0.123,90.9426,0.0,0.0,0.0,0.0,no_change,0.0,,0.0,89.3250007629394,354.53,2026-09-02 15:44:18,2026-09-02 11:45:02
TSLA,TSLA261002P00450000,TSLA,2026-10-02,P,450.0,93.7,31.0,98.0,32.0,0.4906,2.0,0.0,-0.9616,0.0027,0.0846,-0.0963,-0.0943,95.8439,0.0,0.0,0.0,0.0,down,84.82,2026-08-31T15:06:39,0.0,94.2000007629394,354.53,2026-09-02 15:44:18,2026-09-02 11:45:02
TSLA,TSLA261002P00455000,TSLA,2026-10-02,P,455.0,97.8,32.0,102.45,34.0,0.0,0.0,0.0,-0.9677,0.0024,0.0691,-0.0898,-0.0901,100.7707,0.0,0.0,0.0,0.0,no_change,0.0,,0.0,99.25,354.53,2026-09-02 15:44:18,2026-09-02 11:45:02
TSLA,TSLA261002P00460000,TSLA,2026-10-02,P,460.0,103.2,39.0,107.8,39.0,0.0,3.0,1.0,-0.9731,0.0022,0.0596,-0.0863,-0.0762,105.7121,0.95,105.0,105.0,105.0,up,105.0,2026-09-02T11:11:45,0.913023,104.049999237061,354.53,2026-09-02 15:44:18,2026-09-02 11:45:02
TSLA,TSLA261002P00465000,TSLA,2026-10-02,P,465.0,108.3,35.0,112.9,35.0,0.497,3.0,0.0,-0.978,0.002,0.053,-0.0854,-0.0771,110.6635,0.0,0.0,0.0,0.0,no_change,101.83,2026-08-21T14:00:10,0.0,109.350002288818,354.53,2026-09-02 15:44:18,2026-09-02 11:45:02
TSLA,TSLA261002P00470000,TSLA,2026-10-02,P,470.0,112.5,26.0,117.35,26.0,0.0,0.0,0.0,-0.9821,0.0018,0.0457,-0.0817,-0.0499,115.6245,0.0,0.0,0.0,0.0,no_change,0.0,,0.0,113.949996948242,354.53,2026-09-02 15:44:18,2026-09-02 11:45:02
TSLA,TSLA261002P00475000,TSLA,2026-10-02,P,475.0,117.65,27.0,122.35,22.0,0.0,0.0,0.0,-0.9853,0.0016,0.0323,-0.0711,-0.047,120.5988,0.0,0.0,0.0,0.0,no_change,0.0,,0.0,119.0,354.53,2026-09-02 15:44:18,2026-09-02 11:45:02
TSLA,TSLA261002P00480000,TSLA,2026-10-02,P,480.0,122.4,16.0,127.35,16.0,0.0,0.0,0.0,-0.988,0.0014,0.0292,-0.0618,-0.0448,125.5768,0.0,0.0,0.0,0.0,no_change,0.0,,0.0,124.275001525879,354.53,2026-09-02 15:44:18,2026-09-02 11:45:02
TSLA,TSLA261002P00485000,TSLA,2026-10-02,P,485.0,127.4,25.0,132.3,26.0,0.0,0.0,0.0,-0.9903,0.0012,0.0207,-0.0598,-0.023,130.5638,0.0,0.0,0.0,0.0,no_change,0.0,,0.0,129.250003814697,354.53,2026-09-02 15:44:18,2026-09-02 11:45:02
TSLA,TSLA261002P00490000,TSLA,2026-10-02,P,490.0,132.35,26.0,137.3,26.0,0.0,0.0,0.0,-0.9923,0.001,0.0146,-0.06,-0.0232,135.5539,0.0,0.0,0.0,0.0,no_change,0.0,,0.0,134.324996948242,354.53,2026-09-02 15:44:18,2026-09-02 11:45:02
TSLA,TSLA261002P00495000,TSLA,2026-10-02,P,495.0,137.45,27.0,142.3,26.0,0.0,0.0,0.0,-0.9941,0.0008,0.0137,-0.0602,-0.0226,140.5451,0.0,0.0,0.0,0.0,no_change,0.0,,0.0,139.625,354.53,2026-09-02 15:44:18,2026-09-02 11:45:02
TSLA,TSLA261002P00500000,TSLA,2026-10-02,P,500.0,142.35,26.0,147.3,26.0,0.0,0.0,0.0,-0.9954,0.0007,0.0105,-0.057,-0.0129,145.5394,0.0,0.0,0.0,0.0,up,163.65,2026-08-18T13:24:46,0.0,144.375,354.53,2026-09-02 15:44:18,2026-09-02 11:45:02
TSLA,TSLA261002P00505000,TSLA,2026-10-02,P,505.0,147.85,25.0,152.7,25.0,0.0,0.0,0.0,-0.9964,0.0006,0.0073,-0.0526,-0.0123,150.5352,0.0,0.0,0.0,0.0,no_change,0.0,,0.0,149.400001525879,354.53,2026-09-02 15:44:18,2026-09-02 11:45:02
TSLA,TSLA261002P00510000,TSLA,2026-10-02,P,510.0,152.75,16.0,157.6,16.0,0.0,0.0,0.0,-0.9973,0.0005,0.0067,-0.0487,-0.0122,155.5314,0.0,0.0,0.0,0.0,no_change,0.0,,0.0,154.150001525879,354.53,2026-09-02 15:44:18,2026-09-02 11:45:02
TSLA,TSLA261002P00515000,TSLA,2026-10-02,P,515.0,157.75,16.0,162.6,16.0,0.0,0.0,0.0,-0.998,0.0004,0.0054,-0.046,0.0,160.5288,0.0,0.0,0.0,0.0,no_change,0.0,,0.0,159.25,354.53,2026-09-02 15:44:18,2026-09-02 11:45:02
TSLA,TSLA261002P00520000,TSLA,2026-10-02,P,520.0,162.9,16.0,167.75,16.0,0.0,0.0,0.0,-0.9984,0.0003,0.002,-0.046,0.0,165.5288,0.0,0.0,0.0,0.0,no_change,0.0,,0.0,164.150001525879,354.53,2026-09-02 15:44:18,2026-09-02 11:45:02
TSLA,TSLA261002P00525000,TSLA,2026-10-02,P,525.0,168.15,23.0,173.0,23.0,0.6666,0.0,0.0,-0.9987,0.0002,0.0,-0.046,0.0,170.5288,0.0,0.0,0.0,0.0,no_change,0.0,,0.0,169.5,354.53,2026-09-02 15:44:18,2026-09-02 11:45:02
TSLA,TSLA261002P00530000,TSLA,2026-10-02,P,530.0,172.05,26.0,179.1,26.0,0.6802,0.0,0.0,-0.9991,0.0002,0.0,-0.046,0.0,175.5288,0.0,0.0,0.0,0.0,no_change,0.0,,0.0,174.150001525879,354.53,2026-09-02 15:44:18,2026-09-02 11:45:02
TSLA,TSLA261002P00535000,TSLA,2026-10-02,P,535.0,178.15,26.0,183.0,25.0,0.6936,0.0,0.0,-0.9994,0.0001,0.0,-0.046,0.0,180.5288,0.0,0.0,0.0,0.0,no_change,0.0,,0.0,179.474998474121,354.53,2026-09-02 15:44:18,2026-09-02 11:45:02
TSLA,TSLA261002P00540000,TSLA,2026-10-02,P,540.0,183.15,26.0,188.0,26.0,0.7068,0.0,0.0,-0.9995,0.0001,0.0,-0.046,0.0,185.5288,0.0,0.0,0.0,0.0,no_change,0.0,,0.0,184.150001525879,354.53,2026-09-02 15:44:18,2026-09-02 11:45:02
TSLA,TSLA261002P00545000,TSLA,2026-10-02,P,545.0,188.15,26.0,193.0,26.0,0.7199,0.0,0.0,-0.9997,0.0,0.0,-0.046,0.0,190.5288,0.0,0.0,0.0,0.0,no_change,0.0,,0.0,189.400001525879,354.53,2026-09-02 15:44:18,2026-09-02 11:45:02
TSLA,TSLA261002P00550000,TSLA,2026-10-02,P,550.0,193.15,26.0,197.8,32.0,0.0,0.0,0.0,-0.9998,0.0,0.0,-0.046,0.0,195.5288,0.0,0.0,0.0,0.0,no_change,0.0,,0.0,194.400001525879,354.53,2026-09-02 15:44:18,2026-09-02 11:45:02
TSLA,TSLA261002P00555000,TSLA,2026-10-02,P,555.0,198.15,21.0,202.95,28.0,0.7259,0.0,0.0,-0.9999,0.0,0.0,-0.046,0.0,200.5288,0.0,0.0,0.0,0.0,no_change,0.0,,0.0,199.400001525879,354.53,2026-09-02 15:44:18,2026-09-02 11:45:02
TSLA,TSLA261002P00560000,TSLA,2026-10-02,P,560.0,202.75,26.0,207.6,26.0,0.0,0.0,0.0,-1.0,0.0,0.0,-0.046,0.0,205.5288,0.0,0.0,0.0,0.0,no_change,0.0,,0.0,204.424995422363,354.53,2026-09-02 15:44:18,2026-09-02 11:45:02
TSLA,TSLA261002P00565000,TSLA,2026-10-02,P,565.0,207.9,28.0,212.6,26.0,0.0,0.0,0.0,-1.0,0.0,0.0,-0.046,0.0,210.5288,0.0,0.0,0.0,0.0,no_change,0.0,,0.0,209.199996948242,354.53,2026-09-02 15:44:18,2026-09-02 11:45:02
TSLA,TSLA261002P00570000,TSLA,2026-10-02,P,570.0,212.75,16.0,217.6,16.0,0.0,0.0,0.0,-1.0,0.0,0.0,-0.046,0.0,215.5288,0.0,0.0,0.0,0.0,no_change,0.0,,0.0,214.099998474121,354.53,2026-09-02 15:44:18,2026-09-02 11:45:02
TSLA,TSLA261002P00575000,TSLA,2026-10-02,P,575.0,217.75,16.0,222.6,16.0,0.0,0.0,0.0,-1.0,0.0,0.0,-0.046,0.0,220.5288,0.0,0.0,0.0,0.0,no_change,0.0,,0.0,219.25,354.53,2026-09-02 15:44:18,2026-09-02 11:45:02
TSLA,TSLA261002P00580000,TSLA,2026-10-02,P,580.0,222.75,16.0,227.6,16.0,0.0,0.0,0.0,-1.0,0.0,0.0,-0.046,0.0,225.5288,0.0,0.0,0.0,0.0,no_change,0.0,,0.0,224.25,354.53,2026-09-02 15:44:18,2026-09-02 11:45:02
TSLA,TSLA261002P00585000,TSLA,2026-10-02,P,585.0,227.35,16.0,232.35,24.0,0.0,0.0,0.0,-1.0,0.0,0.0,-0.046,0.0,230.5288,0.0,0.0,0.0,0.0,no_change,0.0,,0.0,229.050003051758,354.53,2026-09-02 15:44:18,2026-09-02 11:45:02
TSLA,TSLA261002P00590000,TSLA,2026-10-02,P,590.0,232.35,16.0,237.35,24.0,0.0,0.0,0.0,-1.0,0.0,0.0,-0.046,0.0,235.5288,0.0,0.0,0.0,0.0,no_change,0.0,,0.0,234.050003051758,354.53,2026-09-02 15:44:18,2026-09-02 11:45:02
TSLA,TSLA261002P00595000,TSLA,2026-10-02,P,595.0,237.25,16.0,242.35,16.0,0.0,0.0,0.0,-1.0,0.0,0.0,-0.046,0.0,240.5288,0.0,0.0,0.0,0.0,no_change,0.0,,0.0,239.050003051758,354.53,2026-09-02 15:44:18,2026-09-02 11:45:02
TSLA,TSLA261002P00600000,TSLA,2026-10-02,P,600.0,242.3,16.0,247.3,16.0,0.0,0.0,0.0,-1.0,0.0,0.0,-0.046,0.0,245.5288,0.0,0.0,0.0,0.0,no_change,0.0,,0.0,244.050003051758,354.53,2026-09-02 15:44:18,2026-09-02 11:45:02
TSLA,TSLA261002P00605000,TSLA,2026-10-02,P,605.0,247.25,26.0,252.25,16.0,0.0,0.0,0.0,-1.0,0.0,0.0,-0.046,0.0,250.5288,0.0,0.0,0.0,0.0,no_change,0.0,,0.0,249.150001525879,354.53,2026-09-02 15:44:18,2026-09-02 11:45:02
TSLA,TSLA261002P00610000,TSLA,2026-10-02,P,610.0,252.25,26.0,257.35,26.0,0.0,0.0,0.0,-1.0,0.0,0.0,-0.046,0.0,255.5288,0.0,0.0,0.0,0.0,no_change,0.0,,0.0,254.024993896484,354.53,2026-09-02 15:44:18,2026-09-02 11:45:02
TSLA,TSLA261002P00615000,TSLA,2026-10-02,P,615.0,258.15,21.0,262.8,30.0,0.0,0.0,0.0,-1.0,0.0,0.0,-0.046,0.0,260.5288,0.0,0.0,0.0,0.0,no_change,0.0,,0.0,259.200012207031,354.53,2026-09-02 15:44:18,2026-09-02 11:45:02
TSLA,TSLA261009C00050000,TSLA,2026-10-09,C,50.0,300.75,16.0,308.35,16.0,0.0,0.0,0.0,0.9999,0.0,0.0008,0.0,0.053,304.7706,0.0,0.0,0.0,0.0,no_change,0.0,,0.0,306.125,354.53,2026-09-02 15:44:18,2026-09-02 11:45:02
TSLA,TSLA261009C00060000,TSLA,2026-10-09,C,60.0,290.8,17.0,298.4,16.0,0.0,0.0,0.0,0.9999,0.0,0.0011,0.0,0.0636,294.8205,0.0,0.0,0.0,0.0,no_change,0.0,,0.0,296.225006103516,354.53,2026-09-02 15:44:18,2026-09-02 11:45:02
TSLA,TSLA261009C00070000,TSLA,2026-10-09,C,70.0,280.85,16.0,288.35,16.0,0.0,0.0,0.0,0.9998,0.0,0.0014,0.0,0.0742,284.8707,0.0,0.0,0.0,0.0,no_change,0.0,,0.0,286.25,354.53,2026-09-02 15:44:18,2026-09-02 11:45:02
TSLA,TSLA261009C00080000,TSLA,2026-10-09,C,80.0,271.15,16.0,278.55,16.0,0.0,0.0,0.0,0.9997,0.0,0.0017,0.0,0.0848,274.9214,0.0,0.0,0.0,0.0,no_change,0.0,,0.0,276.300003051758,354.53,2026-09-02 15:44:18,2026-09-02 11:45:02
TSLA,TSLA261009C00090000,TSLA,2026-10-09,C,90.0,260.95,16.0,268.4,16.0,0.0,0.0,0.0,0.9996,0.0,0.0022,0.0,0.0954,264.9725,0.0,0.0,0.0,0.0,no_change,0.0,,0.0,266.349990844727,354.53,2026-09-02 15:44:18,2026-09-02 11:45:02
TSLA,TSLA261009C00100000,TSLA,2026-10-09,C,100.0,251.0,16.0,258.65,16.0,0.0,0.0,0.0,0.9995,0.0,0.0026,0.0,0.106,255.0244,0.0,0.0,0.0,0.0,no_change,0.0,,0.0,256.400001525879,354.53,2026-09-02 15:44:18,2026-09-02 11:45:02
TSLA,TSLA261009C00110000,TSLA,2026-10-09,C,110.0,241.05,16.0,248.65,16.0,0.0,0.0,0.0,0.9993,0.0,0.0032,0.0,0.1166,245.0769,0.0,0.0,0.0,0.0,no_change,0.0,,0.0,246.474998474121,354.53,2026-09-02 15:44:18,2026-09-02 11:45:02
TSLA,TSLA261009C00120000,TSLA,2026-10-09,C,120.0,231.1,16.0,238.6,16.0,0.0,0.0,0.0,0.9991,0.0,0.0039,0.0,0.1271,235.1304,0.0,0.0,0.0,0.0,no_change,0.0,,0.0,236.550003051758,354.53,2026-09-02 15:44:18,2026-09-02 11:45:02
TSLA,TSLA261009C00130000,TSLA,2026-10-09,C,130.0,221.35,20.0,228.8,16.0,0.0,0.0,0.0,0.9988,0.0,0.0048,0.0,0.1376,225.1849,0.0,0.0,0.0,0.0,no_change,0.0,,0.0,226.549995422363,354.53,2026-09-02 15:44:18,2026-09-02 11:45:02
TSLA,TSLA261009C00140000,TSLA,2026-10-09,C,140.0,211.65,20.0,218.7,16.0,0.0,0.0,0.0,0.9986,0.0,0.0058,0.0,0.1481,215.2408,0.0,0.0,0.0,0.0,no_change,0.0,,0.0,216.600006103516,354.53,2026-09-02 15:44:18,2026-09-02 11:45:02
TSLA,TSLA261009C00150000,TSLA,2026-10-09,C,150.0,201.75,20.0,208.95,17.0,1.0532,1.0,0.0,0.9982,0.0001,0.007,0.0,0.1586,205.2982,0.0,0.0,0.0,0.0,up,217.66,2026-08-31T15:45:58,0.0,206.525001525879,354.53,2026-09-02 15:44:18,2026-09-02 11:45:02
TSLA,TSLA261009C00160000,TSLA,2026-10-09,C,160.0,192.0,20.0,198.8,20.0,0.9816,0.0,0.0,0.9977,0.0001,0.0085,0.0,0.1691,195.3576,0.0,0.0,0.0,0.0,no_change,0.0,,0.0,196.5,354.53,2026-09-02 15:44:18,2026-09-02 11:45:02
TSLA,TSLA261009C00170000,TSLA,2026-10-09,C,170.0,181.85,20.0,188.9,18.0,0.8303,0.0,0.0,0.9972,0.0001,0.0103,0.0,0.1795,185.4195,0.0,0.0,0.0,0.0,no_change,0.0,,0.0,186.849998474121,354.53,2026-09-02 15:44:18,2026-09-02 11:45:02
TSLA,TSLA261009C00180000,TSLA,2026-10-09,C,180.0,171.95,20.0,179.0,20.0,0.8298,0.0,0.0,0.9965,0.0001,0.0125,0.0,0.1898,175.4844,0.0,0.0,0.0,0.0,up,174.8,2026-09-01T14:47:16,0.0,176.925003051758,354.53,2026-09-02 15:44:18,2026-09-02 11:45:02
TSLA,TSLA261009C00190000,TSLA,2026-10-09,C,190.0,161.6,16.0,169.0,17.0,0.0,0.0,0.0,0.9956,0.0001,0.0152,0.0,0.2001,165.553,0.0,0.0,0.0,0.0,no_change,0.0,,0.0,167.049995422363,354.53,2026-09-02 15:44:18,2026-09-02 11:45:02
TSLA,TSLA261009C00200000,TSLA,2026-10-09,C,200.0,151.9,17.0,159.1,17.0,0.6316,0.0,0.0,0.9945,0.0002,0.0184,-0.0016,0.2103,155.6265,0.0,0.0,0.0,0.0,no_change,0.0,,0.0,156.950004577637,354.53,2026-09-02 15:44:18,2026-09-02 11:45:02
TSLA,TSLA261009C00210000,TSLA,2026-10-09,C,210.0,141.75,18.0,149.25,17.0,0.0,0.0,0.0,0.993,0.0002,0.0226,-0.0053,0.2204,145.7062,0.0,0.0,0.0,0.0,no_change,0.0,,0.0,147.150001525879,354.53,2026-09-02 15:44:18,2026-09-02 11:45:02
TSLA,TSLA261009C00220000,TSLA,2026-10-09,C,220.0,132.2,17.0,139.4,20.0,0.6674,0.0,0.0,0.9912,0.0003,0.0276,-0.0094,0.2302,135.7941,0.0,0.0,0.0,0.0,no_change,0.0,,0.0,137.199996948242,354.53,2026-09-02 15:44:18,2026-09-02 11:45:02
TSLA,TSLA261009C00230000,TSLA,2026-10-09,C,230.0,122.4,17.0,129.55,25.0,0.6495,0.0,0.0,0.9888,0.0004,0.034,-0.0142,0.2399,125.8933,0.0,0.0,0.0,0.0,no_change,0.0,,0.0,127.724998474121,354.53,2026-09-02 15:44:18,2026-09-02 11:45:02
TSLA,TSLA261009C00235000,TSLA,2026-10-09,C,235.0,117.45,18.0,124.55,18.0,0.6214,0.0,0.0,0.9873,0.0005,0.0379,-0.0169,0.2447,120.9487,0.0,0.0,0.0,0.0,no_change,0.0,,0.0,121.849998474121,354.53,2026-09-02 15:44:18,2026-09-02 11:45:02
TSLA,TSLA261009C00240000,TSLA,2026-10-09,C,240.0,112.4,18.0,119.6,10.0,0.5878,0.0,0.0,0.9856,0.0006,0.0422,-0.0199,0.2493,116.0091,0.0,0.0,0.0,0.0,no_change,0.0,,0.0,118.199996948242,354.53,2026-09-02 15:44:18,2026-09-02 11:45:02
TSLA,TSLA261009C00245000,TSLA,2026-10-09,C,245.0,107.7,10.0,114.6,10.0,0.588,0.0,0.0,0.9836,0.0006,0.0472,-0.0231,0.2538,111.0757,0.0,0.0,0.0,0.0,no_change,0.0,,0.0,112.400001525879,354.53,2026-09-02 15:44:18,2026-09-02 11:45:02
TSLA,TSLA261009C00250000,TSLA,2026-10-09,C,250.0,103.3,16.0,109.55,10.0,0.6016,0.0,0.0,0.9812,0.0007,0.053,-0.0268,0.2582,106.1502,0.0,0.0,0.0,0.0,no_change,0.0,,0.0,107.475002288818,354.53,2026-09-02 15:44:18,2026-09-02 11:45:02
TSLA,TSLA261009C00255000,TSLA,2026-10-09,C,255.0,98.6,33.0,103.55,33.0,0.5084,0.0,0.0,0.9784,0.0008,0.0597,-0.0308,0.2624,101.2351,0.0,0.0,0.0,0.0,no_change,0.0,,0.0,102.625,354.53,2026-09-02 15:44:18,2026-09-02 11:45:02
TSLA,TSLA261009C00260000,TSLA,2026-10-09,C,260.0,94.1,34.0,98.25,35.0,0.4976,0.0,0.0,0.975,0.001,0.0674,-0.0355,0.2663,96.3334,0.0,0.0,0.0,0.0,no_change,0.0,,0.0,97.75,354.53,2026-09-02 15:44:18,2026-09-02 11:45:02
TSLA,TSLA261009C00265000,TSLA,2026-10-09,C,265.0,89.45,36.0,93.25,35.0,0.496,0.0,0.0,0.9708,0.0012,0.0767,-0.0409,0.27,91.4491,0.0,0.0,0.0,0.0,no_change,0.0,,0.0,93.2250022888184,354.53,2026-09-02 15:44:18,2026-09-02 11:45:02
TSLA,TSLA261009C00270000,TSLA,2026-10-09,C,270.0,84.95,34.0,88.4,34.0,0.5066,0.0,0.0,0.9657,0.0014,0.0875,-0.0472,0.2733,86.5875,0.0,0.0,0.0,0.0,no_change,0.0,,0.0,88.1749992370606,354.53,2026-09-02 15:44:18,2026-09-02 11:45:02
TSLA,TSLA261009C00275000,TSLA,2026-10-09,C,275.0,80.5,28.0,83.85,28.0,0.5232,0.0,0.0,0.9595,0.0016,0.1002,-0.0544,0.2761,81.7551,0.0,0.0,0.0,0.0,no_change,0.0,,0.0,83.25,354.53,2026-09-02 15:44:18,2026-09-02 11:45:02
TSLA,TSLA261009C00280000,TSLA,2026-10-09,C,280.0,75.25,41.0,78.55,37.0,0.4678,0.0,0.0,0.9518,0.0019,0.1152,-0.0628,0.2783,76.9602,0.0,0.0,0.0,0.0,no_change,0.0,,0.0,78.25,354.53,2026-09-02 15:44:18,2026-09-02 11:45:02
TSLA,TSLA261009C00285000,TSLA,2026-10-09,C,285.0,71.2,38.0,73.2,39.0,0.4623,0.0,0.0,0.9424,0.0022,0.1323,-0.0725,0.2799,72.2128,0.0,0.0,0.0,0.0,no_change,0.0,,0.0,73.875,354.53,2026-09-02 15:44:18,2026-09-02 11:45:02
TSLA,TSLA261009C00290000,TSLA,2026-10-09,C,290.0,66.8,11.0,68.5,40.0,0.4628,0.0,0.0,0.9311,0.0026,0.1522,-0.0835,0.2806,67.5241,0.0,0.0,0.0,0.0,no_change,0.0,,0.0,69.1750030517578,354.53,2026-09-02 15:44:18,2026-09-02 11:45:02
TSLA,TSLA261009C00295000,TSLA,2026-10-09,C,295.0,62.15,11.0,63.9,35.0,0.4535,0.0,0.0,0.9174,0.003,0.1743,-0.0959,0.2804,62.9081,0.0,0.0,0.0,0.0,no_change,0.0,,0.0,64.5249996185303,354.53,2026-09-02 15:44:18,2026-09-02 11:45:02
TSLA,TSLA261009C00300000,TSLA,2026-10-09,C,300.0,57.65,11.0,59.25,34.0,0.4435,0.0,0.0,0.901,0.0035,0.1992,-0.1095,0.279,58.3793,0.0,0.0,0.0,0.0,no_change,0.0,,0.0,59.9500007629394,354.53,2026-09-02 15:44:18,2026-09-02 11:45:02
TSLA,TSLA261009C00305000,TSLA,2026-10-09,C,305.0,53.25,30.0,54.9,74.0,0.4394,1.0,0.0,0.8818,0.004,0.2258,-0.1243,0.2766,53.9545,0.0,0.0,0.0,0.0,down,54.05,2026-09-01T09:42:56,0.0,55.5250015258789,354.53,2026-09-02 15:44:18,2026-09-02 11:45:02
TSLA,TSLA261009C00310000,TSLA,2026-10-09,C,310.0,48.9,21.0,50.45,70.0,0.4299,1.0,3.0,0.8595,0.0046,0.2544,-0.1399,0.2727,49.6514,-1.08,48.12,50.74,48.12,down,50.07,2026-09-02T10:49:01,-2.11144,51.1499996185303,354.53,2026-09-02 15:44:18,2026-09-02 11:45:02
TSLA,TSLA261009C00315000,TSLA,2026-10-09,C,315.0,44.75,30.0,46.3,76.0,0.426,3.0,0.0,0.8341,0.0052,0.2837,-0.156,0.2675,45.4878,0.0,0.0,0.0,0.0,down,48.8,2026-09-01T10:29:56,0.0,46.9250011444092,354.53,2026-09-02 15:44:18,2026-09-02 11:45:02
TSLA,TSLA261009C00320000,TSLA,2026-10-09,C,320.0,40.8,34.0,42.3,80.0,0.4236,7.0,6.0,0.8053,0.0058,0.3132,-0.1722,0.2609,41.4697,-3.585,39.67,39.67,39.44,down,39.44,2026-09-02T11:03:04,-8.33237,43.0250015258789,354.53,2026-09-02 15:44:18,2026-09-02 11:45:02
TSLA,TSLA261009C00325000,TSLA,2026-10-09,C,325.0,37.25,10.0,38.5,258.0,0.4245,16.0,0.0,0.7736,0.0063,0.3421,-0.188,0.2529,37.6539,0.0,0.0,0.0,0.0,up,38.84,2026-09-01T15:18:48,0.0,39.0,354.53,2026-09-02 15:44:18,2026-09-02 11:45:02
TSLA,TSLA261009C00330000,TSLA,2026-10-09,C,330.0,33.25,190.0,34.85,247.0,0.4168,16.0,0.0,0.7387,0.0069,0.369,-0.2029,0.2436,34.0057,0.0,0.0,0.0,0.0,no_change,36.8,2026-09-01T11:03:24,0.0,35.2000007629394,354.53,2026-09-02 15:44:18,2026-09-02 11:45:02
TSLA,TSLA261009C00335000,TSLA,2026-10-09,C,335.0,30.1,188.0,31.4,278.0,0.4178,24.0,0.0,0.7016,0.0074,0.3935,-0.2163,0.2331,30.5894,0.0,0.0,0.0,0.0,up,33.44,2026-09-01T11:09:54,0.0,31.8999996185303,354.53,2026-09-02 15:44:18,2026-09-02 11:45:02
TSLA,TSLA261009C00340000,TSLA,2026-10-09,C,340.0,26.55,269.0,28.2,273.0,0.4125,38.0,13.0,0.6621,0.0078,0.4144,-0.2279,0.2215,27.3688,-0.175,25.0,28.1,25.0,up,28.1,2026-09-02T10:46:34,-0.61892,28.2749996185303,354.53,2026-09-02 15:44:18,2026-09-02 11:45:02
TSLA,TSLA261009C00345000,TSLA,2026-10-09,C,345.0,23.65,370.0,25.2,385.0,0.4121,32.0,7.0,0.6212,0.0081,0.4309,-0.2373,0.2092,24.3983,-1.15,27.23,27.23,23.3,up,24.05,2026-09-02T11:26:21,-4.5635,25.2000007629395,354.53,2026-09-02 15:44:18,2026-09-02 11:45:02
TSLA,TSLA261009C00350000,TSLA,2026-10-09,C,350.0,21.25,169.0,21.95,202.0,0.4105,93.0,23.0,0.5789,0.0084,0.4429,-0.2441,0.1959,21.6277,-2.125,20.4,22.3,19.47,down,20.45,2026-09-02T10:54:54,-9.41307,22.5749998092651,354.53,2026-09-02 15:44:18,2026-09-02 11:45:02
TSLA,TSLA261009C00355000,TSLA,2026-10-09,C,355.0,18.85,53.0,19.3,159.0,0.4098,242.0,79.0,0.5369,0.0085,0.4498,-0.2483,0.1827,19.133,-0.8,20.98,20.98,17.2,no_change,19.2,2026-09-02T11:22:44,-4.0,20.0,354.53,2026-09-02 15:44:18,2026-09-02 11:45:02
TSLA,TSLA261009C00360000,TSLA,2026-10-09,C,360.0,16.55,67.0,17.0,180.0,0.4099,196.0,142.0,0.4948,0.0085,0.4517,-0.2498,0.1691,16.8479,-0.2,18.53,18.53,15.0,up,17.4,2026-09-02T11:26:57,-1.13637,17.6000003814697,354.53,2026-09-02 15:44:18,2026-09-02 11:45:02
TSLA,TSLA261009C00365000,TSLA,2026-10-09,C,365.0,14.45,155.0,14.9,27.0,0.4092,71.0,88.0,0.4535,0.0084,0.4487,-0.2487,0.1556,14.786,-0.54,16.55,17.05,13.0,up,14.91,2026-09-02T11:27:51,-3.49514,15.4499998092651,354.53,2026-09-02 15:44:18,2026-09-02 11:45:02
TSLA,TSLA261009C00370000,TSLA,2026-10-09,C,370.0,12.65,39.0,13.2,240.0,0.4134,66.0,5.0,0.4132,0.0083,0.4411,-0.2451,0.1423,12.925,-1.475,11.7,12.0,11.7,up,12.0,2026-09-02T10:56:07,-10.9462,13.4749999046326,354.53,2026-09-02 15:44:18,2026-09-02 11:45:02
TSLA,TSLA261009C00375000,TSLA,2026-10-09,C,375.0,10.95,266.0,11.55,245.0,0.4138,128.0,21.0,0.3752,0.008,0.4297,-0.2394,0.1295,11.2953,-1.525,10.29,10.45,9.5,up,10.25,2026-09-02T10:10:16,-12.9512,11.7750000953674,354.53,2026-09-02 15:44:18,2026-09-02 11:45:02
TSLA,TSLA261009C00380000,TSLA,2026-10-09,C,380.0,9.65,22.0,10.1,211.0,0.4174,156.0,27.0,0.3392,0.0077,0.415,-0.232,0.1175,9.844,-1.78,10.39,10.39,8.47,down,8.47,2026-09-02T10:04:40,-17.3659,10.25,354.53,2026-09-02 15:44:18,2026-09-02 11:45:02
TSLA,TSLA261009C00385000,TSLA,2026-10-09,C,385.0,8.3,265.0,8.8,272.0,0.4185,125.0,30.0,0.3053,0.0074,0.3973,-0.223,0.1059,8.5639,-0.25,7.93,8.6,7.5,up,8.6,2026-09-02T11:28:00,-2.82486,8.85000038146973,354.53,2026-09-02 15:44:18,2026-09-02 11:45:02
TSLA,TSLA261009C00390000,TSLA,2026-10-09,C,390.0,7.25,23.0,7.7,236.0,0.4221,150.0,8.0,0.274,0.007,0.378,-0.2129,0.0953,7.4436,-0.6,8.05,8.05,6.8,up,7.1,2026-09-02T11:04:45,-7.79221,7.70000004768372,354.53,2026-09-02 15:44:18,2026-09-02 11:45:02
TSLA,TSLA261009C00395000,TSLA,2026-10-09,C,395.0,6.2,307.0,6.7,284.0,0.4236,71.0,60.0,0.2452,0.0065,0.357,-0.202,0.0853,6.4656,-0.2,6.75,6.75,5.65,no_change,6.45,2026-09-02T11:15:32,-3.00752,6.64999985694885,354.53,2026-09-02 15:44:18,2026-09-02 11:45:02
TSLA,TSLA261009C00400000,TSLA,2026-10-09,C,400.0,5.45,46.0,5.8,297.0,0.4272,146.0,50.0,0.2191,0.0061,0.3357,-0.1908,0.0764,5.621,-0.35,5.9,5.9,4.8,up,5.4,2026-09-02T11:10:25,-6.08696,5.75,354.53,2026-09-02 15:44:18,2026-09-02 11:45:02
TSLA,TSLA261009C00405000,TSLA,2026-10-09,C,405.0,4.75,22.0,5.1,299.0,0.4315,155.0,7.0,0.1954,0.0056,0.3138,-0.1794,0.0681,4.889,0.01,5.3,5.3,4.83,down,5.01,2026-09-02T10:47:44,0.2,5.0,354.53,2026-09-02 15:44:18,2026-09-02 11:45:02
TSLA,TSLA261009C00410000,TSLA,2026-10-09,C,410.0,4.15,26.0,4.45,294.0,0.4354,155.0,47.0,0.1741,0.0052,0.2924,-0.1681,0.0608,4.2585,0.005,4.8,4.85,3.8,up,4.33,2026-09-02T10:39:44,0.115606,4.32500004768372,354.53,2026-09-02 15:44:18,2026-09-02 11:45:02
TSLA,TSLA261009C00415000,TSLA,2026-10-09,C,415.0,3.6,11.0,3.9,222.0,0.439,136.0,2.0,0.1553,0.0048,0.2717,-0.1572,0.0542,3.72,-0.06,3.1,3.69,3.1,up,3.69,2026-09-02T10:28:58,-1.6,3.75,354.53,2026-09-02 15:44:18,2026-09-02 11:45:02
TSLA,TSLA261009C00420000,TSLA,2026-10-09,C,420.0,3.15,42.0,3.45,243.0,0.4441,109.0,9.0,0.1383,0.0044,0.2514,-0.1465,0.0483,3.2514,-0.125,3.02,3.35,2.8,down,3.15,2026-09-02T10:49:33,-3.8168,3.27500009536743,354.53,2026-09-02 15:44:18,2026-09-02 11:45:02
TSLA,TSLA261009C00425000,TSLA,2026-10-09,C,425.0,2.74,32.0,3.0,197.0,0.4475,76.0,4.0,0.1234,0.004,0.2327,-0.1365,0.0431,2.8517,-0.205,2.79,2.92,2.57,down,2.68,2026-09-02T10:50:12,-7.10572,2.88499999046326,354.53,2026-09-02 15:44:18,2026-09-02 11:45:02
TSLA,TSLA261009C00430000,TSLA,2026-10-09,C,430.0,2.42,12.0,2.65,261.0,0.4526,280.0,24.0,0.1102,0.0037,0.2147,-0.1271,0.0385,2.5106,-0.09,2.28,2.54,2.28,down,2.42,2026-09-02T11:10:15,-3.58566,2.50999999046326,354.53,2026-09-02 15:44:18,2026-09-02 11:45:02
TSLA,TSLA261009C00435000,TSLA,2026-10-09,C,435.0,2.1,134.0,2.35,280.0,0.4569,33.0,26.0,0.0986,0.0033,0.1983,-0.1183,0.0344,2.2174,-0.175,1.95,2.02,1.95,up,2.02,2026-09-02T09:59:08,-7.97266,2.1949999332428,354.53,2026-09-02 15:44:18,2026-09-02 11:45:02
TSLA,TSLA261009C00440000,TSLA,2026-10-09,C,440.0,1.89,36.0,2.09,225.0,0.463,26.0,1.0,0.0885,0.0031,0.1833,-0.1102,0.0309,1.9679,-0.25,1.7,1.7,1.7,down,1.7,2026-09-02T09:46:27,-12.8205,1.94999998807907,354.53,2026-09-02 15:44:18,2026-09-02 11:45:02
TSLA,TSLA261009C00445000,TSLA,2026-10-09,C,445.0,1.68,23.0,1.88,195.0,0.4689,35.0,1.0,0.0796,0.0028,0.1692,-0.1028,0.0278,1.7536,-0.185,1.55,1.55,1.55,down,1.55,2026-09-02T09:39:24,-10.6628,1.73500001430511,354.53,2026-09-02 15:44:18,2026-09-02 11:45:02
TSLA,TSLA261009C00450000,TSLA,2026-10-09,C,450.0,1.49,10.0,1.69,177.0,0.4744,101.0,41.0,0.0718,0.0025,0.1565,-0.096,0.025,1.5688,0.015,1.36,1.59,1.36,no_change,1.56,2026-09-02T10:29:19,0.970873,1.5450000166893,354.53,2026-09-02 15:44:18,2026-09-02 11:45:02
TSLA,TSLA261009C00455000,TSLA,2026-10-09,C,455.0,1.33,20.0,1.53,125.0,0.4804,14.0,0.0,0.0649,0.0023,0.145,-0.0897,0.0226,1.4093,0.0,0.0,0.0,0.0,down,1.35,2026-09-01T14:20:18,0.0,1.38499999046326,354.53,2026-09-02 15:44:18,2026-09-02 11:45:02
TSLA,TSLA261009C00460000,TSLA,2026-10-09,C,460.0,1.2,20.0,1.36,100.0,0.4856,22.0,0.0,0.0589,0.0021,0.1343,-0.084,0.0205,1.2715,0.0,0.0,0.0,0.0,up,1.31,2026-09-01T12:01:59,0.0,1.25,354.53,2026-09-02 15:44:18,2026-09-02 11:45:02
TSLA,TSLA261009C00465000,TSLA,2026-10-09,C,465.0,1.08,126.0,1.26,245.0,0.4927,65.0,1.0,0.0536,0.002,0.1246,-0.0788,0.0186,1.1521,-0.1,1.02,1.02,1.02,down,1.02,2026-09-02T09:57:37,-8.92857,1.12000000476837,354.53,2026-09-02 15:44:18,2026-09-02 11:45:02
TSLA,TSLA261009C00470000,TSLA,2026-10-09,C,470.0,0.97,238.0,1.15,227.0,0.4988,50.0,0.0,0.0489,0.0018,0.116,-0.0741,0.017,1.0472,0.0,0.0,0.0,0.0,up,1.69,2026-08-31T13:43:48,0.0,1.03000000119209,354.53,2026-09-02 15:44:18,2026-09-02 11:45:02
TSLA,TSLA261009C00475000,TSLA,2026-10-09,C,475.0,0.88,295.0,1.06,278.0,0.5053,118.0,1.0,0.0448,0.0016,0.1081,-0.0698,0.0156,0.9569,-0.03,0.9,0.9,0.9,down,0.9,2026-09-02T10:58:24,-3.22581,0.930000007152557,354.53,2026-09-02 15:44:18,2026-09-02 11:45:02
TSLA,TSLA261009C00480000,TSLA,2026-10-09,C,480.0,0.84,34.0,0.98,218.0,0.5139,8.0,1.0,0.0411,0.0015,0.1008,-0.0658,0.0142,0.877,-0.02,0.88,0.88,0.88,down,0.88,2026-09-02T11:11:45,-2.22222,0.900000005960464,354.53,2026-09-02 15:44:18,2026-09-02 11:45:02
TSLA,TSLA261009C00485000,TSLA,2026-10-09,C,485.0,0.73,344.0,0.91,281.0,0.5186,0.0,0.0,0.0378,0.0014,0.0942,-0.0622,0.0131,0.8066,0.0,0.0,0.0,0.0,no_change,0.0,,0.0,0.810000002384186,354.53,2026-09-02 15:44:18,2026-09-02 11:45:02
TSLA,TSLA261009C00490000,TSLA,2026-10-09,C,490.0,0.67,314.0,0.84,143.0,0.525,1.0,0.0,0.0349,0.0013,0.0883,-0.0589,0.0121,0.7442,0.0,0.0,0.0,0.0,down,0.73,2026-09-01T14:17:49,0.0,0.745000004768372,354.53,2026-09-02 15:44:18,2026-09-02 11:45:02
TSLA,TSLA261009C00495000,TSLA,2026-10-09,C,495.0,0.62,204.0,0.78,214.0,0.5319,26.0,1.0,0.0323,0.0012,0.0829,-0.0558,0.0112,0.6886,0.045,0.73,0.73,0.73,down,0.73,2026-09-02T10:28:16,6.56934,0.685000002384186,354.53,2026-09-02 15:44:18,2026-09-02 11:45:02
TSLA,TSLA261009C00500000,TSLA,2026-10-09,C,500.0,0.57,432.0,0.72,272.0,0.5379,69.0,38.0,0.03,0.0011,0.0779,-0.053,0.0104,0.639,-0.04,0.61,0.64,0.61,no_change,0.63,2026-09-02T09:56:41,-5.97015,0.6700000166893,354.53,2026-09-02 15:44:18,2026-09-02 11:45:02
TSLA,TSLA261009C00505000,TSLA,2026-10-09,C,505.0,0.53,257.0,0.67,134.0,0.5446,0.0,0.0,0.0278,0.001,0.0732,-0.0504,0.0096,0.5945,0.0,0.0,0.0,0.0,no_change,0.0,,0.0,0.594999998807907,354.53,2026-09-02 15:44:18,2026-09-02 11:45:02
TSLA,TSLA261009C00510000,TSLA,2026-10-09,C,510.0,0.49,205.0,0.63,220.0,0.5512,1.0,0.0,0.0259,0.001,0.069,-0.048,0.0089,0.5546,0.0,0.0,0.0,0.0,down,0.56,2026-09-01T14:17:49,0.0,0.555000007152557,354.53,2026-09-02 15:44:18,2026-09-02 11:45:02
TSLA,TSLA261009C00515000,TSLA,2026-10-09,C,515.0,0.45,114.0,0.61,110.0,0.5589,0.0,0.0,0.0242,0.0009,0.0651,-0.0458,0.0084,0.5185,0.0,0.0,0.0,0.0,no_change,0.0,,0.0,0.524999991059303,354.53,2026-09-02 15:44:18,2026-09-02 11:45:02
TSLA,TSLA261009C00520000,TSLA,2026-10-09,C,520.0,0.42,102.0,0.57,87.0,0.5652,5.0,0.0,0.0226,0.0008,0.0616,-0.0437,0.0078,0.4857,0.0,0.0,0.0,0.0,down,0.69,2026-08-31T15:25:11,0.0,0.495000004768372,354.53,2026-09-02 15:44:18,2026-09-02 11:45:02
TSLA,TSLA261009C00525000,TSLA,2026-10-09,C,525.0,0.39,130.0,0.54,80.0,0.5719,2.0,0.0,0.0212,0.0008,0.0583,-0.0418,0.0073,0.4558,0.0,0.0,0.0,0.0,up,0.69,2026-08-31T14:06:41,0.0,0.470000013709068,354.53,2026-09-02 15:44:18,2026-09-02 11:45:02
TSLA,TSLA261009C00530000,TSLA,2026-10-09,C,530.0,0.36,128.0,0.51,85.0,0.578,1.0,0.0,0.0199,0.0007,0.0552,-0.04,0.0068,0.4286,0.0,0.0,0.0,0.0,up,0.63,2026-08-31T13:45:35,0.0,0.435000002384186,354.53,2026-09-02 15:44:18,2026-09-02 11:45:02
TSLA,TSLA261009C00535000,TSLA,2026-10-09,C,535.0,0.35,261.0,0.48,242.0,0.5855,0.0,0.0,0.0187,0.0007,0.0523,-0.0383,0.0064,0.4038,0.0,0.0,0.0,0.0,no_change,0.0,,0.0,0.409999996423721,354.53,2026-09-02 15:44:18,2026-09-02 11:45:02
TSLA,TSLA261009C00540000,TSLA,2026-10-09,C,540.0,0.32,305.0,0.45,225.0,0.5905,2.0,4.0,0.0176,0.0006,0.0496,-0.0367,0.006,0.381,-0.03,0.36,0.36,0.36,no_change,0.36,2026-09-02T09:57:24,-7.69231,0.390000000596046,354.53,2026-09-02 15:44:18,2026-09-02 11:45:02
TSLA,TSLA261009C00545000,TSLA,2026-10-09,C,545.0,0.3,199.0,0.43,91.0,0.5971,17.0,0.0,0.0166,0.0006,0.0472,-0.0353,0.0057,0.3601,0.0,0.0,0.0,0.0,down,0.35,2026-09-01T15:58:16,0.0,0.370000004768372,354.53,2026-09-02 15:44:18,2026-09-02 11:45:02
TSLA,TSLA261009C00550000,TSLA,2026-10-09,C,550.0,0.28,216.0,0.41,178.0,0.6034,9.0,0.0,0.0157,0.0006,0.0449,-0.0339,0.0054,0.3408,0.0,0.0,0.0,0.0,no_change,0.34,2026-09-01T10:58:09,0.0,0.355000004172325,354.53,2026-09-02 15:44:18,2026-09-02 11:45:02
TSLA,TSLA261009C00555000,TSLA,2026-10-09,C,555.0,0.26,123.0,0.39,48.0,0.6092,21.0,0.0,0.0148,0.0005,0.0428,-0.0326,0.0051,0.3229,0.0,0.0,0.0,0.0,up,0.49,2026-08-31T15:26:52,0.0,0.33500000834465,354.53,2026-09-02 15:44:18,2026-09-02 11:45:02
TSLA,TSLA261009C00560000,TSLA,2026-10-09,C,560.0,0.24,84.0,0.37,48.0,0.6145,1.0,0.0,0.014,0.0005,0.0408,-0.0313,0.0048,0.3064,0.0,0.0,0.0,0.0,up,0.24,2026-08-28T09:30:18,0.0,0.314999997615814,354.53,2026-09-02 15:44:18,2026-09-02 11:45:02
TSLA,TSLA261009C00565000,TSLA,2026-10-09,C,565.0,0.23,92.0,0.37,129.0,0.6234,0.0,0.0,0.0133,0.0005,0.039,-0.0302,0.0045,0.2911,0.0,0.0,0.0,0.0,no_change,0.0,,0.0,0.300000004470348,354.53,2026-09-02 15:44:18,2026-09-02 11:45:02
TSLA,TSLA261009C00570000,TSLA,2026-10-09,C,570.0,0.22,168.0,0.34,209.0,0.628,1.0,0.0,0.0126,0.0004,0.0372,-0.029,0.0043,0.2768,0.0,0.0,0.0,0.0,down,0.27,2026-09-01T10:51:08,0.0,0.285000003874302,354.53,2026-09-02 15:44:18,2026-09-02 11:45:02
TSLA,TSLA261009C00575000,TSLA,2026-10-09,C,575.0,0.2,76.0,0.33,56.0,0.6336,0.0,0.0,0.012,0.0004,0.0356,-0.028,0.0041,0.2636,0.0,0.0,0.0,0.0,no_change,0.0,,0.0,0.274999998509884,354.53,2026-09-02 15:44:18,2026-09-02 11:45:02
TSLA,TSLA261009C00580000,TSLA,2026-10-09,C,580.0,0.19,94.0,0.32,52.0,0.6403,0.0,0.0,0.0114,0.0004,0.034,-0.027,0.0039,0.2512,0.0,0.0,0.0,0.0,no_change,0.0,,0.0,0.259999997913837,354.53,2026-09-02 15:44:18,2026-09-02 11:45:02
TSLA,TSLA261009C00585000,TSLA,2026-10-09,C,585.0,0.17,78.0,0.3,53.0,0.6435,1.0,0.0,0.0108,0.0004,0.0325,-0.0261,0.0037,0.2397,0.0,0.0,0.0,0.0,up,0.37,2026-08-28T10:42:22,0.0,0.25,354.53,2026-09-02 15:44:18,2026-09-02 11:45:02
TSLA,TSLA261009C00590000,TSLA,2026-10-09,C,590.0,0.17,78.0,0.29,47.0,0.6512,0.0,0.0,0.0103,0.0004,0.0312,-0.0252,0.0035,0.2289,0.0,0.0,0.0,0.0,no_change,0.0,,0.0,0.240000009536743,354.53,2026-09-02 15:44:18,2026-09-02 11:45:02
TSLA,TSLA261009C00595000,TSLA,2026-10-09,C,595.0,0.16,54.0,0.28,50.0,0.6571,0.0,0.0,0.0098,0.0004,0.0299,-0.0244,0.0033,0.2188,0.0,0.0,0.0,0.0,no_change,0.0,,0.0,0.229999996721745,354.53,2026-09-02 15:44:18,2026-09-02 11:45:02
TSLA,TSLA261009C00600000,TSLA,2026-10-09,C,600.0,0.15,219.0,0.27,144.0,0.6627,19.0,0.0,0.0094,0.0003,0.0287,-0.0235,0.0032,0.2093,0.0,0.0,0.0,0.0,down,0.21,2026-09-01T12:04:53,0.0,0.230000004172325,354.53,2026-09-02 15:44:18,2026-09-02 11:45:02
TSLA,TSLA261009C00605000,TSLA,2026-10-09,C,605.0,0.14,94.0,0.26,42.0,0.668,1.0,0.0,0.0089,0.0003,0.0276,-0.0228,0.003,0.2004,0.0,0.0,0.0,0.0,up,0.26,2026-08-31T10:04:40,0.0,0.204999998211861,354.53,2026-09-02 15:44:18,2026-09-02 11:45:02
TSLA,TSLA261009C00610000,TSLA,2026-10-09,C,610.0,0.14,10.0,0.23,15.0,0.6709,2.0,0.0,0.0086,0.0003,0.0265,-0.022,0.0029,0.192,0.0,0.0,0.0,0.0,down,0.25,2026-08-31T10:04:33,0.0,0.199999995529652,354.53,2026-09-02 15:44:18,2026-09-02 11:45:02
TSLA,TSLA261009C00615000,TSLA,2026-10-09,C,615.0,0.12,44.0,0.24,18.0,0.6776,12.0,0.0,0.0082,0.0003,0.0255,-0.0213,0.0028,0.184,0.0,0.0,0.0,0.0,down,0.26,2026-08-31T15:58:47,0.0,0.179999999701977,354.53,2026-09-02 15:44:18,2026-09-02 11:45:02
TSLA,TSLA261009P00050000,TSLA,2026-10-09,P,50.0,0.0,0.0,0.19,43.0,2.2836,1.0,0.0,-0.0002,0.0,0.0008,-0.002,-0.0001,0.0118,0.0,0.0,0.0,0.0,down,0.07,2026-08-31T14:06:29,0.0,0.0949999988079071,354.53,2026-09-02 15:44:18,2026-09-02 11:45:02
TSLA,TSLA261009P00060000,TSLA,2026-10-09,P,60.0,0.0,0.0,0.2,44.0,2.0816,0.0,0.0,-0.0003,0.0,0.0011,-0.0024,-0.0001,0.0143,0.0,0.0,0.0,0.0,no_change,0.0,,0.0,0.100000001490116,354.53,2026-09-02 15:44:18,2026-09-02 11:45:02
TSLA,TSLA261009P00070000,TSLA,2026-10-09,P,70.0,0.0,0.0,0.2,44.0,1.9025,0.0,0.0,-0.0003,0.0,0.0014,-0.0028,-0.0001,0.0172,0.0,0.0,0.0,0.0,no_change,0.0,,0.0,0.100000001490116,354.53,2026-09-02 15:44:18,2026-09-02 11:45:02
TSLA,TSLA261009P00080000,TSLA,2026-10-09,P,80.0,0.0,0.0,0.2,45.0,1.7486,0.0,0.0,-0.0004,0.0,0.0017,-0.0032,-0.0002,0.0205,0.0,0.0,0.0,0.0,no_change,0.0,,0.0,0.100000001490116,354.53,2026-09-02 15:44:18,2026-09-02 11:45:02
TSLA,TSLA261009P00090000,TSLA,2026-10-09,P,90.0,0.0,0.0,0.2,45.0,1.6137,0.0,0.0,-0.0006,0.0,0.0022,-0.0037,-0.0002,0.0244,0.0,0.0,0.0,0.0,no_change,0.0,,0.0,0.100000001490116,354.53,2026-09-02 15:44:18,2026-09-02 11:45:02
TSLA,TSLA261009P00100000,TSLA,2026-10-09,P,100.0,0.0,0.0,0.14,79.0,1.4414,0.0,0.0,-0.0007,0.0,0.0026,-0.0043,-0.0003,0.0289,0.0,0.0,0.0,0.0,no_change,0.0,,0.0,0.100000001490116,354.53,2026-09-02 15:44:18,2026-09-02 11:45:02
TSLA,TSLA261009P00110000,TSLA,2026-10-09,P,110.0,0.01,1.0,0.1,172.0,1.3063,0.0,13.0,-0.0008,0.0,0.0032,-0.005,-0.0003,0.0341,-0.08,0.08,0.08,0.02,no_change,0.02,2026-09-02T11:27:19,-80.0,0.100000001490116,354.53,2026-09-02 15:44:18,2026-09-02 11:45:02
TSLA,TSLA261009P00120000,TSLA,2026-10-09,P,120.0,0.01,1.0,0.1,45.0,1.2131,11.0,5.0,-0.001,0.0,0.0039,-0.0057,-0.0004,0.0402,0.0,0.1,0.1,0.1,no_change,0.1,2026-09-02T11:19:07,-1.49012e-06,0.100000001490116,354.53,2026-09-02 15:44:18,2026-09-02 11:45:02
TSLA,TSLA261009P00130000,TSLA,2026-10-09,P,130.0,0.01,2.0,0.16,46.0,1.1765,12.0,0.0,-0.0013,0.0,0.0048,-0.0066,-0.0005,0.0474,0.0,0.0,0.0,0.0,down,0.03,2026-09-01T15:56:20,0.0,0.0600000005215406,354.53,2026-09-02 15:44:18,2026-09-02 11:45:02
TSLA,TSLA261009P00140000,TSLA,2026-10-09,P,140.0,0.01,73.0,0.17,162.0,1.1006,3.0,7.0,-0.0016,0.0,0.0058,-0.0075,-0.0006,0.056,0.035,0.09,0.09,0.09,no_change,0.09,2026-09-02T11:22:39,63.6364,0.0550000006332994,354.53,2026-09-02 15:44:18,2026-09-02 11:45:02
TSLA,TSLA261009P00150000,TSLA,2026-10-09,P,150.0,0.01,220.0,0.18,206.0,1.0292,20.0,5.0,-0.002,0.0001,0.007,-0.0086,-0.0008,0.0661,0.025,0.1,0.1,0.1,no_change,0.1,2026-09-02T10:42:47,33.3333,0.0749999973922968,354.53,2026-09-02 15:44:18,2026-09-02 11:45:02
TSLA,TSLA261009P00160000,TSLA,2026-10-09,P,160.0,0.01,33.0,0.14,45.0,0.9338,10.0,4.0,-0.0024,0.0001,0.0085,-0.0099,-0.0009,0.0783,-0.01,0.09,0.09,0.07,no_change,0.07,2026-09-02T11:22:58,-12.5,0.0799999982118606,354.53,2026-09-02 15:44:18,2026-09-02 11:45:02
TSLA,TSLA261009P00170000,TSLA,2026-10-09,P,170.0,0.02,106.0,0.11,50.0,0.8548,15.0,12.0,-0.003,0.0001,0.0103,-0.0114,-0.0011,0.0928,-0.01,0.07,0.07,0.07,no_change,0.07,2026-09-02T11:27:32,-12.5,0.0800000000745058,354.53,2026-09-02 15:44:18,2026-09-02 11:45:02
TSLA,TSLA261009P00180000,TSLA,2026-10-09,P,180.0,0.02,109.0,0.17,187.0,0.8244,71.0,0.0,-0.0037,0.0001,0.0125,-0.013,-0.0014,0.1104,0.0,0.0,0.0,0.0,no_change,0.11,2026-09-01T09:54:23,0.0,0.119999997317791,354.53,2026-09-02 15:44:18,2026-09-02 11:45:02
TSLA,TSLA261009P00190000,TSLA,2026-10-09,P,190.0,0.04,154.0,0.27,280.0,0.8067,69.0,0.0,-0.0046,0.0001,0.0152,-0.015,-0.0017,0.1318,0.0,0.0,0.0,0.0,no_change,0.15,2026-08-31T15:52:42,0.0,0.124999999068677,354.53,2026-09-02 15:44:18,2026-09-02 11:45:02
TSLA,TSLA261009P00200000,TSLA,2026-10-09,P,200.0,0.09,31.0,0.17,2.0,0.7308,48.0,0.0,-0.0057,0.0002,0.0185,-0.0173,-0.0022,0.158,0.0,0.0,0.0,0.0,no_change,0.18,2026-08-31T15:52:29,0.0,0.125,354.53,2026-09-02 15:44:18,2026-09-02 11:45:02
TSLA,TSLA261009P00210000,TSLA,2026-10-09,P,210.0,0.11,186.0,0.26,107.0,0.703,22.0,0.0,-0.0071,0.0002,0.0226,-0.02,-0.0027,0.1905,0.0,0.0,0.0,0.0,down,0.2,2026-09-01T10:33:54,0.0,0.189999997615814,354.53,2026-09-02 15:44:18,2026-09-02 11:45:02
TSLA,TSLA261009P00220000,TSLA,2026-10-09,P,220.0,0.16,43.0,0.3,45.0,0.6647,55.0,0.0,-0.009,0.0003,0.0277,-0.0231,-0.0034,0.2312,0.0,0.0,0.0,0.0,no_change,0.23,2026-08-31T15:33:22,0.0,0.230000004172325,354.53,2026-09-02 15:44:18,2026-09-02 11:45:02
TSLA,TSLA261009P00230000,TSLA,2026-10-09,P,230.0,0.21,71.0,0.36,71.0,0.6272,1.0,0.0,-0.0114,0.0004,0.0341,-0.0269,-0.0042,0.2834,0.0,0.0,0.0,0.0,up,0.34,2026-08-28T14:34:51,0.0,0.274999998509884,354.53,2026-09-02 15:44:18,2026-09-02 11:45:02
TSLA,TSLA261009P00235000,TSLA,2026-10-09,P,235.0,0.24,159.0,0.39,163.0,0.608,11.0,0.0,-0.0128,0.0005,0.038,-0.0291,-0.0048,0.3151,0.0,0.0,0.0,0.0,no_change,0.31,2026-09-01T13:30:27,0.0,0.309999994933605,354.53,2026-09-02 15:44:18,2026-09-02 11:45:02
TSLA,TSLA261009P00240000,TSLA,2026-10-09,P,240.0,0.28,73.0,0.43,147.0,0.5908,14.0,0.0,-0.0146,0.0006,0.0423,-0.0316,-0.0054,0.352,0.0,0.0,0.0,0.0,no_change,0.31,2026-08-31T13:08:43,0.0,0.344999998807907,354.53,2026-09-02 15:44:18,2026-09-02 11:45:02
TSLA,TSLA261009P00245000,TSLA,2026-10-09,P,245.0,0.32,91.0,0.47,157.0,0.5725,23.0,0.0,-0.0166,0.0006,0.0474,-0.0344,-0.0062,0.3951,0.0,0.0,0.0,0.0,down,0.34,2026-08-31T14:55:28,0.0,0.379999995231628,354.53,2026-09-02 15:44:18,2026-09-02 11:45:02
TSLA,TSLA261009P00250000,TSLA,2026-10-09,P,250.0,0.37,155.0,0.53,222.0,0.5564,43.0,0.0,-0.019,0.0007,0.0531,-0.0375,-0.0071,0.4463,0.0,0.0,0.0,0.0,up,0.42,2026-09-01T09:47:14,0.0,0.435000002384186,354.53,2026-09-02 15:44:18,2026-09-02 11:45:02
TSLA,TSLA261009P00255000,TSLA,2026-10-09,P,255.0,0.44,273.0,0.55,111.0,0.5374,14.0,0.0,-0.0218,0.0008,0.0598,-0.0411,-0.0081,0.5078,0.0,0.0,0.0,0.0,up,0.5,2026-09-01T14:45:07,0.0,0.49499998986721,354.53,2026-09-02 15:44:18,2026-09-02 11:45:02
TSLA,TSLA261009P00260000,TSLA,2026-10-09,P,260.0,0.52,147.0,0.67,248.0,0.5262,244.0,0.0,-0.0253,0.001,0.0679,-0.0454,-0.0094,0.5828,0.0,0.0,0.0,0.0,up,0.56,2026-09-01T14:37:57,0.0,0.569999992847443,354.53,2026-09-02 15:44:18,2026-09-02 11:45:02
TSLA,TSLA261009P00265000,TSLA,2026-10-09,P,265.0,0.65,86.0,0.77,207.0,0.5145,4.0,22.0,-0.0295,0.0012,0.0769,-0.0503,-0.0109,0.6754,0.03,0.69,0.69,0.65,up,0.69,2026-09-02T11:07:26,4.54545,0.659999996423721,354.53,2026-09-02 15:44:18,2026-09-02 11:45:02
TSLA,TSLA261009P00270000,TSLA,2026-10-09,P,270.0,0.69,242.0,0.89,219.0,0.4966,27.0,3.0,-0.0346,0.0014,0.0877,-0.0561,-0.0128,0.7906,0.035,0.82,0.82,0.82,no_change,0.82,2026-09-02T10:56:23,4.4586,0.785000026226044,354.53,2026-09-02 15:44:18,2026-09-02 11:45:02
TSLA,TSLA261009P00275000,TSLA,2026-10-09,P,275.0,0.87,224.0,1.02,228.0,0.4854,22.0,0.0,-0.0409,0.0016,0.1005,-0.0629,-0.015,0.9355,0.0,0.0,0.0,0.0,no_change,0.83,2026-09-01T12:21:26,0.0,0.919999986886978,354.53,2026-09-02 15:44:18,2026-09-02 11:45:02
TSLA,TSLA261009P00280000,TSLA,2026-10-09,P,280.0,1.05,298.0,1.17,74.0,0.4726,55.0,355.0,-0.0486,0.0019,0.1155,-0.0708,-0.0179,1.118,0.015,1.1,1.3,1.07,no_change,1.1,2026-09-02T10:51:19,1.38249,1.08499997854233,354.53,2026-09-02 15:44:18,2026-09-02 11:45:02
TSLA,TSLA261009P00285000,TSLA,2026-10-09,P,285.0,1.24,250.0,1.44,252.0,0.4627,142.0,52.0,-0.058,0.0022,0.1329,-0.0801,-0.0213,1.3481,-0.005,1.2,1.54,1.2,down,1.31,2026-09-02T10:41:45,-0.380228,1.31499999761581,354.53,2026-09-02 15:44:18,2026-09-02 11:45:02
TSLA,TSLA261009P00290000,TSLA,2026-10-09,P,290.0,1.47,365.0,1.72,307.0,0.4516,24.0,53.0,-0.0695,0.0026,0.1527,-0.0907,-0.0255,1.6374,-0.045,1.76,1.83,1.55,down,1.55,2026-09-02T10:44:29,-2.82132,1.59500002861023,354.53,2026-09-02 15:44:18,2026-09-02 11:45:02
TSLA,TSLA261009P00295000,TSLA,2026-10-09,P,295.0,1.87,223.0,2.09,309.0,0.4456,166.0,53.0,-0.0833,0.003,0.1751,-0.1027,-0.0304,2.0001,0.045,2.06,2.23,1.88,up,1.97,2026-09-02T10:52:54,2.33766,1.92500001192093,354.53,2026-09-02 15:44:18,2026-09-02 11:45:02
TSLA,TSLA261009P00300000,TSLA,2026-10-09,P,300.0,2.25,268.0,2.43,2.0,0.4343,156.0,17.0,-0.0997,0.0035,0.1998,-0.1159,-0.0364,2.4502,0.305,2.22,2.85,2.22,up,2.66,2026-09-02T10:56:24,12.9512,2.35500001907349,354.53,2026-09-02 15:44:18,2026-09-02 11:45:02
TSLA,TSLA261009P00305000,TSLA,2026-10-09,P,305.0,2.79,369.0,3.05,10.0,0.43,107.0,20.0,-0.1191,0.004,0.2266,-0.1304,-0.0432,3.0059,0.1,3.3,3.4,2.98,down,2.98,2026-09-02T10:52:54,3.47222,2.87999999523163,354.53,2026-09-02 15:44:18,2026-09-02 11:45:02
TSLA,TSLA261009P00310000,TSLA,2026-10-09,P,310.0,3.5,249.0,3.8,309.0,0.4277,117.0,24.0,-0.1415,0.0046,0.2556,-0.1456,-0.0515,3.6828,0.65,4.15,4.2,3.5,up,4.2,2026-09-02T11:00:22,18.3099,3.55000007152557,354.53,2026-09-02 15:44:18,2026-09-02 11:45:02
TSLA,TSLA261009P00315000,TSLA,2026-10-09,P,315.0,4.35,26.0,4.55,27.0,0.4228,130.0,94.0,-0.1673,0.0052,0.2848,-0.1615,-0.0604,4.5031,0.145,4.36,5.32,4.36,no_change,4.47,2026-09-02T11:15:41,3.35261,4.32499980926514,354.53,2026-09-02 15:44:18,2026-09-02 11:45:02
TSLA,TSLA261009P00320000,TSLA,2026-10-09,P,320.0,5.2,372.0,5.55,104.0,0.4176,201.0,38.0,-0.1962,0.0058,0.3146,-0.1774,-0.0703,5.4806,0.47,5.85,6.42,5.14,up,5.72,2026-09-02T11:06:55,8.95238,5.25,354.53,2026-09-02 15:44:18,2026-09-02 11:45:02
TSLA,TSLA261009P00325000,TSLA,2026-10-09,P,325.0,6.45,122.0,6.7,20.0,0.4159,149.0,104.0,-0.2286,0.0064,0.3433,-0.193,-0.0815,6.6457,0.225,6.5,7.6,6.4,no_change,6.55,2026-09-02T11:12:54,3.55731,6.32500004768372,354.53,2026-09-02 15:44:18,2026-09-02 11:45:02
TSLA,TSLA261009P00330000,TSLA,2026-10-09,P,330.0,7.7,337.0,8.05,12.0,0.4126,123.0,29.0,-0.2634,0.007,0.37,-0.2075,-0.0933,7.9877,0.2,7.67,9.05,7.67,no_change,7.8,2026-09-02T11:24:11,2.63158,7.59999990463257,354.53,2026-09-02 15:44:18,2026-09-02 11:45:02
TSLA,TSLA261009P00335000,TSLA,2026-10-09,P,335.0,9.2,331.0,9.6,10.0,0.41,38.0,5.0,-0.301,0.0075,0.3952,-0.2208,-0.1061,9.5467,1.395,10.23,10.65,9.45,up,10.42,2026-09-02T11:00:17,15.4571,9.02500009536743,354.53,2026-09-02 15:44:18,2026-09-02 11:45:02
TSLA,TSLA261009P00340000,TSLA,2026-10-09,P,340.0,11.0,268.0,11.4,10.0,0.4091,94.0,17.0,-0.3411,0.0079,0.4152,-0.2322,-0.1188,11.3374,0.925,10.91,12.65,10.75,up,11.65,2026-09-02T11:18:11,8.62471,10.7249999046326,354.53,2026-09-02 15:44:18,2026-09-02 11:45:02
TSLA,TSLA261009P00345000,TSLA,2026-10-09,P,345.0,13.0,273.0,13.45,149.0,0.4087,108.0,9.0,-0.3825,0.0082,0.4316,-0.2414,-0.1319,13.3458,0.82,13.4,15.0,12.75,up,13.42,2026-09-02T11:15:21,6.50794,12.5999999046326,354.53,2026-09-02 15:44:18,2026-09-02 11:45:02
TSLA,TSLA261009P00350000,TSLA,2026-10-09,P,350.0,15.3,172.0,15.75,168.0,0.4092,87.0,37.0,-0.4253,0.0085,0.4431,-0.2482,-0.1448,15.608,0.55,14.68,17.2,14.68,down,15.3,2026-09-02T11:19:22,3.72881,14.75,354.53,2026-09-02 15:44:18,2026-09-02 11:45:02
TSLA,TSLA261009P00355000,TSLA,2026-10-09,P,355.0,17.7,215.0,18.2,28.0,0.4079,43.0,16.0,-0.4683,0.0086,0.4494,-0.2522,-0.1571,18.0948,0.65,19.33,19.33,17.1,down,17.8,2026-09-02T11:22:58,3.79008,17.1500005722046,354.53,2026-09-02 15:44:18,2026-09-02 11:45:02
TSLA,TSLA261009P00360000,TSLA,2026-10-09,P,360.0,20.15,252.0,21.0,43.0,0.4066,43.0,4.0,-0.5108,0.0087,0.4504,-0.2536,-0.1687,20.7951,0.105,19.6,20.03,19.6,up,20.03,2026-09-02T10:45:53,0.52698,19.9249992370605,354.53,2026-09-02 15:44:18,2026-09-02 11:45:02
TSLA,TSLA261009P00365000,TSLA,2026-10-09,P,365.0,23.1,271.0,23.95,43.0,0.4073,44.0,6.0,-0.5529,0.0086,0.4467,-0.2523,-0.1795,23.7493,2.975,24.83,25.95,24.83,up,25.55,2026-09-02T10:04:59,13.1783,22.5749998092651,354.53,2026-09-02 15:44:18,2026-09-02 11:45:02
TSLA,TSLA261009P00370000,TSLA,2026-10-09,P,370.0,26.15,236.0,27.2,93.0,0.4082,17.0,1.0,-0.5935,0.0085,0.4381,-0.2487,-0.1897,26.9049,0.295,26.02,26.02,26.02,down,26.02,2026-09-02T10:45:53,1.14675,25.7249994277954,354.53,2026-09-02 15:44:18,2026-09-02 11:45:02
TSLA,TSLA261009P00375000,TSLA,2026-10-09,P,375.0,29.0,380.0,31.0,276.0,0.4084,9.0,1.0,-0.6326,0.0082,0.4252,-0.2429,-0.1963,30.2733,3.025,32.3,32.3,32.3,up,32.3,2026-09-02T10:01:05,10.333,29.2750005722046,354.53,2026-09-02 15:44:18,2026-09-02 11:45:02
TSLA,TSLA261009P00380000,TSLA,2026-10-09,P,380.0,32.75,338.0,34.65,334.0,0.4134,30.0,1.0,-0.6695,0.0079,0.4095,-0.2353,-0.2048,33.8368,2.575,35.3,35.3,35.3,up,35.3,2026-09-02T10:10:16,7.8686,32.7250003814697,354.53,2026-09-02 15:44:18,2026-09-02 11:45:02
TSLA,TSLA261009P00385000,TSLA,2026-10-09,P,385.0,35.8,253.0,38.4,224.0,0.4065,10.0,1.0,-0.7042,0.0076,0.3898,-0.2263,-0.2077,37.5767,0.865,37.84,37.84,37.84,up,37.84,2026-09-02T10:17:15,2.33942,36.9750003814697,354.53,2026-09-02 15:44:18,2026-09-02 11:45:02
TSLA,TSLA261009P00390000,TSLA,2026-10-09,P,390.0,40.4,288.0,42.55,253.0,0.4211,1.0,0.0,-0.7364,0.0072,0.3694,-0.2161,-0.2129,41.4807,0.0,0.0,0.0,0.0,down,34.28,2026-08-31T10:36:04,0.0,40.0749988555908,354.53,2026-09-02 15:44:18,2026-09-02 11:45:02
TSLA,TSLA261009P00395000,TSLA,2026-10-09,P,395.0,44.3,267.0,46.55,222.0,0.4205,3.0,0.0,-0.7662,0.0068,0.3453,-0.2052,-0.2115,45.5445,0.0,0.0,0.0,0.0,up,43.29,2026-09-01T12:53:56,0.0,44.0499992370606,354.53,2026-09-02 15:44:18,2026-09-02 11:45:02
TSLA,TSLA261009P00400000,TSLA,2026-10-09,P,400.0,48.25,169.0,50.7,140.0,0.4191,4.0,20.0,-0.7931,0.0063,0.323,-0.1938,-0.2143,49.7284,1.39,52.86,52.86,50.09,down,50.09,2026-09-02T10:21:01,2.85421,48.7000007629394,354.53,2026-09-02 15:44:18,2026-09-02 11:45:02
TSLA,TSLA261009P00405000,TSLA,2026-10-09,P,405.0,52.45,104.0,54.7,24.0,0.4151,0.0,0.0,-0.8176,0.0059,0.297,-0.1824,-0.2078,54.0158,0.0,0.0,0.0,0.0,no_change,0.0,,0.0,52.5,354.53,2026-09-02 15:44:18,2026-09-02 11:45:02
TSLA,TSLA261009P00410000,TSLA,2026-10-09,P,410.0,56.85,95.0,59.8,85.0,0.4305,2.0,0.0,-0.8396,0.0054,0.2748,-0.1708,-0.2095,58.4208,0.0,0.0,0.0,0.0,no_change,49.99,2026-08-31T11:07:01,0.0,56.9250011444092,354.53,2026-09-02 15:44:18,2026-09-02 11:45:02
TSLA,TSLA261009P00415000,TSLA,2026-10-09,P,415.0,61.55,78.0,63.5,10.0,0.4216,1.0,0.0,-0.8594,0.005,0.251,-0.1595,-0.1981,62.9138,0.0,0.0,0.0,0.0,up,67.0,2026-08-27T09:57:16,0.0,61.2250003814697,354.53,2026-09-02 15:44:18,2026-09-02 11:45:02
TSLA,TSLA261009P00420000,TSLA,2026-10-09,P,420.0,66.05,76.0,68.8,80.0,0.4393,2.0,0.0,-0.877,0.0046,0.228,-0.1483,-0.1989,67.4894,0.0,0.0,0.0,0.0,up,68.0,2026-09-01T09:40:44,0.0,65.9249992370606,354.53,2026-09-02 15:44:18,2026-09-02 11:45:02
TSLA,TSLA261009P00425000,TSLA,2026-10-09,P,425.0,70.5,70.0,73.8,72.0,0.4477,2.0,2.0,-0.8926,0.0043,0.2093,-0.1377,-0.1888,72.128,4.145,74.57,74.57,74.57,up,74.57,2026-09-02T09:50:48,5.88569,70.4249992370606,354.53,2026-09-02 15:44:18,2026-09-02 11:45:02
TSLA,TSLA261009P00430000,TSLA,2026-10-09,P,430.0,75.2,43.0,78.5,38.0,0.4526,8.0,0.0,-0.9064,0.0039,0.1856,-0.1273,-0.1795,76.8286,0.0,0.0,0.0,0.0,up,78.61,2026-08-28T10:44:08,0.0,74.9000015258789,354.53,2026-09-02 15:44:18,2026-09-02 11:45:02
TSLA,TSLA261009P00435000,TSLA,2026-10-09,P,435.0,79.55,32.0,83.3,38.0,0.4469,0.0,0.0,-0.9188,0.0036,0.1686,-0.1186,-0.1725,81.578,0.0,0.0,0.0,0.0,no_change,0.0,,0.0,79.7000007629394,354.53,2026-09-02 15:44:18,2026-09-02 11:45:02
TSLA,TSLA261009P00440000,TSLA,2026-10-09,P,440.0,84.45,33.0,88.1,32.0,0.4553,0.0,0.0,-0.9297,0.0034,0.1524,-0.1104,-0.1627,86.3667,0.0,0.0,0.0,0.0,no_change,0.0,,0.0,84.7749977111816,354.53,2026-09-02 15:44:18,2026-09-02 11:45:02
TSLA,TSLA261009P00445000,TSLA,2026-10-09,P,445.0,88.85,34.0,92.95,29.0,0.4415,4.0,0.0,-0.9392,0.0031,0.1338,-0.1022,-0.154,91.1938,0.0,0.0,0.0,0.0,down,78.05,2026-08-31T15:42:08,0.0,89.625,354.53,2026-09-02 15:44:18,2026-09-02 11:45:02
TSLA,TSLA261009P00450000,TSLA,2026-10-09,P,450.0,94.1,31.0,97.3,32.0,0.4347,3.0,0.0,-0.9477,0.0029,0.1166,-0.0985,-0.14,96.0532,0.0,0.0,0.0,0.0,down,84.27,2026-08-31T15:42:18,0.0,94.1749992370606,354.53,2026-09-02 15:44:18,2026-09-02 11:45:02
TSLA,TSLA261009P00455000,TSLA,2026-10-09,P,455.0,99.1,30.0,102.75,31.0,0.4778,4.0,0.0,-0.9554,0.0026,0.1047,-0.0972,-0.1341,100.9358,0.0,0.0,0.0,0.0,down,88.72,2026-08-31T15:42:25,0.0,99.1499977111816,354.53,2026-09-02 15:44:18,2026-09-02 11:45:02
TSLA,TSLA261009P00460000,TSLA,2026-10-09,P,460.0,104.0,30.0,108.1,28.0,0.5065,3.0,0.0,-0.9623,0.0025,0.092,-0.0944,-0.122,105.8392,0.0,0.0,0.0,0.0,down,93.68,2026-08-31T15:42:35,0.0,104.075000762939,354.53,2026-09-02 15:44:18,2026-09-02 11:45:02
TSLA,TSLA261009P00465000,TSLA,2026-10-09,P,465.0,107.6,28.0,112.6,28.0,0.0,0.0,0.0,-0.9683,0.0024,0.0813,-0.091,-0.1179,110.7595,0.0,0.0,0.0,0.0,no_change,0.0,,0.0,109.25,354.53,2026-09-02 15:44:18,2026-09-02 11:45:02
TSLA,TSLA261009P00470000,TSLA,2026-10-09,P,470.0,113.05,41.0,117.55,37.0,0.0,1.0,1.0,-0.9736,0.0022,0.0656,-0.0827,-0.087,115.6999,5.265,119.14,119.14,119.14,up,119.14,2026-09-02T09:43:16,4.62349,113.875,354.53,2026-09-02 15:44:18,2026-09-02 11:45:02
TSLA,TSLA261009P00475000,TSLA,2026-10-09,P,475.0,118.65,34.0,122.5,35.0,0.4839,0.0,0.0,-0.9781,0.002,0.0554,-0.0731,-0.084,120.6521,0.0,0.0,0.0,0.0,no_change,0.0,,0.0,118.724998474121,354.53,2026-09-02 15:44:18,2026-09-02 11:45:02
TSLA,TSLA261009P00480000,TSLA,2026-10-09,P,480.0,123.1,28.0,127.95,24.0,0.0,0.0,0.0,-0.982,0.0018,0.0475,-0.0662,-0.0517,125.6138,0.0,0.0,0.0,0.0,no_change,0.0,,0.0,123.699996948242,354.53,2026-09-02 15:44:18,2026-09-02 11:45:02
TSLA,TSLA261009P00485000,TSLA,2026-10-09,P,485.0,127.25,23.0,132.45,24.0,0.0,0.0,0.0,-0.9857,0.0016,0.0325,-0.0661,-0.0488,130.5891,0.0,0.0,0.0,0.0,no_change,0.0,,0.0,128.699996948242,354.53,2026-09-02 15:44:18,2026-09-02 11:45:02
TSLA,TSLA261009P00490000,TSLA,2026-10-09,P,490.0,132.85,29.0,137.45,25.0,0.0,0.0,0.0,-0.9888,0.0014,0.0291,-0.0657,-0.0491,135.5681,0.0,0.0,0.0,0.0,no_change,0.0,,0.0,133.950004577637,354.53,2026-09-02 15:44:18,2026-09-02 11:45:02
TSLA,TSLA261009P00495000,TSLA,2026-10-09,P,495.0,137.65,28.0,142.45,26.0,0.0,0.0,0.0,-0.9912,0.0012,0.0225,-0.0584,-0.0295,140.5538,0.0,0.0,0.0,0.0,no_change,0.0,,0.0,138.850006103516,354.53,2026-09-02 15:44:18,2026-09-02 11:45:02
TSLA,TSLA261009P00500000,TSLA,2026-10-09,P,500.0,142.2,25.0,147.45,26.0,0.0,0.0,0.0,-0.9932,0.001,0.0165,-0.0492,-0.0286,145.5429,0.0,0.0,0.0,0.0,down,136.2,2026-08-31T11:23:13,0.0,143.800003051758,354.53,2026-09-02 15:44:18,2026-09-02 11:45:02
TSLA,TSLA261009P00505000,TSLA,2026-10-09,P,505.0,148.15,25.0,152.75,26.0,0.0,0.0,0.0,-0.9948,0.0008,0.0152,-0.0411,-0.0272,150.5333,0.0,0.0,0.0,0.0,no_change,0.0,,0.0,148.850006103516,354.53,2026-09-02 15:44:18,2026-09-02 11:45:02
TSLA,TSLA261009P00510000,TSLA,2026-10-09,P,510.0,152.2,16.0,157.45,16.0,0.0,0.0,0.0,-0.9961,0.0007,0.01,-0.0373,0.0,155.5288,0.0,0.0,0.0,0.0,no_change,0.0,,0.0,154.099998474121,354.53,2026-09-02 15:44:18,2026-09-02 11:45:02
TSLA,TSLA261009P00515000,TSLA,2026-10-09,P,515.0,157.4,16.0,162.35,16.0,0.0,0.0,0.0,-0.997,0.0005,0.0014,-0.0373,0.0,160.5288,0.0,0.0,0.0,0.0,no_change,0.0,,0.0,159.200004577637,354.53,2026-09-02 15:44:18,2026-09-02 11:45:02
TSLA,TSLA261009P00520000,TSLA,2026-10-09,P,520.0,162.6,16.0,167.75,16.0,0.0,0.0,0.0,-0.9978,0.0004,0.0,-0.0373,0.0,165.5288,0.0,0.0,0.0,0.0,no_change,0.0,,0.0,164.200004577637,354.53,2026-09-02 15:44:18,2026-09-02 11:45:02
TSLA,TSLA261009P00525000,TSLA,2026-10-09,P,525.0,167.75,16.0,172.9,16.0,0.0,0.0,0.0,-0.9985,0.0002,0.0,-0.0373,0.0,170.5288,0.0,0.0,0.0,0.0,no_change,0.0,,0.0,169.200004577637,354.53,2026-09-02 15:44:18,2026-09-02 11:45:02
TSLA,TSLA261009P00530000,TSLA,2026-10-09,P,530.0,172.75,16.0,177.9,16.0,0.0,0.0,0.0,-0.9989,0.0002,0.0,-0.0373,0.0,175.5288,0.0,0.0,0.0,0.0,no_change,0.0,,0.0,174.325004577637,354.53,2026-09-02 15:44:18,2026-09-02 11:45:02
TSLA,TSLA261009P00535000,TSLA,2026-10-09,P,535.0,178.0,25.0,183.15,24.0,0.644,0.0,0.0,-0.9993,0.0001,0.0,-0.0373,0.0,180.5288,0.0,0.0,0.0,0.0,no_change,0.0,,0.0,179.150001525879,354.53,2026-09-02 15:44:18,2026-09-02 11:45:02
TSLA,TSLA261009P00540000,TSLA,2026-10-09,P,540.0,183.0,24.0,188.15,25.0,0.6563,0.0,0.0,-0.9997,0.0001,0.0,-0.0373,0.0,185.5288,0.0,0.0,0.0,0.0,no_change,0.0,,0.0,184.300003051758,354.53,2026-09-02 15:44:18,2026-09-02 11:45:02
TSLA,TSLA261009P00545000,TSLA,2026-10-09,P,545.0,188.0,25.0,193.15,25.0,0.6685,0.0,0.0,-1.0,0.0,0.0,-0.0373,0.0,190.5288,0.0,0.0,0.0,0.0,no_change,0.0,,0.0,189.150001525879,354.53,2026-09-02 15:44:18,2026-09-02 11:45:02
TSLA,TSLA261009P00550000,TSLA,2026-10-09,P,550.0,193.0,16.0,198.15,17.0,0.6805,0.0,0.0,-1.0,0.0,0.0,-0.0373,0.0,195.5288,0.0,0.0,0.0,0.0,no_change,0.0,,0.0,194.150001525879,354.53,2026-09-02 15:44:18,2026-09-02 11:45:02
TSLA,TSLA261009P00555000,TSLA,2026-10-09,P,555.0,197.0,16.0,204.55,27.0,0.744,0.0,0.0,-1.0,0.0,0.0,-0.0373,0.0,200.5288,0.0,0.0,0.0,0.0,no_change,0.0,,0.0,199.149993896484,354.53,2026-09-02 15:44:18,2026-09-02 11:45:02
TSLA,TSLA261009P00560000,TSLA,2026-10-09,P,560.0,202.75,16.0,207.9,16.0,0.0,0.0,0.0,-1.0,0.0,0.0,-0.0373,0.0,205.5288,0.0,0.0,0.0,0.0,no_change,0.0,,0.0,204.150001525879,354.53,2026-09-02 15:44:18,2026-09-02 11:45:02
TSLA,TSLA261009P00565000,TSLA,2026-10-09,P,565.0,207.75,16.0,212.9,16.0,0.0,0.0,0.0,-1.0,0.0,0.0,-0.0373,0.0,210.5288,0.0,0.0,0.0,0.0,no_change,0.0,,0.0,209.199996948242,354.53,2026-09-02 15:44:18,2026-09-02 11:45:02
TSLA,TSLA261009P00570000,TSLA,2026-10-09,P,570.0,212.75,16.0,217.9,16.0,0.0,0.0,0.0,-1.0,0.0,0.0,-0.0373,0.0,215.5288,0.0,0.0,0.0,0.0,no_change,0.0,,0.0,214.050003051758,354.53,2026-09-02 15:44:18,2026-09-02 11:45:02
TSLA,TSLA261009P00575000,TSLA,2026-10-09,P,575.0,217.6,16.0,222.75,16.0,0.0,0.0,0.0,-1.0,0.0,0.0,-0.0373,0.0,220.5288,0.0,0.0,0.0,0.0,no_change,0.0,,0.0,219.099998474121,354.53,2026-09-02 15:44:18,2026-09-02 11:45:02
TSLA,TSLA261009P00580000,TSLA,2026-10-09,P,580.0,222.6,16.0,227.75,16.0,0.0,0.0,0.0,-1.0,0.0,0.0,-0.0373,0.0,225.5288,0.0,0.0,0.0,0.0,no_change,0.0,,0.0,224.449996948242,354.53,2026-09-02 15:44:18,2026-09-02 11:45:02
TSLA,TSLA261009P00585000,TSLA,2026-10-09,P,585.0,227.6,16.0,232.75,16.0,0.0,0.0,0.0,-1.0,0.0,0.0,-0.0373,0.0,230.5288,0.0,0.0,0.0,0.0,no_change,0.0,,0.0,229.449996948242,354.53,2026-09-02 15:44:18,2026-09-02 11:45:02
TSLA,TSLA261009P00590000,TSLA,2026-10-09,P,590.0,232.6,16.0,237.75,16.0,0.0,0.0,0.0,-1.0,0.0,0.0,-0.0373,0.0,235.5288,0.0,0.0,0.0,0.0,no_change,0.0,,0.0,234.449996948242,354.53,2026-09-02 15:44:18,2026-09-02 11:45:02
TSLA,TSLA261009P00595000,TSLA,2026-10-09,P,595.0,237.6,16.0,242.75,16.0,0.0,0.0,0.0,-1.0,0.0,0.0,-0.0373,0.0,240.5288,0.0,0.0,0.0,0.0,no_change,0.0,,0.0,239.125,354.53,2026-09-02 15:44:18,2026-09-02 11:45:02
TSLA,TSLA261009P00600000,TSLA,2026-10-09,P,600.0,242.6,16.0,247.75,16.0,0.0,0.0,0.0,-1.0,0.0,0.0,-0.0373,0.0,245.5288,0.0,0.0,0.0,0.0,no_change,0.0,,0.0,244.224998474121,354.53,2026-09-02 15:44:18,2026-09-02 11:45:02
TSLA,TSLA261009P00605000,TSLA,2026-10-09,P,605.0,247.6,16.0,252.75,16.0,0.0,0.0,0.0,-1.0,0.0,0.0,-0.0373,0.0,250.5288,0.0,0.0,0.0,0.0,no_change,0.0,,0.0,249.149993896484,354.53,2026-09-02 15:44:18,2026-09-02 11:45:02
TSLA,TSLA261009P00610000,TSLA,2026-10-09,P,610.0,252.6,16.0,257.75,16.0,0.0,0.0,0.0,-1.0,0.0,0.0,-0.0373,0.0,255.5288,0.0,0.0,0.0,0.0,no_change,0.0,,0.0,254.099998474121,354.53,2026-09-02 15:44:18,2026-09-02 11:45:02
TSLA,TSLA261009P00615000,TSLA,2026-10-09,P,615.0,258.0,16.0,263.15,16.0,0.8264,0.0,0.0,-1.0,0.0,0.0,-0.0373,0.0,260.5288,0.0,0.0,0.0,0.0,no_change,0.0,,0.0,259.275001525879,354.53,2026-09-02 15:44:18,2026-09-02 11:45:02
TSLA,TSLA261016C00050000,TSLA,2026-10-16,C,50.0,301.15,1.0,308.65,16.0,2.0754,2.0,0.0,0.9999,0.0,0.0012,0.0,0.0625,304.8298,0.0,0.0,0.0,0.0,up,273.18,2026-08-04T09:40:07,0.0,306.225006103516,354.53,2026-09-02 15:44:18,2026-09-02 11:45:02
TSLA,TSLA261016C00055000,TSLA,2026-10-16,C,55.0,295.8,16.0,303.4,16.0,0.0,0.0,0.0,0.9999,0.0,0.0013,0.0,0.0687,299.8596,0.0,0.0,0.0,0.0,no_change,0.0,,0.0,301.274993896484,354.53,2026-09-02 15:44:18,2026-09-02 11:45:02
TSLA,TSLA261016C00060000,TSLA,2026-10-16,C,60.0,291.05,1.0,298.35,16.0,0.0,1.0,0.0,0.9998,0.0,0.0015,0.0,0.075,294.8894,0.0,0.0,0.0,0.0,up,337.9,2026-07-14T11:51:44,0.0,296.299987792969,354.53,2026-09-02 15:44:18,2026-09-02 11:45:02
TSLA,TSLA261016C00065000,TSLA,2026-10-16,C,65.0,286.2,1.0,293.4,16.0,0.0,0.0,0.0,0.9998,0.0,0.0017,0.0,0.0812,289.9193,0.0,0.0,0.0,0.0,no_change,0.0,,0.0,291.324996948242,354.53,2026-09-02 15:44:18,2026-09-02 11:45:02
TSLA,TSLA261016C00070000,TSLA,2026-10-16,C,70.0,281.2,16.0,288.4,16.0,0.0,0.0,0.0,0.9997,0.0,0.0019,0.0,0.0874,284.9494,0.0,0.0,0.0,0.0,no_change,0.0,,0.0,286.324996948242,354.53,2026-09-02 15:44:18,2026-09-02 11:45:02
TSLA,TSLA261016C00075000,TSLA,2026-10-16,C,75.0,275.9,16.0,283.6,16.0,0.0,0.0,0.0,0.9997,0.0,0.0022,0.0,0.0937,279.9797,0.0,0.0,0.0,0.0,up,276.38,2026-04-08T10:45:59,0.0,281.375,354.53,2026-09-02 15:44:18,2026-09-02 11:45:02
TSLA,TSLA261016C00080000,TSLA,2026-10-16,C,80.0,271.15,18.0,278.55,16.0,0.0,0.0,0.0,0.9996,0.0,0.0024,0.0,0.0999,275.0101,0.0,0.0,0.0,0.0,no_change,0.0,,0.0,276.399993896484,354.53,2026-09-02 15:44:18,2026-09-02 11:45:02
TSLA,TSLA261016C00085000,TSLA,2026-10-16,C,85.0,266.05,1.0,273.6,16.0,0.0,0.0,0.0,0.9995,0.0,0.0027,0.0,0.1061,270.0406,0.0,0.0,0.0,0.0,up,326.05,2026-07-10T12:06:15,0.0,271.375,354.53,2026-09-02 15:44:18,2026-09-02 11:45:02
TSLA,TSLA261016C00090000,TSLA,2026-10-16,C,90.0,261.0,16.0,268.65,16.0,0.0,1.0,0.0,0.9995,0.0,0.003,0.0,0.1124,265.0714,0.0,0.0,0.0,0.0,up,324.94,2026-05-20T11:49:43,0.0,266.449996948242,354.53,2026-09-02 15:44:18,2026-09-02 11:45:02
TSLA,TSLA261016C00095000,TSLA,2026-10-16,C,95.0,256.05,16.0,263.55,16.0,0.0,0.0,0.0,0.9994,0.0,0.0033,0.0,0.1186,260.1024,0.0,0.0,0.0,0.0,up,319.82,2026-05-20T11:52:11,0.0,261.449996948242,354.53,2026-09-02 15:44:18,2026-09-02 11:45:02
TSLA,TSLA261016C00100000,TSLA,2026-10-16,C,100.0,251.05,16.0,258.55,16.0,0.0,139.0,0.0,0.9993,0.0,0.0037,0.0,0.1248,255.1336,0.0,0.0,0.0,0.0,up,257.92,2026-09-01T12:59:53,0.0,256.624992370605,354.53,2026-09-02 15:44:18,2026-09-02 11:45:02
TSLA,TSLA261016C00105000,TSLA,2026-10-16,C,105.0,246.1,16.0,253.7,16.0,0.0,154.0,0.0,0.9992,0.0,0.0041,0.0,0.131,250.1651,0.0,0.0,0.0,0.0,no_change,295.15,2026-07-13T10:39:07,0.0,251.650001525879,354.53,2026-09-02 15:44:18,2026-09-02 11:45:02
TSLA,TSLA261016C00110000,TSLA,2026-10-16,C,110.0,241.2,1.0,248.65,16.0,0.0,130.0,0.0,0.9991,0.0,0.0045,0.0,0.1372,245.1968,0.0,0.0,0.0,0.0,no_change,225.75,2026-07-23T09:42:00,0.0,246.699996948242,354.53,2026-09-02 15:44:18,2026-09-02 11:45:02
TSLA,TSLA261016C00115000,TSLA,2026-10-16,C,115.0,236.45,18.0,243.85,17.0,0.0,68.0,0.0,0.999,0.0,0.005,0.0,0.1434,240.2289,0.0,0.0,0.0,0.0,up,241.4,2026-04-06T11:38:24,0.0,241.625,354.53,2026-09-02 15:44:18,2026-09-02 11:45:02
TSLA,TSLA261016C00120000,TSLA,2026-10-16,C,120.0,231.5,18.0,238.9,18.0,0.0,350.0,0.0,0.9988,0.0,0.0055,0.0,0.1496,235.2613,0.0,0.0,0.0,0.0,up,226.0,2026-08-14T10:38:45,0.0,236.5,354.53,2026-09-02 15:44:18,2026-09-02 11:45:02
TSLA,TSLA261016C00125000,TSLA,2026-10-16,C,125.0,226.5,16.0,233.85,17.0,0.0,63.0,0.0,0.9987,0.0,0.006,0.0,0.1558,230.294,0.0,0.0,0.0,0.0,up,272.97,2026-06-11T15:14:19,0.0,231.625,354.53,2026-09-02 15:44:18,2026-09-02 11:45:02
TSLA,TSLA261016C00130000,TSLA,2026-10-16,C,130.0,221.55,16.0,228.85,17.0,0.0,95.0,0.0,0.9985,0.0,0.0066,0.0,0.162,225.3271,0.0,0.0,0.0,0.0,up,269.12,2026-07-14T11:51:23,0.0,226.699996948242,354.53,2026-09-02 15:44:18,2026-09-02 11:45:02
TSLA,TSLA261016C00135000,TSLA,2026-10-16,C,135.0,217.0,23.0,223.9,24.0,1.1153,99.0,0.0,0.9983,0.0,0.0073,0.0,0.1682,220.3607,0.0,0.0,0.0,0.0,down,256.09,2026-04-15T13:05:02,0.0,221.650001525879,354.53,2026-09-02 15:44:18,2026-09-02 11:45:02
TSLA,TSLA261016C00140000,TSLA,2026-10-16,C,140.0,212.0,23.0,219.0,19.0,1.0917,45.0,0.0,0.9981,0.0,0.008,0.0,0.1743,215.3947,0.0,0.0,0.0,0.0,up,221.61,2026-08-31T09:53:22,0.0,216.800003051758,354.53,2026-09-02 15:44:18,2026-09-02 11:45:02
TSLA,TSLA261016C00145000,TSLA,2026-10-16,C,145.0,207.05,24.0,213.95,23.0,1.0333,86.0,0.0,0.9979,0.0001,0.0088,0.0,0.1805,210.4293,0.0,0.0,0.0,0.0,down,207.8,2026-04-06T14:04:43,0.0,211.800003051758,354.53,2026-09-02 15:44:18,2026-09-02 11:45:02
TSLA,TSLA261016C00150000,TSLA,2026-10-16,C,150.0,202.1,23.0,209.05,23.0,1.0278,38.0,0.0,0.9976,0.0001,0.0097,0.0,0.1866,205.4645,0.0,0.0,0.0,0.0,down,176.25,2026-08-04T12:01:45,0.0,207.099998474121,354.53,2026-09-02 15:44:18,2026-09-02 11:45:02
TSLA,TSLA261016C00155000,TSLA,2026-10-16,C,155.0,196.7,16.0,204.05,17.0,0.0,185.0,0.0,0.9974,0.0001,0.0106,0.0,0.1928,200.5003,0.0,0.0,0.0,0.0,up,210.65,2026-04-02T15:16:25,0.0,202.049995422363,354.53,2026-09-02 15:44:18,2026-09-02 11:45:02
TSLA,TSLA261016C00160000,TSLA,2026-10-16,C,160.0,191.65,16.0,199.1,18.0,0.0,2.0,0.0,0.9971,0.0001,0.0117,0.0,0.1989,195.5367,0.0,0.0,0.0,0.0,no_change,199.05,2026-04-06T11:46:40,0.0,196.900001525879,354.53,2026-09-02 15:44:18,2026-09-02 11:45:02
TSLA,TSLA261016C00165000,TSLA,2026-10-16,C,165.0,186.8,18.0,193.2,19.0,0.7243,248.0,0.0,0.9967,0.0001,0.0128,0.0,0.205,190.574,0.0,0.0,0.0,0.0,up,184.2,2026-08-28T12:05:47,0.0,191.900001525879,354.53,2026-09-02 15:44:18,2026-09-02 11:45:02
TSLA,TSLA261016C00170000,TSLA,2026-10-16,C,170.0,181.85,17.0,189.1,17.0,0.0,0.0,0.0,0.9964,0.0001,0.0141,0.0,0.2111,185.6121,0.0,0.0,0.0,0.0,no_change,0.0,,0.0,187.0,354.53,2026-09-02 15:44:18,2026-09-02 11:45:02
TSLA,TSLA261016C00175000,TSLA,2026-10-16,C,175.0,177.3,23.0,184.1,24.0,0.8486,91.0,0.0,0.996,0.0001,0.0155,0.0,0.2172,180.6512,0.0,0.0,0.0,0.0,up,184.48,2026-09-01T11:46:25,0.0,181.525001525879,354.53,2026-09-02 15:44:18,2026-09-02 11:45:02
TSLA,TSLA261016C00180000,TSLA,2026-10-16,C,180.0,175.2,7.0,178.8,25.0,1.1091,76.0,15.0,0.9955,0.0001,0.017,0.0,0.2232,175.6914,-3.925,176.0,176.1,171.2,down,173.4,2026-09-02T10:55:56,-2.21345,177.324996948242,354.53,2026-09-02 15:44:18,2026-09-02 11:45:02
TSLA,TSLA261016C00185000,TSLA,2026-10-16,C,185.0,167.4,24.0,174.15,23.0,0.7966,29.0,0.0,0.995,0.0002,0.0186,0.0,0.2292,170.7328,0.0,0.0,0.0,0.0,up,238.46,2026-06-04T15:51:40,0.0,172.150001525879,354.53,2026-09-02 15:44:18,2026-09-02 11:45:02
TSLA,TSLA261016C00190000,TSLA,2026-10-16,C,190.0,162.4,23.0,169.4,18.0,0.8057,55.0,0.0,0.9944,0.0002,0.0204,0.0,0.2352,165.7755,0.0,0.0,0.0,0.0,down,151.34,2026-08-17T14:54:26,0.0,167.125,354.53,2026-09-02 15:44:18,2026-09-02 11:45:02
TSLA,TSLA261016C00195000,TSLA,2026-10-16,C,195.0,158.3,20.0,163.95,20.0,0.8318,56.0,0.0,0.9938,0.0002,0.0225,0.0,0.2412,160.8197,0.0,0.0,0.0,0.0,up,151.7,2026-08-26T14:18:54,0.0,161.575004577637,354.53,2026-09-02 15:44:18,2026-09-02 11:45:02
TSLA,TSLA261016C00200000,TSLA,2026-10-16,C,200.0,152.5,23.0,159.55,46.0,0.7671,105.0,0.0,0.993,0.0002,0.0247,0.0,0.2471,155.8656,0.0,0.0,0.0,0.0,down,156.45,2026-09-01T14:36:26,0.0,157.224998474121,354.53,2026-09-02 15:44:18,2026-09-02 11:45:02
TSLA,TSLA261016C00205000,TSLA,2026-10-16,C,205.0,147.55,24.0,154.35,23.0,0.7056,37.0,0.0,0.9922,0.0002,0.0272,0.0,0.253,150.9135,0.0,0.0,0.0,0.0,up,152.3,2026-08-25T12:46:21,0.0,152.275001525879,354.53,2026-09-02 15:44:18,2026-09-02 11:45:02
TSLA,TSLA261016C00210000,TSLA,2026-10-16,C,210.0,142.6,23.0,149.45,18.0,0.6926,56.0,0.0,0.9913,0.0003,0.0299,0.0,0.2588,145.9636,0.0,0.0,0.0,0.0,down,144.98,2026-09-01T14:44:53,0.0,146.650001525879,354.53,2026-09-02 15:44:18,2026-09-02 11:45:02
TSLA,TSLA261016C00215000,TSLA,2026-10-16,C,215.0,137.25,18.0,144.6,17.0,0.6211,64.0,0.0,0.9903,0.0003,0.0329,0.0,0.2646,141.0162,0.0,0.0,0.0,0.0,up,134.0,2026-08-19T10:45:04,0.0,142.400001525879,354.53,2026-09-02 15:44:18,2026-09-02 11:45:02
TSLA,TSLA261016C00220000,TSLA,2026-10-16,C,220.0,134.2,10.0,139.15,29.0,0.7516,533.0,0.0,0.9891,0.0004,0.0364,-0.0019,0.2703,136.0719,0.0,0.0,0.0,0.0,up,146.0,2026-08-31T10:31:46,0.0,137.425003051758,354.53,2026-09-02 15:44:18,2026-09-02 11:45:02
TSLA,TSLA261016C00225000,TSLA,2026-10-16,C,225.0,127.75,23.0,134.6,25.0,0.6278,73.0,0.0,0.9878,0.0004,0.0402,-0.0046,0.2759,131.1312,0.0,0.0,0.0,0.0,up,129.86,2026-08-27T11:03:48,0.0,132.5,354.53,2026-09-02 15:44:18,2026-09-02 11:45:02
TSLA,TSLA261016C00230000,TSLA,2026-10-16,C,230.0,122.8,161.0,129.7,132.0,0.6115,129.0,1.0,0.9862,0.0005,0.0444,-0.0074,0.2815,126.1948,-1.05,126.9,126.9,126.9,down,126.9,2026-09-02T09:35:49,-0.820634,127.950000762939,354.53,2026-09-02 15:44:18,2026-09-02 11:45:02
TSLA,TSLA261016C00235000,TSLA,2026-10-16,C,235.0,118.2,33.0,124.65,33.0,0.6125,77.0,0.0,0.9845,0.0006,0.0492,-0.0105,0.2869,121.2638,0.0,0.0,0.0,0.0,up,133.15,2026-08-21T15:38:36,0.0,122.649997711182,354.53,2026-09-02 15:44:18,2026-09-02 11:45:02
TSLA,TSLA261016C00240000,TSLA,2026-10-16,C,240.0,114.2,47.0,119.7,67.0,0.6526,228.0,0.0,0.9824,0.0006,0.0547,-0.0138,0.2922,116.3394,0.0,0.0,0.0,0.0,down,115.23,2026-08-24T14:30:19,0.0,117.75,354.53,2026-09-02 15:44:18,2026-09-02 11:45:02
TSLA,TSLA261016C00245000,TSLA,2026-10-16,C,245.0,109.25,46.0,114.15,47.0,0.5903,170.0,0.0,0.98,0.0007,0.061,-0.0175,0.2974,111.4236,0.0,0.0,0.0,0.0,no_change,123.61,2026-08-31T13:19:36,0.0,112.724998474121,354.53,2026-09-02 15:44:18,2026-09-02 11:45:02
TSLA,TSLA261016C00250000,TSLA,2026-10-16,C,250.0,105.85,51.0,108.4,168.0,0.6073,260.0,1.0,0.9772,0.0008,0.0682,-0.0216,0.3023,106.5187,-1.13,106.57,106.57,106.57,down,106.57,2026-09-02T09:36:51,-1.04921,107.700000762939,354.53,2026-09-02 15:44:18,2026-09-02 11:45:02
TSLA,TSLA261016C00255000,TSLA,2026-10-16,C,255.0,100.55,34.0,104.65,47.0,0.6182,93.0,0.0,0.9738,0.001,0.0766,-0.0261,0.307,101.6277,0.0,0.0,0.0,0.0,down,98.94,2026-08-25T10:21:44,0.0,102.774997711182,354.53,2026-09-02 15:44:18,2026-09-02 11:45:02
TSLA,TSLA261016C00260000,TSLA,2026-10-16,C,260.0,94.8,39.0,98.35,39.0,0.4829,52.0,0.0,0.9696,0.0011,0.0864,-0.0313,0.3113,96.7546,0.0,0.0,0.0,0.0,up,107.95,2026-08-31T12:23:21,0.0,98.4500007629394,354.53,2026-09-02 15:44:18,2026-09-02 11:45:02
TSLA,TSLA261016C00265000,TSLA,2026-10-16,C,265.0,90.95,65.0,92.9,77.0,0.4956,69.0,10.0,0.9647,0.0013,0.0977,-0.0371,0.3152,91.9048,-0.35,93.1,93.1,93.1,no_change,93.1,2026-09-02T09:38:38,-0.374533,93.4500007629394,354.53,2026-09-02 15:44:18,2026-09-02 11:45:02
TSLA,TSLA261016C00270000,TSLA,2026-10-16,C,270.0,85.85,82.0,88.8,131.0,0.5031,125.0,0.0,0.9587,0.0015,0.1109,-0.0438,0.3186,87.0841,0.0,0.0,0.0,0.0,down,99.45,2026-08-31T14:12:10,0.0,88.4500007629394,354.53,2026-09-02 15:44:18,2026-09-02 11:45:02
TSLA,TSLA261016C00275000,TSLA,2026-10-16,C,275.0,81.15,140.0,83.75,162.0,0.4833,192.0,4.0,0.9514,0.0017,0.1264,-0.0515,0.3214,82.3003,-1.05,82.75,82.75,82.75,up,82.75,2026-09-02T11:17:02,-1.25298,83.7999992370606,354.53,2026-09-02 15:44:18,2026-09-02 11:45:02
TSLA,TSLA261016C00280000,TSLA,2026-10-16,C,280.0,76.55,86.0,78.5,30.0,0.4594,141.0,0.0,0.9426,0.002,0.1438,-0.0601,0.3235,77.5623,0.0,0.0,0.0,0.0,down,77.73,2026-09-01T15:04:44,0.0,79.0499992370606,354.53,2026-09-02 15:44:18,2026-09-02 11:45:02
TSLA,TSLA261016C00285000,TSLA,2026-10-16,C,285.0,71.8,34.0,73.8,21.0,0.4486,61.0,0.0,0.9321,0.0023,0.164,-0.0698,0.3247,72.8803,0.0,0.0,0.0,0.0,down,75.5,2026-09-01T12:54:46,0.0,74.5,354.53,2026-09-02 15:44:18,2026-09-02 11:45:02
TSLA,TSLA261016C00290000,TSLA,2026-10-16,C,290.0,67.9,22.0,69.2,56.0,0.4613,161.0,0.0,0.9196,0.0027,0.1863,-0.0805,0.325,68.2664,0.0,0.0,0.0,0.0,down,68.2,2026-09-01T14:38:44,0.0,69.8499984741211,354.53,2026-09-02 15:44:18,2026-09-02 11:45:02
TSLA,TSLA261016C00295000,TSLA,2026-10-16,C,295.0,63.35,19.0,64.65,58.0,0.4523,96.0,1.0,0.9048,0.0031,0.2112,-0.0923,0.324,63.7332,0.6,66.0,66.0,66.0,up,66.0,2026-09-02T09:31:27,0.917435,65.3999977111816,354.53,2026-09-02 15:44:18,2026-09-02 11:45:02
TSLA,TSLA261016C00300000,TSLA,2026-10-16,C,300.0,58.95,35.0,60.1,149.0,0.4436,598.0,73.0,0.8875,0.0036,0.2378,-0.105,0.322,59.2952,-2.28,57.43,60.12,57.43,down,58.57,2026-09-02T11:10:33,-3.74692,60.8500003814697,354.53,2026-09-02 15:44:18,2026-09-02 11:45:02
TSLA,TSLA261016C00305000,TSLA,2026-10-16,C,305.0,54.6,32.0,55.75,44.0,0.4368,576.0,0.0,0.8677,0.004,0.2664,-0.1183,0.3185,54.9672,0.0,0.0,0.0,0.0,down,56.45,2026-09-01T13:56:56,0.0,56.5,354.53,2026-09-02 15:44:18,2026-09-02 11:45:02
TSLA,TSLA261016C00310000,TSLA,2026-10-16,C,310.0,49.95,48.0,51.5,42.0,0.4234,1999.0,1.0,0.8451,0.0045,0.2957,-0.1321,0.3138,50.7651,-4.525,47.8,47.8,47.8,down,47.8,2026-09-02T10:00:53,-8.64787,52.3250007629394,354.53,2026-09-02 15:44:18,2026-09-02 11:45:02
TSLA,TSLA261016C00315000,TSLA,2026-10-16,C,315.0,46.4,29.0,47.5,42.0,0.4286,443.0,2.0,0.8198,0.005,0.3259,-0.1461,0.3075,46.7047,-1.22,46.07,46.98,46.07,up,46.98,2026-09-02T11:28:33,-2.53112,48.1999988555908,354.53,2026-09-02 15:44:18,2026-09-02 11:45:02
TSLA,TSLA261016C00320000,TSLA,2026-10-16,C,320.0,42.45,45.0,43.35,123.0,0.4208,1368.0,37.0,0.7918,0.0055,0.3554,-0.16,0.3,42.8013,-3.625,44.91,44.91,39.95,down,40.6,2026-09-02T11:02:56,-8.19672,44.2250003814697,354.53,2026-09-02 15:44:18,2026-09-02 11:45:02
TSLA,TSLA261016C00325000,TSLA,2026-10-16,C,325.0,38.85,80.0,39.6,179.0,0.4195,1139.0,14.0,0.7611,0.006,0.3839,-0.1733,0.2909,39.0704,-1.06,42.55,42.55,36.95,up,39.19,2026-09-02T11:21:39,-2.63354,40.25,354.53,2026-09-02 15:44:18,2026-09-02 11:45:02
TSLA,TSLA261016C00330000,TSLA,2026-10-16,C,330.0,35.3,110.0,35.9,127.0,0.4153,2138.0,352.0,0.7282,0.0065,0.4105,-0.1857,0.2806,35.5243,-1.15,39.15,39.15,32.65,down,35.65,2026-09-02T11:15:44,-3.125,36.7999992370606,354.53,2026-09-02 15:44:18,2026-09-02 11:45:02
TSLA,TSLA261016C00335000,TSLA,2026-10-16,C,335.0,31.75,191.0,32.35,131.0,0.409,2583.0,30.0,0.6931,0.0069,0.4342,-0.1969,0.2692,32.1759,-0.925,33.35,33.35,29.7,no_change,32.45,2026-09-02T11:17:00,-2.77154,33.375,354.53,2026-09-02 15:44:18,2026-09-02 11:45:02
TSLA,TSLA261016C00340000,TSLA,2026-10-16,C,340.0,28.85,36.0,29.1,6.0,0.4095,2114.0,229.0,0.6564,0.0072,0.4546,-0.2065,0.2566,29.0329,-0.95,27.65,29.63,26.97,down,29.35,2026-09-02T11:18:46,-3.13531,30.3000001907349,354.53,2026-09-02 15:44:18,2026-09-02 11:45:02
TSLA,TSLA261016C00345000,TSLA,2026-10-16,C,345.0,25.95,25.0,26.2,28.0,0.4095,1137.0,69.0,0.6185,0.0075,0.4707,-0.2144,0.2434,26.1025,-0.725,27.3,27.3,23.65,up,26.55,2026-09-02T11:17:28,-2.65811,27.2750005722046,354.53,2026-09-02 15:44:18,2026-09-02 11:45:02
TSLA,TSLA261016C00350000,TSLA,2026-10-16,C,350.0,23.25,40.0,23.45,23.0,0.409,3727.0,349.0,0.5798,0.0077,0.4827,-0.2203,0.2293,23.3874,-0.61,27.0,27.0,21.0,down,23.84,2026-09-02T11:27:10,-2.49489,24.4499998092651,354.53,2026-09-02 15:44:18,2026-09-02 11:45:02
TSLA,TSLA261016C00355000,TSLA,2026-10-16,C,355.0,20.8,60.0,20.95,28.0,0.4095,1618.0,477.0,0.5409,0.0078,0.4898,-0.2242,0.2151,20.8875,-1.0,24.25,24.25,18.73,down,20.85,2026-09-02T11:28:57,-4.57666,21.8500003814697,354.53,2026-09-02 15:44:18,2026-09-02 11:45:02
TSLA,TSLA261016C00360000,TSLA,2026-10-16,C,360.0,18.5,47.0,18.65,1.0,0.4097,3560.0,378.0,0.5021,0.0078,0.4924,-0.2259,0.2005,18.6005,-0.65,20.95,21.0,16.68,up,18.8,2026-09-02T11:27:50,-3.3419,19.4499998092651,354.53,2026-09-02 15:44:18,2026-09-02 11:45:02
TSLA,TSLA261016C00365000,TSLA,2026-10-16,C,365.0,16.45,34.0,16.6,36.0,0.411,2534.0,209.0,0.4641,0.0078,0.4904,-0.2257,0.1861,16.5195,-0.375,17.15,17.5,14.74,down,16.9,2026-09-02T11:27:09,-2.17077,17.2750005722046,354.53,2026-09-02 15:44:18,2026-09-02 11:45:02
TSLA,TSLA261016C00370000,TSLA,2026-10-16,C,370.0,14.55,175.0,14.7,20.0,0.4117,2368.0,324.0,0.4271,0.0077,0.4842,-0.2236,0.1718,14.638,-0.275,15.4,15.85,13.05,up,15.05,2026-09-02T11:26:22,-1.79445,15.3249998092651,354.53,2026-09-02 15:44:18,2026-09-02 11:45:02
TSLA,TSLA261016C00375000,TSLA,2026-10-16,C,375.0,12.9,35.0,13.0,2.0,0.4134,3621.0,72.0,0.3915,0.0075,0.4743,-0.2198,0.158,12.9445,-0.25,15.25,15.25,11.5,up,13.3,2026-09-02T11:25:29,-1.84502,13.5500001907349,354.53,2026-09-02 15:44:18,2026-09-02 11:45:02
TSLA,TSLA261016C00380000,TSLA,2026-10-16,C,380.0,11.4,24.0,11.5,40.0,0.4154,7324.0,443.0,0.3576,0.0073,0.461,-0.2144,0.1447,11.4295,-0.225,12.66,12.7,10.0,down,11.7,2026-09-02T11:27:27,-1.88679,11.9250001907349,354.53,2026-09-02 15:44:18,2026-09-02 11:45:02
TSLA,TSLA261016C00385000,TSLA,2026-10-16,C,385.0,10.05,24.0,10.15,36.0,0.4173,1742.0,229.0,0.3256,0.007,0.4451,-0.2079,0.1321,10.0791,-0.25,11.64,11.64,8.91,up,10.25,2026-09-02T11:22:05,-2.38095,10.5,354.53,2026-09-02 15:44:18,2026-09-02 11:45:02
TSLA,TSLA261016C00390000,TSLA,2026-10-16,C,390.0,8.85,24.0,8.95,31.0,0.4194,2652.0,329.0,0.2956,0.0066,0.4269,-0.2003,0.1201,8.882,-0.125,10.05,10.05,7.75,up,9.1,2026-09-02T11:27:27,-1.35501,9.22499990463257,354.53,2026-09-02 15:44:18,2026-09-02 11:45:02
TSLA,TSLA261016C00395000,TSLA,2026-10-16,C,395.0,7.8,17.0,7.9,42.0,0.422,2310.0,29.0,0.2678,0.0063,0.4074,-0.192,0.1091,7.8239,-0.075,8.85,8.85,6.9,up,8.05,2026-09-02T11:22:59,-0.923077,8.125,354.53,2026-09-02 15:44:18,2026-09-02 11:45:02
TSLA,TSLA261016C00400000,TSLA,2026-10-16,C,400.0,6.85,182.0,6.95,47.0,0.4242,11721.0,1107.0,0.2422,0.0059,0.3865,-0.1832,0.0987,6.8931,-0.26,7.75,7.85,5.95,up,6.89,2026-09-02T11:28:53,-3.63636,7.14999985694885,354.53,2026-09-02 15:44:18,2026-09-02 11:45:02
TSLA,TSLA261016C00405000,TSLA,2026-10-16,C,405.0,6.05,17.0,6.15,35.0,0.4276,1321.0,47.0,0.2187,0.0056,0.3656,-0.1741,0.0893,6.0762,-0.075,5.76,6.2,5.37,no_change,6.2,2026-09-02T11:27:31,-1.19522,6.27499985694885,354.53,2026-09-02 15:44:18,2026-09-02 11:45:02
TSLA,TSLA261016C00410000,TSLA,2026-10-16,C,410.0,5.3,92.0,5.4,35.0,0.4298,2166.0,68.0,0.1973,0.0052,0.344,-0.1649,0.0806,5.3615,0.02,5.25,5.56,4.75,no_change,5.52,2026-09-02T11:25:06,0.363636,5.5,354.53,2026-09-02 15:44:18,2026-09-02 11:45:02
TSLA,TSLA261016C00415000,TSLA,2026-10-16,C,415.0,4.7,30.0,4.8,129.0,0.434,1584.0,413.0,0.1779,0.0048,0.323,-0.1558,0.0728,4.738,-0.1,4.86,5.0,4.05,up,4.75,2026-09-02T11:13:54,-2.06186,4.85000014305115,354.53,2026-09-02 15:44:18,2026-09-02 11:45:02
TSLA,TSLA261016C00420000,TSLA,2026-10-16,C,420.0,4.15,38.0,4.25,172.0,0.4375,3500.0,336.0,0.1605,0.0045,0.3026,-0.1469,0.0657,4.1943,0.04,4.6,4.65,3.64,up,4.34,2026-09-02T11:24:07,0.930234,4.29999995231628,354.53,2026-09-02 15:44:18,2026-09-02 11:45:02
TSLA,TSLA261016C00425000,TSLA,2026-10-16,C,425.0,3.65,231.0,3.75,40.0,0.4404,2533.0,128.0,0.1448,0.0042,0.2826,-0.1383,0.0592,3.7219,-0.375,3.9,3.9,3.2,down,3.4,2026-09-02T10:58:42,-9.93377,3.77499997615814,354.53,2026-09-02 15:44:18,2026-09-02 11:45:02
TSLA,TSLA261016C00430000,TSLA,2026-10-16,C,430.0,3.25,261.0,3.35,186.0,0.445,8061.0,185.0,0.1308,0.0038,0.264,-0.1301,0.0536,3.311,0.05,4.95,4.95,2.85,up,3.4,2026-09-02T11:25:06,1.49254,3.35000002384186,354.53,2026-09-02 15:44:18,2026-09-02 11:45:02
TSLA,TSLA261016C00435000,TSLA,2026-10-16,C,435.0,2.92,21.0,2.99,40.0,0.4498,1748.0,94.0,0.1182,0.0036,0.2461,-0.1223,0.0484,2.9539,-0.32,3.0,3.0,2.55,down,2.66,2026-09-02T11:00:18,-10.7383,2.98000001907349,354.53,2026-09-02 15:44:18,2026-09-02 11:45:02
TSLA,TSLA261016C00440000,TSLA,2026-10-16,C,440.0,2.61,22.0,2.68,90.0,0.4544,1527.0,100.0,0.1071,0.0033,0.2293,-0.115,0.0438,2.6439,-0.24,2.73,2.78,2.27,down,2.41,2026-09-02T11:01:01,-9.05661,2.65000009536743,354.53,2026-09-02 15:44:18,2026-09-02 11:45:02
TSLA,TSLA261016C00445000,TSLA,2026-10-16,C,445.0,2.34,20.0,2.41,57.0,0.4593,1528.0,23.0,0.0974,0.003,0.2142,-0.1084,0.0399,2.3829,-0.2,2.6,2.6,2.14,up,2.18,2026-09-02T11:01:01,-8.40336,2.37999999523163,354.53,2026-09-02 15:44:18,2026-09-02 11:45:02
TSLA,TSLA261016C00450000,TSLA,2026-10-16,C,450.0,2.11,22.0,2.15,22.0,0.4638,6617.0,159.0,0.0885,0.0028,0.1997,-0.102,0.0362,2.146,0.025,2.25,2.25,1.84,down,2.16,2026-09-02T11:20:26,1.17096,2.13499999046326,354.53,2026-09-02 15:44:18,2026-09-02 11:45:02
TSLA,TSLA261016C00455000,TSLA,2026-10-16,C,455.0,1.9,24.0,1.96,72.0,0.4692,622.0,17.0,0.0806,0.0026,0.1861,-0.096,0.0329,1.9397,0.065,1.96,1.99,1.68,up,1.99,2026-09-02T11:20:26,3.37662,1.92500001192093,354.53,2026-09-02 15:44:18,2026-09-02 11:45:02
TSLA,TSLA261016C00460000,TSLA,2026-10-16,C,460.0,1.72,62.0,1.78,80.0,0.4744,2198.0,66.0,0.0735,0.0024,0.1737,-0.0904,0.0301,1.7558,0.02,1.89,1.89,1.53,up,1.76,2026-09-02T11:16:38,1.14942,1.74000000953674,354.53,2026-09-02 15:44:18,2026-09-02 11:45:02
TSLA,TSLA261016C00465000,TSLA,2026-10-16,C,465.0,1.57,23.0,1.61,67.0,0.4798,1770.0,13.0,0.0674,0.0022,0.1625,-0.0854,0.0275,1.6004,-0.125,1.65,1.65,1.41,down,1.45,2026-09-02T11:00:24,-7.93651,1.57499998807907,354.53,2026-09-02 15:44:18,2026-09-02 11:45:02
TSLA,TSLA261016C00470000,TSLA,2026-10-16,C,470.0,1.43,117.0,1.48,61.0,0.4854,1897.0,51.0,0.0618,0.002,0.152,-0.0807,0.0252,1.4614,-0.09,1.48,1.52,1.28,down,1.35,2026-09-02T10:58:24,-6.25,1.43999999761581,354.53,2026-09-02 15:44:18,2026-09-02 11:45:02
TSLA,TSLA261016C00475000,TSLA,2026-10-16,C,475.0,1.31,38.0,1.35,77.0,0.491,1947.0,7.0,0.0569,0.0019,0.1423,-0.0764,0.0232,1.3395,-0.1,1.44,1.44,1.22,down,1.22,2026-09-02T09:59:41,-7.57576,1.31999999284744,354.53,2026-09-02 15:44:18,2026-09-02 11:45:02
TSLA,TSLA261016C00480000,TSLA,2026-10-16,C,480.0,1.2,121.0,1.26,128.0,0.4972,1478.0,26.0,0.0525,0.0017,0.1336,-0.0724,0.0214,1.2332,-0.03,1.24,1.24,1.09,up,1.19,2026-09-02T11:07:42,-2.45902,1.22000002861023,354.53,2026-09-02 15:44:18,2026-09-02 11:45:02
TSLA,TSLA261016C00485000,TSLA,2026-10-16,C,485.0,1.11,85.0,1.17,261.0,0.5036,281.0,1.0,0.0485,0.0016,0.1256,-0.0687,0.0198,1.1363,0.07,1.17,1.17,1.17,up,1.17,2026-09-02T10:44:04,6.36363,1.10000002384186,354.53,2026-09-02 15:44:18,2026-09-02 11:45:02
TSLA,TSLA261016C00490000,TSLA,2026-10-16,C,490.0,1.03,71.0,1.09,252.0,0.51,572.0,1.0,0.0449,0.0015,0.1181,-0.0653,0.0183,1.0504,-0.045,0.98,0.98,0.98,down,0.98,2026-09-02T09:50:20,-4.39024,1.02499997615814,354.53,2026-09-02 15:44:18,2026-09-02 11:45:02
TSLA,TSLA261016C00495000,TSLA,2026-10-16,C,495.0,0.95,74.0,1.02,246.0,0.5161,659.0,1.0,0.0417,0.0014,0.1111,-0.0621,0.0169,0.9743,-0.06,0.89,0.89,0.89,down,0.89,2026-09-02T09:40:10,-6.31579,0.950000017881394,354.53,2026-09-02 15:44:18,2026-09-02 11:45:02
TSLA,TSLA261016C00500000,TSLA,2026-10-16,C,500.0,0.89,112.0,0.94,270.0,0.5219,6874.0,281.0,0.0388,0.0013,0.1048,-0.0592,0.0158,0.9061,0.05,0.83,0.95,0.82,down,0.94,2026-09-02T11:25:25,5.61798,0.890000015497208,354.53,2026-09-02 15:44:18,2026-09-02 11:45:02
TSLA,TSLA261016C00505000,TSLA,2026-10-16,C,505.0,0.83,58.0,0.89,206.0,0.5286,271.0,0.0,0.0362,0.0012,0.099,-0.0565,0.0147,0.8448,0.0,0.0,0.0,0.0,down,0.82,2026-09-01T15:41:00,0.0,0.83500000834465,354.53,2026-09-02 15:44:18,2026-09-02 11:45:02
TSLA,TSLA261016C00510000,TSLA,2026-10-16,C,510.0,0.77,233.0,0.83,61.0,0.5341,1490.0,1.0,0.0338,0.0011,0.0937,-0.054,0.0137,0.7894,-0.01,0.77,0.77,0.77,down,0.77,2026-09-02T09:57:13,-1.28205,0.780000001192093,354.53,2026-09-02 15:44:18,2026-09-02 11:45:02
TSLA,TSLA261016C00515000,TSLA,2026-10-16,C,515.0,0.72,183.0,0.78,126.0,0.5402,390.0,0.0,0.0316,0.0011,0.0887,-0.0516,0.0128,0.7392,0.0,0.0,0.0,0.0,down,0.72,2026-09-01T12:04:58,0.0,0.734999984502792,354.53,2026-09-02 15:44:18,2026-09-02 11:45:02
TSLA,TSLA261016C00520000,TSLA,2026-10-16,C,520.0,0.68,213.0,0.73,117.0,0.5461,2839.0,6.0,0.0298,0.001,0.0845,-0.0497,0.0121,0.6991,0.04,0.66,0.73,0.66,up,0.73,2026-09-02T10:47:59,5.7971,0.689999997615814,354.53,2026-09-02 15:44:18,2026-09-02 11:45:02
TSLA,TSLA261016C00525000,TSLA,2026-10-16,C,525.0,0.64,225.0,0.7,204.0,0.553,325.0,4.0,0.028,0.0009,0.0802,-0.0477,0.0113,0.6579,-0.025,0.63,0.63,0.63,down,0.63,2026-09-02T09:57:13,-3.81679,0.655000001192093,354.53,2026-09-02 15:44:18,2026-09-02 11:45:02
TSLA,TSLA261016C00530000,TSLA,2026-10-16,C,530.0,0.6,216.0,0.66,277.0,0.5587,420.0,3.0,0.0264,0.0009,0.0762,-0.0458,0.0107,0.6202,-0.01,0.6,0.6,0.6,down,0.6,2026-09-02T09:57:13,-1.63934,0.609999984502792,354.53,2026-09-02 15:44:18,2026-09-02 11:45:02
TSLA,TSLA261016C00535000,TSLA,2026-10-16,C,535.0,0.57,167.0,0.63,167.0,0.5654,315.0,0.0,0.0249,0.0008,0.0725,-0.044,0.01,0.5857,0.0,0.0,0.0,0.0,up,0.57,2026-09-01T13:48:44,0.0,0.58500000834465,354.53,2026-09-02 15:44:18,2026-09-02 11:45:02
TSLA,TSLA261016C00540000,TSLA,2026-10-16,C,540.0,0.54,165.0,0.6,232.0,0.5716,448.0,0.0,0.0235,0.0008,0.0692,-0.0424,0.0095,0.554,0.0,0.0,0.0,0.0,down,0.54,2026-09-01T15:15:07,0.0,0.554999977350235,354.53,2026-09-02 15:44:18,2026-09-02 11:45:02
TSLA,TSLA261016C00545000,TSLA,2026-10-16,C,545.0,0.51,146.0,0.56,50.0,0.5767,428.0,0.0,0.0222,0.0007,0.066,-0.0408,0.009,0.5248,0.0,0.0,0.0,0.0,down,0.53,2026-09-01T13:44:25,0.0,0.525000005960464,354.53,2026-09-02 15:44:18,2026-09-02 11:45:02
TSLA,TSLA261016C00550000,TSLA,2026-10-16,C,550.0,0.48,154.0,0.54,146.0,0.583,2541.0,0.0,0.021,0.0007,0.063,-0.0393,0.0085,0.4978,0.0,0.0,0.0,0.0,up,0.51,2026-09-01T15:15:07,0.0,0.504999980330467,354.53,2026-09-02 15:44:18,2026-09-02 11:45:02
TSLA,TSLA261016C00555000,TSLA,2026-10-16,C,555.0,0.46,201.0,0.51,76.0,0.5888,80.0,0.0,0.0199,0.0007,0.0602,-0.0379,0.008,0.4729,0.0,0.0,0.0,0.0,down,0.49,2026-09-01T09:35:28,0.0,0.474999994039536,354.53,2026-09-02 15:44:18,2026-09-02 11:45:02
TSLA,TSLA261016C00560000,TSLA,2026-10-16,C,560.0,0.44,157.0,0.49,196.0,0.5952,1104.0,1.0,0.0189,0.0006,0.0575,-0.0366,0.0076,0.4499,0.035,0.49,0.49,0.49,up,0.49,2026-09-02T10:45:34,7.69231,0.454999998211861,354.53,2026-09-02 15:44:18,2026-09-02 11:45:02
TSLA,TSLA261016C00570000,TSLA,2026-10-16,C,570.0,0.39,211.0,0.44,105.0,0.6052,726.0,3.0,0.0171,0.0006,0.0527,-0.0342,0.0069,0.4086,-0.01,0.39,0.41,0.38,up,0.41,2026-09-02T10:00:10,-2.38095,0.420000001788139,354.53,2026-09-02 15:44:18,2026-09-02 11:45:02
TSLA,TSLA261016C00580000,TSLA,2026-10-16,C,580.0,0.35,182.0,0.4,83.0,0.6156,328.0,0.0,0.0155,0.0005,0.0486,-0.032,0.0062,0.3728,0.0,0.0,0.0,0.0,no_change,0.36,2026-09-01T15:45:33,0.0,0.38000001013279,354.53,2026-09-02 15:44:18,2026-09-02 11:45:02
TSLA,TSLA261016C00590000,TSLA,2026-10-16,C,590.0,0.32,189.0,0.37,89.0,0.627,921.0,0.0,0.0142,0.0005,0.0449,-0.03,0.0057,0.3414,0.0,0.0,0.0,0.0,up,0.34,2026-09-01T14:33:12,0.0,0.344999998807907,354.53,2026-09-02 15:44:18,2026-09-02 11:45:02
TSLA,TSLA261016C00600000,TSLA,2026-10-16,C,600.0,0.29,272.0,0.34,286.0,0.6373,4173.0,117.0,0.013,0.0004,0.0415,-0.0282,0.0052,0.3139,0.0,0.32,0.32,0.29,no_change,0.32,2026-09-02T11:04:26,-2.42144e-06,0.320000007748604,354.53,2026-09-02 15:44:18,2026-09-02 11:45:02
TSLA,TSLA261016C00610000,TSLA,2026-10-16,C,610.0,0.27,262.0,0.31,146.0,0.6477,301.0,1.0,0.0119,0.0004,0.0385,-0.0266,0.0047,0.2896,-0.025,0.27,0.27,0.27,down,0.27,2026-09-02T10:05:33,-8.47458,0.295000001788139,354.53,2026-09-02 15:44:18,2026-09-02 11:45:02
TSLA,TSLA261016C00620000,TSLA,2026-10-16,C,620.0,0.24,120.0,0.28,45.0,0.6557,390.0,0.0,0.0109,0.0004,0.0358,-0.0251,0.0044,0.2681,0.0,0.0,0.0,0.0,down,0.28,2026-09-01T12:03:36,0.0,0.264999993145466,354.53,2026-09-02 15:44:18,2026-09-02 11:45:02
TSLA,TSLA261016C00630000,TSLA,2026-10-16,C,630.0,0.22,168.0,0.27,121.0,0.6672,1876.0,1.0,0.0101,0.0003,0.0334,-0.0238,0.004,0.2488,-0.03,0.22,0.22,0.22,down,0.22,2026-09-02T09:38:15,-12.0,0.250000007450581,354.53,2026-09-02 15:44:18,2026-09-02 11:45:02
TSLA,TSLA261016C00640000,TSLA,2026-10-16,C,640.0,0.2,250.0,0.25,93.0,0.6762,364.0,0.0,0.0094,0.0003,0.0312,-0.0225,0.0037,0.2315,0.0,0.0,0.0,0.0,up,0.25,2026-09-01T11:07:39,0.0,0.229999996721745,354.53,2026-09-02 15:44:18,2026-09-02 11:45:02
TSLA,TSLA261016C00650000,TSLA,2026-10-16,C,650.0,0.18,228.0,0.23,158.0,0.6843,591.0,1.0,0.0087,0.0003,0.0293,-0.0214,0.0034,0.2159,0.0,0.21,0.21,0.21,no_change,0.21,2026-09-02T09:37:18,-4.25747e-07,0.21000000089407,354.53,2026-09-02 15:44:18,2026-09-02 11:45:02
TSLA,TSLA261016C00660000,TSLA,2026-10-16,C,660.0,0.17,285.0,0.21,62.0,0.6934,135.0,0.0,0.0081,0.0002,0.0274,-0.0203,0.0032,0.2019,0.0,0.0,0.0,0.0,down,0.18,2026-09-01T12:02:49,0.0,0.195000000298023,354.53,2026-09-02 15:44:18,2026-09-02 11:45:02
TSLA,TSLA261016C00670000,TSLA,2026-10-16,C,670.0,0.15,222.0,0.2,95.0,0.7016,1376.0,0.0,0.0075,0.0002,0.0258,-0.0194,0.003,0.1891,0.0,0.0,0.0,0.0,no_change,0.17,2026-09-01T12:57:01,0.0,0.189999997615814,354.53,2026-09-02 15:44:18,2026-09-02 11:45:02
TSLA,TSLA261016C00680000,TSLA,2026-10-16,C,680.0,0.14,211.0,0.19,97.0,0.7113,1439.0,0.0,0.007,0.0002,0.0242,-0.0184,0.0028,0.1775,0.0,0.0,0.0,0.0,down,0.15,2026-09-01T12:02:31,0.0,0.174999997019768,354.53,2026-09-02 15:44:18,2026-09-02 11:45:02
TSLA,TSLA261016C00690000,TSLA,2026-10-16,C,690.0,0.13,56.0,0.17,22.0,0.7179,276.0,0.0,0.0066,0.0002,0.0228,-0.0176,0.0026,0.1669,0.0,0.0,0.0,0.0,down,0.15,2026-09-01T11:07:39,0.0,0.160000003874302,354.53,2026-09-02 15:44:18,2026-09-02 11:45:02
TSLA,TSLA261016C00700000,TSLA,2026-10-16,C,700.0,0.12,109.0,0.17,76.0,0.7289,980.0,0.0,0.0062,0.0002,0.0216,-0.0168,0.0024,0.1571,0.0,0.0,0.0,0.0,down,0.14,2026-09-01T12:30:46,0.0,0.149999998509884,354.53,2026-09-02 15:44:18,2026-09-02 11:45:02
TSLA,TSLA261016C00710000,TSLA,2026-10-16,C,710.0,0.11,115.0,0.16,82.0,0.7368,327.0,0.0,0.0058,0.0002,0.0204,-0.0161,0.0023,0.1482,0.0,0.0,0.0,0.0,up,0.15,2026-09-01T12:02:49,0.0,0.139999996870756,354.53,2026-09-02 15:44:18,2026-09-02 11:45:02
TSLA,TSLA261016C00720000,TSLA,2026-10-16,C,720.0,0.1,349.0,0.15,81.0,0.744,161.0,0.0,0.0054,0.0002,0.0193,-0.0154,0.0022,0.1399,0.0,0.0,0.0,0.0,no_change,0.14,2026-09-01T12:57:01,0.0,0.130000002682209,354.53,2026-09-02 15:44:18,2026-09-02 11:45:02
TSLA,TSLA261016C00730000,TSLA,2026-10-16,C,730.0,0.1,72.0,0.14,46.0,0.7536,242.0,0.0,0.0051,0.0002,0.0183,-0.0147,0.002,0.1323,0.0,0.0,0.0,0.0,down,0.13,2026-09-01T12:02:31,0.0,0.130000002682209,354.53,2026-09-02 15:44:18,2026-09-02 11:45:02
TSLA,TSLA261016C00740000,TSLA,2026-10-16,C,740.0,0.07,231.0,0.15,94.0,0.7595,79.0,0.0,0.0048,0.0001,0.0174,-0.0141,0.0019,0.1253,0.0,0.0,0.0,0.0,down,0.12,2026-09-01T10:36:28,0.0,0.120000001043081,354.53,2026-09-02 15:44:18,2026-09-02 11:45:02
TSLA,TSLA261016C00750000,TSLA,2026-10-16,C,750.0,0.06,200.0,0.13,68.0,0.7609,250.0,0.0,0.0046,0.0001,0.0165,-0.0135,0.0018,0.1188,0.0,0.0,0.0,0.0,no_change,0.13,2026-09-01T10:19:57,0.0,0.120000001043081,354.53,2026-09-02 15:44:18,2026-09-02 11:45:02
TSLA,TSLA261016C00760000,TSLA,2026-10-16,C,760.0,0.05,213.0,0.13,48.0,0.7688,292.0,0.0,0.0043,0.0001,0.0156,-0.013,0.0017,0.1127,0.0,0.0,0.0,0.0,down,0.14,2026-09-01T09:43:31,0.0,0.109999999403954,354.53,2026-09-02 15:44:18,2026-09-02 11:45:02
TSLA,TSLA261016C00770000,TSLA,2026-10-16,C,770.0,0.02,117.0,0.12,46.0,0.7628,278.0,0.0,0.0041,0.0001,0.0149,-0.0125,0.0016,0.1071,0.0,0.0,0.0,0.0,up,0.29,2026-08-21T13:09:04,0.0,0.104999996721745,354.53,2026-09-02 15:44:18,2026-09-02 11:45:02
TSLA,TSLA261016C00780000,TSLA,2026-10-16,C,780.0,0.04,91.0,0.12,41.0,0.7834,141.0,0.0,0.0039,0.0001,0.0142,-0.012,0.0015,0.1018,0.0,0.0,0.0,0.0,down,0.21,2026-08-20T11:07:56,0.0,0.109999999403954,354.53,2026-09-02 15:44:18,2026-09-02 11:45:02
TSLA,TSLA261016C00790000,TSLA,2026-10-16,C,790.0,0.04,213.0,0.12,72.0,0.7945,42.0,0.0,0.0037,0.0001,0.0136,-0.0115,0.0014,0.0969,0.0,0.0,0.0,0.0,up,0.22,2026-08-20T09:59:13,0.0,0.120000002905726,354.53,2026-09-02 15:44:18,2026-09-02 11:45:02
TSLA,TSLA261016C00800000,TSLA,2026-10-16,C,800.0,0.08,32.0,0.12,108.0,0.8221,4416.0,6.0,0.0035,0.0001,0.0129,-0.0111,0.0014,0.0923,0.005,0.09,0.1,0.09,no_change,0.1,2026-09-02T09:40:49,5.26315,0.0950000025331974,354.53,2026-09-02 15:44:18,2026-09-02 11:45:02
TSLA,TSLA261016C00810000,TSLA,2026-10-16,C,810.0,0.03,83.0,0.11,30.0,0.8066,857.0,0.0,0.0033,0.0001,0.0124,-0.0107,0.0013,0.088,0.0,0.0,0.0,0.0,down,0.11,2026-08-27T14:56:08,0.0,0.110000003129244,354.53,2026-09-02 15:44:18,2026-09-02 11:45:02
TSLA,TSLA261016C00820000,TSLA,2026-10-16,C,820.0,0.05,18.0,0.11,29.0,0.827,1441.0,0.0,0.0032,0.0001,0.0118,-0.0103,0.0012,0.084,0.0,0.0,0.0,0.0,no_change,0.15,2026-09-01T14:25:22,0.0,0.110000003129244,354.53,2026-09-02 15:44:18,2026-09-02 11:45:02
TSLA,TSLA261016C00830000,TSLA,2026-10-16,C,830.0,0.05,26.0,0.15,29.0,0.8546,362.0,0.0,0.003,0.0001,0.0113,-0.0099,0.0012,0.0802,0.0,0.0,0.0,0.0,no_change,0.12,2026-08-28T09:36:12,0.0,0.10500000230968,354.53,2026-09-02 15:44:18,2026-09-02 11:45:02
TSLA,TSLA261016C00840000,TSLA,2026-10-16,C,840.0,0.04,40.0,0.15,65.0,0.8611,119.0,0.0,0.0029,0.0001,0.0108,-0.0096,0.0011,0.0767,0.0,0.0,0.0,0.0,down,0.16,2026-08-20T09:58:56,0.0,0.100000003352761,354.53,2026-09-02 15:44:18,2026-09-02 11:45:02
TSLA,TSLA261016C00850000,TSLA,2026-10-16,C,850.0,0.02,37.0,0.15,59.0,0.8627,831.0,0.0,0.0027,0.0001,0.0103,-0.0092,0.0011,0.0734,0.0,0.0,0.0,0.0,down,0.07,2026-08-31T10:33:03,0.0,0.0700000021606684,354.53,2026-09-02 15:44:18,2026-09-02 11:45:02
TSLA,TSLA261016C00860000,TSLA,2026-10-16,C,860.0,0.01,32.0,0.15,70.0,0.8682,68.0,0.0,0.0026,0.0001,0.0099,-0.0089,0.001,0.0702,0.0,0.0,0.0,0.0,down,0.1,2026-08-31T10:33:03,0.0,0.0549999987706542,354.53,2026-09-02 15:44:18,2026-09-02 11:45:02
TSLA,TSLA261016C00870000,TSLA,2026-10-16,C,870.0,0.04,18.0,0.12,29.0,0.8781,682.0,0.0,0.0025,0.0001,0.0095,-0.0086,0.001,0.0673,0.0,0.0,0.0,0.0,down,0.07,2026-09-01T12:13:36,0.0,0.0599999986588955,354.53,2026-09-02 15:44:18,2026-09-02 11:45:02
TSLA,TSLA261016C00880000,TSLA,2026-10-16,C,880.0,0.03,27.0,0.08,1.0,0.8598,727.0,0.0,0.0024,0.0001,0.0091,-0.0083,0.0009,0.0645,0.0,0.0,0.0,0.0,up,0.07,2026-09-01T11:02:12,0.0,0.0649999994784594,354.53,2026-09-02 15:44:18,2026-09-02 11:45:02
TSLA,TSLA261016C00890000,TSLA,2026-10-16,C,890.0,0.05,19.0,0.08,16.0,0.8816,1212.0,110.0,0.0023,0.0001,0.0088,-0.0081,0.0009,0.0618,0.005,0.06,0.07,0.06,up,0.07,2026-09-02T10:29:30,7.69231,0.0649999994784594,354.53,2026-09-02 15:44:18,2026-09-02 11:45:02
TSLA,TSLA261016C00900000,TSLA,2026-10-16,C,900.0,0.05,18.0,0.07,50.0,0.885,7337.0,55.0,0.0022,0.0001,0.0084,-0.0078,0.0008,0.0593,0.0,0.06,0.06,0.06,no_change,0.06,2026-09-02T10:52:39,-8.69234e-07,0.0600000005215406,354.53,2026-09-02 15:44:18,2026-09-02 11:45:02
TSLA,TSLA261016P00050000,TSLA,2026-10-16,P,50.0,0.0,0.0,0.02,15.0,1.7265,5609.0,0.0,-0.0003,0.0,0.0012,-0.0022,-0.0001,0.0159,0.0,0.0,0.0,0.0,up,0.02,2026-08-31T12:07:34,0.0,0.00499999988824129,354.53,2026-09-02 15:44:18,2026-09-02 11:45:02
TSLA,TSLA261016P00055000,TSLA,2026-10-16,P,55.0,0.0,0.0,0.02,16.0,1.6425,4167.0,0.0,-0.0003,0.0,0.0013,-0.0025,-0.0001,0.0176,0.0,0.0,0.0,0.0,up,0.04,2026-08-31T12:32:20,0.0,0.00999999977648258,354.53,2026-09-02 15:44:18,2026-09-02 11:45:02
TSLA,TSLA261016P00060000,TSLA,2026-10-16,P,60.0,0.0,0.0,0.02,20.0,1.5662,2882.0,0.0,-0.0003,0.0,0.0015,-0.0027,-0.0002,0.0195,0.0,0.0,0.0,0.0,no_change,0.02,2026-08-21T12:21:18,0.0,0.0399999991059303,354.53,2026-09-02 15:44:18,2026-09-02 11:45:02
TSLA,TSLA261016P00065000,TSLA,2026-10-16,P,65.0,0.0,0.0,0.01,1.0,1.4249,652.0,0.0,-0.0004,0.0,0.0017,-0.0029,-0.0002,0.0215,0.0,0.0,0.0,0.0,no_change,0.03,2026-08-25T10:25:53,0.0,0.00499999988824129,354.53,2026-09-02 15:44:18,2026-09-02 11:45:02
TSLA,TSLA261016P00070000,TSLA,2026-10-16,P,70.0,0.0,0.0,0.03,21.0,1.4759,1354.0,0.0,-0.0004,0.0,0.0019,-0.0032,-0.0002,0.0236,0.0,0.0,0.0,0.0,no_change,0.01,2026-09-01T14:32:09,0.0,0.0149999996647239,354.53,2026-09-02 15:44:18,2026-09-02 11:45:02
TSLA,TSLA261016P00075000,TSLA,2026-10-16,P,75.0,0.0,0.0,0.03,123.0,1.4141,609.0,17.0,-0.0005,0.0,0.0022,-0.0034,-0.0002,0.0259,-0.04,0.01,0.01,0.01,no_change,0.01,2026-09-02T11:17:38,-80.0,0.0500000007450581,354.53,2026-09-02 15:44:18,2026-09-02 11:45:02
TSLA,TSLA261016P00080000,TSLA,2026-10-16,P,80.0,0.01,1.0,0.04,30.0,1.413,1217.0,0.0,-0.0006,0.0,0.0024,-0.0037,-0.0003,0.0283,0.0,0.0,0.0,0.0,no_change,0.02,2026-08-21T10:59:05,0.0,0.025000000372529,354.53,2026-09-02 15:44:18,2026-09-02 11:45:02
TSLA,TSLA261016P00085000,TSLA,2026-10-16,P,85.0,0.01,1.0,0.05,139.0,1.3777,185.0,4.0,-0.0006,0.0,0.0027,-0.004,-0.0003,0.0309,0.0,0.05,0.05,0.05,no_change,0.05,2026-09-02T11:17:14,-1.49012e-06,0.0500000007450581,354.53,2026-09-02 15:44:18,2026-09-02 11:45:02
TSLA,TSLA261016P00090000,TSLA,2026-10-16,P,90.0,0.01,2.0,0.05,32.0,1.3239,680.0,0.0,-0.0007,0.0,0.003,-0.0043,-0.0003,0.0337,0.0,0.0,0.0,0.0,no_change,0.03,2026-08-21T10:56:35,0.0,0.0500000007450581,354.53,2026-09-02 15:44:18,2026-09-02 11:45:02
TSLA,TSLA261016P00095000,TSLA,2026-10-16,P,95.0,0.01,16.0,0.1,31.0,1.3438,593.0,0.0,-0.0008,0.0,0.0033,-0.0046,-0.0004,0.0368,0.0,0.0,0.0,0.0,no_change,0.03,2026-08-20T15:44:48,0.0,0.0500000007450581,354.53,2026-09-02 15:44:18,2026-09-02 11:45:02
TSLA,TSLA261016P00100000,TSLA,2026-10-16,P,100.0,0.01,18.0,0.05,24.0,1.225,3027.0,4.0,-0.0009,0.0,0.0037,-0.005,-0.0004,0.04,-0.03,0.01,0.01,0.01,no_change,0.01,2026-09-02T10:19:58,-75.0,0.0399999991059303,354.53,2026-09-02 15:44:18,2026-09-02 11:45:02
TSLA,TSLA261016P00105000,TSLA,2026-10-16,P,105.0,0.01,24.0,0.12,29.0,1.265,913.0,0.0,-0.001,0.0,0.0041,-0.0053,-0.0005,0.0435,0.0,0.0,0.0,0.0,no_change,0.08,2026-09-01T15:59:18,0.0,0.0550000006332994,354.53,2026-09-02 15:44:18,2026-09-02 11:45:02
TSLA,TSLA261016P00110000,TSLA,2026-10-16,P,110.0,0.01,24.0,0.07,29.0,1.1649,1267.0,0.0,-0.0011,0.0,0.0045,-0.0057,-0.0005,0.0474,0.0,0.0,0.0,0.0,no_change,0.04,2026-08-31T10:22:53,0.0,0.0449999989941716,354.53,2026-09-02 15:44:18,2026-09-02 11:45:02
TSLA,TSLA261016P00115000,TSLA,2026-10-16,P,115.0,0.01,24.0,0.13,144.0,1.1826,449.0,0.0,-0.0012,0.0,0.005,-0.0061,-0.0006,0.0515,0.0,0.0,0.0,0.0,no_change,0.08,2026-09-01T15:59:37,0.0,0.0800000028684735,354.53,2026-09-02 15:44:18,2026-09-02 11:45:02
TSLA,TSLA261016P00120000,TSLA,2026-10-16,P,120.0,0.01,26.0,0.08,29.0,1.0932,2001.0,0.0,-0.0014,0.0,0.0055,-0.0066,-0.0006,0.0559,0.0,0.0,0.0,0.0,down,0.03,2026-08-24T14:43:29,0.0,0.0449999989941716,354.53,2026-09-02 15:44:18,2026-09-02 11:45:02
TSLA,TSLA261016P00125000,TSLA,2026-10-16,P,125.0,0.02,26.0,0.08,29.0,1.0641,214.0,0.0,-0.0015,0.0,0.006,-0.007,-0.0007,0.0607,0.0,0.0,0.0,0.0,no_change,0.05,2026-09-01T15:59:02,0.0,0.0449999989941716,354.53,2026-09-02 15:44:18,2026-09-02 11:45:02
TSLA,TSLA261016P00130000,TSLA,2026-10-16,P,130.0,0.02,26.0,0.15,29.0,1.0802,682.0,0.0,-0.0017,0.0,0.0067,-0.0075,-0.0008,0.0659,0.0,0.0,0.0,0.0,no_change,0.03,2026-08-28T09:32:50,0.0,0.0699999975040555,354.53,2026-09-02 15:44:18,2026-09-02 11:45:02
TSLA,TSLA261016P00135000,TSLA,2026-10-16,P,135.0,0.01,67.0,0.15,177.0,1.0354,249.0,0.0,-0.0019,0.0,0.0074,-0.008,-0.0009,0.0715,0.0,0.0,0.0,0.0,down,0.05,2026-08-31T11:39:18,0.0,0.0850000027567148,354.53,2026-09-02 15:44:18,2026-09-02 11:45:02
TSLA,TSLA261016P00140000,TSLA,2026-10-16,P,140.0,0.05,16.0,0.15,55.0,1.0216,158.0,2.0,-0.0021,0.0,0.0081,-0.0086,-0.0009,0.0777,0.0,0.1,0.1,0.1,up,0.1,2026-09-02T09:45:19,-3.35276e-06,0.100000003352761,354.53,2026-09-02 15:44:18,2026-09-02 11:45:02
TSLA,TSLA261016P00145000,TSLA,2026-10-16,P,145.0,0.03,128.0,0.16,97.0,0.98,239.0,2.0,-0.0023,0.0001,0.0089,-0.0092,-0.001,0.0843,0.005,0.1,0.1,0.09,down,0.09,2026-09-02T11:25:06,5.88236,0.0849999971687794,354.53,2026-09-02 15:44:18,2026-09-02 11:45:02
TSLA,TSLA261016P00150000,TSLA,2026-10-16,P,150.0,0.06,24.0,0.12,29.0,0.9398,2269.0,0.0,-0.0026,0.0001,0.0097,-0.0098,-0.0012,0.0916,0.0,0.0,0.0,0.0,up,0.08,2026-09-01T14:08:23,0.0,0.0849999990314245,354.53,2026-09-02 15:44:18,2026-09-02 11:45:02
TSLA,TSLA261016P00155000,TSLA,2026-10-16,P,155.0,0.03,27.0,0.1,2.0,0.877,60.0,0.0,-0.0028,0.0001,0.0107,-0.0105,-0.0013,0.0995,0.0,0.0,0.0,0.0,no_change,0.13,2026-09-01T15:48:33,0.0,0.094999996945262,354.53,2026-09-02 15:44:18,2026-09-02 11:45:02
TSLA,TSLA261016P00160000,TSLA,2026-10-16,P,160.0,0.02,28.0,0.11,10.0,0.8454,221.0,0.0,-0.0031,0.0001,0.0117,-0.0112,-0.0014,0.1075,0.0,0.0,0.0,0.0,no_change,0.09,2026-09-01T14:49:47,0.0,0.0899999998509884,354.53,2026-09-02 15:44:18,2026-09-02 11:45:02
TSLA,TSLA261016P00165000,TSLA,2026-10-16,P,165.0,0.05,27.0,0.14,100.0,0.8469,134.0,0.0,-0.0034,0.0001,0.0129,-0.0119,-0.0016,0.1168,0.0,0.0,0.0,0.0,no_change,0.11,2026-09-01T09:49:21,0.0,0.120000004768372,354.53,2026-09-02 15:44:18,2026-09-02 11:45:02
TSLA,TSLA261016P00170000,TSLA,2026-10-16,P,170.0,0.04,327.0,0.16,399.0,0.8206,470.0,0.0,-0.0038,0.0001,0.0141,-0.0127,-0.0017,0.127,0.0,0.0,0.0,0.0,up,0.12,2026-09-01T15:35:56,0.0,0.134999997913837,354.53,2026-09-02 15:44:18,2026-09-02 11:45:02
TSLA,TSLA261016P00175000,TSLA,2026-10-16,P,175.0,0.08,126.0,0.17,363.0,0.8101,344.0,0.0,-0.0042,0.0001,0.0155,-0.0136,-0.0019,0.1382,0.0,0.0,0.0,0.0,up,0.19,2026-09-01T15:27:22,0.0,0.149999998509884,354.53,2026-09-02 15:44:18,2026-09-02 11:45:02
TSLA,TSLA261016P00180000,TSLA,2026-10-16,P,180.0,0.09,116.0,0.17,132.0,0.7837,246.0,0.0,-0.0047,0.0001,0.017,-0.0145,-0.0021,0.1505,0.0,0.0,0.0,0.0,down,0.13,2026-09-01T15:38:15,0.0,0.144999995827675,354.53,2026-09-02 15:44:18,2026-09-02 11:45:02
TSLA,TSLA261016P00185000,TSLA,2026-10-16,P,185.0,0.09,128.0,0.2,319.0,0.764,332.0,0.0,-0.0052,0.0002,0.0186,-0.0155,-0.0024,0.1639,0.0,0.0,0.0,0.0,down,0.16,2026-09-01T11:59:51,0.0,0.185000002384186,354.53,2026-09-02 15:44:18,2026-09-02 11:45:02
TSLA,TSLA261016P00190000,TSLA,2026-10-16,P,190.0,0.13,83.0,0.21,90.0,0.7491,332.0,0.0,-0.0058,0.0002,0.0205,-0.0166,-0.0026,0.1786,0.0,0.0,0.0,0.0,down,0.17,2026-08-31T15:56:54,0.0,0.189999997615814,354.53,2026-09-02 15:44:18,2026-09-02 11:45:02
TSLA,TSLA261016P00195000,TSLA,2026-10-16,P,195.0,0.19,18.0,0.23,179.0,0.7394,275.0,5.0,-0.0064,0.0002,0.0226,-0.0177,-0.0029,0.1949,-0.015,0.19,0.19,0.19,no_change,0.19,2026-09-02T09:30:00,-7.31708,0.205000005662441,354.53,2026-09-02 15:44:18,2026-09-02 11:45:02
TSLA,TSLA261016P00200000,TSLA,2026-10-16,P,200.0,0.2,500.0,0.23,141.0,0.7131,3365.0,15.0,-0.0072,0.0002,0.0248,-0.019,-0.0032,0.213,0.025,0.23,0.26,0.23,no_change,0.26,2026-09-02T09:50:54,10.6383,0.234999999403954,354.53,2026-09-02 15:44:18,2026-09-02 11:45:02
TSLA,TSLA261016P00205000,TSLA,2026-10-16,P,205.0,0.21,48.0,0.27,243.0,0.695,224.0,1.0,-0.008,0.0003,0.0272,-0.0203,-0.0036,0.233,-0.005,0.24,0.24,0.24,down,0.24,2026-09-02T10:07:24,-2.04082,0.245000004768372,354.53,2026-09-02 15:44:18,2026-09-02 11:45:02
TSLA,TSLA261016P00210000,TSLA,2026-10-16,P,210.0,0.22,224.0,0.29,118.0,0.6728,1281.0,0.0,-0.0089,0.0003,0.03,-0.0217,-0.004,0.2552,0.0,0.0,0.0,0.0,up,0.26,2026-09-01T14:26:01,0.0,0.270000003278255,354.53,2026-09-02 15:44:18,2026-09-02 11:45:02
TSLA,TSLA261016P00215000,TSLA,2026-10-16,P,215.0,0.26,38.0,0.31,117.0,0.6554,495.0,0.0,-0.0099,0.0003,0.0331,-0.0233,-0.0044,0.2799,0.0,0.0,0.0,0.0,no_change,0.28,2026-09-01T15:27:45,0.0,0.28999999165535,354.53,2026-09-02 15:44:18,2026-09-02 11:45:02
TSLA,TSLA261016P00220000,TSLA,2026-10-16,P,220.0,0.3,24.0,0.33,168.0,0.6372,1160.0,0.0,-0.0111,0.0004,0.0366,-0.025,-0.0049,0.3078,0.0,0.0,0.0,0.0,no_change,0.31,2026-09-01T15:43:58,0.0,0.314999997615814,354.53,2026-09-02 15:44:18,2026-09-02 11:45:02
TSLA,TSLA261016P00225000,TSLA,2026-10-16,P,225.0,0.33,24.0,0.37,191.0,0.6196,717.0,0.0,-0.0125,0.0004,0.0403,-0.0268,-0.0055,0.3393,0.0,0.0,0.0,0.0,down,0.33,2026-09-01T13:07:17,0.0,0.350000008940697,354.53,2026-09-02 15:44:18,2026-09-02 11:45:02
TSLA,TSLA261016P00230000,TSLA,2026-10-16,P,230.0,0.36,33.0,0.4,182.0,0.6003,447.0,0.0,-0.014,0.0005,0.0445,-0.0288,-0.0062,0.3751,0.0,0.0,0.0,0.0,up,0.4,2026-09-01T15:27:45,0.0,0.379999995231628,354.53,2026-09-02 15:44:18,2026-09-02 11:45:02
TSLA,TSLA261016P00235000,TSLA,2026-10-16,P,235.0,0.39,244.0,0.44,250.0,0.5817,1219.0,101.0,-0.0158,0.0006,0.0493,-0.0311,-0.007,0.4163,-0.01,0.43,0.43,0.41,no_change,0.41,2026-09-02T10:56:28,-2.38095,0.420000001788139,354.53,2026-09-02 15:44:18,2026-09-02 11:45:02
TSLA,TSLA261016P00240000,TSLA,2026-10-16,P,240.0,0.44,265.0,0.49,300.0,0.5655,2458.0,2.0,-0.0178,0.0006,0.055,-0.0336,-0.0078,0.4643,-0.015,0.5,0.5,0.45,down,0.45,2026-09-02T10:43:26,-3.22581,0.465000003576279,354.53,2026-09-02 15:44:18,2026-09-02 11:45:02
TSLA,TSLA261016P00245000,TSLA,2026-10-16,P,245.0,0.49,265.0,0.54,265.0,0.5484,886.0,7.0,-0.0203,0.0007,0.0612,-0.0364,-0.0089,0.5209,-0.015,0.53,0.53,0.5,down,0.5,2026-09-02T10:42:35,-2.91262,0.515000015497208,354.53,2026-09-02 15:44:18,2026-09-02 11:45:02
TSLA,TSLA261016P00250000,TSLA,2026-10-16,P,250.0,0.56,59.0,0.61,213.0,0.5336,3908.0,13.0,-0.0231,0.0008,0.0684,-0.0397,-0.0102,0.5882,0.005,0.61,0.64,0.56,up,0.59,2026-09-02T10:42:35,0.854699,0.58500000834465,354.53,2026-09-02 15:44:18,2026-09-02 11:45:02
TSLA,TSLA261016P00255000,TSLA,2026-10-16,P,255.0,0.64,45.0,0.7,227.0,0.5197,1528.0,4.0,-0.0266,0.001,0.0772,-0.0434,-0.0117,0.6696,0.055,0.62,0.72,0.62,up,0.72,2026-09-02T10:01:32,8.27068,0.66499999165535,354.53,2026-09-02 15:44:18,2026-09-02 11:45:02
TSLA,TSLA261016P00260000,TSLA,2026-10-16,P,260.0,0.74,52.0,0.8,270.0,0.5062,3921.0,25.0,-0.0307,0.0011,0.0866,-0.0478,-0.0134,0.7695,-0.01,0.82,0.82,0.75,down,0.75,2026-09-02T10:44:44,-1.31579,0.760000020265579,354.53,2026-09-02 15:44:18,2026-09-02 11:45:02
TSLA,TSLA261016P00265000,TSLA,2026-10-16,P,265.0,0.87,98.0,0.91,228.0,0.4933,1393.0,4.0,-0.0357,0.0013,0.098,-0.0528,-0.0156,0.8922,0.035,0.97,0.97,0.87,up,0.91,2026-09-02T11:14:44,4.0,0.875,354.53,2026-09-02 15:44:18,2026-09-02 11:45:02
TSLA,TSLA261016P00270000,TSLA,2026-10-16,P,270.0,1.02,71.0,1.07,199.0,0.482,2017.0,17.0,-0.0417,0.0015,0.1116,-0.0587,-0.0182,1.0446,-0.005,1.01,1.18,1.01,no_change,1.03,2026-09-02T11:27:33,-0.483089,1.0349999666214,354.53,2026-09-02 15:44:18,2026-09-02 11:45:02
TSLA,TSLA261016P00275000,TSLA,2026-10-16,P,275.0,1.21,75.0,1.28,217.0,0.4724,3920.0,18.0,-0.049,0.0017,0.1268,-0.0656,-0.0214,1.2341,0.04,1.11,1.38,1.11,up,1.27,2026-09-02T11:20:14,3.25203,1.23000001907349,354.53,2026-09-02 15:44:18,2026-09-02 11:45:02
TSLA,TSLA261016P00280000,TSLA,2026-10-16,P,280.0,1.44,145.0,1.49,46.0,0.4618,16738.0,151.0,-0.0579,0.002,0.1451,-0.0734,-0.0253,1.4692,0.005,1.3,1.7,1.3,down,1.46,2026-09-02T11:20:14,0.343644,1.4549999833107,354.53,2026-09-02 15:44:18,2026-09-02 11:45:02
TSLA,TSLA261016P00285000,TSLA,2026-10-16,P,285.0,1.73,102.0,1.79,75.0,0.4536,2073.0,21.0,-0.0685,0.0024,0.1645,-0.0824,-0.0298,1.7619,0.085,1.9,2.02,1.77,down,1.83,2026-09-02T11:07:03,4.87106,1.74500000476837,354.53,2026-09-02 15:44:18,2026-09-02 11:45:02
TSLA,TSLA261016P00290000,TSLA,2026-10-16,P,290.0,2.07,150.0,2.15,47.0,0.4456,7418.0,53.0,-0.0811,0.0027,0.1878,-0.0924,-0.0352,2.1218,0.24,1.93,2.5,1.93,up,2.33,2026-09-02T11:01:01,11.4833,2.08999991416931,354.53,2026-09-02 15:44:18,2026-09-02 11:45:02
TSLA,TSLA261016P00295000,TSLA,2026-10-16,P,295.0,2.52,115.0,2.6,56.0,0.4395,3960.0,453.0,-0.0961,0.0031,0.2118,-0.1034,-0.0415,2.5645,0.1,2.42,3.0,2.42,down,2.6,2026-09-02T11:11:20,4.0,2.5,354.53,2026-09-02 15:44:18,2026-09-02 11:45:02
TSLA,TSLA261016P00300000,TSLA,2026-10-16,P,300.0,3.05,197.0,3.15,36.0,0.4339,9439.0,308.0,-0.1134,0.0036,0.2398,-0.1154,-0.049,3.1017,0.055,2.71,3.65,2.71,no_change,3.1,2026-09-02T11:28:46,1.80624,3.04499995708466,354.53,2026-09-02 15:44:18,2026-09-02 11:45:02
TSLA,TSLA261016P00305000,TSLA,2026-10-16,P,305.0,3.65,351.0,3.8,52.0,0.428,3064.0,43.0,-0.1335,0.0041,0.2673,-0.1281,-0.0574,3.7514,0.125,3.4,4.3,3.4,down,3.75,2026-09-02T11:19:11,3.44828,3.625,354.53,2026-09-02 15:44:18,2026-09-02 11:45:02
TSLA,TSLA261016P00310000,TSLA,2026-10-16,P,310.0,4.45,111.0,4.6,63.0,0.4246,3748.0,106.0,-0.1562,0.0046,0.2976,-0.1412,-0.0668,4.5275,0.185,4.1,5.28,4.1,up,4.56,2026-09-02T11:19:19,4.22857,4.375,354.53,2026-09-02 15:44:18,2026-09-02 11:45:02
TSLA,TSLA261016P00315000,TSLA,2026-10-16,P,315.0,5.35,112.0,5.5,36.0,0.4204,2438.0,116.0,-0.1818,0.0051,0.327,-0.1546,-0.0777,5.446,0.405,4.8,6.3,4.8,down,5.63,2026-09-02T11:08:38,7.75119,5.22500014305115,354.53,2026-09-02 15:44:18,2026-09-02 11:45:02
TSLA,TSLA261016P00320000,TSLA,2026-10-16,P,320.0,6.45,108.0,6.6,217.0,0.418,6423.0,110.0,-0.2102,0.0056,0.3568,-0.1678,-0.0891,6.5249,0.215,5.75,7.5,5.75,up,6.44,2026-09-02T11:27:57,3.45381,6.22500014305115,354.53,2026-09-02 15:44:18,2026-09-02 11:45:02
TSLA,TSLA261016P00325000,TSLA,2026-10-16,P,325.0,7.7,82.0,7.85,75.0,0.4155,4473.0,60.0,-0.2411,0.0061,0.3853,-0.1805,-0.1019,7.775,0.35,7.5,8.73,7.3,no_change,7.75,2026-09-02T11:21:49,4.72973,7.39999985694885,354.53,2026-09-02 15:44:18,2026-09-02 11:45:02
TSLA,TSLA261016P00330000,TSLA,2026-10-16,P,330.0,9.15,121.0,9.3,229.0,0.4137,17286.0,240.0,-0.2745,0.0066,0.4116,-0.1923,-0.1152,9.2155,0.225,8.17,10.51,8.08,down,9.0,2026-09-02T11:26:42,2.5641,8.77500009536743,354.53,2026-09-02 15:44:18,2026-09-02 11:45:02
TSLA,TSLA261016P00335000,TSLA,2026-10-16,P,335.0,10.75,78.0,10.95,72.0,0.4118,1761.0,57.0,-0.3099,0.007,0.4361,-0.203,-0.1294,10.852,0.485,9.75,12.0,9.75,down,10.81,2026-09-02T11:12:02,4.69734,10.3249998092651,354.53,2026-09-02 15:44:18,2026-09-02 11:45:02
TSLA,TSLA261016P00340000,TSLA,2026-10-16,P,340.0,12.6,50.0,12.8,60.0,0.4108,7886.0,219.0,-0.3471,0.0073,0.4554,-0.2121,-0.143,12.7003,1.125,11.46,14.3,11.35,up,13.2,2026-09-02T10:54:13,9.31677,12.0749998092651,354.53,2026-09-02 15:44:18,2026-09-02 11:45:02
TSLA,TSLA261016P00345000,TSLA,2026-10-16,P,345.0,14.7,44.0,14.85,54.0,0.4103,1819.0,57.0,-0.3856,0.0076,0.4717,-0.2194,-0.1567,14.7627,0.57,14.03,16.3,14.03,down,14.62,2026-09-02T11:27:51,4.05694,14.0499997138977,354.53,2026-09-02 15:44:18,2026-09-02 11:45:02
TSLA,TSLA261016P00350000,TSLA,2026-10-16,P,350.0,16.95,50.0,17.15,53.0,0.4099,4624.0,239.0,-0.4249,0.0078,0.4829,-0.2249,-0.1722,17.042,0.55,15.17,19.05,15.17,no_change,16.8,2026-09-02T11:24:49,3.38462,16.25,354.53,2026-09-02 15:44:18,2026-09-02 11:45:02
TSLA,TSLA261016P00355000,TSLA,2026-10-16,P,355.0,19.4,82.0,19.65,41.0,0.4094,1791.0,174.0,-0.4645,0.008,0.4895,-0.2282,-0.1847,19.5425,0.855,17.59,21.75,17.59,down,19.48,2026-09-02T11:22:48,4.5906,18.625,354.53,2026-09-02 15:44:18,2026-09-02 11:45:02
TSLA,TSLA261016P00360000,TSLA,2026-10-16,P,360.0,22.15,43.0,22.4,59.0,0.4106,4891.0,422.0,-0.5039,0.008,0.4913,-0.2296,-0.1983,22.2548,0.75,19.25,24.5,19.25,down,22.0,2026-09-02T11:23:58,3.52941,21.25,354.53,2026-09-02 15:44:18,2026-09-02 11:45:02
TSLA,TSLA261016P00365000,TSLA,2026-10-16,P,365.0,25.05,23.0,25.35,37.0,0.4113,1551.0,125.0,-0.5427,0.008,0.4883,-0.2289,-0.2096,25.1816,1.61,23.13,27.3,23.13,down,25.71,2026-09-02T11:05:00,6.6805,24.1000003814697,354.53,2026-09-02 15:44:18,2026-09-02 11:45:02
TSLA,TSLA261016P00370000,TSLA,2026-10-16,P,370.0,28.2,33.0,28.45,39.0,0.4124,2358.0,49.0,-0.5805,0.0079,0.481,-0.2264,-0.2208,28.3063,0.75,29.65,30.65,27.7,down,27.85,2026-09-02T11:27:21,2.76753,27.1000003814697,354.53,2026-09-02 15:44:18,2026-09-02 11:45:02
TSLA,TSLA261016P00375000,TSLA,2026-10-16,P,375.0,31.1,151.0,31.9,93.0,0.4106,840.0,31.0,-0.6169,0.0077,0.4698,-0.2221,-0.23,31.6276,0.975,28.7,34.25,28.7,down,31.3,2026-09-02T11:22:59,3.21517,30.3250007629394,354.53,2026-09-02 15:44:18,2026-09-02 11:45:02
TSLA,TSLA261016P00380000,TSLA,2026-10-16,P,380.0,35.0,14.0,35.35,65.0,0.416,9655.0,54.0,-0.6517,0.0075,0.4549,-0.2164,-0.2376,35.1263,0.9,34.48,38.0,34.15,down,34.6,2026-09-02T11:27:21,2.67063,33.6999988555908,354.53,2026-09-02 15:44:18,2026-09-02 11:45:02
TSLA,TSLA261016P00385000,TSLA,2026-10-16,P,385.0,38.65,19.0,39.1,46.0,0.4186,1226.0,17.0,-0.6845,0.0072,0.4373,-0.2093,-0.2437,38.7976,1.045,39.4,39.4,38.32,down,38.32,2026-09-02T11:23:05,2.80348,37.2750015258789,354.53,2026-09-02 15:44:18,2026-09-02 11:45:02
TSLA,TSLA261016P00390000,TSLA,2026-10-16,P,390.0,42.1,171.0,42.85,76.0,0.4154,3533.0,15.0,-0.7154,0.0069,0.4173,-0.2014,-0.2476,42.6216,1.25,44.6,44.6,42.45,down,42.45,2026-09-02T11:13:24,3.03398,41.1999988555908,354.53,2026-09-02 15:44:18,2026-09-02 11:45:02
TSLA,TSLA261016P00395000,TSLA,2026-10-16,P,395.0,46.0,238.0,47.0,106.0,0.419,2240.0,2.0,-0.7441,0.0065,0.3953,-0.1926,-0.2493,46.5916,3.45,43.4,48.55,43.4,up,48.55,2026-09-02T09:42:17,7.64967,45.1000003814697,354.53,2026-09-02 15:44:18,2026-09-02 11:45:02
TSLA,TSLA261016P00400000,TSLA,2026-10-16,P,400.0,50.05,190.0,50.9,62.0,0.4182,5461.0,14.0,-0.7707,0.0062,0.3722,-0.1835,-0.2502,50.6891,2.17,47.4,53.32,47.4,down,51.32,2026-09-02T11:08:21,4.41506,49.1499996185303,354.53,2026-09-02 15:44:18,2026-09-02 11:45:02
TSLA,TSLA261016P00405000,TSLA,2026-10-16,P,405.0,54.0,62.0,55.4,25.0,0.421,325.0,0.0,-0.7951,0.0058,0.3484,-0.1739,-0.2492,54.9056,0.0,0.0,0.0,0.0,no_change,54.72,2026-09-01T14:40:12,0.0,53.3500003814697,354.53,2026-09-02 15:44:18,2026-09-02 11:45:02
TSLA,TSLA261016P00410000,TSLA,2026-10-16,P,410.0,58.35,66.0,59.7,25.0,0.4238,573.0,2.0,-0.8174,0.0055,0.3248,-0.1642,-0.2445,59.2252,2.755,60.43,60.43,60.43,no_change,60.43,2026-09-02T11:06:33,4.77676,57.6750011444092,354.53,2026-09-02 15:44:18,2026-09-02 11:45:02
TSLA,TSLA261016P00415000,TSLA,2026-10-16,P,415.0,62.75,59.0,64.05,24.0,0.4254,788.0,1.0,-0.8377,0.0051,0.3011,-0.1546,-0.2434,63.6396,1.43,63.33,63.33,63.33,up,63.33,2026-09-02T10:28:55,2.31018,61.8999996185303,354.53,2026-09-02 15:44:18,2026-09-02 11:45:02
TSLA,TSLA261016P00420000,TSLA,2026-10-16,P,420.0,67.7,22.0,68.45,22.0,0.4351,796.0,22.0,-0.8559,0.0048,0.2785,-0.1451,-0.2397,68.1359,0.6,64.07,67.15,64.07,up,67.15,2026-09-02T10:40:34,0.901573,66.5500030517578,354.53,2026-09-02 15:44:18,2026-09-02 11:45:02
TSLA,TSLA261016P00425000,TSLA,2026-10-16,P,425.0,71.85,68.0,73.5,28.0,0.44,536.0,5.0,-0.8724,0.0044,0.2542,-0.1356,-0.2292,72.7051,-2.345,68.73,68.73,68.73,down,68.73,2026-09-02T09:30:04,-3.29933,71.0750007629394,354.53,2026-09-02 15:44:18,2026-09-02 11:45:02
TSLA,TSLA261016P00430000,TSLA,2026-10-16,P,430.0,75.95,73.0,78.05,22.0,0.4301,575.0,0.0,-0.8872,0.0041,0.2333,-0.1265,-0.2253,77.3375,0.0,0.0,0.0,0.0,no_change,78.27,2026-09-01T14:47:45,0.0,75.5,354.53,2026-09-02 15:44:18,2026-09-02 11:45:02
TSLA,TSLA261016P00435000,TSLA,2026-10-16,P,435.0,80.35,62.0,82.95,13.0,0.4308,224.0,0.0,-0.9005,0.0038,0.2146,-0.1177,-0.2187,82.0224,0.0,0.0,0.0,0.0,no_change,80.27,2026-09-01T15:12:41,0.0,80.4250030517578,354.53,2026-09-02 15:44:18,2026-09-02 11:45:02
TSLA,TSLA261016P00440000,TSLA,2026-10-16,P,440.0,85.1,79.0,87.7,12.0,0.4341,299.0,5.0,-0.9123,0.0036,0.1925,-0.1089,-0.2034,86.7574,4.25,89.3,89.3,89.3,up,89.3,2026-09-02T10:09:24,4.99706,85.0499992370606,354.53,2026-09-02 15:44:18,2026-09-02 11:45:02
TSLA,TSLA261016P00445000,TSLA,2026-10-16,P,445.0,89.85,80.0,92.85,61.0,0.448,213.0,0.0,-0.9228,0.0033,0.1758,-0.1005,-0.1987,91.5324,0.0,0.0,0.0,0.0,no_change,83.14,2026-08-31T10:28:03,0.0,89.7249984741211,354.53,2026-09-02 15:44:18,2026-09-02 11:45:02
TSLA,TSLA261016P00450000,TSLA,2026-10-16,P,450.0,94.9,61.0,96.55,1.0,0.4491,507.0,0.0,-0.9325,0.0031,0.1584,-0.0966,-0.1838,96.3424,0.0,0.0,0.0,0.0,no_change,94.5,2026-09-01T15:53:54,0.0,94.625,354.53,2026-09-02 15:44:18,2026-09-02 11:45:02
TSLA,TSLA261016P00455000,TSLA,2026-10-16,P,455.0,99.5,25.0,102.2,6.0,0.4413,21.0,0.0,-0.9412,0.0029,0.1424,-0.0928,-0.1749,101.1825,0.0,0.0,0.0,0.0,up,98.82,2026-09-01T09:33:45,0.0,99.8499984741211,354.53,2026-09-02 15:44:18,2026-09-02 11:45:02
TSLA,TSLA261016P00460000,TSLA,2026-10-16,P,460.0,104.25,24.0,107.45,27.0,0.4565,60.0,1.0,-0.9487,0.0027,0.1264,-0.0881,-0.1665,106.0494,1.13,106.03,106.03,106.03,down,106.03,2026-09-02T11:16:33,1.07722,104.899997711182,354.53,2026-09-02 15:44:18,2026-09-02 11:45:02
TSLA,TSLA261016P00465000,TSLA,2026-10-16,P,465.0,109.05,23.0,112.3,22.0,0.45,25.0,0.0,-0.9556,0.0026,0.1162,-0.0833,-0.1477,110.935,0.0,0.0,0.0,0.0,down,112.92,2026-08-27T10:25:49,0.0,109.025001525879,354.53,2026-09-02 15:44:18,2026-09-02 11:45:02
TSLA,TSLA261016P00470000,TSLA,2026-10-16,P,470.0,114.1,22.0,116.9,18.0,0.0,36.0,0.0,-0.9623,0.0025,0.0958,-0.0785,-0.1275,115.8465,0.0,0.0,0.0,0.0,down,113.5,2026-09-01T12:46:25,0.0,113.699996948242,354.53,2026-09-02 15:44:18,2026-09-02 11:45:02
TSLA,TSLA261016P00475000,TSLA,2026-10-16,P,475.0,119.0,76.0,121.85,61.0,0.0,1882.0,0.0,-0.968,0.0023,0.0851,-0.0736,-0.12,120.7723,0.0,0.0,0.0,0.0,up,119.47,2026-09-01T15:09:34,0.0,118.949996948242,354.53,2026-09-02 15:44:18,2026-09-02 11:45:02
TSLA,TSLA261016P00480000,TSLA,2026-10-16,P,480.0,123.2,29.0,127.15,24.0,0.0,4.0,0.0,-0.9729,0.0022,0.0753,-0.0685,-0.1125,125.7104,0.0,0.0,0.0,0.0,up,118.85,2026-09-01T09:30:01,0.0,123.875,354.53,2026-09-02 15:44:18,2026-09-02 11:45:02
TSLA,TSLA261016P00485000,TSLA,2026-10-16,P,485.0,128.95,25.0,131.75,22.0,0.0,3.0,0.0,-0.9771,0.002,0.068,-0.0635,-0.1121,130.6572,0.0,0.0,0.0,0.0,up,120.0,2026-08-31T15:01:16,0.0,128.949996948242,354.53,2026-09-02 15:44:18,2026-09-02 11:45:02
TSLA,TSLA261016P00490000,TSLA,2026-10-16,P,490.0,133.85,16.0,137.05,16.0,0.0,0.0,0.0,-0.9813,0.0018,0.0538,-0.0719,-0.0517,135.6195,0.0,0.0,0.0,0.0,up,190.63,2026-07-29T15:41:56,0.0,133.525001525879,354.53,2026-09-02 15:44:18,2026-09-02 11:45:02
TSLA,TSLA261016P00495000,TSLA,2026-10-16,P,495.0,138.85,16.0,141.7,16.0,0.0,0.0,0.0,-0.9846,0.0016,0.0343,-0.0681,-0.0475,140.5974,0.0,0.0,0.0,0.0,up,190.76,2026-07-28T10:58:16,0.0,138.099998474121,354.53,2026-09-02 15:44:18,2026-09-02 11:45:02
TSLA,TSLA261016P00500000,TSLA,2026-10-16,P,500.0,143.85,16.0,146.7,16.0,0.0,0.0,0.0,-0.9875,0.0014,0.0289,-0.0638,-0.0454,145.5783,0.0,0.0,0.0,0.0,down,146.6,2026-08-28T11:07:47,0.0,143.699996948242,354.53,2026-09-02 15:44:18,2026-09-02 11:45:02
TSLA,TSLA261016P00505000,TSLA,2026-10-16,P,505.0,148.85,16.0,151.7,16.0,0.0,0.0,0.0,-0.99,0.0012,0.0262,-0.06,-0.0433,150.5619,0.0,0.0,0.0,0.0,up,185.75,2026-07-23T14:18:07,0.0,148.599998474121,354.53,2026-09-02 15:44:18,2026-09-02 11:45:02
TSLA,TSLA261016P00510000,TSLA,2026-10-16,P,510.0,153.8,16.0,156.7,16.0,0.0,0.0,0.0,-0.9921,0.001,0.0234,-0.0564,-0.0415,155.5479,0.0,0.0,0.0,0.0,up,185.3,2026-08-12T11:05:45,0.0,154.125,354.53,2026-09-02 15:44:18,2026-09-02 11:45:02
TSLA,TSLA261016P00515000,TSLA,2026-10-16,P,515.0,158.8,16.0,161.7,16.0,0.0,0.0,0.0,-0.994,0.0009,0.0216,-0.053,-0.0412,160.5351,0.0,0.0,0.0,0.0,up,134.73,2026-07-17T12:28:20,0.0,159.150001525879,354.53,2026-09-02 15:44:18,2026-09-02 11:45:02
TSLA,TSLA261016P00520000,TSLA,2026-10-16,P,520.0,163.8,16.0,166.7,16.0,0.0,0.0,0.0,-0.9955,0.0007,0.0151,-0.0573,0.0,165.5288,0.0,0.0,0.0,0.0,up,198.31,2026-07-23T13:25:23,0.0,164.449996948242,354.53,2026-09-02 15:44:18,2026-09-02 11:45:02
TSLA,TSLA261016P00525000,TSLA,2026-10-16,P,525.0,168.85,16.0,171.6,16.0,0.0,0.0,0.0,-0.9964,0.0006,0.0033,-0.0631,0.0,170.5288,0.0,0.0,0.0,0.0,up,122.15,2026-07-10T13:51:37,0.0,169.5,354.53,2026-09-02 15:44:18,2026-09-02 11:45:02
TSLA,TSLA261016P00530000,TSLA,2026-10-16,P,530.0,173.4,16.0,176.95,16.0,0.0,0.0,0.0,-0.9972,0.0004,0.0,-0.0631,0.0,175.5288,0.0,0.0,0.0,0.0,up,208.98,2026-07-23T14:29:46,0.0,174.150001525879,354.53,2026-09-02 15:44:18,2026-09-02 11:45:02
TSLA,TSLA261016P00535000,TSLA,2026-10-16,P,535.0,178.55,16.0,182.1,16.0,0.0,0.0,0.0,-0.9978,0.0004,0.0,-0.0631,0.0,180.5288,0.0,0.0,0.0,0.0,up,154.33,2026-06-10T10:53:04,0.0,179.350006103516,354.53,2026-09-02 15:44:18,2026-09-02 11:45:02
TSLA,TSLA261016P00540000,TSLA,2026-10-16,P,540.0,183.8,16.0,187.35,16.0,0.6156,0.0,0.0,-0.9984,0.0003,0.0,-0.0631,0.0,185.5288,0.0,0.0,0.0,0.0,up,160.35,2026-06-23T15:37:02,0.0,184.399993896484,354.53,2026-09-02 15:44:18,2026-09-02 11:45:02
TSLA,TSLA261016P00545000,TSLA,2026-10-16,P,545.0,188.8,16.0,192.35,16.0,0.6269,0.0,0.0,-0.9988,0.0002,0.0,-0.0631,0.0,190.5288,0.0,0.0,0.0,0.0,up,222.36,2026-07-23T14:42:49,0.0,189.150001525879,354.53,2026-09-02 15:44:18,2026-09-02 11:45:02
TSLA,TSLA261016P00550000,TSLA,2026-10-16,P,550.0,193.8,16.0,197.35,16.0,0.6381,0.0,0.0,-0.9993,0.0001,0.0,-0.0631,0.0,195.5288,0.0,0.0,0.0,0.0,up,226.5,2026-07-23T14:42:26,0.0,194.700004577637,354.53,2026-09-02 15:44:18,2026-09-02 11:45:02
TSLA,TSLA261016P00555000,TSLA,2026-10-16,P,555.0,198.8,16.0,202.35,16.0,0.6492,0.0,0.0,-0.9997,0.0,0.0,-0.0631,0.0,200.5288,0.0,0.0,0.0,0.0,no_change,0.0,,0.0,199.150001525879,354.53,2026-09-02 15:44:18,2026-09-02 11:45:02
TSLA,TSLA261016P00560000,TSLA,2026-10-16,P,560.0,203.8,16.0,207.35,16.0,0.6601,0.0,0.0,-1.0,0.0,0.0,-0.0631,0.0,205.5288,0.0,0.0,0.0,0.0,up,236.2,2026-07-23T14:42:49,0.0,204.150001525879,354.53,2026-09-02 15:44:18,2026-09-02 11:45:02
TSLA,TSLA261016P00570000,TSLA,2026-10-16,P,570.0,213.8,16.0,217.35,16.0,0.6817,0.0,0.0,-1.0,0.0,0.0,-0.0631,0.0,215.5288,0.0,0.0,0.0,0.0,up,252.75,2026-07-23T14:42:49,0.0,214.225006103516,354.53,2026-09-02 15:44:18,2026-09-02 11:45:02
TSLA,TSLA261016P00580000,TSLA,2026-10-16,P,580.0,222.1,16.0,229.05,20.0,0.7028,0.0,0.0,-1.0,0.0,0.0,-0.0631,0.0,225.5288,0.0,0.0,0.0,0.0,up,192.55,2026-07-16T13:37:33,0.0,223.675003051758,354.53,2026-09-02 15:44:18,2026-09-02 11:45:02
TSLA,TSLA261016P00590000,TSLA,2026-10-16,P,590.0,233.55,16.0,237.1,16.0,0.0,0.0,0.0,-1.0,0.0,0.0,-0.0631,0.0,235.5288,0.0,0.0,0.0,0.0,up,197.23,2026-07-13T14:16:19,0.0,234.675003051758,354.53,2026-09-02 15:44:18,2026-09-02 11:45:02
TSLA,TSLA261016P00600000,TSLA,2026-10-16,P,600.0,243.55,16.0,247.1,16.0,0.0,0.0,0.0,-1.0,0.0,0.0,-0.0631,0.0,245.5288,0.0,0.0,0.0,0.0,up,294.78,2026-07-30T12:48:35,0.0,244.649993896484,354.53,2026-09-02 15:44:18,2026-09-02 11:45:02
TSLA,TSLA261016P00610000,TSLA,2026-10-16,P,610.0,253.4,16.0,256.95,16.0,0.0,0.0,0.0,-1.0,0.0,0.0,-0.0631,0.0,255.5288,0.0,0.0,0.0,0.0,no_change,0.0,,0.0,254.5,354.53,2026-09-02 15:44:18,2026-09-02 11:45:02
TSLA,TSLA261016P00620000,TSLA,2026-10-16,P,620.0,263.4,16.0,266.95,16.0,0.0,0.0,0.0,-1.0,0.0,0.0,-0.0631,0.0,265.5288,0.0,0.0,0.0,0.0,no_change,0.0,,0.0,264.5,354.53,2026-09-02 15:44:18,2026-09-02 11:45:02
TSLA,TSLA261016P00630000,TSLA,2026-10-16,P,630.0,273.4,16.0,276.95,16.0,0.0,0.0,0.0,-1.0,0.0,0.0,-0.0631,0.0,275.5288,0.0,0.0,0.0,0.0,no_change,0.0,,0.0,274.074996948242,354.53,2026-09-02 15:44:18,2026-09-02 11:45:02
TSLA,TSLA261016P00640000,TSLA,2026-10-16,P,640.0,283.4,16.0,286.95,16.0,0.0,0.0,0.0,-1.0,0.0,0.0,-0.0631,0.0,285.5288,0.0,0.0,0.0,0.0,no_change,0.0,,0.0,284.350006103516,354.53,2026-09-02 15:44:18,2026-09-02 11:45:02
TSLA,TSLA261016P00650000,TSLA,2026-10-16,P,650.0,293.4,16.0,296.95,16.0,0.0,0.0,0.0,-1.0,0.0,0.0,-0.0631,0.0,295.5288,0.0,0.0,0.0,0.0,down,229.23,2026-05-11T09:30:37,0.0,294.150009155273,354.53,2026-09-02 15:44:18,2026-09-02 11:45:02
TSLA,TSLA261016P00660000,TSLA,2026-10-16,P,660.0,303.4,16.0,306.95,16.0,0.0,0.0,0.0,-1.0,0.0,0.0,-0.0631,0.0,305.5288,0.0,0.0,0.0,0.0,down,354.17,2026-07-30T10:52:26,0.0,304.0,354.53,2026-09-02 15:44:18,2026-09-02 11:45:02
TSLA,TSLA261016P00670000,TSLA,2026-10-16,P,670.0,313.4,16.0,316.95,16.0,0.0,0.0,0.0,-1.0,0.0,0.0,-0.0631,0.0,315.5288,0.0,0.0,0.0,0.0,no_change,0.0,,0.0,313.774993896484,354.53,2026-09-02 15:44:18,2026-09-02 11:45:02
TSLA,TSLA261016P00680000,TSLA,2026-10-16,P,680.0,323.4,16.0,326.95,16.0,0.0,0.0,0.0,-1.0,0.0,0.0,-0.0631,0.0,325.5288,0.0,0.0,0.0,0.0,no_change,0.0,,0.0,324.349990844727,354.53,2026-09-02 15:44:18,2026-09-02 11:45:02
TSLA,TSLA261016P00690000,TSLA,2026-10-16,P,690.0,333.75,16.0,336.75,16.0,0.0,0.0,0.0,-1.0,0.0,0.0,-0.0631,0.0,335.5288,0.0,0.0,0.0,0.0,no_change,0.0,,0.0,334.375,354.53,2026-09-02 15:44:18,2026-09-02 11:45:02
TSLA,TSLA261016P00700000,TSLA,2026-10-16,P,700.0,343.75,16.0,346.75,16.0,0.0,0.0,0.0,-1.0,0.0,0.0,-0.0631,0.0,345.5288,0.0,0.0,0.0,0.0,no_change,0.0,,0.0,344.25,354.53,2026-09-02 15:44:18,2026-09-02 11:45:02
TSLA,TSLA261016P00710000,TSLA,2026-10-16,P,710.0,353.05,16.0,356.6,16.0,0.0,0.0,0.0,-1.0,0.0,0.0,-0.0631,0.0,355.5288,0.0,0.0,0.0,0.0,no_change,0.0,,0.0,354.175003051758,354.53,2026-09-02 15:44:18,2026-09-02 11:45:02
TSLA,TSLA261016P00720000,TSLA,2026-10-16,P,720.0,363.05,16.0,366.6,16.0,0.0,0.0,0.0,-1.0,0.0,0.0,-0.0631,0.0,365.5288,0.0,0.0,0.0,0.0,no_change,0.0,,0.0,364.199996948242,354.53,2026-09-02 15:44:18,2026-09-02 11:45:02
TSLA,TSLA261016P00730000,TSLA,2026-10-16,P,730.0,373.85,16.0,376.7,16.0,0.0,0.0,0.0,-1.0,0.0,0.0,-0.0631,0.0,375.5288,0.0,0.0,0.0,0.0,down,305.8,2026-05-21T09:34:30,0.0,374.199996948242,354.53,2026-09-02 15:44:18,2026-09-02 11:45:02
TSLA,TSLA261016P00740000,TSLA,2026-10-16,P,740.0,383.85,16.0,386.7,16.0,0.0,0.0,0.0,-1.0,0.0,0.0,-0.0631,0.0,385.5288,0.0,0.0,0.0,0.0,no_change,0.0,,0.0,384.199996948242,354.53,2026-09-02 15:44:18,2026-09-02 11:45:02
TSLA,TSLA261016P00750000,TSLA,2026-10-16,P,750.0,393.85,16.0,396.7,16.0,0.0,0.0,0.0,-1.0,0.0,0.0,-0.0631,0.0,395.5288,0.0,0.0,0.0,0.0,up,347.62,2026-05-19T09:33:31,0.0,394.100006103516,354.53,2026-09-02 15:44:18,2026-09-02 11:45:02
TSLA,TSLA261016P00760000,TSLA,2026-10-16,P,760.0,403.85,16.0,406.7,16.0,0.0,0.0,0.0,-1.0,0.0,0.0,-0.0631,0.0,405.5288,0.0,0.0,0.0,0.0,no_change,0.0,,0.0,403.899993896484,354.53,2026-09-02 15:44:18,2026-09-02 11:45:02
TSLA,TSLA261016P00770000,TSLA,2026-10-16,P,770.0,413.85,16.0,416.7,16.0,0.0,0.0,0.0,-1.0,0.0,0.0,-0.0631,0.0,415.5288,0.0,0.0,0.0,0.0,no_change,0.0,,0.0,415.0,354.53,2026-09-02 15:44:18,2026-09-02 11:45:02
TSLA,TSLA261016P00780000,TSLA,2026-10-16,P,780.0,423.85,16.0,426.7,16.0,0.0,0.0,0.0,-1.0,0.0,0.0,-0.0631,0.0,425.5288,0.0,0.0,0.0,0.0,no_change,0.0,,0.0,424.150009155273,354.53,2026-09-02 15:44:18,2026-09-02 11:45:02
TSLA,TSLA261016P00790000,TSLA,2026-10-16,P,790.0,433.65,16.0,437.2,20.0,0.0,0.0,0.0,-1.0,0.0,0.0,-0.0631,0.0,435.5288,0.0,0.0,0.0,0.0,no_change,0.0,,0.0,433.950012207031,354.53,2026-09-02 15:44:18,2026-09-02 11:45:02
TSLA,TSLA261016P00800000,TSLA,2026-10-16,P,800.0,443.85,16.0,446.7,16.0,0.0,0.0,0.0,-1.0,0.0,0.0,-0.0631,0.0,445.5288,0.0,0.0,0.0,0.0,up,376.74,2026-05-15T15:53:00,0.0,444.199996948242,354.53,2026-09-02 15:44:18,2026-09-02 11:45:02
TSLA,TSLA261016P00810000,TSLA,2026-10-16,P,810.0,453.85,16.0,456.7,16.0,0.0,0.0,0.0,-1.0,0.0,0.0,-0.0631,0.0,455.5288,0.0,0.0,0.0,0.0,no_change,0.0,,0.0,453.950012207031,354.53,2026-09-02 15:44:18,2026-09-02 11:45:02
TSLA,TSLA261016P00820000,TSLA,2026-10-16,P,820.0,463.45,16.0,467.05,16.0,0.0,0.0,0.0,-1.0,0.0,0.0,-0.0631,0.0,465.5288,0.0,0.0,0.0,0.0,no_change,0.0,,0.0,463.899993896484,354.53,2026-09-02 15:44:18,2026-09-02 11:45:02
TSLA,TSLA261016P00830000,TSLA,2026-10-16,P,830.0,473.3,16.0,476.9,16.0,0.0,0.0,0.0,-1.0,0.0,0.0,-0.0631,0.0,475.5288,0.0,0.0,0.0,0.0,no_change,0.0,,0.0,473.950012207031,354.53,2026-09-02 15:44:18,2026-09-02 11:45:02
TSLA,TSLA261016P00840000,TSLA,2026-10-16,P,840.0,483.85,16.0,486.7,16.0,0.0,0.0,0.0,-1.0,0.0,0.0,-0.0631,0.0,485.5288,0.0,0.0,0.0,0.0,no_change,0.0,,0.0,484.150009155273,354.53,2026-09-02 15:44:18,2026-09-02 11:45:02
TSLA,TSLA261016P00850000,TSLA,2026-10-16,P,850.0,493.45,16.0,496.95,16.0,0.0,0.0,0.0,-1.0,0.0,0.0,-0.0631,0.0,495.5288,0.0,0.0,0.0,0.0,no_change,0.0,,0.0,494.150009155273,354.53,2026-09-02 15:44:18,2026-09-02 11:45:02
TSLA,TSLA261016P00860000,TSLA,2026-10-16,P,860.0,503.85,16.0,506.7,16.0,0.0,0.0,0.0,-1.0,0.0,0.0,-0.0631,0.0,505.5288,0.0,0.0,0.0,0.0,no_change,0.0,,0.0,503.300003051758,354.53,2026-09-02 15:44:18,2026-09-02 11:45:02
TSLA,TSLA261016P00870000,TSLA,2026-10-16,P,870.0,513.85,16.0,516.7,16.0,0.0,0.0,0.0,-1.0,0.0,0.0,-0.0631,0.0,515.5288,0.0,0.0,0.0,0.0,no_change,0.0,,0.0,513.675018310547,354.53,2026-09-02 15:44:18,2026-09-02 11:45:02
TSLA,TSLA261016P00880000,TSLA,2026-10-16,P,880.0,523.75,16.0,526.75,16.0,0.0,0.0,0.0,-1.0,0.0,0.0,-0.0631,0.0,525.5288,0.0,0.0,0.0,0.0,no_change,0.0,,0.0,523.649993896484,354.53,2026-09-02 15:44:18,2026-09-02 11:45:02
TSLA,TSLA261016P00890000,TSLA,2026-10-16,P,890.0,533.75,16.0,536.75,16.0,0.0,0.0,0.0,-1.0,0.0,0.0,-0.0631,0.0,535.5288,0.0,0.0,0.0,0.0,no_change,0.0,,0.0,533.300018310547,354.53,2026-09-02 15:44:18,2026-09-02 11:45:02
TSLA,TSLA261016P00900000,TSLA,2026-10-16,P,900.0,543.75,16.0,546.75,16.0,0.0,0.0,0.0,-1.0,0.0,0.0,-0.0631,0.0,545.5288,0.0,0.0,0.0,0.0,no_change,0.0,,0.0,545.200012207031,354.53,2026-09-02 15:44:18,2026-09-02 11:45:02
TSLA,TSLA261120C00005000,TSLA,2026-11-20,C,5.0,345.6,16.0,353.2,16.0,0.0,32.0,0.0,1.0,0.0,0.0004,0.0,0.0109,349.5784,0.0,0.0,0.0,0.0,up,353.13,2026-09-01T09:49:17,0.0,351.100006103516,354.53,2026-09-02 15:44:18,2026-09-02 11:45:02
TSLA,TSLA261120C00010000,TSLA,2026-11-20,C,10.0,340.65,16.0,348.25,16.0,0.0,0.0,0.0,1.0,0.0,0.0007,0.0,0.022,344.633,0.0,0.0,0.0,0.0,no_change,0.0,,0.0,346.125,354.53,2026-09-02 15:44:18,2026-09-02 11:45:02
TSLA,TSLA261120C00015000,TSLA,2026-11-20,C,15.0,335.7,17.0,343.3,16.0,0.0,0.0,0.0,1.0,0.0,0.001,0.0,0.0331,339.6874,0.0,0.0,0.0,0.0,no_change,0.0,,0.0,341.200012207031,354.53,2026-09-02 15:44:18,2026-09-02 11:45:02
TSLA,TSLA261120C00020000,TSLA,2026-11-20,C,20.0,330.75,16.0,338.4,1.0,0.0,1.0,0.0,0.9999,0.0,0.0014,0.0,0.0442,334.7417,0.0,0.0,0.0,0.0,down,298.05,2026-07-23T15:42:09,0.0,336.225006103516,354.53,2026-09-02 15:44:18,2026-09-02 11:45:02
TSLA,TSLA261120C00025000,TSLA,2026-11-20,C,25.0,325.9,16.0,333.35,16.0,0.0,7.0,0.0,0.9998,0.0,0.0017,0.0,0.0553,329.796,0.0,0.0,0.0,0.0,up,308.9,2026-08-07T11:33:17,0.0,331.274993896484,354.53,2026-09-02 15:44:18,2026-09-02 11:45:02
TSLA,TSLA261120C00030000,TSLA,2026-11-20,C,30.0,321.0,16.0,328.85,16.0,2.0102,0.0,0.0,0.9998,0.0,0.002,0.0,0.0663,324.8504,0.0,0.0,0.0,0.0,up,399.01,2026-05-22T10:44:29,0.0,326.274993896484,354.53,2026-09-02 15:44:18,2026-09-02 11:45:02
TSLA,TSLA261120C00035000,TSLA,2026-11-20,C,35.0,315.9,16.0,323.45,16.0,0.0,0.0,0.0,0.9997,0.0,0.0024,0.0,0.0774,319.9049,0.0,0.0,0.0,0.0,no_change,0.0,,0.0,321.324996948242,354.53,2026-09-02 15:44:18,2026-09-02 11:45:02
TSLA,TSLA261120C00040000,TSLA,2026-11-20,C,40.0,311.2,16.0,318.95,16.0,1.8438,0.0,0.0,0.9996,0.0,0.0028,0.0,0.0884,314.9596,0.0,0.0,0.0,0.0,no_change,0.0,,0.0,316.425003051758,354.53,2026-09-02 15:44:18,2026-09-02 11:45:02
TSLA,TSLA261120C00045000,TSLA,2026-11-20,C,45.0,306.25,1.0,313.55,16.0,0.0,0.0,0.0,0.9996,0.0,0.0033,0.0,0.0995,310.0145,0.0,0.0,0.0,0.0,no_change,0.0,,0.0,311.449996948242,354.53,2026-09-02 15:44:18,2026-09-02 11:45:02
TSLA,TSLA261120C00050000,TSLA,2026-11-20,C,50.0,301.05,16.0,308.6,16.0,0.0,0.0,0.0,0.9995,0.0,0.0038,0.0,0.1105,305.0696,0.0,0.0,0.0,0.0,no_change,0.0,,0.0,306.524993896484,354.53,2026-09-02 15:44:18,2026-09-02 11:45:02
TSLA,TSLA261120C00055000,TSLA,2026-11-20,C,55.0,296.3,1.0,303.65,16.0,0.0,2.0,0.0,0.9994,0.0,0.0042,0.0,0.1215,300.1251,0.0,0.0,0.0,0.0,up,326.9,2026-04-01T15:06:10,0.0,301.574996948242,354.53,2026-09-02 15:44:18,2026-09-02 11:45:02
TSLA,TSLA261120C00060000,TSLA,2026-11-20,C,60.0,291.15,16.0,298.85,16.0,0.0,0.0,0.0,0.9993,0.0,0.0048,0.0,0.1325,295.1808,0.0,0.0,0.0,0.0,no_change,0.0,,0.0,296.599990844727,354.53,2026-09-02 15:44:18,2026-09-02 11:45:02
TSLA,TSLA261120C00065000,TSLA,2026-11-20,C,65.0,286.25,16.0,293.8,1.0,0.0,3.0,0.0,0.9992,0.0,0.0054,0.0,0.1436,290.2368,0.0,0.0,0.0,0.0,down,336.27,2026-06-05T12:21:26,0.0,291.650009155273,354.53,2026-09-02 15:44:18,2026-09-02 11:45:02
TSLA,TSLA261120C00070000,TSLA,2026-11-20,C,70.0,281.3,16.0,288.85,16.0,0.0,4.0,0.0,0.999,0.0,0.006,0.0,0.1546,285.2932,0.0,0.0,0.0,0.0,up,284.76,2026-08-25T12:22:54,0.0,286.725006103516,354.53,2026-09-02 15:44:18,2026-09-02 11:45:02
TSLA,TSLA261120C00075000,TSLA,2026-11-20,C,75.0,276.65,1.0,283.9,16.0,0.9424,0.0,0.0,0.9989,0.0,0.0067,0.0,0.1655,280.35,0.0,0.0,0.0,0.0,no_change,0.0,,0.0,281.824996948242,354.53,2026-09-02 15:44:18,2026-09-02 11:45:02
TSLA,TSLA261120C00080000,TSLA,2026-11-20,C,80.0,271.4,16.0,279.0,16.0,0.0,0.0,0.0,0.9988,0.0,0.0074,0.0,0.1765,275.4072,0.0,0.0,0.0,0.0,down,300.2,2026-03-26T12:44:58,0.0,277.149993896484,354.53,2026-09-02 15:44:18,2026-09-02 11:45:02
TSLA,TSLA261120C00085000,TSLA,2026-11-20,C,85.0,267.15,20.0,274.1,20.0,1.2793,1.0,0.0,0.9986,0.0,0.0082,0.0,0.1875,270.465,0.0,0.0,0.0,0.0,down,342.25,2026-01-21T12:29:05,0.0,271.925003051758,354.53,2026-09-02 15:44:18,2026-09-02 11:45:02
TSLA,TSLA261120C00090000,TSLA,2026-11-20,C,90.0,262.2,20.0,269.2,17.0,1.2438,0.0,0.0,0.9984,0.0,0.0091,0.0,0.1984,265.5232,0.0,0.0,0.0,0.0,no_change,0.0,,0.0,266.974990844727,354.53,2026-09-02 15:44:18,2026-09-02 11:45:02
TSLA,TSLA261120C00095000,TSLA,2026-11-20,C,95.0,258.05,20.0,264.1,20.0,1.3255,3.0,0.0,0.9982,0.0,0.01,0.0,0.2094,260.5821,0.0,0.0,0.0,0.0,no_change,230.13,2026-07-23T13:12:16,0.0,262.0,354.53,2026-09-02 15:44:18,2026-09-02 11:45:02
TSLA,TSLA261120C00100000,TSLA,2026-11-20,C,100.0,252.35,37.0,259.15,20.0,1.1243,153.0,0.0,0.998,0.0,0.011,0.0,0.2203,255.6416,0.0,0.0,0.0,0.0,up,258.26,2026-09-01T12:59:53,0.0,257.174995422363,354.53,2026-09-02 15:44:18,2026-09-02 11:45:02
TSLA,TSLA261120C00110000,TSLA,2026-11-20,C,110.0,242.45,25.0,249.4,47.0,1.0802,141.0,0.0,0.9975,0.0,0.0133,0.0,0.2421,245.7626,0.0,0.0,0.0,0.0,up,245.25,2026-09-01T14:42:58,0.0,247.024993896484,354.53,2026-09-02 15:44:18,2026-09-02 11:45:02
TSLA,TSLA261120C00120000,TSLA,2026-11-20,C,120.0,232.6,20.0,239.75,27.0,1.0585,154.0,0.0,0.9969,0.0001,0.016,0.0,0.2638,235.8869,0.0,0.0,0.0,0.0,up,223.95,2026-04-07T11:52:26,0.0,237.424995422363,354.53,2026-09-02 15:44:18,2026-09-02 11:45:02
TSLA,TSLA261120C00130000,TSLA,2026-11-20,C,130.0,222.55,20.0,229.6,17.0,0.9132,94.0,0.0,0.9962,0.0001,0.0192,0.0,0.2854,226.0153,0.0,0.0,0.0,0.0,down,181.5,2026-07-24T13:39:49,0.0,227.474998474121,354.53,2026-09-02 15:44:18,2026-09-02 11:45:02
TSLA,TSLA261120C00140000,TSLA,2026-11-20,C,140.0,212.5,20.0,219.8,17.0,0.839,89.0,0.0,0.9954,0.0001,0.0228,0.0,0.307,216.1485,0.0,0.0,0.0,0.0,down,173.76,2026-07-24T12:18:24,0.0,217.449996948242,354.53,2026-09-02 15:44:18,2026-09-02 11:45:02
TSLA,TSLA261120C00150000,TSLA,2026-11-20,C,150.0,203.0,25.0,210.0,41.0,0.8609,120.0,0.0,0.9944,0.0001,0.0273,0.0,0.3283,206.2875,0.0,0.0,0.0,0.0,up,180.92,2026-08-04T15:45:15,0.0,207.525001525879,354.53,2026-09-02 15:44:18,2026-09-02 11:45:02
TSLA,TSLA261120C00155000,TSLA,2026-11-20,C,155.0,198.1,24.0,204.95,48.0,0.8246,133.0,0.0,0.9938,0.0001,0.0298,0.0,0.3389,201.3596,0.0,0.0,0.0,0.0,down,208.85,2026-08-21T12:09:03,0.0,203.125,354.53,2026-09-02 15:44:18,2026-09-02 11:45:02
TSLA,TSLA261120C00160000,TSLA,2026-11-20,C,160.0,193.15,20.0,200.4,20.0,0.8392,278.0,0.0,0.9931,0.0002,0.0325,0.0,0.3494,196.4337,0.0,0.0,0.0,0.0,up,207.1,2026-08-31T10:35:52,0.0,197.675003051758,354.53,2026-09-02 15:44:18,2026-09-02 11:45:02
TSLA,TSLA261120C00165000,TSLA,2026-11-20,C,165.0,188.2,20.0,195.2,17.0,0.7846,10.0,0.0,0.9924,0.0002,0.0354,0.0,0.3599,191.51,0.0,0.0,0.0,0.0,up,197.34,2026-08-31T09:52:32,0.0,192.949996948242,354.53,2026-09-02 15:44:18,2026-09-02 11:45:02
TSLA,TSLA261120C00170000,TSLA,2026-11-20,C,170.0,182.9,17.0,190.1,20.0,0.6927,36.0,0.0,0.9916,0.0002,0.0386,0.0,0.3704,186.5888,0.0,0.0,0.0,0.0,up,192.7,2026-08-31T09:53:35,0.0,188.099998474121,354.53,2026-09-02 15:44:18,2026-09-02 11:45:02
TSLA,TSLA261120C00175000,TSLA,2026-11-20,C,175.0,178.05,16.0,185.6,16.0,0.7349,17.0,0.0,0.9907,0.0002,0.0421,-0.0007,0.3807,181.6703,0.0,0.0,0.0,0.0,up,175.05,2026-08-19T13:00:26,0.0,183.125,354.53,2026-09-02 15:44:18,2026-09-02 11:45:02
TSLA,TSLA261120C00180000,TSLA,2026-11-20,C,180.0,172.85,17.0,180.3,16.0,0.6356,22.0,0.0,0.9898,0.0002,0.046,-0.0023,0.391,176.7549,0.0,0.0,0.0,0.0,no_change,245.48,2026-06-04T15:26:35,0.0,178.199996948242,354.53,2026-09-02 15:44:18,2026-09-02 11:45:02
TSLA,TSLA261120C00185000,TSLA,2026-11-20,C,185.0,167.9,18.0,175.75,17.0,0.6632,36.0,0.0,0.9887,0.0003,0.0502,-0.004,0.4011,171.8432,0.0,0.0,0.0,0.0,up,185.32,2026-08-31T15:59:32,0.0,173.300003051758,354.53,2026-09-02 15:44:18,2026-09-02 11:45:02
TSLA,TSLA261120C00190000,TSLA,2026-11-20,C,190.0,163.4,20.0,170.45,18.0,0.6487,88.0,0.0,0.9874,0.0003,0.0547,-0.0058,0.4112,166.9356,0.0,0.0,0.0,0.0,up,170.65,2026-09-01T10:22:48,0.0,168.75,354.53,2026-09-02 15:44:18,2026-09-02 11:45:02
TSLA,TSLA261120C00195000,TSLA,2026-11-20,C,195.0,158.7,20.0,165.6,17.0,0.654,32.0,0.0,0.9861,0.0003,0.0598,-0.0077,0.4212,162.0329,0.0,0.0,0.0,0.0,down,166.39,2026-09-01T10:36:21,0.0,163.0,354.53,2026-09-02 15:44:18,2026-09-02 11:45:02
TSLA,TSLA261120C00200000,TSLA,2026-11-20,C,200.0,153.55,24.0,160.6,17.0,0.6098,85.0,0.0,0.9846,0.0004,0.0654,-0.0097,0.431,157.1357,0.0,0.0,0.0,0.0,up,167.35,2026-08-31T12:39:41,0.0,158.550003051758,354.53,2026-09-02 15:44:18,2026-09-02 11:45:02
TSLA,TSLA261120C00210000,TSLA,2026-11-20,C,210.0,143.95,35.0,150.8,28.0,0.5926,46.0,0.0,0.9808,0.0005,0.0785,-0.0143,0.45,147.3639,0.0,0.0,0.0,0.0,up,140.37,2026-08-28T12:30:28,0.0,148.724998474121,354.53,2026-09-02 15:44:18,2026-09-02 11:45:02
TSLA,TSLA261120C00220000,TSLA,2026-11-20,C,220.0,134.75,44.0,139.35,37.0,0.4808,69.0,0.0,0.976,0.0006,0.0948,-0.0196,0.4681,137.6335,0.0,0.0,0.0,0.0,up,129.0,2026-08-28T14:42:06,0.0,138.474998474121,354.53,2026-09-02 15:44:18,2026-09-02 11:45:02
TSLA,TSLA261120C00225000,TSLA,2026-11-20,C,225.0,130.15,41.0,136.2,43.0,0.5875,62.0,0.0,0.973,0.0007,0.1046,-0.0227,0.4766,132.7899,0.0,0.0,0.0,0.0,down,122.05,2026-08-20T13:21:43,0.0,134.324996948242,354.53,2026-09-02 15:44:18,2026-09-02 11:45:02
TSLA,TSLA261120C00230000,TSLA,2026-11-20,C,230.0,125.65,101.0,130.1,93.0,0.5337,136.0,0.0,0.9696,0.0008,0.1156,-0.0261,0.4846,127.9651,0.0,0.0,0.0,0.0,down,132.38,2026-09-01T11:25:23,0.0,129.450000762939,354.53,2026-09-02 15:44:18,2026-09-02 11:45:02
TSLA,TSLA261120C00235000,TSLA,2026-11-20,C,235.0,121.15,39.0,125.7,43.0,0.5516,91.0,0.0,0.9656,0.0009,0.1277,-0.0299,0.4923,123.1626,0.0,0.0,0.0,0.0,up,134.5,2026-08-31T11:53:37,0.0,124.200000762939,354.53,2026-09-02 15:44:18,2026-09-02 11:45:02
TSLA,TSLA261120C00240000,TSLA,2026-11-20,C,240.0,116.8,101.0,120.7,99.0,0.5468,239.0,0.0,0.961,0.001,0.1416,-0.0341,0.4994,118.3867,0.0,0.0,0.0,0.0,down,122.1,2026-09-01T11:23:47,0.0,119.75,354.53,2026-09-02 15:44:18,2026-09-02 11:45:02
TSLA,TSLA261120C00245000,TSLA,2026-11-20,C,245.0,112.5,33.0,115.6,38.0,0.5383,62.0,0.0,0.9556,0.0011,0.1572,-0.0387,0.5058,113.6424,0.0,0.0,0.0,0.0,down,115.08,2026-09-01T14:13:09,0.0,115.25,354.53,2026-09-02 15:44:18,2026-09-02 11:45:02
TSLA,TSLA261120C00250000,TSLA,2026-11-20,C,250.0,108.25,23.0,110.35,92.0,0.5257,201.0,0.0,0.9494,0.0012,0.1741,-0.0438,0.5115,108.9348,0.0,0.0,0.0,0.0,down,109.46,2026-09-01T15:21:38,0.0,110.525001525879,354.53,2026-09-02 15:44:18,2026-09-02 11:45:02
TSLA,TSLA261120C00255000,TSLA,2026-11-20,C,255.0,103.55,12.0,105.2,36.0,0.5034,89.0,0.0,0.9423,0.0014,0.1931,-0.0494,0.5164,104.2692,0.0,0.0,0.0,0.0,down,115.3,2026-08-31T12:56:04,0.0,105.725002288818,354.53,2026-09-02 15:44:18,2026-09-02 11:45:02
TSLA,TSLA261120C00260000,TSLA,2026-11-20,C,260.0,98.9,22.0,100.6,98.0,0.4958,120.0,0.0,0.9342,0.0016,0.2138,-0.0554,0.5203,99.6524,0.0,0.0,0.0,0.0,down,99.4,2026-09-01T14:39:08,0.0,101.199996948242,354.53,2026-09-02 15:44:18,2026-09-02 11:45:02
TSLA,TSLA261120C00265000,TSLA,2026-11-20,C,265.0,94.3,15.0,96.0,42.0,0.4876,47.0,0.0,0.9251,0.0018,0.236,-0.0619,0.5233,95.0905,0.0,0.0,0.0,0.0,up,92.4,2026-08-24T14:55:48,0.0,96.625,354.53,2026-09-02 15:44:18,2026-09-02 11:45:02
TSLA,TSLA261120C00270000,TSLA,2026-11-20,C,270.0,89.9,27.0,91.5,90.0,0.4838,167.0,0.0,0.9148,0.002,0.2601,-0.0688,0.5252,90.5901,0.0,0.0,0.0,0.0,up,92.1,2026-09-01T15:19:06,0.0,92.1499977111816,354.53,2026-09-02 15:44:18,2026-09-02 11:45:02
TSLA,TSLA261120C00275000,TSLA,2026-11-20,C,275.0,85.2,131.0,87.05,155.0,0.4733,101.0,1.0,0.9032,0.0022,0.2856,-0.076,0.5259,86.1594,-2.725,84.95,84.95,84.95,down,84.95,2026-09-02T09:55:22,-3.10807,87.6749992370606,354.53,2026-09-02 15:44:18,2026-09-02 11:45:02
TSLA,TSLA261120C00280000,TSLA,2026-11-20,C,280.0,80.85,121.0,82.7,141.0,0.469,97.0,2.0,0.8904,0.0024,0.3122,-0.0836,0.5256,81.8051,-4.1,79.38,79.38,79.2,down,79.2,2026-09-02T11:03:17,-4.92197,83.2999992370606,354.53,2026-09-02 15:44:18,2026-09-02 11:45:02
TSLA,TSLA261120C00285000,TSLA,2026-11-20,C,285.0,76.95,34.0,78.3,81.0,0.469,92.0,2.0,0.8762,0.0026,0.3404,-0.0916,0.5238,77.5212,-1.775,75.23,77.25,75.23,up,77.25,2026-09-02T10:17:46,-2.24612,79.0249977111816,354.53,2026-09-02 15:44:18,2026-09-02 11:45:02
TSLA,TSLA261120C00290000,TSLA,2026-11-20,C,290.0,72.75,100.0,74.1,131.0,0.4644,166.0,1.0,0.8606,0.0029,0.3688,-0.0996,0.5209,73.3452,-4.55,70.2,70.2,70.2,down,70.2,2026-09-02T10:05:46,-6.08696,74.75,354.53,2026-09-02 15:44:18,2026-09-02 11:45:02
TSLA,TSLA261120C00295000,TSLA,2026-11-20,C,295.0,68.65,33.0,70.05,70.0,0.4606,164.0,0.0,0.8438,0.0032,0.398,-0.1078,0.5166,69.2836,0.0,0.0,0.0,0.0,down,69.75,2026-09-01T14:23:50,0.0,70.7000007629394,354.53,2026-09-02 15:44:18,2026-09-02 11:45:02
TSLA,TSLA261120C00300000,TSLA,2026-11-20,C,300.0,64.85,111.0,66.0,138.0,0.4585,449.0,6.0,0.8255,0.0034,0.4273,-0.116,0.5108,65.3174,-4.275,62.78,62.78,62.5,down,62.5,2026-09-02T11:00:18,-6.40209,66.7749977111816,354.53,2026-09-02 15:44:18,2026-09-02 11:45:02
TSLA,TSLA261120C00305000,TSLA,2026-11-20,C,305.0,60.9,42.0,62.25,105.0,0.4558,558.0,1.0,0.8058,0.0037,0.456,-0.1241,0.504,61.4671,-0.2,62.65,62.65,62.65,up,62.65,2026-09-02T10:37:24,-0.318219,62.8500003814697,354.53,2026-09-02 15:44:18,2026-09-02 11:45:02
TSLA,TSLA261120C00310000,TSLA,2026-11-20,C,310.0,57.05,37.0,58.55,112.0,0.4523,1176.0,5.0,0.785,0.0039,0.4846,-0.132,0.4955,57.7408,-0.825,56.27,58.25,56.27,up,58.25,2026-09-02T11:24:12,-1.39653,59.0750007629394,354.53,2026-09-02 15:44:18,2026-09-02 11:45:02
TSLA,TSLA261120C00315000,TSLA,2026-11-20,C,315.0,53.3,199.0,54.95,245.0,0.4487,442.0,2.0,0.7629,0.0042,0.5116,-0.1396,0.4861,54.1452,-2.55,57.25,57.25,52.9,down,52.9,2026-09-02T10:54:08,-4.59874,55.4499988555908,354.53,2026-09-02 15:44:18,2026-09-02 11:45:02
TSLA,TSLA261120C00320000,TSLA,2026-11-20,C,320.0,50.15,186.0,51.25,229.0,0.4477,1507.0,6.0,0.7397,0.0044,0.5375,-0.1468,0.4752,50.6848,-1.825,49.2,50.2,47.93,up,50.2,2026-09-02T11:11:07,-3.50793,52.0250015258789,354.53,2026-09-02 15:44:18,2026-09-02 11:45:02
TSLA,TSLA261120C00325000,TSLA,2026-11-20,C,325.0,46.4,210.0,48.2,212.0,0.4448,893.0,0.0,0.7155,0.0046,0.5615,-0.1535,0.4633,47.3665,0.0,0.0,0.0,0.0,up,47.4,2026-09-01T14:31:51,0.0,48.6749992370606,354.53,2026-09-02 15:44:18,2026-09-02 11:45:02
TSLA,TSLA261120C00330000,TSLA,2026-11-20,C,330.0,43.35,218.0,45.0,262.0,0.445,1326.0,1.0,0.6904,0.0048,0.5833,-0.1597,0.4505,44.1664,-0.25,45.1,45.1,45.1,down,45.1,2026-09-02T10:42:12,-0.551269,45.3500003814697,354.53,2026-09-02 15:44:18,2026-09-02 11:45:02
TSLA,TSLA261120C00335000,TSLA,2026-11-20,C,335.0,40.45,148.0,41.8,192.0,0.4434,766.0,0.0,0.6648,0.005,0.6028,-0.1652,0.4366,41.1549,0.0,0.0,0.0,0.0,up,42.35,2026-09-01T15:55:00,0.0,42.5,354.53,2026-09-02 15:44:18,2026-09-02 11:45:02
TSLA,TSLA261120C00340000,TSLA,2026-11-20,C,340.0,38.05,155.0,38.4,16.0,0.4424,1430.0,42.0,0.6386,0.0051,0.6194,-0.17,0.4223,38.2791,-1.07,36.07,38.82,36.07,no_change,38.23,2026-09-02T11:29:13,-2.72264,39.2999992370606,354.53,2026-09-02 15:44:18,2026-09-02 11:45:02
TSLA,TSLA261120C00345000,TSLA,2026-11-20,C,345.0,35.3,48.0,35.9,159.0,0.4437,566.0,33.0,0.6119,0.0052,0.6334,-0.174,0.407,35.5402,-1.1,33.0,35.65,33.0,up,35.65,2026-09-02T10:19:18,-2.9932,36.75,354.53,2026-09-02 15:44:18,2026-09-02 11:45:02
TSLA,TSLA261120C00350000,TSLA,2026-11-20,C,350.0,32.8,65.0,33.15,76.0,0.4423,16366.0,134.0,0.5853,0.0053,0.6443,-0.1773,0.3914,32.9875,-0.3,34.24,34.24,30.64,down,33.6,2026-09-02T11:24:05,-0.88496,33.9000015258789,354.53,2026-09-02 15:44:18,2026-09-02 11:45:02
TSLA,TSLA261120C00355000,TSLA,2026-11-20,C,355.0,30.35,47.0,30.7,69.0,0.4419,594.0,93.0,0.5585,0.0054,0.6522,-0.1797,0.3756,30.5602,-0.825,31.5,32.05,28.5,down,30.6,2026-09-02T11:28:39,-2.6253,31.4250001907349,354.53,2026-09-02 15:44:18,2026-09-02 11:45:02
TSLA,TSLA261120C00360000,TSLA,2026-11-20,C,360.0,28.15,61.0,28.45,199.0,0.4428,3468.0,183.0,0.5316,0.0054,0.6571,-0.1814,0.359,28.2605,-0.7,30.76,30.76,26.0,down,28.4,2026-09-02T11:21:43,-2.4055,29.0999994277954,354.53,2026-09-02 15:44:18,2026-09-02 11:45:02
TSLA,TSLA261120C00365000,TSLA,2026-11-20,C,365.0,26.0,37.0,26.35,175.0,0.4435,1481.0,65.0,0.5053,0.0054,0.6592,-0.1822,0.3429,26.1358,-0.525,27.41,27.41,24.25,up,26.35,2026-09-02T11:18:47,-1.95349,26.875,354.53,2026-09-02 15:44:18,2026-09-02 11:45:02
TSLA,TSLA261120C00370000,TSLA,2026-11-20,C,370.0,24.0,99.0,24.35,151.0,0.444,2114.0,51.0,0.4792,0.0054,0.6583,-0.1823,0.3266,24.1292,-0.35,25.7,25.7,22.3,up,24.45,2026-09-02T11:24:12,-1.41129,24.8000001907349,354.53,2026-09-02 15:44:18,2026-09-02 11:45:02
TSLA,TSLA261120C00375000,TSLA,2026-11-20,C,375.0,22.15,47.0,22.5,177.0,0.4448,1802.0,47.0,0.4537,0.0054,0.6547,-0.1817,0.3101,22.2687,-0.7,21.25,22.37,20.7,no_change,22.2,2026-09-02T10:24:46,-3.05677,22.8999996185303,354.53,2026-09-02 15:44:18,2026-09-02 11:45:02
TSLA,TSLA261120C00380000,TSLA,2026-11-20,C,380.0,20.45,75.0,20.75,217.0,0.4455,1761.0,111.0,0.4291,0.0053,0.6489,-0.1805,0.2945,20.5534,-0.2,21.25,21.49,19.3,up,20.9,2026-09-02T11:26:47,-0.947869,21.1000003814697,354.53,2026-09-02 15:44:18,2026-09-02 11:45:02
TSLA,TSLA261120C00385000,TSLA,2026-11-20,C,385.0,18.85,28.0,19.15,222.0,0.4463,2001.0,37.0,0.4052,0.0052,0.6408,-0.1786,0.279,18.9603,-0.15,19.6,19.6,17.35,up,19.3,2026-09-02T11:25:30,-0.771207,19.4499998092651,354.53,2026-09-02 15:44:18,2026-09-02 11:45:02
TSLA,TSLA261120C00390000,TSLA,2026-11-20,C,390.0,17.35,54.0,17.65,130.0,0.4475,1442.0,33.0,0.3818,0.0051,0.6302,-0.1762,0.2634,17.4564,-0.51,18.0,18.0,15.95,up,17.39,2026-09-02T10:21:11,-2.84916,17.8999996185303,354.53,2026-09-02 15:44:18,2026-09-02 11:45:02
TSLA,TSLA261120C00395000,TSLA,2026-11-20,C,395.0,16.0,17.0,16.25,217.0,0.4488,969.0,68.0,0.3594,0.005,0.6183,-0.1732,0.2489,16.0796,-1.3,16.65,16.75,14.55,up,15.15,2026-09-02T11:02:14,-7.90273,16.4499998092651,354.53,2026-09-02 15:44:18,2026-09-02 11:45:02
TSLA,TSLA261120C00400000,TSLA,2026-11-20,C,400.0,14.7,51.0,14.95,238.0,0.4497,8040.0,254.0,0.3378,0.0049,0.6046,-0.1698,0.2345,14.8026,-0.135,16.35,16.35,13.4,up,15.04,2026-09-02T11:24:21,-0.889622,15.1750001907349,354.53,2026-09-02 15:44:18,2026-09-02 11:45:02
TSLA,TSLA261120C00405000,TSLA,2026-11-20,C,405.0,13.55,26.0,13.7,28.0,0.4508,572.0,61.0,0.3173,0.0048,0.5893,-0.1661,0.2205,13.6254,-0.15,14.07,14.07,12.65,no_change,13.75,2026-09-02T11:17:20,-1.07914,13.9000000953674,354.53,2026-09-02 15:44:18,2026-09-02 11:45:02
TSLA,TSLA261120C00410000,TSLA,2026-11-20,C,410.0,12.5,18.0,12.65,48.0,0.4527,1560.0,19.0,0.298,0.0046,0.5736,-0.1621,0.2077,12.5579,-0.1,11.75,12.85,11.5,up,12.7,2026-09-02T11:17:22,-0.781248,12.7999997138977,354.53,2026-09-02 15:44:18,2026-09-02 11:45:02
TSLA,TSLA261120C00415000,TSLA,2026-11-20,C,415.0,11.5,17.0,11.75,248.0,0.455,2017.0,133.0,0.2796,0.0045,0.557,-0.1579,0.1953,11.5757,-0.525,11.0,12.0,10.7,down,11.25,2026-09-02T11:05:15,-4.4586,11.7749996185303,354.53,2026-09-02 15:44:18,2026-09-02 11:45:02
TSLA,TSLA261120C00420000,TSLA,2026-11-20,C,420.0,10.55,45.0,10.8,247.0,0.4563,2686.0,72.0,0.2619,0.0043,0.5389,-0.1533,0.183,10.6516,-0.105,10.0,11.1,9.65,up,10.72,2026-09-02T11:22:08,-0.969975,10.8249998092651,354.53,2026-09-02 15:44:18,2026-09-02 11:45:02
TSLA,TSLA261120C00425000,TSLA,2026-11-20,C,425.0,9.75,31.0,10.0,200.0,0.4586,1874.0,20.0,0.2456,0.0041,0.5212,-0.1488,0.172,9.8293,0.095,10.12,10.2,9.02,down,10.07,2026-09-02T10:47:48,0.952377,9.97500038146973,354.53,2026-09-02 15:44:18,2026-09-02 11:45:02
TSLA,TSLA261120C00430000,TSLA,2026-11-20,C,430.0,8.95,64.0,9.2,222.0,0.4602,1972.0,104.0,0.2298,0.004,0.503,-0.144,0.1613,9.0554,-0.535,8.65,9.47,8.35,down,8.64,2026-09-02T10:55:43,-5.83106,9.17500019073486,354.53,2026-09-02 15:44:18,2026-09-02 11:45:02
TSLA,TSLA261120C00435000,TSLA,2026-11-20,C,435.0,8.25,48.0,8.5,218.0,0.4621,963.0,11.0,0.2154,0.0038,0.4848,-0.1394,0.1512,8.3619,-0.275,8.82,8.82,7.7,no_change,8.15,2026-09-02T11:06:48,-3.2641,8.42500019073486,354.53,2026-09-02 15:44:18,2026-09-02 11:45:02
TSLA,TSLA261120C00440000,TSLA,2026-11-20,C,440.0,7.6,73.0,7.85,214.0,0.4643,1255.0,14.0,0.2015,0.0036,0.466,-0.1346,0.1415,7.714,-0.485,7.95,7.95,7.2,no_change,7.29,2026-09-02T10:57:05,-6.23794,7.77500009536743,354.53,2026-09-02 15:44:18,2026-09-02 11:45:02
TSLA,TSLA261120C00445000,TSLA,2026-11-20,C,445.0,7.05,45.0,7.25,183.0,0.4669,1062.0,45.0,0.1887,0.0035,0.4481,-0.1298,0.1328,7.1283,-0.425,7.4,7.46,6.6,up,6.75,2026-09-02T11:03:56,-5.92335,7.17500019073486,354.53,2026-09-02 15:44:18,2026-09-02 11:45:02
TSLA,TSLA261120C00450000,TSLA,2026-11-20,C,450.0,6.5,175.0,6.75,296.0,0.4697,3895.0,107.0,0.1766,0.0033,0.4302,-0.1251,0.1244,6.5873,0.035,7.2,7.2,5.95,up,6.66,2026-09-02T11:22:08,0.528302,6.625,354.53,2026-09-02 15:44:18,2026-09-02 11:45:02
TSLA,TSLA261120C00455000,TSLA,2026-11-20,C,455.0,6.0,214.0,6.25,227.0,0.4718,916.0,2.0,0.1655,0.0032,0.4127,-0.1206,0.1166,6.1014,-0.01,6.12,6.12,6.09,down,6.09,2026-09-02T11:11:37,-0.163933,6.09999990463257,354.53,2026-09-02 15:44:18,2026-09-02 11:45:02
TSLA,TSLA261120C00460000,TSLA,2026-11-20,C,460.0,5.6,35.0,5.8,230.0,0.4748,1005.0,24.0,0.1552,0.003,0.3957,-0.1162,0.1093,5.6624,-0.1,5.6,5.75,5.37,up,5.55,2026-09-02T11:12:40,-1.76991,5.65000009536743,354.53,2026-09-02 15:44:18,2026-09-02 11:45:02
TSLA,TSLA261120C00465000,TSLA,2026-11-20,C,465.0,5.15,172.0,5.35,43.0,0.4765,667.0,1.0,0.1454,0.0029,0.3791,-0.1118,0.1026,5.2503,-0.28,4.97,4.97,4.97,down,4.97,2026-09-02T10:57:32,-5.33333,5.25,354.53,2026-09-02 15:44:18,2026-09-02 11:45:02
TSLA,TSLA261120C00470000,TSLA,2026-11-20,C,470.0,4.8,203.0,5.0,131.0,0.4797,1972.0,2.0,0.1365,0.0028,0.3636,-0.1076,0.0964,4.8825,-0.3,4.4,4.55,4.4,up,4.55,2026-09-02T10:00:26,-6.18556,4.84999990463257,354.53,2026-09-02 15:44:18,2026-09-02 11:45:02
TSLA,TSLA261120C00475000,TSLA,2026-11-20,C,475.0,4.45,52.0,4.65,148.0,0.4825,913.0,12.0,0.128,0.0026,0.3478,-0.1035,0.0904,4.5371,-0.175,4.3,4.75,4.3,no_change,4.35,2026-09-02T10:54:28,-3.8674,4.52499985694885,354.53,2026-09-02 15:44:18,2026-09-02 11:45:02
TSLA,TSLA261120C00480000,TSLA,2026-11-20,C,480.0,4.15,159.0,4.35,67.0,0.4858,1547.0,6.0,0.1202,0.0025,0.3327,-0.0996,0.0848,4.2257,-0.06,4.6,4.6,3.95,up,4.14,2026-09-02T11:08:33,-1.42857,4.20000004768372,354.53,2026-09-02 15:44:18,2026-09-02 11:45:02
TSLA,TSLA261120C00485000,TSLA,2026-11-20,C,485.0,3.9,122.0,4.05,59.0,0.4889,753.0,1.0,0.1132,0.0024,0.3189,-0.0959,0.0799,3.9497,0.115,4.04,4.04,4.04,up,4.04,2026-09-02T10:36:40,2.92994,3.92499995231628,354.53,2026-09-02 15:44:18,2026-09-02 11:45:02
TSLA,TSLA261120C00490000,TSLA,2026-11-20,C,490.0,3.65,42.0,3.8,130.0,0.4923,636.0,0.0,0.1065,0.0022,0.3055,-0.0924,0.0752,3.691,0.0,0.0,0.0,0.0,up,3.7,2026-09-01T15:53:44,0.0,3.67499995231628,354.53,2026-09-02 15:44:18,2026-09-02 11:45:02
TSLA,TSLA261120C00495000,TSLA,2026-11-20,C,495.0,3.4,161.0,3.55,92.0,0.4951,435.0,0.0,0.1003,0.0021,0.2927,-0.0889,0.0709,3.4544,0.0,0.0,0.0,0.0,up,3.5,2026-09-01T15:48:11,0.0,3.42499995231628,354.53,2026-09-02 15:44:18,2026-09-02 11:45:02
TSLA,TSLA261120C00500000,TSLA,2026-11-20,C,500.0,3.2,137.0,3.35,182.0,0.499,4279.0,62.0,0.0946,0.002,0.2804,-0.0857,0.0668,3.2379,0.075,3.55,3.6,2.95,up,3.3,2026-09-02T11:17:27,2.32558,3.22500002384186,354.53,2026-09-02 15:44:18,2026-09-02 11:45:02
TSLA,TSLA261120C00505000,TSLA,2026-11-20,C,505.0,3.0,79.0,3.15,155.0,0.5023,592.0,0.0,0.0893,0.0019,0.2685,-0.0826,0.063,3.0399,0.0,0.0,0.0,0.0,no_change,2.92,2026-09-01T14:18:06,0.0,3.02499997615814,354.53,2026-09-02 15:44:18,2026-09-02 11:45:02
TSLA,TSLA261120C00510000,TSLA,2026-11-20,C,510.0,2.83,55.0,2.95,88.0,0.5057,1018.0,0.0,0.0843,0.0018,0.2572,-0.0796,0.0595,2.8562,0.0,0.0,0.0,0.0,up,2.77,2026-09-01T14:32:44,0.0,2.83000004291534,354.53,2026-09-02 15:44:18,2026-09-02 11:45:02
TSLA,TSLA261120C00515000,TSLA,2026-11-20,C,515.0,2.66,76.0,2.78,86.0,0.5091,518.0,0.0,0.0797,0.0018,0.2467,-0.0768,0.0563,2.6898,0.0,0.0,0.0,0.0,no_change,2.59,2026-09-01T14:32:44,0.0,2.66499996185303,354.53,2026-09-02 15:44:18,2026-09-02 11:45:02
TSLA,TSLA261120C00520000,TSLA,2026-11-20,C,520.0,2.51,90.0,2.63,175.0,0.5128,754.0,13.0,0.0754,0.0017,0.2368,-0.074,0.0533,2.535,-0.055,2.54,2.57,2.46,down,2.46,2026-09-02T11:05:46,-2.18688,2.51499998569489,354.53,2026-09-02 15:44:18,2026-09-02 11:45:02
TSLA,TSLA261120C00525000,TSLA,2026-11-20,C,525.0,2.37,76.0,2.49,177.0,0.5165,853.0,15.0,0.0715,0.0016,0.2274,-0.0715,0.0505,2.3942,-0.05,2.32,2.32,2.32,down,2.32,2026-09-02T11:05:47,-2.1097,2.37000000476837,354.53,2026-09-02 15:44:18,2026-09-02 11:45:02
TSLA,TSLA261120C00530000,TSLA,2026-11-20,C,530.0,2.24,81.0,2.35,93.0,0.5199,836.0,0.0,0.0678,0.0015,0.2183,-0.0691,0.0479,2.2645,0.0,0.0,0.0,0.0,down,2.21,2026-09-01T15:07:38,0.0,2.25,354.53,2026-09-02 15:44:18,2026-09-02 11:45:02
TSLA,TSLA261120C00535000,TSLA,2026-11-20,C,535.0,2.12,70.0,2.23,93.0,0.5235,264.0,0.0,0.0644,0.0014,0.2097,-0.0668,0.0454,2.145,0.0,0.0,0.0,0.0,down,2.1,2026-09-01T15:07:53,0.0,2.12999999523163,354.53,2026-09-02 15:44:18,2026-09-02 11:45:02
TSLA,TSLA261120C00540000,TSLA,2026-11-20,C,540.0,2.01,137.0,2.11,177.0,0.5269,1358.0,2.0,0.0613,0.0014,0.2017,-0.0647,0.0432,2.0362,0.02,1.99,2.05,1.99,up,2.05,2026-09-02T11:12:50,0.985223,2.02999997138977,354.53,2026-09-02 15:44:18,2026-09-02 11:45:02
TSLA,TSLA261120C00545000,TSLA,2026-11-20,C,545.0,1.91,35.0,2.01,90.0,0.5307,279.0,0.0,0.0584,0.0013,0.194,-0.0626,0.0411,1.9338,0.0,0.0,0.0,0.0,down,1.91,2026-09-01T13:20:26,0.0,1.88999998569489,354.53,2026-09-02 15:44:18,2026-09-02 11:45:02
TSLA,TSLA261120C00550000,TSLA,2026-11-20,C,550.0,1.8,189.0,1.92,164.0,0.5341,1639.0,121.0,0.0556,0.0013,0.1869,-0.0606,0.0392,1.8387,0.01,1.86,1.87,1.71,down,1.83,2026-09-02T11:25:01,0.549451,1.81999999284744,354.53,2026-09-02 15:44:18,2026-09-02 11:45:02
TSLA,TSLA261120C00555000,TSLA,2026-11-20,C,555.0,1.71,170.0,1.82,152.0,0.5375,115.0,113.0,0.053,0.0012,0.1801,-0.0588,0.0374,1.7502,0.055,1.73,1.78,1.72,up,1.77,2026-09-02T11:25:01,3.207,1.71499997377396,354.53,2026-09-02 15:44:18,2026-09-02 11:45:02
TSLA,TSLA261120C00560000,TSLA,2026-11-20,C,560.0,1.59,148.0,1.79,206.0,0.5416,768.0,74.0,0.0506,0.0012,0.1736,-0.057,0.0356,1.6679,-0.02,1.67,1.67,1.62,down,1.62,2026-09-02T11:09:32,-1.21951,1.64000004529953,354.53,2026-09-02 15:44:18,2026-09-02 11:45:02
TSLA,TSLA261120C00565000,TSLA,2026-11-20,C,565.0,1.51,196.0,1.66,54.0,0.5436,192.0,74.0,0.0483,0.0011,0.1673,-0.0552,0.034,1.5911,-0.005,1.57,1.59,1.56,up,1.57,2026-09-02T11:09:32,-0.31746,1.57499998807907,354.53,2026-09-02 15:44:18,2026-09-02 11:45:02
TSLA,TSLA261120C00570000,TSLA,2026-11-20,C,570.0,1.41,203.0,1.68,226.0,0.5493,714.0,9.0,0.0462,0.0011,0.1613,-0.0536,0.0325,1.5195,-0.06,1.44,1.44,1.44,down,1.44,2026-09-02T09:59:00,-4.0,1.5,354.53,2026-09-02 15:44:18,2026-09-02 11:45:02
TSLA,TSLA261120C00575000,TSLA,2026-11-20,C,575.0,1.41,170.0,1.52,72.0,0.5522,264.0,110.0,0.0442,0.001,0.1556,-0.0521,0.031,1.4526,0.045,1.46,1.54,1.43,down,1.47,2026-09-02T10:50:46,3.15789,1.42500001192093,354.53,2026-09-02 15:44:18,2026-09-02 11:45:02
TSLA,TSLA261120C00580000,TSLA,2026-11-20,C,580.0,1.35,191.0,1.45,72.0,0.5557,253.0,110.0,0.0423,0.001,0.1502,-0.0506,0.0297,1.3899,0.03,1.37,1.45,1.37,up,1.43,2026-09-02T10:50:46,2.14285,1.40000003576279,354.53,2026-09-02 15:44:18,2026-09-02 11:45:02
TSLA,TSLA261120C00585000,TSLA,2026-11-20,C,585.0,1.29,218.0,1.39,117.0,0.5593,394.0,153.0,0.0406,0.0009,0.1451,-0.0491,0.0285,1.331,0.025,1.33,1.38,1.31,down,1.34,2026-09-02T10:40:14,1.90114,1.31499999761581,354.53,2026-09-02 15:44:18,2026-09-02 11:45:02
TSLA,TSLA261120C00590000,TSLA,2026-11-20,C,590.0,1.24,229.0,1.33,75.0,0.563,236.0,152.0,0.0389,0.0009,0.1403,-0.0478,0.0273,1.2757,0.045,1.26,1.32,1.26,up,1.31,2026-09-02T10:40:14,3.55731,1.26500004529953,354.53,2026-09-02 15:44:18,2026-09-02 11:45:02
TSLA,TSLA261120C00595000,TSLA,2026-11-20,C,595.0,1.08,164.0,1.37,113.0,0.5661,444.0,0.0,0.0373,0.0009,0.1357,-0.0464,0.0262,1.2236,0.0,0.0,0.0,0.0,down,1.57,2026-08-31T15:11:16,0.0,1.23499995470047,354.53,2026-09-02 15:44:18,2026-09-02 11:45:02
TSLA,TSLA261120C00600000,TSLA,2026-11-20,C,600.0,1.14,233.0,1.24,176.0,0.5708,3670.0,4.0,0.0358,0.0008,0.1313,-0.0452,0.0252,1.1745,-0.01,1.14,1.16,1.14,up,1.16,2026-09-02T10:53:10,-0.854702,1.1700000166893,354.53,2026-09-02 15:44:18,2026-09-02 11:45:02
TSLA,TSLA261120C00605000,TSLA,2026-11-20,C,605.0,1.09,138.0,1.25,157.0,0.5765,148.0,0.0,0.0344,0.0008,0.1271,-0.044,0.0242,1.1282,0.0,0.0,0.0,0.0,up,1.29,2026-08-31T09:51:52,0.0,1.14000004529953,354.53,2026-09-02 15:44:18,2026-09-02 11:45:02
TSLA,TSLA261120C00610000,TSLA,2026-11-20,C,610.0,0.94,187.0,1.24,166.0,0.5772,410.0,0.0,0.0331,0.0008,0.123,-0.0428,0.0232,1.0845,0.0,0.0,0.0,0.0,up,1.34,2026-08-31T11:28:38,0.0,1.08999997377396,354.53,2026-09-02 15:44:18,2026-09-02 11:45:02
TSLA,TSLA261120C00615000,TSLA,2026-11-20,C,615.0,0.9,105.0,1.2,93.0,0.5808,154.0,0.0,0.0319,0.0007,0.1191,-0.0417,0.0223,1.0432,0.0,0.0,0.0,0.0,up,1.1,2026-08-27T12:15:10,0.0,1.06499999761581,354.53,2026-09-02 15:44:18,2026-09-02 11:45:02
TSLA,TSLA261120C00620000,TSLA,2026-11-20,C,620.0,0.86,181.0,1.16,172.0,0.5843,578.0,0.0,0.0307,0.0007,0.1153,-0.0406,0.0214,1.0042,0.0,0.0,0.0,0.0,up,1.0,2026-09-01T14:57:06,0.0,1.01499998569489,354.53,2026-09-02 15:44:18,2026-09-02 11:45:02
TSLA,TSLA261120C00625000,TSLA,2026-11-20,C,625.0,0.89,142.0,1.13,143.0,0.5911,243.0,0.0,0.0295,0.0007,0.1118,-0.0396,0.0206,0.9672,0.0,0.0,0.0,0.0,down,0.99,2026-09-01T14:27:44,0.0,0.989999979734421,354.53,2026-09-02 15:44:18,2026-09-02 11:45:02
TSLA,TSLA261120C00630000,TSLA,2026-11-20,C,630.0,0.79,93.0,1.09,93.0,0.5914,265.0,0.0,0.0285,0.0007,0.1084,-0.0386,0.0199,0.9321,0.0,0.0,0.0,0.0,no_change,1.18,2026-08-31T13:40:21,0.0,0.964999973773956,354.53,2026-09-02 15:44:18,2026-09-02 11:45:02
TSLA,TSLA261120C00635000,TSLA,2026-11-20,C,635.0,0.76,98.0,1.06,110.0,0.5952,365.0,0.0,0.0274,0.0006,0.1051,-0.0376,0.0192,0.8989,0.0,0.0,0.0,0.0,up,1.18,2026-08-25T10:38:30,0.0,0.91499999165535,354.53,2026-09-02 15:44:18,2026-09-02 11:45:02
TSLA,TSLA261120C00640000,TSLA,2026-11-20,C,640.0,0.72,142.0,1.03,97.0,0.5983,84.0,0.0,0.0265,0.0006,0.102,-0.0367,0.0185,0.8673,0.0,0.0,0.0,0.0,up,1.05,2026-08-31T12:57:45,0.0,0.879999995231628,354.53,2026-09-02 15:44:18,2026-09-02 11:45:02
TSLA,TSLA261120C00645000,TSLA,2026-11-20,C,645.0,0.7,125.0,1.0,115.0,0.6023,725.0,0.0,0.0255,0.0006,0.0991,-0.0358,0.0178,0.8372,0.0,0.0,0.0,0.0,up,1.11,2026-08-31T13:53:53,0.0,0.855000019073486,354.53,2026-09-02 15:44:18,2026-09-02 11:45:02
TSLA,TSLA261120C00650000,TSLA,2026-11-20,C,650.0,0.67,137.0,0.97,183.0,0.6055,321.0,0.0,0.0247,0.0006,0.0963,-0.0349,0.0172,0.8086,0.0,0.0,0.0,0.0,no_change,1.01,2026-08-31T14:28:36,0.0,0.8299999833107,354.53,2026-09-02 15:44:18,2026-09-02 11:45:02
TSLA,TSLA261120C00655000,TSLA,2026-11-20,C,655.0,0.64,109.0,0.94,112.0,0.6086,108.0,0.0,0.0238,0.0006,0.0935,-0.0341,0.0166,0.7814,0.0,0.0,0.0,0.0,up,0.88,2026-08-31T09:51:43,0.0,0.810000002384186,354.53,2026-09-02 15:44:18,2026-09-02 11:45:02
TSLA,TSLA261120C00660000,TSLA,2026-11-20,C,660.0,0.72,184.0,0.82,72.0,0.6126,1460.0,0.0,0.023,0.0005,0.0909,-0.0333,0.0161,0.7555,0.0,0.0,0.0,0.0,no_change,0.97,2026-08-31T13:37:50,0.0,0.770000010728836,354.53,2026-09-02 15:44:18,2026-09-02 11:45:02
TSLA,TSLA261120C00665000,TSLA,2026-11-20,C,665.0,0.59,344.0,0.88,397.0,0.6147,131.0,1.0,0.0223,0.0005,0.0883,-0.0325,0.0155,0.7308,-0.05,0.72,0.72,0.72,up,0.72,2026-09-02T09:45:29,-6.4935,0.769999980926514,354.53,2026-09-02 15:44:18,2026-09-02 11:45:02
TSLA,TSLA261120C00670000,TSLA,2026-11-20,C,670.0,0.67,208.0,0.78,78.0,0.6196,1707.0,0.0,0.0216,0.0005,0.0858,-0.0318,0.015,0.7073,0.0,0.0,0.0,0.0,down,0.9,2026-08-31T15:13:16,0.0,0.724999994039536,354.53,2026-09-02 15:44:18,2026-09-02 11:45:02
TSLA,TSLA261120C00675000,TSLA,2026-11-20,C,675.0,0.65,95.0,0.75,80.0,0.6226,2146.0,0.0,0.0208,0.0005,0.0835,-0.0311,0.0145,0.6848,0.0,0.0,0.0,0.0,no_change,0.86,2026-08-31T15:00:36,0.0,0.71000000834465,354.53,2026-09-02 15:44:18,2026-09-02 11:45:02
TSLA,TSLA261120C00680000,TSLA,2026-11-20,C,680.0,0.63,68.0,0.73,61.0,0.6261,3072.0,0.0,0.0202,0.0005,0.0812,-0.0304,0.014,0.6635,0.0,0.0,0.0,0.0,down,0.63,2026-08-28T10:42:38,0.0,0.680000007152557,354.53,2026-09-02 15:44:18,2026-09-02 11:45:02
TSLA,TSLA261120C00685000,TSLA,2026-11-20,C,685.0,0.51,127.0,0.8,139.0,0.6287,287.0,0.0,0.0196,0.0004,0.079,-0.0297,0.0136,0.643,0.0,0.0,0.0,0.0,down,0.62,2026-08-28T10:42:59,0.0,0.66499999165535,354.53,2026-09-02 15:44:18,2026-09-02 11:45:02
TSLA,TSLA261120C00690000,TSLA,2026-11-20,C,690.0,0.59,87.0,0.68,59.0,0.6319,2321.0,0.0,0.019,0.0004,0.0769,-0.029,0.0132,0.6235,0.0,0.0,0.0,0.0,up,0.79,2026-08-31T15:05:23,0.0,0.645000010728836,354.53,2026-09-02 15:44:18,2026-09-02 11:45:02
TSLA,TSLA261120C00695000,TSLA,2026-11-20,C,695.0,0.57,232.0,0.67,77.0,0.6356,2204.0,0.0,0.0184,0.0004,0.0749,-0.0284,0.0128,0.6049,0.0,0.0,0.0,0.0,down,0.66,2026-09-01T11:09:46,0.0,0.625,354.53,2026-09-02 15:44:18,2026-09-02 11:45:02
TSLA,TSLA261120C00700000,TSLA,2026-11-20,C,700.0,0.57,128.0,0.67,426.0,0.6412,17634.0,111.0,0.0178,0.0004,0.073,-0.0278,0.0124,0.587,-0.045,0.58,0.58,0.56,no_change,0.56,2026-09-02T10:01:49,-7.43801,0.604999989271164,354.53,2026-09-02 15:44:18,2026-09-02 11:45:02
TSLA,TSLA261120C00705000,TSLA,2026-11-20,C,705.0,0.44,149.0,0.73,204.0,0.6419,473.0,0.0,0.0173,0.0004,0.0712,-0.0272,0.012,0.5699,0.0,0.0,0.0,0.0,down,0.61,2026-09-01T09:54:57,0.0,0.594999998807907,354.53,2026-09-02 15:44:18,2026-09-02 11:45:02
TSLA,TSLA261120C00710000,TSLA,2026-11-20,C,710.0,0.52,183.0,0.6,44.0,0.6438,2003.0,0.0,0.0168,0.0004,0.0694,-0.0267,0.0117,0.5535,0.0,0.0,0.0,0.0,down,0.6,2026-09-01T11:27:10,0.0,0.575000017881394,354.53,2026-09-02 15:44:18,2026-09-02 11:45:02
TSLA,TSLA261120C00720000,TSLA,2026-11-20,C,720.0,0.4,109.0,0.69,117.0,0.6524,347.0,0.0,0.0158,0.0004,0.066,-0.0256,0.011,0.5228,0.0,0.0,0.0,0.0,up,1.02,2026-08-21T10:21:32,0.0,0.540000006556511,354.53,2026-09-02 15:44:18,2026-09-02 11:45:02
TSLA,TSLA261120C00730000,TSLA,2026-11-20,C,730.0,0.38,307.0,0.65,359.0,0.6583,544.0,0.0,0.015,0.0004,0.0629,-0.0246,0.0104,0.4946,0.0,0.0,0.0,0.0,down,0.51,2026-09-01T11:27:10,0.0,0.500000014901161,354.53,2026-09-02 15:44:18,2026-09-02 11:45:02
TSLA,TSLA261120C00740000,TSLA,2026-11-20,C,740.0,0.35,161.0,0.62,187.0,0.6638,207.0,0.0,0.0142,0.0003,0.0599,-0.0236,0.0098,0.4686,0.0,0.0,0.0,0.0,down,0.49,2026-09-01T11:08:56,0.0,0.495000004768372,354.53,2026-09-02 15:44:18,2026-09-02 11:45:02
TSLA,TSLA261120C00750000,TSLA,2026-11-20,C,750.0,0.33,323.0,0.6,319.0,0.6705,456.0,0.0,0.0134,0.0003,0.0571,-0.0227,0.0093,0.4447,0.0,0.0,0.0,0.0,down,0.47,2026-09-01T11:09:46,0.0,0.475000008940697,354.53,2026-09-02 15:44:18,2026-09-02 11:45:02
TSLA,TSLA261120C00760000,TSLA,2026-11-20,C,760.0,0.31,301.0,0.57,340.0,0.6759,460.0,0.0,0.0127,0.0003,0.0545,-0.0219,0.0088,0.4226,0.0,0.0,0.0,0.0,down,0.43,2026-09-01T09:54:57,0.0,0.449999988079071,354.53,2026-09-02 15:44:18,2026-09-02 11:45:02
TSLA,TSLA261120C00770000,TSLA,2026-11-20,C,770.0,0.29,146.0,0.55,173.0,0.6819,909.0,0.0,0.0121,0.0003,0.0522,-0.0211,0.0083,0.4022,0.0,0.0,0.0,0.0,up,0.5,2026-08-31T15:35:47,0.0,0.430000007152557,354.53,2026-09-02 15:44:18,2026-09-02 11:45:02
TSLA,TSLA261120C00780000,TSLA,2026-11-20,C,780.0,0.27,121.0,0.53,121.0,0.6875,357.0,0.0,0.0115,0.0003,0.05,-0.0203,0.0079,0.3832,0.0,0.0,0.0,0.0,down,0.49,2026-08-31T15:58:47,0.0,0.409999996423721,354.53,2026-09-02 15:44:18,2026-09-02 11:45:02
TSLA,TSLA261120C00790000,TSLA,2026-11-20,C,790.0,0.26,100.0,0.51,115.0,0.6938,755.0,0.0,0.011,0.0002,0.0479,-0.0196,0.0076,0.3656,0.0,0.0,0.0,0.0,up,0.44,2026-08-31T14:48:16,0.0,0.399999991059303,354.53,2026-09-02 15:44:18,2026-09-02 11:45:02
TSLA,TSLA261120C00800000,TSLA,2026-11-20,C,800.0,0.32,109.0,0.41,161.0,0.6988,1650.0,0.0,0.0104,0.0002,0.046,-0.019,0.0072,0.3492,0.0,0.0,0.0,0.0,no_change,0.37,2026-09-01T15:59:47,0.0,0.36999998986721,354.53,2026-09-02 15:44:18,2026-09-02 11:45:02
TSLA,TSLA261120C00810000,TSLA,2026-11-20,C,810.0,0.23,87.0,0.48,118.0,0.7056,700.0,0.0,0.01,0.0002,0.0442,-0.0184,0.0069,0.3339,0.0,0.0,0.0,0.0,down,0.42,2026-08-31T11:59:38,0.0,0.339999988675118,354.53,2026-09-02 15:44:18,2026-09-02 11:45:02
TSLA,TSLA261120C00820000,TSLA,2026-11-20,C,820.0,0.22,92.0,0.46,111.0,0.711,497.0,0.0,0.0095,0.0002,0.0424,-0.0177,0.0066,0.3196,0.0,0.0,0.0,0.0,down,0.4,2026-08-31T13:59:02,0.0,0.344999998807907,354.53,2026-09-02 15:44:18,2026-09-02 11:45:02
TSLA,TSLA261120C00830000,TSLA,2026-11-20,C,830.0,0.21,95.0,0.44,104.0,0.7162,470.0,0.0,0.0091,0.0002,0.0408,-0.0172,0.0063,0.3063,0.0,0.0,0.0,0.0,up,0.45,2026-08-31T14:32:38,0.0,0.334999993443489,354.53,2026-09-02 15:44:18,2026-09-02 11:45:02
TSLA,TSLA261120C00840000,TSLA,2026-11-20,C,840.0,0.2,92.0,0.43,106.0,0.7222,122.0,0.0,0.0087,0.0002,0.0392,-0.0167,0.006,0.2939,0.0,0.0,0.0,0.0,down,0.31,2026-08-31T09:41:41,0.0,0.324999988079071,354.53,2026-09-02 15:44:18,2026-09-02 11:45:02
TSLA,TSLA261120C00850000,TSLA,2026-11-20,C,850.0,0.19,110.0,0.42,196.0,0.7281,776.0,0.0,0.0084,0.0002,0.0378,-0.0162,0.0057,0.2822,0.0,0.0,0.0,0.0,down,0.41,2026-08-28T09:30:01,0.0,0.305000007152557,354.53,2026-09-02 15:44:18,2026-09-02 11:45:02
TSLA,TSLA261120C00860000,TSLA,2026-11-20,C,860.0,0.17,140.0,0.41,223.0,0.7324,471.0,0.0,0.008,0.0002,0.0364,-0.0157,0.0055,0.2713,0.0,0.0,0.0,0.0,down,0.49,2026-08-06T09:51:32,0.0,0.294999994337559,354.53,2026-09-02 15:44:18,2026-09-02 11:45:02
TSLA,TSLA261120C00870000,TSLA,2026-11-20,C,870.0,0.22,368.0,0.3,195.0,0.732,1118.0,10.0,0.0077,0.0002,0.0351,-0.0152,0.0053,0.261,-0.045,0.23,0.23,0.23,down,0.23,2026-09-02T10:22:26,-16.3636,0.274999998509884,354.53,2026-09-02 15:44:18,2026-09-02 11:45:02
TSLA,TSLA261120C00880000,TSLA,2026-11-20,C,880.0,0.16,369.0,0.38,395.0,0.7429,15.0,0.0,0.0074,0.0002,0.0339,-0.0148,0.0051,0.2513,0.0,0.0,0.0,0.0,up,0.48,2026-08-21T15:52:41,0.0,0.274999998509884,354.53,2026-09-02 15:44:18,2026-09-02 11:45:02
TSLA,TSLA261120C00890000,TSLA,2026-11-20,C,890.0,0.15,196.0,0.37,272.0,0.7478,33.0,0.0,0.0071,0.0002,0.0328,-0.0144,0.0049,0.2422,0.0,0.0,0.0,0.0,up,0.4,2026-08-13T10:53:00,0.0,0.265000008046627,354.53,2026-09-02 15:44:18,2026-09-02 11:45:02
TSLA,TSLA261120C00900000,TSLA,2026-11-20,C,900.0,0.2,20.0,0.23,1.0,0.7409,814.0,0.0,0.0069,0.0001,0.0317,-0.014,0.0047,0.2335,0.0,0.0,0.0,0.0,no_change,0.25,2026-09-01T15:45:15,0.0,0.229999996721745,354.53,2026-09-02 15:44:18,2026-09-02 11:45:02
TSLA,TSLA261120P00005000,TSLA,2026-11-20,P,5.0,0.0,0.0,0.01,48.0,2.7694,4148.0,8.0,-0.0001,0.0,0.0004,-0.0008,-0.0001,0.0099,0.005,0.01,0.01,0.01,no_change,0.01,2026-09-02T10:42:26,100.0,0.00499999988824129,354.53,2026-09-02 15:44:18,2026-09-02 11:45:02
TSLA,TSLA261120P00010000,TSLA,2026-11-20,P,10.0,0.0,0.0,0.01,10.0,2.2832,1.0,0.0,-0.0001,0.0,0.0007,-0.0011,-0.0001,0.0147,0.0,0.0,0.0,0.0,down,0.1,2026-02-11T09:30:16,0.0,0.0500000007450581,354.53,2026-09-02 15:44:18,2026-09-02 11:45:02
TSLA,TSLA261120P00015000,TSLA,2026-11-20,P,15.0,0.0,0.0,0.01,10.0,2.0088,13.0,0.0,-0.0002,0.0,0.001,-0.0014,-0.0002,0.0189,0.0,0.0,0.0,0.0,no_change,0.01,2026-07-17T11:41:10,0.0,0.00499999988824129,354.53,2026-09-02 15:44:18,2026-09-02 11:45:02
TSLA,TSLA261120P00020000,TSLA,2026-11-20,P,20.0,0.0,0.0,0.01,9.0,1.8184,28.0,0.0,-0.0002,0.0,0.0014,-0.0017,-0.0002,0.023,0.0,0.0,0.0,0.0,down,0.01,2026-08-25T14:25:22,0.0,0.0399999991059303,354.53,2026-09-02 15:44:18,2026-09-02 11:45:02
TSLA,TSLA261120P00025000,TSLA,2026-11-20,P,25.0,0.0,0.0,0.01,10.0,1.6728,17.0,0.0,-0.0003,0.0,0.0017,-0.002,-0.0003,0.027,0.0,0.0,0.0,0.0,down,0.01,2026-08-27T13:51:23,0.0,0.125,354.53,2026-09-02 15:44:18,2026-09-02 11:45:02
TSLA,TSLA261120P00030000,TSLA,2026-11-20,P,30.0,0.0,0.0,0.02,19.0,1.6337,639.0,0.0,-0.0004,0.0,0.0021,-0.0022,-0.0003,0.0311,0.0,0.0,0.0,0.0,up,0.03,2026-08-24T09:56:36,0.0,0.150000005960464,354.53,2026-09-02 15:44:18,2026-09-02 11:45:02
TSLA,TSLA261120P00035000,TSLA,2026-11-20,P,35.0,0.0,0.0,0.02,19.0,1.5298,502.0,0.0,-0.0004,0.0,0.0024,-0.0025,-0.0004,0.0353,0.0,0.0,0.0,0.0,no_change,0.02,2026-08-25T10:24:12,0.0,0.174999997019768,354.53,2026-09-02 15:44:18,2026-09-02 11:45:02
TSLA,TSLA261120P00040000,TSLA,2026-11-20,P,40.0,0.0,0.0,0.03,20.0,1.4852,55.0,0.0,-0.0005,0.0,0.0028,-0.0028,-0.0004,0.0397,0.0,0.0,0.0,0.0,no_change,0.02,2026-08-25T10:23:02,0.0,0.0399999991059303,354.53,2026-09-02 15:44:18,2026-09-02 11:45:02
TSLA,TSLA261120P00045000,TSLA,2026-11-20,P,45.0,0.01,25.0,0.03,19.0,1.4368,541.0,0.0,-0.0006,0.0,0.0033,-0.003,-0.0005,0.0443,0.0,0.0,0.0,0.0,no_change,0.02,2026-08-27T14:39:04,0.0,0.0449999989941716,354.53,2026-09-02 15:44:18,2026-09-02 11:45:02
TSLA,TSLA261120P00050000,TSLA,2026-11-20,P,50.0,0.0,0.0,0.02,1.0,1.3632,4987.0,0.0,-0.0007,0.0,0.0038,-0.0033,-0.0006,0.0491,0.0,0.0,0.0,0.0,up,0.03,2026-08-27T14:48:28,0.0,0.0499999988824129,354.53,2026-09-02 15:44:18,2026-09-02 11:45:02
TSLA,TSLA261120P00055000,TSLA,2026-11-20,P,55.0,0.0,0.0,0.05,20.0,1.3208,71.0,4.0,-0.0008,0.0,0.0043,-0.0036,-0.0007,0.0542,-0.01,0.01,0.03,0.01,up,0.03,2026-09-02T10:21:44,-25.0,0.0399999991059303,354.53,2026-09-02 15:44:18,2026-09-02 11:45:02
TSLA,TSLA261120P00060000,TSLA,2026-11-20,P,60.0,0.01,18.0,0.06,20.0,1.2959,170.0,3.0,-0.0009,0.0,0.0048,-0.0039,-0.0008,0.0596,-0.06,0.03,0.03,0.03,up,0.03,2026-09-02T10:21:44,-66.6667,0.0900000035762787,354.53,2026-09-02 15:44:18,2026-09-02 11:45:02
TSLA,TSLA261120P00065000,TSLA,2026-11-20,P,65.0,0.01,20.0,0.07,20.0,1.2527,304.0,0.0,-0.001,0.0,0.0054,-0.0042,-0.0009,0.0654,0.0,0.0,0.0,0.0,no_change,0.04,2026-09-01T13:41:09,0.0,0.395000010728836,354.53,2026-09-02 15:44:18,2026-09-02 11:45:02
TSLA,TSLA261120P00070000,TSLA,2026-11-20,P,70.0,0.01,190.0,0.08,130.0,1.2115,547.0,19.0,-0.0011,0.0,0.006,-0.0046,-0.001,0.0715,-0.065,0.04,0.04,0.01,down,0.01,2026-09-02T10:21:07,-86.6667,0.0750000029802322,354.53,2026-09-02 15:44:18,2026-09-02 11:45:02
TSLA,TSLA261120P00075000,TSLA,2026-11-20,P,75.0,0.01,132.0,0.1,140.0,1.1823,687.0,11.0,-0.0012,0.0,0.0067,-0.0049,-0.0011,0.078,-0.01,0.05,0.05,0.05,no_change,0.05,2026-09-02T10:53:02,-16.6667,0.0599999995902181,354.53,2026-09-02 15:44:18,2026-09-02 11:45:02
TSLA,TSLA261120P00080000,TSLA,2026-11-20,P,80.0,0.01,20.0,0.12,20.0,1.1522,614.0,0.0,-0.0014,0.0,0.0075,-0.0053,-0.0012,0.0849,0.0,0.0,0.0,0.0,no_change,0.14,2026-09-01T15:57:08,0.0,0.0800000000745058,354.53,2026-09-02 15:44:18,2026-09-02 11:45:02
TSLA,TSLA261120P00085000,TSLA,2026-11-20,P,85.0,0.01,138.0,0.13,143.0,1.1145,554.0,3.0,-0.0016,0.0,0.0083,-0.0057,-0.0014,0.0923,0.015,0.13,0.14,0.08,down,0.08,2026-09-02T10:08:20,23.0769,0.0650000004097819,354.53,2026-09-02 15:44:18,2026-09-02 11:45:02
TSLA,TSLA261120P00090000,TSLA,2026-11-20,P,90.0,0.02,146.0,0.12,136.0,1.0712,406.0,17.0,-0.0017,0.0,0.0091,-0.0061,-0.0015,0.1003,-0.015,0.06,0.07,0.06,up,0.07,2026-09-02T11:28:57,-17.6471,0.0849999990314245,354.53,2026-09-02 15:44:18,2026-09-02 11:45:02
TSLA,TSLA261120P00095000,TSLA,2026-11-20,P,95.0,0.04,230.0,0.25,124.0,1.1103,298.0,19.0,-0.0019,0.0,0.0101,-0.0065,-0.0017,0.1089,0.035,0.09,0.14,0.05,up,0.13,2026-09-02T11:28:35,36.8421,0.094999996945262,354.53,2026-09-02 15:44:18,2026-09-02 11:45:02
TSLA,TSLA261120P00100000,TSLA,2026-11-20,P,100.0,0.1,479.0,0.14,186.0,1.0472,6148.0,75.0,-0.0021,0.0,0.0111,-0.007,-0.0018,0.1181,0.0,0.12,0.2,0.1,no_change,0.12,2026-09-02T11:13:12,-8.69234e-07,0.120000001043081,354.53,2026-09-02 15:44:18,2026-09-02 11:45:02
TSLA,TSLA261120P00110000,TSLA,2026-11-20,P,110.0,0.05,192.0,0.25,299.0,0.9954,548.0,22.0,-0.0026,0.0,0.0133,-0.0079,-0.0022,0.1385,-0.03,0.15,0.22,0.1,down,0.11,2026-09-02T11:09:01,-21.4286,0.140000004321337,354.53,2026-09-02 15:44:18,2026-09-02 11:45:02
TSLA,TSLA261120P00120000,TSLA,2026-11-20,P,120.0,0.08,150.0,0.22,182.0,0.9251,277.0,0.0,-0.0032,0.0001,0.0161,-0.009,-0.0027,0.1623,0.0,0.0,0.0,0.0,down,0.18,2026-09-01T15:11:26,0.0,0.179999999701977,354.53,2026-09-02 15:44:18,2026-09-02 11:45:02
TSLA,TSLA261120P00130000,TSLA,2026-11-20,P,130.0,0.13,349.0,0.33,531.0,0.904,219.0,7.0,-0.0039,0.0001,0.0192,-0.0102,-0.0033,0.1902,0.025,0.2,0.26,0.2,up,0.26,2026-09-02T10:07:37,10.6383,0.235000006854534,354.53,2026-09-02 15:44:18,2026-09-02 11:45:02
TSLA,TSLA261120P00140000,TSLA,2026-11-20,P,140.0,0.16,140.0,0.21,1.0,0.8201,261.0,1.0,-0.0048,0.0001,0.0229,-0.0116,-0.004,0.2228,-0.055,0.2,0.2,0.2,down,0.2,2026-09-02T11:09:10,-21.5686,0.255000002682209,354.53,2026-09-02 15:44:18,2026-09-02 11:45:02
TSLA,TSLA261120P00150000,TSLA,2026-11-20,P,150.0,0.26,24.0,0.36,318.0,0.8131,2461.0,0.0,-0.0058,0.0001,0.0274,-0.0131,-0.0048,0.2614,0.0,0.0,0.0,0.0,up,0.3,2026-09-01T14:51:46,0.0,0.295000001788139,354.53,2026-09-02 15:44:18,2026-09-02 11:45:02
TSLA,TSLA261120P00155000,TSLA,2026-11-20,P,155.0,0.21,262.0,0.45,391.0,0.7911,176.0,0.0,-0.0064,0.0001,0.0298,-0.0139,-0.0053,0.2833,0.0,0.0,0.0,0.0,up,0.32,2026-08-28T15:34:16,0.0,0.329999998211861,354.53,2026-09-02 15:44:18,2026-09-02 11:45:02
TSLA,TSLA261120P00160000,TSLA,2026-11-20,P,160.0,0.23,127.0,0.37,140.0,0.7538,420.0,12.0,-0.007,0.0002,0.0325,-0.0148,-0.0059,0.3072,0.0,0.34,0.34,0.33,down,0.33,2026-09-02T10:07:39,5.4186e-07,0.329999998211861,354.53,2026-09-02 15:44:18,2026-09-02 11:45:02
TSLA,TSLA261120P00165000,TSLA,2026-11-20,P,165.0,0.3,223.0,0.47,372.0,0.7516,270.0,12.0,-0.0078,0.0002,0.0354,-0.0158,-0.0065,0.3333,0.115,0.49,0.49,0.49,up,0.49,2026-09-02T10:06:32,30.6667,0.375,354.53,2026-09-02 15:44:18,2026-09-02 11:45:02
TSLA,TSLA261120P00170000,TSLA,2026-11-20,P,170.0,0.27,266.0,0.54,344.0,0.73,172.0,0.0,-0.0086,0.0002,0.0387,-0.0168,-0.0071,0.3618,0.0,0.0,0.0,0.0,down,0.38,2026-09-01T09:44:10,0.0,0.385000005364418,354.53,2026-09-02 15:44:18,2026-09-02 11:45:02
TSLA,TSLA261120P00175000,TSLA,2026-11-20,P,175.0,0.3,117.0,0.45,129.0,0.6965,936.0,0.0,-0.0094,0.0002,0.0423,-0.0178,-0.0078,0.3931,0.0,0.0,0.0,0.0,up,0.4,2026-09-01T15:11:32,0.0,0.395000010728836,354.53,2026-09-02 15:44:18,2026-09-02 11:45:02
TSLA,TSLA261120P00180000,TSLA,2026-11-20,P,180.0,0.32,282.0,0.6,391.0,0.6908,229.0,0.0,-0.0104,0.0002,0.0461,-0.019,-0.0086,0.4278,0.0,0.0,0.0,0.0,down,0.45,2026-09-01T14:51:13,0.0,0.449999988079071,354.53,2026-09-02 15:44:18,2026-09-02 11:45:02
TSLA,TSLA261120P00185000,TSLA,2026-11-20,P,185.0,0.45,147.0,0.56,213.0,0.6748,167.0,0.0,-0.0115,0.0003,0.0503,-0.0202,-0.0096,0.4659,0.0,0.0,0.0,0.0,down,0.48,2026-09-01T14:51:13,0.0,0.484999984502792,354.53,2026-09-02 15:44:18,2026-09-02 11:45:02
TSLA,TSLA261120P00190000,TSLA,2026-11-20,P,190.0,0.4,301.0,0.67,354.0,0.6557,769.0,0.0,-0.0127,0.0003,0.0549,-0.0216,-0.0106,0.5082,0.0,0.0,0.0,0.0,up,0.52,2026-09-01T15:11:26,0.0,0.515000015497208,354.53,2026-09-02 15:44:18,2026-09-02 11:45:02
TSLA,TSLA261120P00195000,TSLA,2026-11-20,P,195.0,0.43,299.0,0.71,338.0,0.6375,272.0,0.0,-0.0141,0.0003,0.06,-0.023,-0.0117,0.5552,0.0,0.0,0.0,0.0,up,0.56,2026-09-01T12:19:42,0.0,0.534999996423721,354.53,2026-09-02 15:44:18,2026-09-02 11:45:02
TSLA,TSLA261120P00200000,TSLA,2026-11-20,P,200.0,0.5,83.0,0.6,1.0,0.6103,946.0,0.0,-0.0156,0.0004,0.0658,-0.0246,-0.0129,0.6081,0.0,0.0,0.0,0.0,no_change,0.59,2026-09-01T15:40:26,0.0,0.599999994039536,354.53,2026-09-02 15:44:18,2026-09-02 11:45:02
TSLA,TSLA261120P00210000,TSLA,2026-11-20,P,210.0,0.66,144.0,0.79,150.0,0.5896,951.0,0.0,-0.0194,0.0005,0.0787,-0.0282,-0.0159,0.7365,0.0,0.0,0.0,0.0,no_change,0.67,2026-08-31T15:57:26,0.0,0.689999997615814,354.53,2026-09-02 15:44:18,2026-09-02 11:45:02
TSLA,TSLA261120P00220000,TSLA,2026-11-20,P,220.0,0.85,219.0,0.98,270.0,0.566,1153.0,28.0,-0.0242,0.0006,0.0954,-0.0327,-0.0198,0.9063,0.0,0.9,0.9,0.89,down,0.89,2026-09-02T10:26:56,1.60732e-06,0.889999985694885,354.53,2026-09-02 15:44:18,2026-09-02 11:45:02
TSLA,TSLA261120P00225000,TSLA,2026-11-20,P,225.0,0.96,187.0,1.07,318.0,0.5533,273.0,53.0,-0.0272,0.0007,0.105,-0.0354,-0.0222,1.0134,0.065,1.02,1.08,1.02,down,1.02,2026-09-02T10:22:22,6.80628,0.955000013113022,354.53,2026-09-02 15:44:18,2026-09-02 11:45:02
TSLA,TSLA261120P00230000,TSLA,2026-11-20,P,230.0,1.09,124.0,1.19,276.0,0.542,2438.0,1.0,-0.0307,0.0008,0.1159,-0.0383,-0.0251,1.139,0.055,1.16,1.16,1.16,up,1.16,2026-09-02T11:04:15,4.97737,1.10500001907349,354.53,2026-09-02 15:44:18,2026-09-02 11:45:02
TSLA,TSLA261120P00235000,TSLA,2026-11-20,P,235.0,1.24,51.0,1.34,217.0,0.5318,1601.0,6.0,-0.0348,0.0009,0.1283,-0.0417,-0.0283,1.2869,0.05,1.31,1.31,1.29,up,1.3,2026-09-02T10:23:15,4.0,1.25,354.53,2026-09-02 15:44:18,2026-09-02 11:45:02
TSLA,TSLA261120P00240000,TSLA,2026-11-20,P,240.0,1.38,170.0,1.59,171.0,0.5237,1263.0,6.0,-0.0394,0.001,0.1424,-0.0454,-0.032,1.4621,0.015,1.51,1.51,1.46,down,1.46,2026-09-02T10:23:15,1.03806,1.44499999284744,354.53,2026-09-02 15:44:18,2026-09-02 11:45:02
TSLA,TSLA261120P00245000,TSLA,2026-11-20,P,245.0,1.6,218.0,1.84,339.0,0.5165,551.0,20.0,-0.0448,0.0011,0.1577,-0.0496,-0.0364,1.6689,0.065,1.7,1.7,1.7,up,1.7,2026-09-02T10:55:55,3.97554,1.63499999046326,354.53,2026-09-02 15:44:18,2026-09-02 11:45:02
TSLA,TSLA261120P00250000,TSLA,2026-11-20,P,250.0,1.83,282.0,1.94,135.0,0.5036,16102.0,325.0,-0.051,0.0012,0.1749,-0.0543,-0.0414,1.9123,0.08,2.0,2.06,1.86,up,1.93,2026-09-02T11:22:25,4.32433,1.84999996423721,354.53,2026-09-02 15:44:18,2026-09-02 11:45:02
TSLA,TSLA261120P00255000,TSLA,2026-11-20,P,255.0,2.12,237.0,2.26,168.0,0.4974,2750.0,73.0,-0.0582,0.0014,0.1941,-0.0595,-0.0471,2.1991,0.065,2.35,2.35,2.15,down,2.18,2026-09-02T11:22:25,3.07329,2.11500000953674,354.53,2026-09-02 15:44:18,2026-09-02 11:45:02
TSLA,TSLA261120P00260000,TSLA,2026-11-20,P,260.0,2.46,172.0,2.56,89.0,0.49,4571.0,5.0,-0.0664,0.0016,0.2146,-0.0651,-0.0537,2.5342,0.1,2.57,2.64,2.53,up,2.54,2026-09-02T10:27:29,4.09836,2.44000005722046,354.53,2026-09-02 15:44:18,2026-09-02 11:45:02
TSLA,TSLA261120P00265000,TSLA,2026-11-20,P,265.0,2.83,208.0,2.97,93.0,0.4839,2154.0,3.0,-0.0756,0.0018,0.2377,-0.0712,-0.061,2.9268,0.085,2.94,2.94,2.9,down,2.9,2026-09-02T10:33:08,3.01954,2.81499993801117,354.53,2026-09-02 15:44:18,2026-09-02 11:45:02
TSLA,TSLA261120P00270000,TSLA,2026-11-20,P,270.0,3.3,85.0,3.45,241.0,0.4793,2570.0,58.0,-0.0861,0.002,0.2614,-0.0777,-0.0694,3.3812,0.365,3.5,3.6,3.29,up,3.59,2026-09-02T10:59:35,11.3178,3.22500002384186,354.53,2026-09-02 15:44:18,2026-09-02 11:45:02
TSLA,TSLA261120P00275000,TSLA,2026-11-20,P,275.0,3.75,236.0,3.95,111.0,0.4726,2102.0,8.0,-0.0978,0.0022,0.287,-0.0846,-0.0786,3.9042,0.04,4.1,4.1,3.77,up,3.79,2026-09-02T10:45:29,1.06667,3.75,354.53,2026-09-02 15:44:18,2026-09-02 11:45:02
TSLA,TSLA261120P00280000,TSLA,2026-11-20,P,280.0,4.4,44.0,4.55,55.0,0.4691,4464.0,2.0,-0.1107,0.0024,0.3146,-0.0919,-0.0888,4.5037,0.225,4.9,4.9,4.55,down,4.55,2026-09-02T10:22:50,5.20231,4.32500004768372,354.53,2026-09-02 15:44:18,2026-09-02 11:45:02
TSLA,TSLA261120P00285000,TSLA,2026-11-20,P,285.0,5.0,233.0,5.2,23.0,0.4631,1010.0,3.0,-0.1251,0.0027,0.3419,-0.0994,-0.1003,5.1927,0.575,5.1,5.6,5.1,no_change,5.6,2026-09-02T10:07:35,11.4428,5.02499985694885,354.53,2026-09-02 15:44:18,2026-09-02 11:45:02
TSLA,TSLA261120P00290000,TSLA,2026-11-20,P,290.0,5.8,238.0,6.0,52.0,0.4605,2610.0,16.0,-0.1406,0.0029,0.371,-0.1071,-0.1122,5.9638,0.12,6.0,6.4,5.84,down,5.87,2026-09-02T11:24:00,2.08696,5.75,354.53,2026-09-02 15:44:18,2026-09-02 11:45:02
TSLA,TSLA261120P00295000,TSLA,2026-11-20,P,295.0,6.65,163.0,6.9,57.0,0.4569,2403.0,23.0,-0.1579,0.0032,0.4,-0.115,-0.1258,6.8544,0.2,6.65,7.37,6.61,down,6.8,2026-09-02T11:17:20,3.0303,6.59999990463257,354.53,2026-09-02 15:44:18,2026-09-02 11:45:02
TSLA,TSLA261120P00300000,TSLA,2026-11-20,P,300.0,7.75,10.0,7.85,20.0,0.4551,7119.0,88.0,-0.1762,0.0034,0.4291,-0.1229,-0.1399,7.8382,0.25,7.0,8.59,7.0,no_change,7.8,2026-09-02T11:28:28,3.31126,7.54999995231628,354.53,2026-09-02 15:44:18,2026-09-02 11:45:02
TSLA,TSLA261120P00305000,TSLA,2026-11-20,P,305.0,8.75,161.0,9.0,40.0,0.4518,2914.0,38.0,-0.1961,0.0037,0.4588,-0.1307,-0.1551,8.949,0.745,9.12,9.37,9.0,up,9.37,2026-09-02T10:57:18,8.63768,8.625,354.53,2026-09-02 15:44:18,2026-09-02 11:45:02
TSLA,TSLA261120P00310000,TSLA,2026-11-20,P,310.0,10.0,291.0,10.25,46.0,0.4497,4604.0,25.0,-0.2174,0.004,0.4866,-0.1384,-0.1715,10.1917,0.475,10.62,11.0,9.9,up,10.3,2026-09-02T11:10:50,4.83461,9.82499980926514,354.53,2026-09-02 15:44:18,2026-09-02 11:45:02
TSLA,TSLA261120P00315000,TSLA,2026-11-20,P,315.0,11.35,169.0,11.6,24.0,0.4477,2246.0,28.0,-0.2397,0.0042,0.5145,-0.1457,-0.1879,11.5509,0.4,12.25,12.65,11.55,down,11.55,2026-09-02T11:13:14,3.58744,11.1500000953674,354.53,2026-09-02 15:44:18,2026-09-02 11:45:02
TSLA,TSLA261120P00320000,TSLA,2026-11-20,P,320.0,12.95,24.0,13.1,23.0,0.446,3720.0,23.0,-0.2636,0.0044,0.5399,-0.1528,-0.2056,13.0767,0.4,12.47,14.05,12.47,down,13.0,2026-09-02T11:13:23,3.1746,12.5999999046326,354.53,2026-09-02 15:44:18,2026-09-02 11:45:02
TSLA,TSLA261120P00325000,TSLA,2026-11-20,P,325.0,14.55,35.0,14.75,29.0,0.4448,5052.0,3.0,-0.2881,0.0047,0.5636,-0.1593,-0.224,14.7207,1.175,13.19,15.4,13.19,down,15.35,2026-09-02T10:58:24,8.28924,14.1750001907349,354.53,2026-09-02 15:44:18,2026-09-02 11:45:02
TSLA,TSLA261120P00330000,TSLA,2026-11-20,P,330.0,16.35,75.0,16.6,61.0,0.4442,5240.0,38.0,-0.3134,0.0049,0.5856,-0.1652,-0.2419,16.515,0.375,14.89,17.9,14.89,down,16.3,2026-09-02T11:26:26,2.35479,15.9249997138977,354.53,2026-09-02 15:44:18,2026-09-02 11:45:02
TSLA,TSLA261120P00335000,TSLA,2026-11-20,P,335.0,18.25,86.0,18.55,62.0,0.4432,2727.0,6.0,-0.3394,0.005,0.6044,-0.1705,-0.2605,18.4486,0.59,19.88,19.88,18.16,up,18.39,2026-09-02T11:21:05,3.31461,17.8000001907349,354.53,2026-09-02 15:44:18,2026-09-02 11:45:02
TSLA,TSLA261120P00340000,TSLA,2026-11-20,P,340.0,20.4,58.0,20.65,134.0,0.4427,1902.0,88.0,-0.3664,0.0052,0.6211,-0.1751,-0.279,20.5607,0.65,18.48,22.0,18.48,up,20.5,2026-09-02T11:28:38,3.27456,19.8500003814697,354.53,2026-09-02 15:44:18,2026-09-02 11:45:02
TSLA,TSLA261120P00345000,TSLA,2026-11-20,P,345.0,22.6,79.0,22.9,40.0,0.4418,2097.0,5.0,-0.3935,0.0053,0.6342,-0.179,-0.2972,22.8154,0.93,24.65,24.65,22.98,down,22.98,2026-09-02T11:11:11,4.21769,22.0500001907349,354.53,2026-09-02 15:44:18,2026-09-02 11:45:02
TSLA,TSLA261120P00350000,TSLA,2026-11-20,P,350.0,25.05,41.0,25.3,52.0,0.4418,8665.0,87.0,-0.4209,0.0054,0.6446,-0.1821,-0.3159,25.2203,0.505,26.13,26.87,24.53,down,24.88,2026-09-02T11:26:31,2.07179,24.375,354.53,2026-09-02 15:44:18,2026-09-02 11:45:02
TSLA,TSLA261120P00355000,TSLA,2026-11-20,P,355.0,27.7,6.0,27.85,73.0,0.4424,3049.0,134.0,-0.4483,0.0055,0.6519,-0.1844,-0.3325,27.7808,0.92,27.09,29.6,26.95,no_change,27.77,2026-09-02T11:28:53,3.42644,26.8500003814697,354.53,2026-09-02 15:44:18,2026-09-02 11:45:02
TSLA,TSLA261120P00360000,TSLA,2026-11-20,P,360.0,30.25,87.0,30.6,56.0,0.4415,2332.0,45.0,-0.4758,0.0056,0.656,-0.186,-0.3501,30.4961,1.44,27.9,32.05,27.9,down,30.94,2026-09-02T11:06:48,4.88136,29.5,354.53,2026-09-02 15:44:18,2026-09-02 11:45:02
TSLA,TSLA261120P00365000,TSLA,2026-11-20,P,365.0,33.05,129.0,33.45,40.0,0.4413,814.0,6.0,-0.5029,0.0056,0.6567,-0.1867,-0.3642,33.3509,2.4,34.45,34.7,34.36,up,34.7,2026-09-02T11:00:45,7.43034,32.2999992370606,354.53,2026-09-02 15:44:18,2026-09-02 11:45:02
TSLA,TSLA261120P00370000,TSLA,2026-11-20,P,370.0,36.1,46.0,36.45,39.0,0.442,4508.0,9.0,-0.5298,0.0056,0.6548,-0.1867,-0.3796,36.3641,1.825,37.26,37.26,35.55,up,37.05,2026-09-02T10:55:12,5.18098,35.2250003814697,354.53,2026-09-02 15:44:18,2026-09-02 11:45:02
TSLA,TSLA261120P00375000,TSLA,2026-11-20,P,375.0,39.2,27.0,39.6,31.0,0.4424,1787.0,0.0,-0.556,0.0056,0.6501,-0.186,-0.3949,39.5006,0.0,0.0,0.0,0.0,up,37.2,2026-09-01T12:39:56,0.0,38.2749996185303,354.53,2026-09-02 15:44:18,2026-09-02 11:45:02
TSLA,TSLA261120P00380000,TSLA,2026-11-20,P,380.0,42.5,39.0,42.95,137.0,0.4444,5057.0,2.0,-0.5815,0.0055,0.6416,-0.1846,-0.4071,42.7509,0.95,42.75,42.75,42.4,down,42.4,2026-09-02T10:26:05,2.29192,41.4500007629394,354.53,2026-09-02 15:44:18,2026-09-02 11:45:02
TSLA,TSLA261120P00385000,TSLA,2026-11-20,P,385.0,45.7,76.0,46.35,51.0,0.4436,2053.0,0.0,-0.6065,0.0054,0.6322,-0.1826,-0.4162,46.1617,0.0,0.0,0.0,0.0,up,44.36,2026-09-01T13:50:41,0.0,44.7749996185303,354.53,2026-09-02 15:44:18,2026-09-02 11:45:02
TSLA,TSLA261120P00390000,TSLA,2026-11-20,P,390.0,49.2,16.0,49.9,29.0,0.4447,2309.0,2.0,-0.6306,0.0053,0.6204,-0.1801,-0.4297,49.6807,1.42,48.04,49.67,48.04,up,49.67,2026-09-02T10:22:25,2.94301,48.25,354.53,2026-09-02 15:44:18,2026-09-02 11:45:02
TSLA,TSLA261120P00395000,TSLA,2026-11-20,P,395.0,52.6,75.0,53.6,78.0,0.4444,730.0,1.0,-0.6538,0.0052,0.6049,-0.177,-0.4366,53.3179,-1.67,50.18,50.18,50.18,down,50.18,2026-09-02T09:30:07,-3.22083,51.8500003814697,354.53,2026-09-02 15:44:18,2026-09-02 11:45:02
TSLA,TSLA261120P00400000,TSLA,2026-11-20,P,400.0,56.5,201.0,57.3,72.0,0.4465,3147.0,3.0,-0.6762,0.0051,0.5898,-0.1736,-0.4402,57.0658,3.775,59.3,59.3,59.3,up,59.3,2026-09-02T09:43:11,6.79874,55.5249996185303,354.53,2026-09-02 15:44:18,2026-09-02 11:45:02
TSLA,TSLA261120P00405000,TSLA,2026-11-20,P,405.0,59.85,192.0,61.15,64.0,0.4438,616.0,0.0,-0.6975,0.005,0.5732,-0.1698,-0.4503,60.9011,0.0,0.0,0.0,0.0,down,58.7,2026-09-01T15:59:00,0.0,59.6000003814697,354.53,2026-09-02 15:44:18,2026-09-02 11:45:02
TSLA,TSLA261120P00410000,TSLA,2026-11-20,P,410.0,64.25,213.0,65.45,226.0,0.4525,892.0,12.0,-0.7179,0.0048,0.5529,-0.1656,-0.451,64.8461,1.265,61.36,67.25,61.36,down,64.49,2026-09-02T11:27:49,2.00079,63.2250003814697,354.53,2026-09-02 15:44:18,2026-09-02 11:45:02
TSLA,TSLA261120P00415000,TSLA,2026-11-20,P,415.0,67.8,218.0,69.35,103.0,0.4482,340.0,0.0,-0.7373,0.0047,0.5339,-0.1612,-0.4505,68.8839,0.0,0.0,0.0,0.0,down,61.0,2026-08-31T14:55:17,0.0,67.5249977111816,354.53,2026-09-02 15:44:18,2026-09-02 11:45:02
TSLA,TSLA261120P00420000,TSLA,2026-11-20,P,420.0,71.9,208.0,73.8,197.0,0.4529,744.0,0.0,-0.7558,0.0046,0.5149,-0.1567,-0.4557,73.0029,0.0,0.0,0.0,0.0,down,72.9,2026-09-01T14:41:37,0.0,71.4249992370606,354.53,2026-09-02 15:44:18,2026-09-02 11:45:02
TSLA,TSLA261120P00425000,TSLA,2026-11-20,P,425.0,76.1,178.0,78.0,174.0,0.4544,799.0,0.0,-0.7733,0.0044,0.4934,-0.1519,-0.453,77.2119,0.0,0.0,0.0,0.0,up,76.4,2026-09-01T14:17:15,0.0,75.5999984741211,354.53,2026-09-02 15:44:18,2026-09-02 11:45:02
TSLA,TSLA261120P00430000,TSLA,2026-11-20,P,430.0,80.4,55.0,82.25,51.0,0.4563,1162.0,1.0,-0.7899,0.0042,0.4698,-0.1472,-0.4486,81.4861,2.195,81.82,81.82,81.82,up,81.82,2026-09-02T10:22:25,2.75667,79.625,354.53,2026-09-02 15:44:18,2026-09-02 11:45:02
TSLA,TSLA261120P00435000,TSLA,2026-11-20,P,435.0,84.75,66.0,86.45,21.0,0.457,195.0,0.0,-0.8054,0.0041,0.4485,-0.1423,-0.444,85.813,0.0,0.0,0.0,0.0,up,86.25,2026-09-01T14:44:28,0.0,84.2000007629394,354.53,2026-09-02 15:44:18,2026-09-02 11:45:02
TSLA,TSLA261120P00440000,TSLA,2026-11-20,P,440.0,89.15,63.0,90.6,12.0,0.456,800.0,1.0,-0.82,0.0039,0.4289,-0.1374,-0.4455,90.2118,2.065,90.59,90.59,90.59,up,90.59,2026-09-02T10:22:25,2.33267,88.5250015258789,354.53,2026-09-02 15:44:18,2026-09-02 11:45:02
TSLA,TSLA261120P00445000,TSLA,2026-11-20,P,445.0,93.6,67.0,95.4,58.0,0.4621,335.0,0.0,-0.8338,0.0038,0.406,-0.1326,-0.4311,94.6689,0.0,0.0,0.0,0.0,down,94.55,2026-08-25T12:48:18,0.0,92.7999992370606,354.53,2026-09-02 15:44:18,2026-09-02 11:45:02
TSLA,TSLA261120P00450000,TSLA,2026-11-20,P,450.0,98.15,52.0,99.9,47.0,0.4645,1015.0,2.0,-0.8467,0.0036,0.3831,-0.128,-0.4217,99.183,0.825,98.15,98.15,98.15,down,98.15,2026-09-02T10:46:23,0.847675,97.3250007629394,354.53,2026-09-02 15:44:18,2026-09-02 11:45:02
TSLA,TSLA261120P00455000,TSLA,2026-11-20,P,455.0,102.7,69.0,104.45,54.0,0.4665,126.0,0.0,-0.8588,0.0035,0.3621,-0.1232,-0.4146,103.7444,0.0,0.0,0.0,0.0,up,100.94,2026-09-01T13:39:01,0.0,101.975002288818,354.53,2026-09-02 15:44:18,2026-09-02 11:45:02
TSLA,TSLA261120P00460000,TSLA,2026-11-20,P,460.0,107.35,69.0,109.05,51.0,0.4694,210.0,0.0,-0.8701,0.0033,0.3441,-0.1184,-0.4114,108.3466,0.0,0.0,0.0,0.0,up,108.1,2026-09-01T14:39:52,0.0,106.450000762939,354.53,2026-09-02 15:44:18,2026-09-02 11:45:02
TSLA,TSLA261120P00465000,TSLA,2026-11-20,P,465.0,111.5,57.0,113.9,55.0,0.467,100.0,0.0,-0.8807,0.0032,0.3234,-0.1141,-0.3952,112.9895,0.0,0.0,0.0,0.0,up,110.55,2026-09-01T15:53:24,0.0,111.425003051758,354.53,2026-09-02 15:44:18,2026-09-02 11:45:02
TSLA,TSLA261120P00470000,TSLA,2026-11-20,P,470.0,115.25,83.0,118.35,29.0,0.4468,207.0,0.0,-0.8905,0.0031,0.2996,-0.1097,-0.3779,117.6748,0.0,0.0,0.0,0.0,down,106.6,2026-08-31T15:37:49,0.0,115.75,354.53,2026-09-02 15:44:18,2026-09-02 11:45:02
TSLA,TSLA261120P00475000,TSLA,2026-11-20,P,475.0,120.55,92.0,123.35,58.0,0.4653,498.0,0.0,-0.8997,0.0029,0.2815,-0.1052,-0.3667,122.3926,0.0,0.0,0.0,0.0,up,110.93,2026-08-31T15:37:57,0.0,120.625,354.53,2026-09-02 15:44:18,2026-09-02 11:45:02
TSLA,TSLA261120P00480000,TSLA,2026-11-20,P,480.0,124.5,104.0,128.05,57.0,0.4465,128.0,0.0,-0.9081,0.0028,0.2651,-0.1007,-0.363,127.1388,0.0,0.0,0.0,0.0,up,115.65,2026-08-31T15:38:05,0.0,125.174999237061,354.53,2026-09-02 15:44:18,2026-09-02 11:45:02
TSLA,TSLA261120P00485000,TSLA,2026-11-20,P,485.0,129.95,91.0,132.95,61.0,0.4672,194.0,0.0,-0.9161,0.0027,0.2496,-0.0962,-0.3492,131.9097,0.0,0.0,0.0,0.0,down,120.2,2026-08-31T15:38:12,0.0,130.050003051758,354.53,2026-09-02 15:44:18,2026-09-02 11:45:02
TSLA,TSLA261120P00490000,TSLA,2026-11-20,P,490.0,134.0,35.0,137.9,27.0,0.45,56.0,0.0,-0.9238,0.0026,0.2298,-0.092,-0.323,136.7084,0.0,0.0,0.0,0.0,down,125.1,2026-08-31T15:38:19,0.0,134.724998474121,354.53,2026-09-02 15:44:18,2026-09-02 11:45:02
TSLA,TSLA261120P00495000,TSLA,2026-11-20,P,495.0,138.8,36.0,142.75,27.0,0.4465,66.0,0.0,-0.9309,0.0025,0.2097,-0.0876,-0.3082,141.5335,0.0,0.0,0.0,0.0,up,190.72,2026-07-30T09:41:21,0.0,139.825004577637,354.53,2026-09-02 15:44:18,2026-09-02 11:45:02
TSLA,TSLA261120P00500000,TSLA,2026-11-20,P,500.0,144.55,24.0,147.35,24.0,0.4719,29.0,0.0,-0.9373,0.0024,0.1956,-0.083,-0.2961,146.3768,0.0,0.0,0.0,0.0,up,167.0,2026-08-13T10:49:39,0.0,143.824996948242,354.53,2026-09-02 15:44:18,2026-09-02 11:45:02
TSLA,TSLA261120P00505000,TSLA,2026-11-20,P,505.0,148.7,22.0,152.45,23.0,0.446,0.0,0.0,-0.9432,0.0023,0.1824,-0.0786,-0.2908,151.2367,0.0,0.0,0.0,0.0,up,137.42,2026-07-20T11:40:44,0.0,149.425003051758,354.53,2026-09-02 15:44:18,2026-09-02 11:45:02
TSLA,TSLA261120P00510000,TSLA,2026-11-20,P,510.0,154.1,21.0,157.2,21.0,0.4655,12.0,0.0,-0.9486,0.0022,0.1718,-0.0742,-0.2894,156.11,0.0,0.0,0.0,0.0,up,203.14,2026-07-27T10:36:09,0.0,154.525001525879,354.53,2026-09-02 15:44:18,2026-09-02 11:45:02
TSLA,TSLA261120P00515000,TSLA,2026-11-20,P,515.0,158.25,36.0,162.25,21.0,0.0,87.0,0.0,-0.954,0.0021,0.1524,-0.076,-0.2289,161.0046,0.0,0.0,0.0,0.0,down,158.2,2026-09-01T14:40:01,0.0,159.474998474121,354.53,2026-09-02 15:44:18,2026-09-02 11:45:02
TSLA,TSLA261120P00520000,TSLA,2026-11-20,P,520.0,163.9,22.0,167.35,25.0,0.4828,30.0,0.0,-0.9592,0.002,0.1284,-0.0794,-0.2052,165.9187,0.0,0.0,0.0,0.0,down,163.2,2026-09-01T14:40:01,0.0,164.225006103516,354.53,2026-09-02 15:44:18,2026-09-02 11:45:02
TSLA,TSLA261120P00525000,TSLA,2026-11-20,P,525.0,168.05,23.0,172.1,26.0,0.0,0.0,0.0,-0.9638,0.0019,0.1161,-0.0809,-0.1966,170.8441,0.0,0.0,0.0,0.0,up,168.55,2026-09-01T09:33:45,0.0,168.974998474121,354.53,2026-09-02 15:44:18,2026-09-02 11:45:02
TSLA,TSLA261120P00530000,TSLA,2026-11-20,P,530.0,172.95,23.0,177.05,23.0,0.0,0.0,0.0,-0.9685,0.0019,0.1078,-0.082,-0.1925,175.7769,0.0,0.0,0.0,0.0,no_change,205.94,2026-07-23T10:47:46,0.0,173.975006103516,354.53,2026-09-02 15:44:18,2026-09-02 11:45:02
TSLA,TSLA261120P00535000,TSLA,2026-11-20,P,535.0,177.9,24.0,182.0,21.0,0.0,1.0,0.0,-0.9728,0.0019,0.1004,-0.0826,-0.1886,180.7166,0.0,0.0,0.0,0.0,no_change,217.26,2026-07-24T09:42:35,0.0,178.350006103516,354.53,2026-09-02 15:44:18,2026-09-02 11:45:02
TSLA,TSLA261120P00540000,TSLA,2026-11-20,P,540.0,182.85,16.0,186.95,16.0,0.0,0.0,0.0,-0.9766,0.0018,0.0944,-0.0829,-0.1835,185.6614,0.0,0.0,0.0,0.0,down,131.7,2026-05-08T13:04:28,0.0,183.600006103516,354.53,2026-09-02 15:44:18,2026-09-02 11:45:02
TSLA,TSLA261120P00545000,TSLA,2026-11-20,P,545.0,187.85,16.0,191.95,16.0,0.0,0.0,0.0,-0.9802,0.0018,0.0891,-0.083,-0.1834,190.6107,0.0,0.0,0.0,0.0,down,187.75,2026-04-02T15:53:28,0.0,188.575004577637,354.53,2026-09-02 15:44:18,2026-09-02 11:45:02
TSLA,TSLA261120P00550000,TSLA,2026-11-20,P,550.0,192.8,16.0,196.9,16.0,0.0,0.0,0.0,-0.9832,0.0017,0.0714,-0.0732,-0.0818,195.5774,0.0,0.0,0.0,0.0,up,244.0,2026-07-30T13:07:36,0.0,194.025001525879,354.53,2026-09-02 15:44:18,2026-09-02 11:45:02
TSLA,TSLA261120P00555000,TSLA,2026-11-20,P,555.0,197.8,16.0,201.9,16.0,0.0,0.0,0.0,-0.9856,0.0016,0.0438,-0.0574,-0.0757,200.5573,0.0,0.0,0.0,0.0,up,174.95,2026-07-17T13:57:06,0.0,198.900001525879,354.53,2026-09-02 15:44:18,2026-09-02 11:45:02
TSLA,TSLA261120P00560000,TSLA,2026-11-20,P,560.0,202.75,16.0,206.9,16.0,0.0,0.0,0.0,-0.9878,0.0014,0.0351,-0.0436,-0.0714,205.5398,0.0,0.0,0.0,0.0,down,176.02,2026-05-01T11:01:47,0.0,204.25,354.53,2026-09-02 15:44:18,2026-09-02 11:45:02
TSLA,TSLA261120P00565000,TSLA,2026-11-20,P,565.0,208.6,16.0,212.0,16.0,0.0,0.0,0.0,-0.9898,0.0012,0.0273,-0.0349,0.0,210.5288,0.0,0.0,0.0,0.0,up,163.65,2026-06-22T12:01:05,0.0,209.125,354.53,2026-09-02 15:44:18,2026-09-02 11:45:02
TSLA,TSLA261120P00570000,TSLA,2026-11-20,P,570.0,212.75,16.0,216.9,16.0,0.0,0.0,0.0,-0.9916,0.001,0.0106,-0.0349,0.0,215.5288,0.0,0.0,0.0,0.0,up,248.93,2026-07-23T14:42:26,0.0,213.349998474121,354.53,2026-09-02 15:44:18,2026-09-02 11:45:02
TSLA,TSLA261120P00575000,TSLA,2026-11-20,P,575.0,218.5,16.0,221.6,20.0,0.0,0.0,0.0,-0.9932,0.0008,0.0,-0.0349,0.0,220.5288,0.0,0.0,0.0,0.0,up,257.45,2026-07-23T14:42:45,0.0,219.125,354.53,2026-09-02 15:44:18,2026-09-02 11:45:02
TSLA,TSLA261120P00580000,TSLA,2026-11-20,P,580.0,222.75,16.0,226.9,16.0,0.0,0.0,0.0,-0.9947,0.0006,0.0,-0.0349,0.0,225.5288,0.0,0.0,0.0,0.0,up,262.7,2026-07-23T14:42:45,0.0,223.850006103516,354.53,2026-09-02 15:44:18,2026-09-02 11:45:02
TSLA,TSLA261120P00585000,TSLA,2026-11-20,P,585.0,227.8,16.0,231.8,16.0,0.0,0.0,0.0,-0.9961,0.0005,0.0,-0.0349,0.0,230.5288,0.0,0.0,0.0,0.0,down,261.2,2026-07-23T14:42:35,0.0,229.399993896484,354.53,2026-09-02 15:44:18,2026-09-02 11:45:02
TSLA,TSLA261120P00590000,TSLA,2026-11-20,P,590.0,233.35,16.0,237.3,16.0,0.0,0.0,0.0,-0.9974,0.0003,0.0,-0.0349,0.0,235.5288,0.0,0.0,0.0,0.0,up,266.1,2026-07-23T14:42:26,0.0,233.125,354.53,2026-09-02 15:44:18,2026-09-02 11:45:02
TSLA,TSLA261120P00595000,TSLA,2026-11-20,P,595.0,238.35,16.0,242.3,16.0,0.0,0.0,0.0,-0.9983,0.0002,0.0,-0.0349,0.0,240.5288,0.0,0.0,0.0,0.0,up,271.2,2026-07-23T14:42:45,0.0,239.0,354.53,2026-09-02 15:44:18,2026-09-02 11:45:02
TSLA,TSLA261120P00600000,TSLA,2026-11-20,P,600.0,243.6,16.0,247.55,16.0,0.6188,0.0,0.0,-0.9988,0.0001,0.0,-0.0349,0.0,245.5288,0.0,0.0,0.0,0.0,up,278.04,2026-07-23T14:42:31,0.0,244.150001525879,354.53,2026-09-02 15:44:18,2026-09-02 11:45:02
TSLA,TSLA261120P00605000,TSLA,2026-11-20,P,605.0,247.9,20.0,254.25,20.0,0.6823,0.0,0.0,-0.9993,0.0001,0.0,-0.0349,0.0,250.5288,0.0,0.0,0.0,0.0,up,219.55,2026-03-25T14:13:36,0.0,249.150001525879,354.53,2026-09-02 15:44:18,2026-09-02 11:45:02
TSLA,TSLA261120P00610000,TSLA,2026-11-20,P,610.0,251.65,16.0,259.3,17.0,0.0,0.0,0.0,-0.9997,0.0,0.0,-0.0349,0.0,255.5288,0.0,0.0,0.0,0.0,up,291.15,2026-07-23T14:42:22,0.0,254.275001525879,354.53,2026-09-02 15:44:18,2026-09-02 11:45:02
TSLA,TSLA261120P00615000,TSLA,2026-11-20,P,615.0,256.6,16.0,264.55,16.0,0.6496,0.0,0.0,-1.0,0.0,0.0,-0.0349,0.0,260.5288,0.0,0.0,0.0,0.0,up,296.15,2026-07-23T14:42:49,0.0,259.200004577637,354.53,2026-09-02 15:44:18,2026-09-02 11:45:02
TSLA,TSLA261120P00620000,TSLA,2026-11-20,P,620.0,262.0,16.0,269.55,17.0,0.681,0.0,0.0,-1.0,0.0,0.0,-0.0349,0.0,265.5288,0.0,0.0,0.0,0.0,up,233.19,2026-07-16T09:42:42,0.0,264.150009155273,354.53,2026-09-02 15:44:18,2026-09-02 11:45:02
TSLA,TSLA261120P00625000,TSLA,2026-11-20,P,625.0,267.0,16.0,274.55,16.0,0.689,0.0,0.0,-1.0,0.0,0.0,-0.0349,0.0,270.5288,0.0,0.0,0.0,0.0,up,242.4,2026-03-19T15:12:34,0.0,269.150009155273,354.53,2026-09-02 15:44:18,2026-09-02 11:45:02
TSLA,TSLA261120P00630000,TSLA,2026-11-20,P,630.0,273.6,16.0,277.55,16.0,0.6667,0.0,0.0,-1.0,0.0,0.0,-0.0349,0.0,275.5288,0.0,0.0,0.0,0.0,up,250.39,2026-07-17T11:16:09,0.0,274.200012207031,354.53,2026-09-02 15:44:18,2026-09-02 11:45:02
TSLA,TSLA261120P00635000,TSLA,2026-11-20,P,635.0,278.6,16.0,282.55,16.0,0.6745,0.0,0.0,-1.0,0.0,0.0,-0.0349,0.0,280.5288,0.0,0.0,0.0,0.0,down,211.41,2026-05-11T11:16:00,0.0,279.150009155273,354.53,2026-09-02 15:44:18,2026-09-02 11:45:02
TSLA,TSLA261120P00640000,TSLA,2026-11-20,P,640.0,283.6,16.0,287.55,16.0,0.6822,0.0,0.0,-1.0,0.0,0.0,-0.0349,0.0,285.5288,0.0,0.0,0.0,0.0,no_change,287.92,2026-04-06T15:53:03,0.0,284.199996948242,354.53,2026-09-02 15:44:18,2026-09-02 11:45:02
TSLA,TSLA261120P00645000,TSLA,2026-11-20,P,645.0,288.6,16.0,292.55,16.0,0.6898,0.0,0.0,-1.0,0.0,0.0,-0.0349,0.0,290.5288,0.0,0.0,0.0,0.0,up,265.36,2026-06-23T14:45:26,0.0,289.324996948242,354.53,2026-09-02 15:44:18,2026-09-02 11:45:02
TSLA,TSLA261120P00650000,TSLA,2026-11-20,P,650.0,293.6,16.0,297.55,16.0,0.6973,0.0,0.0,-1.0,0.0,0.0,-0.0349,0.0,295.5288,0.0,0.0,0.0,0.0,up,332.6,2026-07-23T14:42:58,0.0,294.150009155273,354.53,2026-09-02 15:44:18,2026-09-02 11:45:02
TSLA,TSLA261120P00655000,TSLA,2026-11-20,P,655.0,298.6,16.0,302.55,16.0,0.7048,0.0,0.0,-1.0,0.0,0.0,-0.0349,0.0,300.5288,0.0,0.0,0.0,0.0,no_change,259.25,2026-03-17T11:27:02,0.0,299.350006103516,354.53,2026-09-02 15:44:18,2026-09-02 11:45:02
TSLA,TSLA261120P00660000,TSLA,2026-11-20,P,660.0,303.6,16.0,307.55,16.0,0.7122,0.0,0.0,-1.0,0.0,0.0,-0.0349,0.0,305.5288,0.0,0.0,0.0,0.0,no_change,237.74,2026-05-08T13:14:22,0.0,304.25,354.53,2026-09-02 15:44:18,2026-09-02 11:45:02
TSLA,TSLA261120P00665000,TSLA,2026-11-20,P,665.0,308.6,16.0,312.55,16.0,0.7195,0.0,0.0,-1.0,0.0,0.0,-0.0349,0.0,310.5288,0.0,0.0,0.0,0.0,up,326.8,2026-08-13T14:39:32,0.0,309.5,354.53,2026-09-02 15:44:18,2026-09-02 11:45:02
TSLA,TSLA261120P00670000,TSLA,2026-11-20,P,670.0,313.6,16.0,317.55,16.0,0.7268,0.0,0.0,-1.0,0.0,0.0,-0.0349,0.0,315.5288,0.0,0.0,0.0,0.0,no_change,288.99,2026-06-23T15:12:12,0.0,314.399993896484,354.53,2026-09-02 15:44:18,2026-09-02 11:45:02
TSLA,TSLA261120P00675000,TSLA,2026-11-20,P,675.0,318.6,16.0,322.55,16.0,0.734,0.0,0.0,-1.0,0.0,0.0,-0.0349,0.0,320.5288,0.0,0.0,0.0,0.0,up,286.08,2026-06-18T09:48:19,0.0,319.399993896484,354.53,2026-09-02 15:44:18,2026-09-02 11:45:02
TSLA,TSLA261120P00680000,TSLA,2026-11-20,P,680.0,323.6,16.0,327.55,16.0,0.7412,0.0,0.0,-1.0,0.0,0.0,-0.0349,0.0,325.5288,0.0,0.0,0.0,0.0,down,290.84,2026-06-18T09:48:19,0.0,323.625,354.53,2026-09-02 15:44:18,2026-09-02 11:45:02
TSLA,TSLA261120P00685000,TSLA,2026-11-20,P,685.0,328.6,16.0,332.55,16.0,0.7483,0.0,0.0,-1.0,0.0,0.0,-0.0349,0.0,330.5288,0.0,0.0,0.0,0.0,up,295.95,2026-06-18T09:48:19,0.0,329.75,354.53,2026-09-02 15:44:18,2026-09-02 11:45:02
TSLA,TSLA261120P00690000,TSLA,2026-11-20,P,690.0,333.6,16.0,337.55,16.0,0.7554,0.0,0.0,-1.0,0.0,0.0,-0.0349,0.0,335.5288,0.0,0.0,0.0,0.0,down,290.95,2026-06-18T15:50:52,0.0,333.925003051758,354.53,2026-09-02 15:44:18,2026-09-02 11:45:02
TSLA,TSLA261120P00695000,TSLA,2026-11-20,P,695.0,338.6,16.0,342.55,16.0,0.7624,0.0,0.0,-1.0,0.0,0.0,-0.0349,0.0,340.5288,0.0,0.0,0.0,0.0,no_change,320.92,2026-04-23T15:57:26,0.0,339.299987792969,354.53,2026-09-02 15:44:18,2026-09-02 11:45:02
TSLA,TSLA261120P00700000,TSLA,2026-11-20,P,700.0,343.6,16.0,347.55,16.0,0.7693,0.0,0.0,-1.0,0.0,0.0,-0.0349,0.0,345.5288,0.0,0.0,0.0,0.0,up,356.18,2026-07-23T09:30:05,0.0,344.5,354.53,2026-09-02 15:44:18,2026-09-02 11:45:02
TSLA,TSLA261120P00705000,TSLA,2026-11-20,P,705.0,348.6,16.0,352.55,16.0,0.7762,0.0,0.0,-1.0,0.0,0.0,-0.0349,0.0,350.5288,0.0,0.0,0.0,0.0,up,300.1,2026-06-16T14:03:50,0.0,348.699996948242,354.53,2026-09-02 15:44:18,2026-09-02 11:45:02
TSLA,TSLA261120P00710000,TSLA,2026-11-20,P,710.0,353.6,16.0,357.55,16.0,0.783,0.0,0.0,-1.0,0.0,0.0,-0.0349,0.0,355.5288,0.0,0.0,0.0,0.0,up,325.1,2026-03-23T11:11:18,0.0,353.724990844727,354.53,2026-09-02 15:44:18,2026-09-02 11:45:02
TSLA,TSLA261120P00720000,TSLA,2026-11-20,P,720.0,363.6,16.0,367.55,16.0,0.7966,0.0,0.0,-1.0,0.0,0.0,-0.0349,0.0,365.5288,0.0,0.0,0.0,0.0,no_change,337.56,2026-06-10T15:39:39,0.0,364.0,354.53,2026-09-02 15:44:18,2026-09-02 11:45:02
TSLA,TSLA261120P00730000,TSLA,2026-11-20,P,730.0,373.6,16.0,377.55,16.0,0.8099,0.0,0.0,-1.0,0.0,0.0,-0.0349,0.0,375.5288,0.0,0.0,0.0,0.0,no_change,347.33,2026-06-10T15:41:36,0.0,374.200012207031,354.53,2026-09-02 15:44:18,2026-09-02 11:45:02
TSLA,TSLA261120P00740000,TSLA,2026-11-20,P,740.0,383.6,16.0,387.55,16.0,0.823,0.0,0.0,-1.0,0.0,0.0,-0.0349,0.0,385.5288,0.0,0.0,0.0,0.0,down,336.45,2026-03-05T15:34:14,0.0,384.399993896484,354.53,2026-09-02 15:44:18,2026-09-02 11:45:02
TSLA,TSLA261120P00750000,TSLA,2026-11-20,P,750.0,393.2,16.0,397.15,16.0,0.0,0.0,0.0,-1.0,0.0,0.0,-0.0349,0.0,395.5288,0.0,0.0,0.0,0.0,no_change,359.01,2026-06-05T15:37:51,0.0,394.299987792969,354.53,2026-09-02 15:44:18,2026-09-02 11:45:02
TSLA,TSLA261120P00760000,TSLA,2026-11-20,P,760.0,403.2,16.0,407.15,16.0,0.0,0.0,0.0,-1.0,0.0,0.0,-0.0349,0.0,405.5288,0.0,0.0,0.0,0.0,no_change,364.5,2026-03-12T10:57:22,0.0,404.425003051758,354.53,2026-09-02 15:44:18,2026-09-02 11:45:02
TSLA,TSLA261120P00770000,TSLA,2026-11-20,P,770.0,413.2,16.0,417.15,16.0,0.0,0.0,0.0,-1.0,0.0,0.0,-0.0349,0.0,415.5288,0.0,0.0,0.0,0.0,up,378.89,2026-06-05T15:37:09,0.0,414.200012207031,354.53,2026-09-02 15:44:18,2026-09-02 11:45:02
TSLA,TSLA261120P00780000,TSLA,2026-11-20,P,780.0,423.2,16.0,427.15,16.0,0.0,0.0,0.0,-1.0,0.0,0.0,-0.0349,0.0,425.5288,0.0,0.0,0.0,0.0,up,359.3,2026-06-02T14:55:02,0.0,424.5,354.53,2026-09-02 15:44:18,2026-09-02 11:45:02
TSLA,TSLA261120P00790000,TSLA,2026-11-20,P,790.0,433.2,16.0,437.15,16.0,0.0,0.0,0.0,-1.0,0.0,0.0,-0.0349,0.0,435.5288,0.0,0.0,0.0,0.0,down,379.87,2026-02-20T13:02:15,0.0,434.399993896484,354.53,2026-09-02 15:44:18,2026-09-02 11:45:02
TSLA,TSLA261120P00800000,TSLA,2026-11-20,P,800.0,443.2,16.0,447.15,16.0,0.0,0.0,0.0,-1.0,0.0,0.0,-0.0349,0.0,445.5288,0.0,0.0,0.0,0.0,up,394.6,2026-03-05T09:47:54,0.0,444.299987792969,354.53,2026-09-02 15:44:18,2026-09-02 11:45:02
TSLA,TSLA261120P00810000,TSLA,2026-11-20,P,810.0,453.2,16.0,457.15,16.0,0.0,0.0,0.0,-1.0,0.0,0.0,-0.0349,0.0,455.5288,0.0,0.0,0.0,0.0,up,410.61,2026-02-05T12:24:04,0.0,453.899993896484,354.53,2026-09-02 15:44:18,2026-09-02 11:45:02
TSLA,TSLA261120P00820000,TSLA,2026-11-20,P,820.0,463.2,16.0,467.15,16.0,0.0,0.0,0.0,-1.0,0.0,0.0,-0.0349,0.0,465.5288,0.0,0.0,0.0,0.0,up,401.63,2026-02-03T13:10:26,0.0,463.600006103516,354.53,2026-09-02 15:44:18,2026-09-02 11:45:02
TSLA,TSLA261120P00830000,TSLA,2026-11-20,P,830.0,473.2,16.0,477.15,16.0,0.0,0.0,0.0,-1.0,0.0,0.0,-0.0349,0.0,475.5288,0.0,0.0,0.0,0.0,no_change,0.0,,0.0,474.149993896484,354.53,2026-09-02 15:44:18,2026-09-02 11:45:02
TSLA,TSLA261120P00840000,TSLA,2026-11-20,P,840.0,483.2,16.0,487.15,16.0,0.0,0.0,0.0,-1.0,0.0,0.0,-0.0349,0.0,485.5288,0.0,0.0,0.0,0.0,no_change,0.0,,0.0,484.350006103516,354.53,2026-09-02 15:44:18,2026-09-02 11:45:02
TSLA,TSLA261120P00850000,TSLA,2026-11-20,P,850.0,493.2,16.0,497.15,16.0,0.0,0.0,0.0,-1.0,0.0,0.0,-0.0349,0.0,495.5288,0.0,0.0,0.0,0.0,down,412.95,2026-01-26T09:52:57,0.0,493.950012207031,354.53,2026-09-02 15:44:18,2026-09-02 11:45:02
TSLA,TSLA261120P00860000,TSLA,2026-11-20,P,860.0,503.2,16.0,507.15,16.0,0.0,0.0,0.0,-1.0,0.0,0.0,-0.0349,0.0,505.5288,0.0,0.0,0.0,0.0,no_change,0.0,,0.0,503.549987792969,354.53,2026-09-02 15:44:18,2026-09-02 11:45:02
TSLA,TSLA261120P00870000,TSLA,2026-11-20,P,870.0,513.2,16.0,517.15,16.0,0.0,0.0,0.0,-1.0,0.0,0.0,-0.0349,0.0,515.5288,0.0,0.0,0.0,0.0,up,500.0,2026-04-27T09:33:04,0.0,513.724990844727,354.53,2026-09-02 15:44:18,2026-09-02 11:45:02
TSLA,TSLA261120P00880000,TSLA,2026-11-20,P,880.0,523.2,16.0,527.15,16.0,0.0,0.0,0.0,-1.0,0.0,0.0,-0.0349,0.0,525.5288,0.0,0.0,0.0,0.0,no_change,0.0,,0.0,523.650024414062,354.53,2026-09-02 15:44:18,2026-09-02 11:45:02
TSLA,TSLA261120P00890000,TSLA,2026-11-20,P,890.0,533.2,16.0,537.15,16.0,0.0,0.0,0.0,-1.0,0.0,0.0,-0.0349,0.0,535.5288,0.0,0.0,0.0,0.0,no_change,0.0,,0.0,534.549987792969,354.53,2026-09-02 15:44:18,2026-09-02 11:45:02
TSLA,TSLA261120P00900000,TSLA,2026-11-20,P,900.0,543.35,16.0,547.3,16.0,0.0,0.0,0.0,-1.0,0.0,0.0,-0.0349,0.0,545.5288,0.0,0.0,0.0,0.0,no_change,0.0,,0.0,544.475006103516,354.53,2026-09-02 15:44:18,2026-09-02 11:45:02
TSLA,TSLA261218C00005000,TSLA,2026-12-18,C,5.0,347.05,27.0,351.85,64.0,0.0,10944.0,14.0,1.0,0.0,0.0007,0.0,0.0147,349.6832,-3.295,347.28,347.28,347.28,down,347.28,2026-09-02T09:51:36,-0.939884,350.574996948242,354.53,2026-09-02 15:44:18,2026-09-02 11:45:02
TSLA,TSLA261218C00010000,TSLA,2026-12-18,C,10.0,341.85,15.0,348.4,51.0,0.0,574.0,0.0,1.0,0.0,0.0012,0.0,0.0295,344.7583,0.0,0.0,0.0,0.0,up,351.0,2026-08-21T10:10:40,0.0,347.599990844727,354.53,2026-09-02 15:44:18,2026-09-02 11:45:02
TSLA,TSLA261218C00015000,TSLA,2026-12-18,C,15.0,336.05,16.0,343.55,16.0,0.0,130.0,0.0,1.0,0.0,0.0017,0.0,0.0442,339.8326,0.0,0.0,0.0,0.0,up,414.98,2026-05-08T11:12:21,0.0,341.299987792969,354.53,2026-09-02 15:44:18,2026-09-02 11:45:02
TSLA,TSLA261218C00020000,TSLA,2026-12-18,C,20.0,331.2,16.0,338.5,16.0,0.0,341.0,5.0,1.0,0.0,0.0022,0.0,0.059,334.9066,-4.755,331.55,331.62,331.55,no_change,331.62,2026-09-02T11:00:19,-1.4136,336.375,354.53,2026-09-02 15:44:18,2026-09-02 11:45:02
TSLA,TSLA261218C00025000,TSLA,2026-12-18,C,25.0,326.15,16.0,333.65,16.0,0.0,1618.0,0.0,1.0,0.0,0.0028,0.0,0.0737,329.9806,0.0,0.0,0.0,0.0,down,297.62,2026-07-23T12:53:35,0.0,331.349990844727,354.53,2026-09-02 15:44:18,2026-09-02 11:45:02
TSLA,TSLA261218C00030000,TSLA,2026-12-18,C,30.0,321.05,16.0,328.75,16.0,0.0,89.0,0.0,0.9999,0.0,0.0034,0.0,0.0884,325.0547,0.0,0.0,0.0,0.0,up,304.02,2026-08-07T11:33:17,0.0,326.475006103516,354.53,2026-09-02 15:44:18,2026-09-02 11:45:02
TSLA,TSLA261218C00035000,TSLA,2026-12-18,C,35.0,316.1,16.0,323.7,16.0,0.0,93.0,0.0,0.9998,0.0,0.004,0.0,0.1032,320.1289,0.0,0.0,0.0,0.0,down,357.95,2026-06-10T09:52:53,0.0,321.549987792969,354.53,2026-09-02 15:44:18,2026-09-02 11:45:02
TSLA,TSLA261218C00040000,TSLA,2026-12-18,C,40.0,311.15,16.0,318.8,16.0,0.0,11.0,0.0,0.9997,0.0,0.0046,0.0,0.1179,315.2034,0.0,0.0,0.0,0.0,down,326.39,2026-08-31T13:04:06,0.0,316.600006103516,354.53,2026-09-02 15:44:18,2026-09-02 11:45:02
TSLA,TSLA261218C00045000,TSLA,2026-12-18,C,45.0,306.5,16.0,313.85,1.0,0.0,19.0,0.0,0.9995,0.0,0.0054,0.0,0.1326,310.2782,0.0,0.0,0.0,0.0,down,312.8,2026-09-01T09:36:06,0.0,311.675003051758,354.53,2026-09-02 15:44:18,2026-09-02 11:45:02
TSLA,TSLA261218C00050000,TSLA,2026-12-18,C,50.0,301.3,16.0,309.1,16.0,0.0,768.0,0.0,0.9994,0.0,0.0061,0.0,0.1473,305.3534,0.0,0.0,0.0,0.0,down,310.33,2026-08-31T10:07:26,0.0,306.699996948242,354.53,2026-09-02 15:44:18,2026-09-02 11:45:02
TSLA,TSLA261218C00075000,TSLA,2026-12-18,C,75.0,277.4,20.0,284.45,34.0,1.2273,888.0,0.0,0.9986,0.0,0.0108,0.0,0.2206,280.7361,0.0,0.0,0.0,0.0,up,342.7,2026-06-30T10:19:11,0.0,282.324996948242,354.53,2026-09-02 15:44:18,2026-09-02 11:45:02
TSLA,TSLA261218C00080000,TSLA,2026-12-18,C,80.0,272.5,24.0,279.45,48.0,1.1692,1075.0,0.0,0.9984,0.0,0.012,0.0,0.2352,275.8144,0.0,0.0,0.0,0.0,up,272.42,2026-08-25T15:54:54,0.0,277.050003051758,354.53,2026-09-02 15:44:18,2026-09-02 11:45:02
TSLA,TSLA261218C00085000,TSLA,2026-12-18,C,85.0,267.55,20.0,274.5,35.0,1.1146,348.0,0.0,0.9982,0.0,0.0133,0.0,0.2498,270.8934,0.0,0.0,0.0,0.0,up,246.88,2026-08-10T11:27:41,0.0,272.550003051758,354.53,2026-09-02 15:44:18,2026-09-02 11:45:02
TSLA,TSLA261218C00090000,TSLA,2026-12-18,C,90.0,262.65,25.0,269.7,35.0,1.1072,570.0,0.0,0.9979,0.0,0.0146,0.0,0.2643,265.9731,0.0,0.0,0.0,0.0,no_change,218.99,2026-07-30T09:50:40,0.0,267.625,354.53,2026-09-02 15:44:18,2026-09-02 11:45:02
TSLA,TSLA261218C00095000,TSLA,2026-12-18,C,95.0,257.75,20.0,264.6,33.0,1.0377,203.0,0.0,0.9976,0.0,0.0161,0.0,0.2789,261.0537,0.0,0.0,0.0,0.0,down,303.6,2026-06-18T15:22:20,0.0,262.774993896484,354.53,2026-09-02 15:44:18,2026-09-02 11:45:02
TSLA,TSLA261218C00100000,TSLA,2026-12-18,C,100.0,254.25,33.0,258.8,35.0,1.0927,1645.0,0.0,0.9974,0.0,0.0177,0.0,0.2934,256.1351,0.0,0.0,0.0,0.0,down,255.43,2026-09-01T14:52:24,0.0,257.899993896484,354.53,2026-09-02 15:44:18,2026-09-02 11:45:02
TSLA,TSLA261218C00105000,TSLA,2026-12-18,C,105.0,248.55,16.0,253.9,17.0,0.9234,4921.0,0.0,0.997,0.0001,0.0194,0.0,0.3078,251.2176,0.0,0.0,0.0,0.0,no_change,268.05,2026-07-20T15:08:30,0.0,252.824996948242,354.53,2026-09-02 15:44:18,2026-09-02 11:45:02
TSLA,TSLA261218C00110000,TSLA,2026-12-18,C,110.0,242.8,24.0,249.85,43.0,0.9054,309.0,0.0,0.9967,0.0001,0.0212,0.0,0.3223,246.3012,0.0,0.0,0.0,0.0,down,199.97,2026-07-27T13:19:39,0.0,247.75,354.53,2026-09-02 15:44:18,2026-09-02 11:45:02
TSLA,TSLA261218C00115000,TSLA,2026-12-18,C,115.0,238.1,24.0,245.0,45.0,0.9302,117.0,0.0,0.9963,0.0001,0.0231,0.0,0.3367,241.3859,0.0,0.0,0.0,0.0,up,270.95,2026-07-17T12:09:20,0.0,242.849998474121,354.53,2026-09-02 15:44:18,2026-09-02 11:45:02
TSLA,TSLA261218C00120000,TSLA,2026-12-18,C,120.0,233.2,20.0,240.45,25.0,0.951,480.0,0.0,0.9959,0.0001,0.0252,0.0,0.3511,236.4719,0.0,0.0,0.0,0.0,up,249.1,2026-08-31T13:16:29,0.0,237.75,354.53,2026-09-02 15:44:18,2026-09-02 11:45:02
TSLA,TSLA261218C00125000,TSLA,2026-12-18,C,125.0,228.3,24.0,235.2,26.0,0.8836,558.0,0.0,0.9954,0.0001,0.0275,0.0,0.3654,231.5592,0.0,0.0,0.0,0.0,up,215.0,2026-08-18T09:38:09,0.0,232.974998474121,354.53,2026-09-02 15:44:18,2026-09-02 11:45:02
TSLA,TSLA261218C00130000,TSLA,2026-12-18,C,130.0,223.35,28.0,230.2,20.0,0.8416,249.0,0.0,0.995,0.0001,0.03,0.0,0.3797,226.6482,0.0,0.0,0.0,0.0,down,180.84,2026-07-27T13:22:09,0.0,228.099998474121,354.53,2026-09-02 15:44:18,2026-09-02 11:45:02
TSLA,TSLA261218C00135000,TSLA,2026-12-18,C,135.0,217.8,16.0,225.45,19.0,0.7406,324.0,0.0,0.9944,0.0001,0.0326,0.0,0.3939,221.7388,0.0,0.0,0.0,0.0,down,218.0,2026-08-27T12:12:09,0.0,223.325004577637,354.53,2026-09-02 15:44:18,2026-09-02 11:45:02
TSLA,TSLA261218C00140000,TSLA,2026-12-18,C,140.0,213.05,18.0,220.6,17.0,0.7608,592.0,0.0,0.9938,0.0001,0.0355,0.0,0.4081,216.8313,0.0,0.0,0.0,0.0,up,229.14,2026-08-31T13:39:14,0.0,218.375,354.53,2026-09-02 15:44:18,2026-09-02 11:45:02
TSLA,TSLA261218C00145000,TSLA,2026-12-18,C,145.0,208.05,17.0,215.55,19.0,0.7048,325.0,0.0,0.9932,0.0001,0.0386,0.0,0.4222,211.9258,0.0,0.0,0.0,0.0,up,165.05,2026-07-30T13:01:43,0.0,213.650001525879,354.53,2026-09-02 15:44:18,2026-09-02 11:45:02
TSLA,TSLA261218C00150000,TSLA,2026-12-18,C,150.0,204.45,16.0,209.7,17.0,0.7374,2475.0,0.0,0.9925,0.0001,0.0419,0.0,0.4362,207.0226,0.0,0.0,0.0,0.0,up,219.37,2026-08-31T13:39:14,0.0,208.450004577637,354.53,2026-09-02 15:44:18,2026-09-02 11:45:02
TSLA,TSLA261218C00155000,TSLA,2026-12-18,C,155.0,198.4,16.0,205.7,17.0,0.6898,461.0,0.0,0.9917,0.0002,0.0455,0.0,0.4501,202.1218,0.0,0.0,0.0,0.0,up,201.24,2026-08-25T11:56:29,0.0,203.849998474121,354.53,2026-09-02 15:44:18,2026-09-02 11:45:02
TSLA,TSLA261218C00160000,TSLA,2026-12-18,C,160.0,193.35,17.0,200.8,18.0,0.6546,602.0,0.0,0.9909,0.0002,0.0495,0.0,0.464,197.2239,0.0,0.0,0.0,0.0,up,196.35,2026-08-25T11:56:29,0.0,198.524993896484,354.53,2026-09-02 15:44:18,2026-09-02 11:45:02
TSLA,TSLA261218C00165000,TSLA,2026-12-18,C,165.0,188.95,37.0,195.95,35.0,0.6948,786.0,0.0,0.9899,0.0002,0.0538,0.0,0.4777,192.3291,0.0,0.0,0.0,0.0,down,177.07,2026-08-18T13:11:53,0.0,193.849998474121,354.53,2026-09-02 15:44:18,2026-09-02 11:45:02
TSLA,TSLA261218C00170000,TSLA,2026-12-18,C,170.0,184.25,20.0,190.95,41.0,0.6833,910.0,0.0,0.9889,0.0002,0.0584,0.0,0.4914,187.438,0.0,0.0,0.0,0.0,down,186.7,2026-08-25T14:57:25,0.0,189.0,354.53,2026-09-02 15:44:18,2026-09-02 11:45:02
TSLA,TSLA261218C00175000,TSLA,2026-12-18,C,175.0,179.35,24.0,186.3,28.0,0.6808,1209.0,0.0,0.9877,0.0003,0.0634,0.0,0.5049,182.5511,0.0,0.0,0.0,0.0,up,175.0,2026-08-14T10:19:58,0.0,184.400001525879,354.53,2026-09-02 15:44:18,2026-09-02 11:45:02
TSLA,TSLA261218C00180000,TSLA,2026-12-18,C,180.0,175.85,20.0,180.15,20.0,0.6696,1508.0,0.0,0.9865,0.0003,0.0689,0.0,0.5183,177.6691,0.0,0.0,0.0,0.0,up,181.8,2026-09-01T12:05:52,0.0,179.025001525879,354.53,2026-09-02 15:44:18,2026-09-02 11:45:02
TSLA,TSLA261218C00185000,TSLA,2026-12-18,C,185.0,169.45,58.0,176.5,44.0,0.6352,563.0,0.0,0.985,0.0003,0.075,0.0,0.5315,172.7929,0.0,0.0,0.0,0.0,no_change,153.45,2026-08-14T11:26:30,0.0,174.050003051758,354.53,2026-09-02 15:44:18,2026-09-02 11:45:02
TSLA,TSLA261218C00190000,TSLA,2026-12-18,C,190.0,164.6,44.0,171.5,72.0,0.6132,690.0,0.0,0.9835,0.0004,0.0817,0.0,0.5444,167.9238,0.0,0.0,0.0,0.0,up,159.84,2026-08-28T15:14:44,0.0,169.224998474121,354.53,2026-09-02 15:44:18,2026-09-02 11:45:02
TSLA,TSLA261218C00195000,TSLA,2026-12-18,C,195.0,160.15,44.0,166.65,66.0,0.6199,396.0,0.0,0.9816,0.0004,0.0891,0.0,0.5572,163.0632,0.0,0.0,0.0,0.0,up,152.46,2026-08-20T15:00:32,0.0,164.525001525879,354.53,2026-09-02 15:44:18,2026-09-02 11:45:02
TSLA,TSLA261218C00200000,TSLA,2026-12-18,C,200.0,157.0,66.0,160.0,53.0,0.6002,4024.0,94.0,0.9796,0.0004,0.0972,0.0,0.5696,158.2128,-2.555,159.15,159.15,155.22,no_change,157.02,2026-09-02T11:08:09,-1.60113,159.575004577637,354.53,2026-09-02 15:44:18,2026-09-02 11:45:02
TSLA,TSLA261218C00205000,TSLA,2026-12-18,C,205.0,152.55,97.0,155.1,133.0,0.5993,222.0,94.0,0.9773,0.0005,0.1063,0.0,0.5818,153.3746,-2.67,154.25,154.26,150.35,no_change,152.23,2026-09-02T11:08:09,-1.72369,154.900001525879,354.53,2026-09-02 15:44:18,2026-09-02 11:45:02
TSLA,TSLA261218C00210000,TSLA,2026-12-18,C,210.0,147.8,42.0,150.1,124.0,0.5813,727.0,75.0,0.9746,0.0006,0.1165,0.0,0.5935,148.5511,-0.86,147.59,149.12,147.59,no_change,148.99,2026-09-02T11:29:14,-0.573906,149.849998474121,354.53,2026-09-02 15:44:18,2026-09-02 11:45:02
TSLA,TSLA261218C00215000,TSLA,2026-12-18,C,215.0,143.1,48.0,145.25,128.0,0.5703,1024.0,75.0,0.9716,0.0006,0.1279,0.0,0.6047,143.7451,-0.9,142.74,144.27,142.74,no_change,144.15,2026-09-02T11:29:14,-0.620473,145.049995422363,354.53,2026-09-02 15:44:18,2026-09-02 11:45:02
TSLA,TSLA261218C00220000,TSLA,2026-12-18,C,220.0,138.0,104.0,140.55,130.0,0.5506,2184.0,0.0,0.9682,0.0007,0.1404,0.0,0.6155,138.9597,0.0,0.0,0.0,0.0,down,141.24,2026-09-01T13:24:30,0.0,140.224998474121,354.53,2026-09-02 15:44:18,2026-09-02 11:45:02
TSLA,TSLA261218C00225000,TSLA,2026-12-18,C,225.0,132.15,240.0,136.0,154.0,0.5114,807.0,0.0,0.9642,0.0008,0.1544,0.0,0.6257,134.198,0.0,0.0,0.0,0.0,no_change,144.25,2026-08-31T12:03:22,0.0,135.699996948242,354.53,2026-09-02 15:44:18,2026-09-02 11:45:02
TSLA,TSLA261218C00230000,TSLA,2026-12-18,C,230.0,127.85,189.0,131.15,106.0,0.5135,1363.0,0.0,0.9597,0.0009,0.17,0.0,0.6351,129.4641,0.0,0.0,0.0,0.0,up,137.17,2026-09-01T09:30:02,0.0,130.849998474121,354.53,2026-09-02 15:44:18,2026-09-02 11:45:02
TSLA,TSLA261218C00235000,TSLA,2026-12-18,C,235.0,123.6,129.0,126.3,105.0,0.5137,1143.0,0.0,0.9545,0.001,0.187,0.0,0.6438,124.7623,0.0,0.0,0.0,0.0,up,132.39,2026-09-01T09:30:02,0.0,126.049999237061,354.53,2026-09-02 15:44:18,2026-09-02 11:45:02
TSLA,TSLA261218C00240000,TSLA,2026-12-18,C,240.0,119.2,176.0,121.1,151.0,0.4992,1703.0,1.0,0.9487,0.0011,0.2055,-0.0047,0.6518,120.0964,-3.945,117.73,117.73,117.73,down,117.73,2026-09-02T09:40:38,-3.24224,121.674999237061,354.53,2026-09-02 15:44:18,2026-09-02 11:45:02
TSLA,TSLA261218C00245000,TSLA,2026-12-18,C,245.0,114.75,28.0,116.5,95.0,0.4968,756.0,0.0,0.9422,0.0012,0.226,-0.0103,0.6587,115.4712,0.0,0.0,0.0,0.0,down,115.87,2026-09-01T14:18:44,0.0,117.224998474121,354.53,2026-09-02 15:44:18,2026-09-02 11:45:02
TSLA,TSLA261218C00250000,TSLA,2026-12-18,C,250.0,110.1,21.0,111.7,88.0,0.4842,2382.0,0.0,0.9348,0.0014,0.248,-0.0162,0.6646,110.8924,0.0,0.0,0.0,0.0,down,110.7,2026-09-01T14:41:09,0.0,112.674999237061,354.53,2026-09-02 15:44:18,2026-09-02 11:45:02
TSLA,TSLA261218C00260000,TSLA,2026-12-18,C,260.0,101.1,38.0,102.65,98.0,0.4727,2757.0,2.0,0.9174,0.0017,0.2965,-0.0289,0.6732,101.8935,1.35,105.52,105.52,105.0,down,105.0,2026-09-02T09:30:23,1.30246,103.649997711182,354.53,2026-09-02 15:44:18,2026-09-02 11:45:02
TSLA,TSLA261218C00265000,TSLA,2026-12-18,C,265.0,96.9,17.0,98.45,45.0,0.475,21.0,0.0,0.9072,0.0018,0.3229,-0.0356,0.6756,97.4707,0.0,0.0,0.0,0.0,down,97.05,2026-08-28T10:04:37,0.0,98.7000007629394,354.53,2026-09-02 15:44:18,2026-09-02 11:45:02
TSLA,TSLA261218C00270000,TSLA,2026-12-18,C,270.0,92.35,53.0,93.9,91.0,0.4642,1602.0,0.0,0.896,0.002,0.3503,-0.0425,0.6769,93.1319,0.0,0.0,0.0,0.0,down,93.45,2026-09-01T14:18:44,0.0,94.8000030517578,354.53,2026-09-02 15:44:18,2026-09-02 11:45:02
TSLA,TSLA261218C00275000,TSLA,2026-12-18,C,275.0,87.9,91.0,89.85,119.0,0.4607,82.0,0.0,0.8839,0.0022,0.3792,-0.0495,0.6766,88.8684,0.0,0.0,0.0,0.0,down,92.07,2026-09-01T09:56:45,0.0,90.25,354.53,2026-09-02 15:44:18,2026-09-02 11:45:02
TSLA,TSLA261218C00280000,TSLA,2026-12-18,C,280.0,84.05,146.0,85.4,151.0,0.4579,1630.0,4.0,0.8706,0.0024,0.4086,-0.0567,0.675,84.688,-1.455,83.0,84.77,82.57,up,84.77,2026-09-02T10:18:41,-1.68744,86.2249984741211,354.53,2026-09-02 15:44:18,2026-09-02 11:45:02
TSLA,TSLA261218C00285000,TSLA,2026-12-18,C,285.0,79.8,57.0,81.45,90.0,0.4542,100.0,1.0,0.8563,0.0026,0.4385,-0.064,0.6722,80.6088,-0.47,81.38,81.38,81.38,down,81.38,2026-09-02T10:42:21,-0.574219,81.8499984741211,354.53,2026-09-02 15:44:18,2026-09-02 11:45:02
TSLA,TSLA261218C00290000,TSLA,2026-12-18,C,290.0,76.2,102.0,77.25,148.0,0.4537,2184.0,1.0,0.8409,0.0028,0.4692,-0.0713,0.6676,76.5974,-3.65,74.5,74.5,74.5,down,74.5,2026-09-02T10:57:44,-4.6705,78.1499977111816,354.53,2026-09-02 15:44:18,2026-09-02 11:45:02
TSLA,TSLA261218C00295000,TSLA,2026-12-18,C,295.0,71.85,172.0,73.55,141.0,0.4484,109.0,1.0,0.8244,0.003,0.4994,-0.0786,0.6618,72.7015,-0.925,73.0,73.0,73.0,down,73.0,2026-09-02T11:18:34,-1.25127,73.9249992370606,354.53,2026-09-02 15:44:18,2026-09-02 11:45:02
TSLA,TSLA261218C00300000,TSLA,2026-12-18,C,300.0,68.25,157.0,69.35,95.0,0.444,5303.0,1.0,0.8069,0.0032,0.5293,-0.0857,0.6546,68.9114,0.55,70.9,70.9,70.9,up,70.9,2026-09-02T09:34:23,0.781807,70.3499984741211,354.53,2026-09-02 15:44:18,2026-09-02 11:45:02
TSLA,TSLA261218C00305000,TSLA,2026-12-18,C,305.0,64.8,127.0,65.6,89.0,0.4428,506.0,10.0,0.7885,0.0034,0.5589,-0.0927,0.6457,65.2481,3.3,70.0,70.0,70.0,up,70.0,2026-09-02T09:30:00,4.94753,66.7000007629394,354.53,2026-09-02 15:44:18,2026-09-02 11:45:02
TSLA,TSLA261218C00310000,TSLA,2026-12-18,C,310.0,61.4,56.0,62.25,156.0,0.4449,1916.0,2.0,0.769,0.0036,0.5871,-0.0994,0.6358,61.6764,-3.94,59.11,59.11,59.11,down,59.11,2026-09-02T10:00:47,-6.24901,63.0500011444092,354.53,2026-09-02 15:44:18,2026-09-02 11:45:02
TSLA,TSLA261218C00315000,TSLA,2026-12-18,C,315.0,58.05,14.0,59.15,229.0,0.4468,375.0,0.0,0.7488,0.0038,0.6142,-0.1059,0.6245,58.2391,0.0,0.0,0.0,0.0,down,60.67,2026-09-01T12:42:45,0.0,59.625,354.53,2026-09-02 15:44:18,2026-09-02 11:45:02
TSLA,TSLA261218C00320000,TSLA,2026-12-18,C,320.0,54.7,120.0,55.5,184.0,0.4423,2301.0,4.0,0.7278,0.0039,0.6398,-0.112,0.6118,54.9275,-1.25,56.72,56.72,53.0,up,55.0,2026-09-02T10:21:32,-2.22222,56.25,354.53,2026-09-02 15:44:18,2026-09-02 11:45:02
TSLA,TSLA261218C00325000,TSLA,2026-12-18,C,325.0,50.9,269.0,52.65,295.0,0.439,940.0,8.0,0.7062,0.0041,0.6633,-0.1178,0.5984,51.7437,-1.95,50.9,52.05,50.24,down,51.0,2026-09-02T10:53:36,-3.68272,52.9499988555908,354.53,2026-09-02 15:44:18,2026-09-02 11:45:02
TSLA,TSLA261218C00330000,TSLA,2026-12-18,C,330.0,48.25,222.0,49.1,152.0,0.4377,5425.0,1.0,0.6839,0.0042,0.685,-0.1231,0.5836,48.675,-3.05,46.85,46.85,46.85,down,46.85,2026-09-02T10:09:53,-6.11222,49.8999996185303,354.53,2026-09-02 15:44:18,2026-09-02 11:45:02
TSLA,TSLA261218C00335000,TSLA,2026-12-18,C,335.0,45.3,196.0,46.65,258.0,0.44,708.0,3.0,0.6614,0.0043,0.7042,-0.1279,0.5681,45.7676,-0.075,43.51,46.8,43.51,up,46.8,2026-09-02T10:48:21,-0.16,46.875,354.53,2026-09-02 15:44:18,2026-09-02 11:45:02
TSLA,TSLA261218C00340000,TSLA,2026-12-18,C,340.0,42.6,267.0,43.45,245.0,0.437,2180.0,24.0,0.6385,0.0044,0.7209,-0.1322,0.5522,42.9872,-2.1,41.85,43.55,40.75,up,42.0,2026-09-02T11:04:38,-4.76191,44.1000003814697,354.53,2026-09-02 15:44:18,2026-09-02 11:45:02
TSLA,TSLA261218C00345000,TSLA,2026-12-18,C,345.0,40.1,28.0,41.0,324.0,0.4393,636.0,2.0,0.6152,0.0045,0.7352,-0.136,0.5351,40.3184,-0.15,38.82,41.15,38.82,up,41.15,2026-09-02T10:46:50,-0.363194,41.2999992370606,354.53,2026-09-02 15:44:18,2026-09-02 11:45:02
TSLA,TSLA261218C00350000,TSLA,2026-12-18,C,350.0,37.65,43.0,38.0,49.0,0.4364,6782.0,47.0,0.5919,0.0046,0.7469,-0.1392,0.5176,37.7919,-0.875,39.45,39.45,35.25,down,37.85,2026-09-02T11:28:32,-2.25952,38.7250003814697,354.53,2026-09-02 15:44:18,2026-09-02 11:45:02
TSLA,TSLA261218C00355000,TSLA,2026-12-18,C,355.0,35.25,64.0,35.55,31.0,0.4362,641.0,49.0,0.5685,0.0047,0.7558,-0.1419,0.5,35.3824,-0.675,38.8,38.8,33.6,up,35.65,2026-09-02T11:28:23,-1.85822,36.3249988555908,354.53,2026-09-02 15:44:18,2026-09-02 11:45:02
TSLA,TSLA261218C00360000,TSLA,2026-12-18,C,360.0,33.0,68.0,33.3,33.0,0.4364,2632.0,220.0,0.5454,0.0047,0.7621,-0.144,0.4818,33.1238,-1.015,35.0,35.5,31.0,up,32.96,2026-09-02T11:14:14,-2.98749,33.9750003814697,354.53,2026-09-02 15:44:18,2026-09-02 11:45:02
TSLA,TSLA261218C00365000,TSLA,2026-12-18,C,365.0,30.8,183.0,31.15,62.0,0.4363,930.0,23.0,0.5224,0.0047,0.7658,-0.1456,0.4635,30.9797,-0.73,32.75,33.4,29.08,up,31.02,2026-09-02T11:12:25,-2.29921,31.75,354.53,2026-09-02 15:44:18,2026-09-02 11:45:02
TSLA,TSLA261218C00370000,TSLA,2026-12-18,C,370.0,28.75,151.0,29.0,16.0,0.4356,2903.0,46.0,0.4998,0.0047,0.7671,-0.1466,0.4456,28.9644,-0.725,30.55,31.13,27.0,down,29.0,2026-09-02T11:28:28,-2.43902,29.7249994277954,354.53,2026-09-02 15:44:18,2026-09-02 11:45:02
TSLA,TSLA261218C00375000,TSLA,2026-12-18,C,375.0,26.9,166.0,27.2,36.0,0.4371,1072.0,59.0,0.4775,0.0047,0.7658,-0.1472,0.4272,27.059,-0.35,28.57,29.15,25.26,no_change,27.4,2026-09-02T11:23:16,-1.26126,27.75,354.53,2026-09-02 15:44:18,2026-09-02 11:45:02
TSLA,TSLA261218C00380000,TSLA,2026-12-18,C,380.0,25.15,66.0,25.4,74.0,0.4382,6385.0,41.0,0.4554,0.0047,0.7622,-0.1473,0.4088,25.2533,-0.35,27.0,27.0,23.45,no_change,25.55,2026-09-02T11:27:26,-1.35135,25.8999996185303,354.53,2026-09-02 15:44:18,2026-09-02 11:45:02
TSLA,TSLA261218C00385000,TSLA,2026-12-18,C,385.0,23.4,250.0,23.75,79.0,0.4384,974.0,10.0,0.4343,0.0046,0.7568,-0.1469,0.3914,23.5897,-0.375,21.95,23.9,21.95,down,23.8,2026-09-02T10:49:06,-1.55119,24.1750001907349,354.53,2026-09-02 15:44:18,2026-09-02 11:45:02
TSLA,TSLA261218C00390000,TSLA,2026-12-18,C,390.0,21.9,38.0,22.15,49.0,0.4397,2541.0,55.0,0.4134,0.0046,0.7491,-0.1461,0.3738,22.0088,-0.9,21.12,22.46,20.5,up,21.65,2026-09-02T11:09:23,-3.99113,22.5500001907349,354.53,2026-09-02 15:44:18,2026-09-02 11:45:02
TSLA,TSLA261218C00395000,TSLA,2026-12-18,C,395.0,20.45,37.0,20.7,82.0,0.441,1208.0,5.0,0.3933,0.0045,0.7396,-0.145,0.3564,20.5365,-0.475,19.55,20.55,19.55,up,20.55,2026-09-02T10:51:32,-2.25922,21.0250005722046,354.53,2026-09-02 15:44:18,2026-09-02 11:45:02
TSLA,TSLA261218C00400000,TSLA,2026-12-18,C,400.0,18.95,121.0,19.2,4.0,0.4403,13444.0,148.0,0.3738,0.0044,0.7286,-0.1434,0.3398,19.1608,-0.34,20.23,20.23,17.55,down,19.26,2026-09-02T11:26:28,-1.7347,19.6000003814697,354.53,2026-09-02 15:44:18,2026-09-02 11:45:02
TSLA,TSLA261218C00405000,TSLA,2026-12-18,C,405.0,17.75,76.0,18.0,37.0,0.4426,954.0,39.0,0.3551,0.0044,0.7165,-0.1416,0.3238,17.8814,-0.2,18.8,18.8,17.0,up,18.05,2026-09-02T10:38:39,-1.09589,18.25,354.53,2026-09-02 15:44:18,2026-09-02 11:45:02
TSLA,TSLA261218C00410000,TSLA,2026-12-18,C,410.0,16.6,31.0,16.85,125.0,0.4446,2794.0,98.0,0.337,0.0043,0.7026,-0.1395,0.3078,16.6783,-0.275,15.95,17.27,15.3,down,16.75,2026-09-02T11:26:28,-1.61527,17.0249996185303,354.53,2026-09-02 15:44:18,2026-09-02 11:45:02
TSLA,TSLA261218C00415000,TSLA,2026-12-18,C,415.0,15.45,112.0,15.7,58.0,0.4453,478.0,3.0,0.3197,0.0042,0.6879,-0.1372,0.2925,15.5679,0.15,14.95,16.0,14.95,up,16.0,2026-09-02T11:17:43,0.946373,15.8499999046326,354.53,2026-09-02 15:44:18,2026-09-02 11:45:02
TSLA,TSLA261218C00420000,TSLA,2026-12-18,C,420.0,14.45,42.0,14.65,60.0,0.4469,5501.0,120.0,0.3031,0.004,0.6726,-0.1347,0.2781,14.5297,-0.05,15.7,15.7,13.5,up,14.75,2026-09-02T11:22:53,-0.337836,14.7999997138977,354.53,2026-09-02 15:44:18,2026-09-02 11:45:02
TSLA,TSLA261218C00425000,TSLA,2026-12-18,C,425.0,13.45,171.0,13.7,86.0,0.4484,1196.0,3.0,0.2872,0.0039,0.6563,-0.132,0.2641,13.5594,-0.05,12.7,13.75,12.7,up,13.75,2026-09-02T11:25:49,-0.362317,13.7999997138977,354.53,2026-09-02 15:44:18,2026-09-02 11:45:02
TSLA,TSLA261218C00430000,TSLA,2026-12-18,C,430.0,12.55,173.0,12.8,98.0,0.4499,3548.0,115.0,0.2721,0.0038,0.6393,-0.1291,0.2504,12.6624,-0.16,11.65,12.74,11.53,up,12.74,2026-09-02T11:16:04,-1.24031,12.9000000953674,354.53,2026-09-02 15:44:18,2026-09-02 11:45:02
TSLA,TSLA261218C00435000,TSLA,2026-12-18,C,435.0,11.75,37.0,11.95,53.0,0.4516,5417.0,40.0,0.2578,0.0037,0.6219,-0.1262,0.2375,11.8297,-0.45,11.24,11.55,10.92,up,11.55,2026-09-02T10:16:13,-3.75,12.0,354.53,2026-09-02 15:44:18,2026-09-02 11:45:02
TSLA,TSLA261218C00440000,TSLA,2026-12-18,C,440.0,10.95,142.0,11.2,218.0,0.4533,5207.0,16.0,0.2441,0.0036,0.6046,-0.1231,0.2254,11.057,0.02,10.9,11.32,10.25,up,11.27,2026-09-02T11:27:07,0.177778,11.25,354.53,2026-09-02 15:44:18,2026-09-02 11:45:02
TSLA,TSLA261218C00445000,TSLA,2026-12-18,C,445.0,10.25,57.0,10.5,270.0,0.4554,2553.0,72.0,0.2312,0.0035,0.5872,-0.12,0.2138,10.3395,-0.715,11.01,11.01,9.74,no_change,9.76,2026-09-02T11:00:59,-6.82578,10.4750003814697,354.53,2026-09-02 15:44:18,2026-09-02 11:45:02
TSLA,TSLA261218C00450000,TSLA,2026-12-18,C,450.0,9.55,186.0,9.8,127.0,0.4566,8024.0,97.0,0.219,0.0034,0.5694,-0.1169,0.2026,9.6772,-0.04,10.58,10.58,8.7,up,9.81,2026-09-02T11:25:34,-0.40609,9.84999990463257,354.53,2026-09-02 15:44:18,2026-09-02 11:45:02
TSLA,TSLA261218C00455000,TSLA,2026-12-18,C,455.0,8.95,64.0,9.25,260.0,0.4594,932.0,3.0,0.2073,0.0032,0.5514,-0.1138,0.1919,9.0583,0.075,8.5,9.2,8.5,up,9.2,2026-09-02T10:26:20,0.821918,9.125,354.53,2026-09-02 15:44:18,2026-09-02 11:45:02
TSLA,TSLA261218C00460000,TSLA,2026-12-18,C,460.0,8.4,59.0,8.6,76.0,0.4608,4857.0,49.0,0.1964,0.0031,0.534,-0.1106,0.182,8.4876,-0.605,7.85,8.75,7.8,no_change,7.97,2026-09-02T11:00:59,-7.05539,8.57499980926514,354.53,2026-09-02 15:44:18,2026-09-02 11:45:02
TSLA,TSLA261218C00465000,TSLA,2026-12-18,C,465.0,7.85,154.0,8.1,82.0,0.463,576.0,4.0,0.186,0.003,0.517,-0.1075,0.1727,7.9584,0.02,8.15,8.2,8.02,down,8.02,2026-09-02T11:28:18,0.249997,8.00000023841858,354.53,2026-09-02 15:44:18,2026-09-02 11:45:02
TSLA,TSLA261218C00470000,TSLA,2026-12-18,C,470.0,7.35,322.0,7.5,103.0,0.4649,3993.0,64.0,0.1763,0.0029,0.5,-0.1045,0.1638,7.4681,-0.525,7.9,7.9,6.85,down,7.05,2026-09-02T11:01:07,-6.93069,7.57500004768372,354.53,2026-09-02 15:44:18,2026-09-02 11:45:02
TSLA,TSLA261218C00480000,TSLA,2026-12-18,C,480.0,6.5,159.0,6.7,237.0,0.4693,4912.0,45.0,0.1584,0.0027,0.4666,-0.0985,0.1472,6.5944,-0.15,6.0,6.85,6.0,up,6.45,2026-09-02T11:08:46,-2.27273,6.59999990463257,354.53,2026-09-02 15:44:18,2026-09-02 11:45:02
TSLA,TSLA261218C00490000,TSLA,2026-12-18,C,490.0,5.75,94.0,5.95,250.0,0.474,1790.0,65.0,0.1427,0.0025,0.4357,-0.0927,0.1329,5.8448,-0.02,5.62,5.83,5.4,up,5.83,2026-09-02T11:15:33,-0.341879,5.84999990463257,354.53,2026-09-02 15:44:18,2026-09-02 11:45:02
TSLA,TSLA261218C00500000,TSLA,2026-12-18,C,500.0,5.1,213.0,5.3,313.0,0.4788,17507.0,258.0,0.1287,0.0023,0.4062,-0.0873,0.1199,5.2011,0.05,5.35,5.55,4.7,no_change,5.25,2026-09-02T11:23:00,0.961538,5.20000004768372,354.53,2026-09-02 15:44:18,2026-09-02 11:45:02
TSLA,TSLA261218C00510000,TSLA,2026-12-18,C,510.0,4.55,189.0,4.75,244.0,0.4839,3285.0,106.0,0.1165,0.0021,0.3786,-0.0822,0.1085,4.6487,0.005,4.6,4.85,4.32,down,4.63,2026-09-02T11:18:58,0.108108,4.625,354.53,2026-09-02 15:44:18,2026-09-02 11:45:02
TSLA,TSLA261218C00520000,TSLA,2026-12-18,C,520.0,4.1,45.0,4.3,228.0,0.49,1924.0,60.0,0.1057,0.0019,0.3535,-0.0774,0.0986,4.1728,0.02,4.0,4.25,3.91,no_change,4.17,2026-09-02T11:16:02,0.481925,4.15000009536743,354.53,2026-09-02 15:44:18,2026-09-02 11:45:02
TSLA,TSLA261218C00530000,TSLA,2026-12-18,C,530.0,3.7,81.0,3.85,205.0,0.4951,2307.0,52.0,0.0961,0.0018,0.33,-0.073,0.0896,3.762,0.005,3.55,3.77,3.55,no_change,3.73,2026-09-02T11:16:02,0.134228,3.72500002384186,354.53,2026-09-02 15:44:18,2026-09-02 11:45:02
TSLA,TSLA261218C00540000,TSLA,2026-12-18,C,540.0,3.35,101.0,3.5,152.0,0.5009,4651.0,0.0,0.0877,0.0016,0.3082,-0.069,0.0817,3.407,0.0,0.0,0.0,0.0,up,3.42,2026-09-01T15:56:18,0.0,3.375,354.53,2026-09-02 15:44:18,2026-09-02 11:45:02
TSLA,TSLA261218C00550000,TSLA,2026-12-18,C,550.0,3.0,182.0,3.2,194.0,0.5061,9771.0,5.0,0.0803,0.0015,0.2887,-0.0652,0.0749,3.0986,-0.175,3.27,3.27,2.9,down,2.9,2026-09-02T10:06:08,-5.69106,3.07500004768372,354.53,2026-09-02 15:44:18,2026-09-02 11:45:02
TSLA,TSLA261218C00560000,TSLA,2026-12-18,C,560.0,2.79,63.0,2.9,173.0,0.5127,3827.0,71.0,0.0737,0.0014,0.2708,-0.0618,0.0687,2.8294,0.04,2.84,2.88,2.78,down,2.85,2026-09-02T11:28:18,1.42349,2.80999994277954,354.53,2026-09-02 15:44:18,2026-09-02 11:45:02
TSLA,TSLA261218C00570000,TSLA,2026-12-18,C,570.0,2.54,152.0,2.69,233.0,0.5187,2985.0,54.0,0.0679,0.0013,0.254,-0.0586,0.0632,2.5939,0.015,2.45,2.63,2.45,down,2.59,2026-09-02T11:27:31,0.582522,2.57500004768372,354.53,2026-09-02 15:44:18,2026-09-02 11:45:02
TSLA,TSLA261218C00580000,TSLA,2026-12-18,C,580.0,2.33,159.0,2.47,145.0,0.5243,3446.0,299.0,0.0627,0.0012,0.2388,-0.0557,0.0583,2.3879,0.055,2.42,2.42,2.42,no_change,2.42,2026-09-02T10:33:14,2.32558,2.36500000953674,354.53,2026-09-02 15:44:18,2026-09-02 11:45:02
TSLA,TSLA261218C00590000,TSLA,2026-12-18,C,590.0,2.15,170.0,2.31,165.0,0.5309,2338.0,299.0,0.0581,0.0011,0.225,-0.053,0.054,2.2049,0.065,2.25,2.25,2.25,no_change,2.25,2026-09-02T10:33:14,2.97483,2.18499994277954,354.53,2026-09-02 15:44:18,2026-09-02 11:45:02
TSLA,TSLA261218C00600000,TSLA,2026-12-18,C,600.0,2.01,225.0,2.11,215.0,0.5366,12269.0,460.0,0.0539,0.001,0.2124,-0.0505,0.0502,2.0423,-0.04,2.26,2.26,1.94,no_change,2.0,2026-09-02T11:12:54,-1.96078,2.03999996185303,354.53,2026-09-02 15:44:18,2026-09-02 11:45:02
TSLA,TSLA261218C00610000,TSLA,2026-12-18,C,610.0,1.87,57.0,2.04,203.0,0.5447,1416.0,0.0,0.0502,0.001,0.2005,-0.0482,0.0466,1.8972,0.0,0.0,0.0,0.0,down,1.87,2026-09-01T15:25:39,0.0,1.875,354.53,2026-09-02 15:44:18,2026-09-02 11:45:02
TSLA,TSLA261218C00620000,TSLA,2026-12-18,C,620.0,1.69,243.0,1.82,72.0,0.547,1515.0,2.0,0.0468,0.0009,0.1895,-0.0461,0.0434,1.7675,0.11,1.71,1.85,1.71,up,1.85,2026-09-02T10:44:16,6.32184,1.7399999499321,354.53,2026-09-02 15:44:18,2026-09-02 11:45:02
TSLA,TSLA261218C00630000,TSLA,2026-12-18,C,630.0,1.47,138.0,1.81,166.0,0.553,843.0,0.0,0.0438,0.0009,0.1795,-0.0441,0.0406,1.6509,0.0,0.0,0.0,0.0,no_change,2.05,2026-08-31T11:51:06,0.0,1.65500003099442,354.53,2026-09-02 15:44:18,2026-09-02 11:45:02
TSLA,TSLA261218C00640000,TSLA,2026-12-18,C,640.0,1.36,174.0,1.71,168.0,0.5589,630.0,0.0,0.041,0.0008,0.1703,-0.0422,0.038,1.5455,0.0,0.0,0.0,0.0,up,1.59,2026-09-01T10:29:23,0.0,1.56999999284744,354.53,2026-09-02 15:44:18,2026-09-02 11:45:02
TSLA,TSLA261218C00650000,TSLA,2026-12-18,C,650.0,1.4,288.0,1.5,122.0,0.5654,6291.0,19.0,0.0385,0.0008,0.1618,-0.0405,0.0357,1.4498,-0.03,1.53,1.53,1.38,up,1.41,2026-09-02T11:01:46,-2.08333,1.43999999761581,354.53,2026-09-02 15:44:18,2026-09-02 11:45:02
TSLA,TSLA261218C00660000,TSLA,2026-12-18,C,660.0,1.29,227.0,1.41,85.0,0.5703,2259.0,2.0,0.0362,0.0007,0.1539,-0.0388,0.0335,1.3628,-0.05,1.44,1.44,1.3,down,1.3,2026-09-02T09:46:38,-3.7037,1.34999996423721,354.53,2026-09-02 15:44:18,2026-09-02 11:45:02
TSLA,TSLA261218C00670000,TSLA,2026-12-18,C,670.0,1.16,143.0,1.45,156.0,0.5783,1212.0,0.0,0.0341,0.0007,0.1464,-0.0373,0.0315,1.2835,0.0,0.0,0.0,0.0,up,1.58,2026-08-31T14:08:44,0.0,1.30500000715256,354.53,2026-09-02 15:44:18,2026-09-02 11:45:02
TSLA,TSLA261218C00680000,TSLA,2026-12-18,C,680.0,1.03,144.0,1.37,121.0,0.5816,1080.0,0.0,0.0321,0.0006,0.1394,-0.0359,0.0296,1.211,0.0,0.0,0.0,0.0,up,1.48,2026-08-31T11:51:24,0.0,1.23500001430511,354.53,2026-09-02 15:44:18,2026-09-02 11:45:02
TSLA,TSLA261218C00690000,TSLA,2026-12-18,C,690.0,0.96,151.0,1.31,163.0,0.5873,1245.0,0.0,0.0304,0.0006,0.133,-0.0345,0.028,1.1445,0.0,0.0,0.0,0.0,up,1.16,2026-09-01T13:58:39,0.0,1.14500004053116,354.53,2026-09-02 15:44:18,2026-09-02 11:45:02
TSLA,TSLA261218C00700000,TSLA,2026-12-18,C,700.0,1.05,218.0,1.12,122.0,0.5936,8586.0,760.0,0.0287,0.0006,0.127,-0.0333,0.0265,1.0834,-0.015,1.07,1.07,1.07,no_change,1.07,2026-09-02T11:14:28,-1.38249,1.08499997854233,354.53,2026-09-02 15:44:18,2026-09-02 11:45:02
TSLA,TSLA261218C00710000,TSLA,2026-12-18,C,710.0,0.98,197.0,1.07,112.0,0.5987,12771.0,0.0,0.0272,0.0005,0.1215,-0.0321,0.0251,1.027,0.0,0.0,0.0,0.0,up,1.01,2026-09-01T15:32:49,0.0,1.0349999666214,354.53,2026-09-02 15:44:18,2026-09-02 11:45:02
TSLA,TSLA261218C00720000,TSLA,2026-12-18,C,720.0,0.91,203.0,1.03,91.0,0.6038,4206.0,0.0,0.0258,0.0005,0.1163,-0.0309,0.0238,0.975,0.0,0.0,0.0,0.0,down,0.99,2026-09-01T11:58:03,0.0,0.979999989271164,354.53,2026-09-02 15:44:18,2026-09-02 11:45:02
TSLA,TSLA261218C00730000,TSLA,2026-12-18,C,730.0,0.9,146.0,0.97,71.0,0.6103,8244.0,0.0,0.0245,0.0005,0.1114,-0.0299,0.0226,0.9268,0.0,0.0,0.0,0.0,no_change,0.94,2026-09-01T10:42:36,0.0,0.924999982118606,354.53,2026-09-02 15:44:18,2026-09-02 11:45:02
TSLA,TSLA261218C00740000,TSLA,2026-12-18,C,740.0,0.7,242.0,1.03,216.0,0.613,1406.0,1.0,0.0233,0.0005,0.1068,-0.0289,0.0214,0.8822,0.04,0.92,0.92,0.92,down,0.92,2026-09-02T09:30:00,4.54545,0.879999995231628,354.53,2026-09-02 15:44:18,2026-09-02 11:45:02
TSLA,TSLA261218C00750000,TSLA,2026-12-18,C,750.0,0.78,126.0,0.89,101.0,0.6193,6328.0,0.0,0.0222,0.0004,0.1024,-0.0279,0.0204,0.8409,0.0,0.0,0.0,0.0,down,0.84,2026-09-01T13:52:15,0.0,0.844999998807907,354.53,2026-09-02 15:44:18,2026-09-02 11:45:02
TSLA,TSLA261218C00760000,TSLA,2026-12-18,C,760.0,0.63,173.0,0.95,164.0,0.6236,479.0,0.0,0.0212,0.0004,0.0982,-0.027,0.0194,0.8025,0.0,0.0,0.0,0.0,up,0.82,2026-09-01T13:44:49,0.0,0.820000022649765,354.53,2026-09-02 15:44:18,2026-09-02 11:45:02
TSLA,TSLA261218C00770000,TSLA,2026-12-18,C,770.0,0.7,41.0,0.82,36.0,0.6292,1515.0,0.0,0.0202,0.0004,0.0944,-0.0262,0.0185,0.7668,0.0,0.0,0.0,0.0,up,0.88,2026-08-31T12:02:17,0.0,0.775000005960464,354.53,2026-09-02 15:44:18,2026-09-02 11:45:02
TSLA,TSLA261218C00780000,TSLA,2026-12-18,C,780.0,0.68,144.0,0.78,26.0,0.6345,2077.0,0.0,0.0193,0.0004,0.0908,-0.0253,0.0177,0.7335,0.0,0.0,0.0,0.0,down,0.77,2026-09-01T09:57:20,0.0,0.739999979734421,354.53,2026-09-02 15:44:18,2026-09-02 11:45:02
TSLA,TSLA261218C00790000,TSLA,2026-12-18,C,790.0,0.63,107.0,0.75,35.0,0.6384,2461.0,0.0,0.0185,0.0004,0.0875,-0.0246,0.0169,0.7024,0.0,0.0,0.0,0.0,down,0.73,2026-09-01T11:28:17,0.0,0.705000013113022,354.53,2026-09-02 15:44:18,2026-09-02 11:45:02
TSLA,TSLA261218C00800000,TSLA,2026-12-18,C,800.0,0.64,235.0,0.72,124.0,0.6455,10600.0,14.0,0.0177,0.0004,0.0844,-0.0238,0.0162,0.6733,-0.02,0.67,0.68,0.64,down,0.66,2026-09-02T10:59:22,-2.94118,0.680000007152557,354.53,2026-09-02 15:44:18,2026-09-02 11:45:02
TSLA,TSLA261218C00810000,TSLA,2026-12-18,C,810.0,0.58,225.0,0.7,156.0,0.6487,1931.0,0.0,0.017,0.0003,0.0814,-0.0231,0.0155,0.6461,0.0,0.0,0.0,0.0,down,0.67,2026-09-01T09:56:47,0.0,0.645000010728836,354.53,2026-09-02 15:44:18,2026-09-02 11:45:02
TSLA,TSLA261218C00820000,TSLA,2026-12-18,C,820.0,0.5,316.0,0.75,312.0,0.6548,536.0,0.0,0.0163,0.0003,0.0785,-0.0225,0.0149,0.6206,0.0,0.0,0.0,0.0,down,0.62,2026-08-31T09:51:50,0.0,0.629999995231628,354.53,2026-09-02 15:44:18,2026-09-02 11:45:02
TSLA,TSLA261218C00830000,TSLA,2026-12-18,C,830.0,0.51,193.0,0.68,368.0,0.6587,535.0,1.0,0.0156,0.0003,0.0758,-0.0218,0.0143,0.5967,-0.03,0.56,0.56,0.56,down,0.56,2026-09-02T10:19:10,-5.08475,0.590000003576279,354.53,2026-09-02 15:44:18,2026-09-02 11:45:02
TSLA,TSLA261218C00840000,TSLA,2026-12-18,C,840.0,0.41,190.0,0.69,165.0,0.66,857.0,0.0,0.015,0.0003,0.0732,-0.0213,0.0137,0.5742,0.0,0.0,0.0,0.0,down,0.56,2026-09-01T09:56:47,0.0,0.564999997615814,354.53,2026-09-02 15:44:18,2026-09-02 11:45:02
TSLA,TSLA261218C00850000,TSLA,2026-12-18,C,850.0,0.48,230.0,0.6,230.0,0.6661,7560.0,0.0,0.0144,0.0003,0.0707,-0.0207,0.0131,0.5531,0.0,0.0,0.0,0.0,down,0.55,2026-09-01T09:57:20,0.0,0.544999986886978,354.53,2026-09-02 15:44:18,2026-09-02 11:45:02
TSLA,TSLA261218C00860000,TSLA,2026-12-18,C,860.0,0.38,168.0,0.66,169.0,0.6706,1012.0,0.0,0.0139,0.0003,0.0684,-0.0201,0.0126,0.5333,0.0,0.0,0.0,0.0,down,0.53,2026-09-01T11:28:17,0.0,0.545000016689301,354.53,2026-09-02 15:44:18,2026-09-02 11:45:02
TSLA,TSLA261218C00870000,TSLA,2026-12-18,C,870.0,0.36,141.0,0.64,155.0,0.6748,778.0,0.0,0.0134,0.0003,0.0662,-0.0196,0.0122,0.5146,0.0,0.0,0.0,0.0,down,0.49,2026-08-28T15:20:48,0.0,0.514999985694885,354.53,2026-09-02 15:44:18,2026-09-02 11:45:02
TSLA,TSLA261218C00880000,TSLA,2026-12-18,C,880.0,0.34,132.0,0.62,127.0,0.6787,1316.0,0.0,0.0129,0.0002,0.0642,-0.0191,0.0117,0.4969,0.0,0.0,0.0,0.0,down,0.61,2026-08-31T12:18:30,0.0,0.5,354.53,2026-09-02 15:44:18,2026-09-02 11:45:02
TSLA,TSLA261218C00890000,TSLA,2026-12-18,C,890.0,0.33,301.0,0.6,344.0,0.6833,447.0,0.0,0.0125,0.0002,0.0622,-0.0186,0.0113,0.4802,0.0,0.0,0.0,0.0,down,0.6,2026-08-12T11:58:23,0.0,0.489999994635582,354.53,2026-09-02 15:44:18,2026-09-02 11:45:02
TSLA,TSLA261218C00900000,TSLA,2026-12-18,C,900.0,0.4,153.0,0.5,142.0,0.6877,3225.0,20.0,0.012,0.0002,0.0604,-0.0182,0.0109,0.4645,-0.03,0.42,0.42,0.42,down,0.42,2026-09-02T09:59:06,-6.66666,0.449999988079071,354.53,2026-09-02 15:44:18,2026-09-02 11:45:02
TSLA,TSLA261218C00910000,TSLA,2026-12-18,C,910.0,0.3,184.0,0.57,175.0,0.6919,660.0,0.0,0.0116,0.0002,0.0586,-0.0178,0.0106,0.4495,0.0,0.0,0.0,0.0,no_change,0.43,2026-09-01T10:30:51,0.0,0.435000002384186,354.53,2026-09-02 15:44:18,2026-09-02 11:45:02
TSLA,TSLA261218C00920000,TSLA,2026-12-18,C,920.0,0.29,151.0,0.55,107.0,0.6959,561.0,0.0,0.0112,0.0002,0.057,-0.0174,0.0102,0.4353,0.0,0.0,0.0,0.0,no_change,0.49,2026-08-26T09:30:01,0.0,0.449999988079071,354.53,2026-09-02 15:44:18,2026-09-02 11:45:02
TSLA,TSLA261218C00930000,TSLA,2026-12-18,C,930.0,0.28,161.0,0.54,103.0,0.7007,451.0,0.0,0.0109,0.0002,0.0554,-0.017,0.0099,0.4218,0.0,0.0,0.0,0.0,up,0.56,2026-08-13T12:00:28,0.0,0.420000001788139,354.53,2026-09-02 15:44:18,2026-09-02 11:45:02
TSLA,TSLA261218C00940000,TSLA,2026-12-18,C,940.0,0.34,112.0,0.45,113.0,0.7043,1759.0,0.0,0.0105,0.0002,0.0538,-0.0166,0.0096,0.4091,0.0,0.0,0.0,0.0,down,0.41,2026-09-01T10:47:52,0.0,0.400000005960464,354.53,2026-09-02 15:44:18,2026-09-02 11:45:02
TSLA,TSLA261218C00950000,TSLA,2026-12-18,C,950.0,0.35,161.0,0.43,176.0,0.7098,6051.0,2.0,0.0102,0.0002,0.0523,-0.0162,0.0092,0.3969,-0.005,0.39,0.39,0.38,down,0.38,2026-09-02T10:38:53,-1.2987,0.384999990463257,354.53,2026-09-02 15:44:18,2026-09-02 11:45:02
TSLA,TSLA261218C00960000,TSLA,2026-12-18,C,960.0,0.34,56.0,0.42,127.0,0.7142,5521.0,0.0,0.0099,0.0002,0.0509,-0.0159,0.009,0.3854,0.0,0.0,0.0,0.0,down,0.42,2026-08-31T15:30:01,0.0,0.370000004768372,354.53,2026-09-02 15:44:18,2026-09-02 11:45:02
TSLA,TSLA261218C00970000,TSLA,2026-12-18,C,970.0,0.24,162.0,0.44,125.0,0.7118,909.0,0.0,0.0096,0.0002,0.0495,-0.0155,0.0087,0.3744,0.0,0.0,0.0,0.0,up,0.42,2026-08-31T15:50:33,0.0,0.385000005364418,354.53,2026-09-02 15:44:18,2026-09-02 11:45:02
TSLA,TSLA261218C00980000,TSLA,2026-12-18,C,980.0,0.27,199.0,0.48,236.0,0.7257,950.0,2.0,0.0093,0.0002,0.0482,-0.0152,0.0084,0.364,-0.045,0.34,0.34,0.34,down,0.34,2026-09-02T09:58:49,-11.6883,0.385000005364418,354.53,2026-09-02 15:44:18,2026-09-02 11:45:02
TSLA,TSLA261218C00990000,TSLA,2026-12-18,C,990.0,0.34,579.0,0.36,34.0,0.7263,18512.0,222.0,0.0091,0.0002,0.047,-0.0149,0.0082,0.354,0.0,0.3,0.35,0.3,no_change,0.34,2026-09-02T11:02:15,-1.05185e-06,0.340000003576279,354.53,2026-09-02 15:44:18,2026-09-02 11:45:02
TSLA,TSLA261218P00005000,TSLA,2026-12-18,P,5.0,0.0,0.0,0.01,15.0,2.3828,9965.0,0.0,-0.0001,0.0,0.0007,-0.0008,-0.0001,0.0149,0.0,0.0,0.0,0.0,no_change,0.01,2026-08-28T13:34:19,0.0,0.00499999988824129,354.53,2026-09-02 15:44:18,2026-09-02 11:45:02
TSLA,TSLA261218P00010000,TSLA,2026-12-18,P,10.0,0.0,0.0,0.01,10.0,1.9645,17199.0,0.0,-0.0002,0.0,0.0012,-0.0012,-0.0002,0.0226,0.0,0.0,0.0,0.0,no_change,0.01,2026-08-12T15:49:07,0.0,0.00499999988824129,354.53,2026-09-02 15:44:18,2026-09-02 11:45:02
TSLA,TSLA261218P00015000,TSLA,2026-12-18,P,15.0,0.0,0.0,0.01,10.0,1.7289,1309.0,0.0,-0.0002,0.0,0.0017,-0.0015,-0.0003,0.0293,0.0,0.0,0.0,0.0,no_change,0.02,2026-08-19T09:32:05,0.0,0.00999999977648258,354.53,2026-09-02 15:44:18,2026-09-02 11:45:02
TSLA,TSLA261218P00020000,TSLA,2026-12-18,P,20.0,0.0,0.0,0.01,10.0,1.5652,2258.0,0.0,-0.0003,0.0,0.0022,-0.0018,-0.0004,0.0358,0.0,0.0,0.0,0.0,no_change,0.01,2026-08-19T11:36:14,0.0,0.0399999991059303,354.53,2026-09-02 15:44:18,2026-09-02 11:45:02
TSLA,TSLA261218P00025000,TSLA,2026-12-18,P,25.0,0.0,0.0,0.02,18.0,1.513,1788.0,0.0,-0.0004,0.0,0.0028,-0.0021,-0.0005,0.0423,0.0,0.0,0.0,0.0,down,0.01,2026-08-31T13:16:31,0.0,0.0500000007450581,354.53,2026-09-02 15:44:18,2026-09-02 11:45:02
TSLA,TSLA261218P00030000,TSLA,2026-12-18,P,30.0,0.0,0.0,0.03,20.0,1.4504,2818.0,0.0,-0.0005,0.0,0.0034,-0.0024,-0.0006,0.0488,0.0,0.0,0.0,0.0,up,0.04,2026-08-19T11:27:41,0.0,0.0750000029802322,354.53,2026-09-02 15:44:18,2026-09-02 11:45:02
TSLA,TSLA261218P00035000,TSLA,2026-12-18,P,35.0,0.0,0.0,0.03,20.0,1.3582,946.0,0.0,-0.0006,0.0,0.004,-0.0027,-0.0008,0.0556,0.0,0.0,0.0,0.0,down,0.01,2026-08-31T11:39:57,0.0,0.0750000029802322,354.53,2026-09-02 15:44:18,2026-09-02 11:45:02
TSLA,TSLA261218P00040000,TSLA,2026-12-18,P,40.0,0.01,4.0,0.04,20.0,1.3325,3060.0,0.0,-0.0007,0.0,0.0047,-0.003,-0.0009,0.0626,0.0,0.0,0.0,0.0,no_change,0.09,2026-09-01T15:46:12,0.0,0.0500000016763806,354.53,2026-09-02 15:44:18,2026-09-02 11:45:02
TSLA,TSLA261218P00045000,TSLA,2026-12-18,P,45.0,0.02,1.0,0.05,21.0,1.2966,4797.0,0.0,-0.0008,0.0,0.0054,-0.0033,-0.001,0.0699,0.0,0.0,0.0,0.0,no_change,0.02,2026-08-26T10:15:46,0.0,0.0699999984353781,354.53,2026-09-02 15:44:18,2026-09-02 11:45:02
TSLA,TSLA261218P00050000,TSLA,2026-12-18,P,50.0,0.02,100.0,0.06,132.0,1.2448,2814.0,3.0,-0.001,0.0,0.0061,-0.0036,-0.0012,0.0775,-0.035,0.04,0.04,0.04,up,0.04,2026-09-02T10:48:13,-46.6667,0.0749999973922968,354.53,2026-09-02 15:44:18,2026-09-02 11:45:02
TSLA,TSLA261218P00075000,TSLA,2026-12-18,P,75.0,0.03,80.0,0.12,20.0,1.0492,3318.0,0.0,-0.0018,0.0,0.0109,-0.0053,-0.0021,0.1227,0.0,0.0,0.0,0.0,down,0.09,2026-09-01T12:17:27,0.0,0.115000002086163,354.53,2026-09-02 15:44:18,2026-09-02 11:45:02
TSLA,TSLA261218P00080000,TSLA,2026-12-18,P,80.0,0.05,98.0,0.15,126.0,1.0359,1722.0,14.0,-0.002,0.0,0.012,-0.0057,-0.0024,0.1335,-0.085,0.1,0.1,0.07,down,0.07,2026-09-02T10:49:28,-54.8387,0.154999997466803,354.53,2026-09-02 15:44:18,2026-09-02 11:45:02
TSLA,TSLA261218P00085000,TSLA,2026-12-18,P,85.0,0.09,4.0,0.14,128.0,1.0094,802.0,4.0,-0.0022,0.0,0.0133,-0.0061,-0.0026,0.145,-0.035,0.1,0.1,0.09,down,0.09,2026-09-02T10:33:38,-28.0,0.12500000372529,354.53,2026-09-02 15:44:18,2026-09-02 11:45:02
TSLA,TSLA261218P00090000,TSLA,2026-12-18,P,90.0,0.05,155.0,0.16,138.0,0.9612,637.0,2.0,-0.0024,0.0,0.0146,-0.0065,-0.0029,0.1572,-0.02,0.11,0.11,0.11,down,0.11,2026-09-02T10:40:02,-15.3846,0.130000002682209,354.53,2026-09-02 15:44:18,2026-09-02 11:45:02
TSLA,TSLA261218P00095000,TSLA,2026-12-18,P,95.0,0.06,179.0,0.25,277.0,0.9639,932.0,2.0,-0.0027,0.0,0.0162,-0.0069,-0.0032,0.1703,-0.015,0.2,0.2,0.13,down,0.13,2026-09-02T10:52:13,-10.3448,0.145000003278255,354.53,2026-09-02 15:44:18,2026-09-02 11:45:02
TSLA,TSLA261218P00100000,TSLA,2026-12-18,P,100.0,0.1,27.0,0.23,31.0,0.9344,8149.0,0.0,-0.003,0.0,0.0177,-0.0074,-0.0036,0.1843,0.0,0.0,0.0,0.0,no_change,0.18,2026-09-01T13:43:54,0.0,0.174999997019768,354.53,2026-09-02 15:44:18,2026-09-02 11:45:02
TSLA,TSLA261218P00105000,TSLA,2026-12-18,P,105.0,0.15,75.0,0.26,82.0,0.9225,2090.0,0.0,-0.0033,0.0001,0.0194,-0.0079,-0.0039,0.1993,0.0,0.0,0.0,0.0,down,0.24,2026-08-25T10:02:16,0.0,0.195000000298023,354.53,2026-09-02 15:44:18,2026-09-02 11:45:02
TSLA,TSLA261218P00110000,TSLA,2026-12-18,P,110.0,0.18,36.0,0.28,190.0,0.9011,2905.0,0.0,-0.0037,0.0001,0.0212,-0.0084,-0.0043,0.2154,0.0,0.0,0.0,0.0,down,0.22,2026-08-28T15:55:21,0.0,0.224999994039536,354.53,2026-09-02 15:44:18,2026-09-02 11:45:02
TSLA,TSLA261218P00115000,TSLA,2026-12-18,P,115.0,0.15,139.0,0.21,1.0,0.8443,1322.0,1.0,-0.0041,0.0001,0.0231,-0.0089,-0.0047,0.2327,-0.03,0.2,0.2,0.2,down,0.2,2026-09-02T11:11:01,-13.0435,0.229999996721745,354.53,2026-09-02 15:44:18,2026-09-02 11:45:02
TSLA,TSLA261218P00120000,TSLA,2026-12-18,P,120.0,0.22,46.0,0.27,25.0,0.8442,4329.0,0.0,-0.0045,0.0001,0.0253,-0.0095,-0.0052,0.2512,0.0,0.0,0.0,0.0,no_change,0.27,2026-08-31T15:42:43,0.0,0.270000003278255,354.53,2026-09-02 15:44:18,2026-09-02 11:45:02
TSLA,TSLA261218P00125000,TSLA,2026-12-18,P,125.0,0.25,102.0,0.3,108.0,0.8259,1988.0,13.0,-0.0049,0.0001,0.0276,-0.01,-0.0057,0.2711,-0.01,0.25,0.28,0.25,up,0.28,2026-09-02T11:04:11,-3.44827,0.28999999165535,354.53,2026-09-02 15:44:18,2026-09-02 11:45:02
TSLA,TSLA261218P00130000,TSLA,2026-12-18,P,130.0,0.28,26.0,0.38,191.0,0.8154,5350.0,0.0,-0.0054,0.0001,0.0302,-0.0107,-0.0063,0.2926,0.0,0.0,0.0,0.0,no_change,0.34,2026-08-28T15:35:38,0.0,0.320000007748604,354.53,2026-09-02 15:44:18,2026-09-02 11:45:02
TSLA,TSLA261218P00135000,TSLA,2026-12-18,P,135.0,0.24,122.0,0.48,146.0,0.7958,1379.0,0.0,-0.006,0.0001,0.0328,-0.0113,-0.0069,0.3159,0.0,0.0,0.0,0.0,down,0.37,2026-08-26T11:10:26,0.0,0.355000004172325,354.53,2026-09-02 15:44:18,2026-09-02 11:45:02
TSLA,TSLA261218P00140000,TSLA,2026-12-18,P,140.0,0.33,34.0,0.44,86.0,0.7749,2018.0,0.0,-0.0066,0.0001,0.0356,-0.012,-0.0075,0.341,0.0,0.0,0.0,0.0,down,0.34,2026-08-31T11:45:30,0.0,0.379999995231628,354.53,2026-09-02 15:44:18,2026-09-02 11:45:02
TSLA,TSLA261218P00145000,TSLA,2026-12-18,P,145.0,0.28,145.0,0.55,166.0,0.7555,783.0,0.0,-0.0072,0.0001,0.0387,-0.0127,-0.0082,0.3681,0.0,0.0,0.0,0.0,down,0.43,2026-08-31T11:46:11,0.0,0.409999996423721,354.53,2026-09-02 15:44:18,2026-09-02 11:45:02
TSLA,TSLA261218P00150000,TSLA,2026-12-18,P,150.0,0.38,111.0,0.48,121.0,0.7328,4151.0,0.0,-0.0079,0.0002,0.042,-0.0135,-0.009,0.3975,0.0,0.0,0.0,0.0,no_change,0.4,2026-09-01T13:11:40,0.0,0.419999986886978,354.53,2026-09-02 15:44:18,2026-09-02 11:45:02
TSLA,TSLA261218P00155000,TSLA,2026-12-18,P,155.0,0.41,40.0,0.53,81.0,0.7161,2374.0,0.0,-0.0087,0.0002,0.0457,-0.0143,-0.0099,0.4293,0.0,0.0,0.0,0.0,no_change,0.45,2026-08-28T11:01:22,0.0,0.464999988675118,354.53,2026-09-02 15:44:18,2026-09-02 11:45:02
TSLA,TSLA261218P00160000,TSLA,2026-12-18,P,160.0,0.44,125.0,0.53,117.0,0.6942,4762.0,0.0,-0.0096,0.0002,0.0498,-0.0152,-0.0109,0.464,0.0,0.0,0.0,0.0,up,0.49,2026-09-01T10:52:53,0.0,0.484999984502792,354.53,2026-09-02 15:44:18,2026-09-02 11:45:02
TSLA,TSLA261218P00165000,TSLA,2026-12-18,P,165.0,0.49,102.0,0.59,198.0,0.6803,1977.0,0.0,-0.0105,0.0002,0.0541,-0.0161,-0.0119,0.5021,0.0,0.0,0.0,0.0,up,0.52,2026-09-01T12:00:39,0.0,0.519999995827675,354.53,2026-09-02 15:44:18,2026-09-02 11:45:02
TSLA,TSLA261218P00170000,TSLA,2026-12-18,P,170.0,0.53,194.0,0.59,199.0,0.6599,1715.0,20.0,-0.0115,0.0002,0.0586,-0.017,-0.013,0.5438,-0.005,0.55,0.55,0.55,no_change,0.55,2026-09-02T10:54:05,-0.900897,0.554999977350235,354.53,2026-09-02 15:44:18,2026-09-02 11:45:02
TSLA,TSLA261218P00175000,TSLA,2026-12-18,P,175.0,0.58,41.0,0.61,15.0,0.6423,1812.0,0.0,-0.0127,0.0003,0.0636,-0.0181,-0.0143,0.5896,0.0,0.0,0.0,0.0,no_change,0.6,2026-09-01T09:50:52,0.0,0.594999998807907,354.53,2026-09-02 15:44:18,2026-09-02 11:45:02
TSLA,TSLA261218P00180000,TSLA,2026-12-18,P,180.0,0.62,130.0,0.65,50.0,0.6256,3676.0,100.0,-0.014,0.0003,0.0691,-0.0192,-0.0157,0.6403,0.03,0.67,0.67,0.67,up,0.67,2026-09-02T10:28:56,4.6875,0.640000015497208,354.53,2026-09-02 15:44:18,2026-09-02 11:45:02
TSLA,TSLA261218P00185000,TSLA,2026-12-18,P,185.0,0.66,205.0,0.77,322.0,0.6144,3957.0,3.0,-0.0154,0.0003,0.0755,-0.0204,-0.0173,0.6968,0.01,0.71,0.71,0.71,up,0.71,2026-09-02T09:47:27,1.42857,0.700000017881394,354.53,2026-09-02 15:44:18,2026-09-02 11:45:02
TSLA,TSLA261218P00190000,TSLA,2026-12-18,P,190.0,0.71,124.0,0.81,118.0,0.598,2649.0,0.0,-0.017,0.0004,0.0822,-0.0218,-0.0191,0.7608,0.0,0.0,0.0,0.0,up,0.73,2026-09-01T13:56:50,0.0,0.744999974966049,354.53,2026-09-02 15:44:18,2026-09-02 11:45:02
TSLA,TSLA261218P00195000,TSLA,2026-12-18,P,195.0,0.79,100.0,0.93,161.0,0.5879,988.0,1.0,-0.0188,0.0004,0.0894,-0.0232,-0.021,0.8334,0.035,0.83,0.83,0.83,no_change,0.83,2026-09-02T10:15:49,4.40252,0.794999986886978,354.53,2026-09-02 15:44:18,2026-09-02 11:45:02
TSLA,TSLA261218P00200000,TSLA,2026-12-18,P,200.0,0.88,211.0,0.95,267.0,0.5721,11301.0,56.0,-0.0209,0.0005,0.0975,-0.0248,-0.0233,0.9159,0.005,0.89,0.96,0.89,down,0.9,2026-09-02T11:11:50,0.558658,0.895000010728836,354.53,2026-09-02 15:44:18,2026-09-02 11:45:02
TSLA,TSLA261218P00205000,TSLA,2026-12-18,P,205.0,0.96,136.0,1.06,157.0,0.5602,1683.0,29.0,-0.0232,0.0005,0.1067,-0.0266,-0.0258,1.0107,0.095,1.06,1.07,1.05,no_change,1.07,2026-09-02T10:04:18,9.74359,0.974999994039536,354.53,2026-09-02 15:44:18,2026-09-02 11:45:02
TSLA,TSLA261218P00210000,TSLA,2026-12-18,P,210.0,1.08,92.0,1.17,250.0,0.5495,1723.0,0.0,-0.0259,0.0006,0.1175,-0.0286,-0.0289,1.1204,0.0,0.0,0.0,0.0,up,1.05,2026-09-01T12:37:00,0.0,1.09499996900558,354.53,2026-09-02 15:44:18,2026-09-02 11:45:02
TSLA,TSLA261218P00215000,TSLA,2026-12-18,P,215.0,1.21,126.0,1.31,287.0,0.5396,2034.0,17.0,-0.0289,0.0006,0.1285,-0.0308,-0.0321,1.2483,0.04,1.25,1.28,1.24,no_change,1.26,2026-09-02T11:17:48,3.27869,1.21999996900558,354.53,2026-09-02 15:44:18,2026-09-02 11:45:02
TSLA,TSLA261218P00220000,TSLA,2026-12-18,P,220.0,1.35,168.0,1.46,294.0,0.5295,4303.0,18.0,-0.0324,0.0007,0.1409,-0.0333,-0.0359,1.3963,0.03,1.35,1.45,1.35,down,1.4,2026-09-02T10:40:02,2.18978,1.37000000476837,354.53,2026-09-02 15:44:18,2026-09-02 11:45:02
TSLA,TSLA261218P00225000,TSLA,2026-12-18,P,225.0,1.53,87.0,1.64,219.0,0.5209,3188.0,0.0,-0.0364,0.0008,0.1552,-0.0361,-0.0403,1.5682,0.0,0.0,0.0,0.0,down,1.45,2026-09-01T12:21:22,0.0,1.53500002622604,354.53,2026-09-02 15:44:18,2026-09-02 11:45:02
TSLA,TSLA261218P00230000,TSLA,2026-12-18,P,230.0,1.73,129.0,1.84,301.0,0.5124,3974.0,3.0,-0.041,0.0009,0.1712,-0.0391,-0.0453,1.7688,0.06,1.8,1.8,1.77,up,1.78,2026-09-02T11:18:14,3.48837,1.71999996900558,354.53,2026-09-02 15:44:18,2026-09-02 11:45:02
TSLA,TSLA261218P00235000,TSLA,2026-12-18,P,235.0,1.96,115.0,2.07,251.0,0.5044,1770.0,1.0,-0.0462,0.001,0.1879,-0.0424,-0.0509,2.0015,0.15,2.09,2.09,2.09,up,2.09,2026-09-02T10:09:21,7.73196,1.93999999761581,354.53,2026-09-02 15:44:18,2026-09-02 11:45:02
TSLA,TSLA261218P00240000,TSLA,2026-12-18,P,240.0,2.22,263.0,2.34,175.0,0.497,4399.0,35.0,-0.0521,0.0011,0.2064,-0.0461,-0.0573,2.2699,0.16,2.42,2.42,2.25,up,2.36,2026-09-02T10:59:46,7.27273,2.20000004768372,354.53,2026-09-02 15:44:18,2026-09-02 11:45:02
TSLA,TSLA261218P00245000,TSLA,2026-12-18,P,245.0,2.55,81.0,2.64,150.0,0.4906,4252.0,182.0,-0.0587,0.0012,0.2279,-0.05,-0.0647,2.5805,0.0,2.66,2.66,2.5,no_change,2.5,2026-09-02T11:29:02,0.0,2.5,354.53,2026-09-02 15:44:18,2026-09-02 11:45:02
TSLA,TSLA261218P00250000,TSLA,2026-12-18,P,250.0,2.87,223.0,2.98,130.0,0.4834,11430.0,49.0,-0.0662,0.0014,0.2492,-0.0543,-0.0727,2.9375,0.11,2.76,3.06,2.76,down,2.95,2026-09-02T11:16:55,3.87324,2.8400000333786,354.53,2026-09-02 15:44:18,2026-09-02 11:45:02
TSLA,TSLA261218P00260000,TSLA,2026-12-18,P,260.0,3.7,235.0,3.85,81.0,0.4721,9779.0,0.0,-0.0838,0.0017,0.2989,-0.0637,-0.0919,3.8114,0.0,0.0,0.0,0.0,down,3.6,2026-09-01T15:46:27,0.0,3.67499995231628,354.53,2026-09-02 15:44:18,2026-09-02 11:45:02
TSLA,TSLA261218P00265000,TSLA,2026-12-18,P,265.0,4.2,242.0,4.45,243.0,0.468,528.0,8.0,-0.0941,0.0019,0.3247,-0.0688,-0.1029,4.3436,0.1,4.3,4.3,4.3,up,4.3,2026-09-02T10:37:23,2.38095,4.20000004768372,354.53,2026-09-02 15:44:18,2026-09-02 11:45:02
TSLA,TSLA261218P00270000,TSLA,2026-12-18,P,270.0,4.8,303.0,5.0,72.0,0.4632,10194.0,4.0,-0.1054,0.002,0.3523,-0.074,-0.1149,4.9425,0.45,5.25,5.25,5.15,no_change,5.25,2026-09-02T10:00:36,9.375,4.79999995231628,354.53,2026-09-02 15:44:18,2026-09-02 11:45:02
TSLA,TSLA261218P00275000,TSLA,2026-12-18,P,275.0,5.45,200.0,5.7,52.0,0.4593,3401.0,1.0,-0.1177,0.0022,0.3821,-0.0795,-0.1283,5.6196,0.385,5.86,5.86,5.86,up,5.86,2026-09-02T10:12:38,7.03197,5.47499990463257,354.53,2026-09-02 15:44:18,2026-09-02 11:45:02
TSLA,TSLA261218P00280000,TSLA,2026-12-18,P,280.0,6.2,332.0,6.45,74.0,0.4556,9550.0,6.0,-0.1312,0.0024,0.411,-0.0851,-0.1425,6.3795,0.175,6.65,6.85,6.4,down,6.4,2026-09-02T10:19:07,2.81124,6.22500014305115,354.53,2026-09-02 15:44:18,2026-09-02 11:45:02
TSLA,TSLA261218P00285000,TSLA,2026-12-18,P,285.0,7.05,227.0,7.35,61.0,0.4532,737.0,4.0,-0.1457,0.0026,0.4416,-0.0908,-0.1581,7.2273,-0.015,7.03,7.63,7.01,down,7.01,2026-09-02T10:43:39,-0.213524,7.02500009536743,354.53,2026-09-02 15:44:18,2026-09-02 11:45:02
TSLA,TSLA261218P00290000,TSLA,2026-12-18,P,290.0,8.0,203.0,8.25,38.0,0.4498,7735.0,70.0,-0.1614,0.0028,0.4724,-0.0966,-0.1745,8.178,0.2,7.97,8.85,7.97,down,8.15,2026-09-02T11:11:44,2.51572,7.95000004768372,354.53,2026-09-02 15:44:18,2026-09-02 11:45:02
TSLA,TSLA261218P00295000,TSLA,2026-12-18,P,295.0,9.05,259.0,9.3,66.0,0.4474,1563.0,48.0,-0.1781,0.003,0.5021,-0.1022,-0.1921,9.2234,0.23,9.15,10.02,9.1,no_change,9.23,2026-09-02T11:18:24,2.55556,9.0,354.53,2026-09-02 15:44:18,2026-09-02 11:45:02
TSLA,TSLA261218P00300000,TSLA,2026-12-18,P,300.0,10.25,253.0,10.45,43.0,0.4456,13160.0,65.0,-0.1959,0.0032,0.5335,-0.1079,-0.2109,10.3797,0.245,8.9,11.15,8.9,up,10.37,2026-09-02T11:28:57,2.41975,10.125,354.53,2026-09-02 15:44:18,2026-09-02 11:45:02
TSLA,TSLA261218P00305000,TSLA,2026-12-18,P,305.0,11.5,256.0,11.75,52.0,0.4436,1013.0,34.0,-0.2147,0.0034,0.562,-0.1133,-0.2298,11.6542,0.695,11.15,12.07,10.9,up,12.07,2026-09-02T10:55:57,6.10989,11.375,354.53,2026-09-02 15:44:18,2026-09-02 11:45:02
TSLA,TSLA261218P00310000,TSLA,2026-12-18,P,310.0,12.9,255.0,13.15,47.0,0.442,3626.0,28.0,-0.2345,0.0036,0.5902,-0.1186,-0.2503,13.0447,0.805,12.25,14.0,12.25,up,13.53,2026-09-02T10:55:57,6.32613,12.7250003814697,354.53,2026-09-02 15:44:18,2026-09-02 11:45:02
TSLA,TSLA261218P00315000,TSLA,2026-12-18,P,315.0,14.35,228.0,14.75,54.0,0.4406,725.0,8.0,-0.2552,0.0038,0.6185,-0.1236,-0.2715,14.5654,1.15,13.1,15.51,13.1,up,15.35,2026-09-02T11:02:01,8.09859,14.2000002861023,354.53,2026-09-02 15:44:18,2026-09-02 11:45:02
TSLA,TSLA261218P00320000,TSLA,2026-12-18,P,320.0,16.05,187.0,16.4,34.0,0.4404,7651.0,24.0,-0.2764,0.004,0.6429,-0.1282,-0.2929,16.2013,0.34,15.85,17.5,15.85,down,16.14,2026-09-02T11:17:42,2.1519,15.7999997138977,354.53,2026-09-02 15:44:18,2026-09-02 11:45:02
TSLA,TSLA261218P00325000,TSLA,2026-12-18,P,325.0,17.85,137.0,18.1,23.0,0.4385,2239.0,12.0,-0.2986,0.0042,0.6661,-0.1325,-0.3142,17.9781,1.45,18.4,19.0,18.0,up,19.0,2026-09-02T11:00:18,8.26211,17.5500001907349,354.53,2026-09-02 15:44:18,2026-09-02 11:45:02
TSLA,TSLA261218P00330000,TSLA,2026-12-18,P,330.0,19.75,67.0,20.05,33.0,0.4379,3759.0,43.0,-0.3213,0.0043,0.6881,-0.1363,-0.336,19.8865,0.55,20.0,21.1,19.72,up,19.9,2026-09-02T11:28:28,2.84238,19.3500003814697,354.53,2026-09-02 15:44:18,2026-09-02 11:45:02
TSLA,TSLA261218P00335000,TSLA,2026-12-18,P,335.0,21.75,179.0,22.1,40.0,0.437,813.0,23.0,-0.3445,0.0044,0.7066,-0.1397,-0.3583,21.9284,0.275,22.5,22.86,21.65,down,21.65,2026-09-02T11:27:03,1.28655,21.375,354.53,2026-09-02 15:44:18,2026-09-02 11:45:02
TSLA,TSLA261218P00340000,TSLA,2026-12-18,P,340.0,23.95,33.0,24.25,24.0,0.4365,7261.0,17.0,-0.3681,0.0046,0.7227,-0.1426,-0.3805,24.1028,0.6,25.45,25.65,24.0,up,24.1,2026-09-02T11:16:34,2.55319,23.5,354.53,2026-09-02 15:44:18,2026-09-02 11:45:02
TSLA,TSLA261218P00345000,TSLA,2026-12-18,P,345.0,26.25,74.0,26.6,63.0,0.4363,1013.0,1.0,-0.3919,0.0047,0.7367,-0.1449,-0.4012,26.417,0.65,26.4,26.4,26.4,up,26.4,2026-09-02T10:52:20,2.52427,25.75,354.53,2026-09-02 15:44:18,2026-09-02 11:45:02
TSLA,TSLA261218P00350000,TSLA,2026-12-18,P,350.0,28.7,46.0,29.0,29.0,0.4357,11345.0,95.0,-0.416,0.0048,0.7474,-0.1467,-0.4225,28.8721,1.975,27.75,30.5,27.75,down,30.1,2026-09-02T11:02:45,7.02222,28.125,354.53,2026-09-02 15:44:18,2026-09-02 11:45:02
TSLA,TSLA261218P00355000,TSLA,2026-12-18,P,355.0,31.25,67.0,31.6,41.0,0.4358,857.0,16.0,-0.4399,0.0048,0.7554,-0.148,-0.4439,31.4406,0.45,32.65,32.65,30.8,down,31.1,2026-09-02T11:27:15,1.46819,30.6500005722046,354.53,2026-09-02 15:44:18,2026-09-02 11:45:02
TSLA,TSLA261218P00360000,TSLA,2026-12-18,P,360.0,33.95,51.0,34.3,53.0,0.4357,4916.0,13.0,-0.4639,0.0049,0.7605,-0.1488,-0.4626,34.1543,1.725,35.0,35.81,33.65,up,35.0,2026-09-02T10:54:30,5.18407,33.2749996185303,354.53,2026-09-02 15:44:18,2026-09-02 11:45:02
TSLA,TSLA261218P00365000,TSLA,2026-12-18,P,365.0,36.8,53.0,37.15,53.0,0.4361,1544.0,4.0,-0.4877,0.0049,0.7631,-0.149,-0.4816,36.9941,1.875,38.8,38.8,36.93,up,37.95,2026-09-02T11:04:38,5.1975,36.0750007629394,354.53,2026-09-02 15:44:18,2026-09-02 11:45:02
TSLA,TSLA261218P00370000,TSLA,2026-12-18,P,370.0,39.75,116.0,40.2,37.0,0.4371,3527.0,3.0,-0.5111,0.0049,0.763,-0.1487,-0.5013,39.9493,1.315,39.53,40.29,39.53,up,40.29,2026-09-02T10:53:07,3.37396,38.9750003814697,354.53,2026-09-02 15:44:18,2026-09-02 11:45:02
TSLA,TSLA261218P00375000,TSLA,2026-12-18,P,375.0,42.85,42.0,43.25,143.0,0.4374,850.0,0.0,-0.5343,0.0049,0.7596,-0.1479,-0.5165,43.0389,0.0,0.0,0.0,0.0,up,42.2,2026-09-01T09:33:52,0.0,42.1000003814697,354.53,2026-09-02 15:44:18,2026-09-02 11:45:02
TSLA,TSLA261218P00380000,TSLA,2026-12-18,P,380.0,46.05,96.0,46.45,26.0,0.438,5300.0,4.0,-0.557,0.0049,0.755,-0.1466,-0.5335,46.2454,2.05,47.65,47.65,46.7,up,47.2,2026-09-02T11:05:24,4.54042,45.1499996185303,354.53,2026-09-02 15:44:18,2026-09-02 11:45:02
TSLA,TSLA261218P00385000,TSLA,2026-12-18,P,385.0,48.9,129.0,49.8,46.0,0.4356,373.0,0.0,-0.5794,0.0049,0.7472,-0.1449,-0.547,49.5737,0.0,0.0,0.0,0.0,down,43.98,2026-08-31T15:04:27,0.0,48.6499996185303,354.53,2026-09-02 15:44:18,2026-09-02 11:45:02
TSLA,TSLA261218P00390000,TSLA,2026-12-18,P,390.0,52.65,140.0,53.25,112.0,0.4387,5918.0,0.0,-0.6011,0.0048,0.736,-0.1427,-0.5602,53.0044,0.0,0.0,0.0,0.0,up,51.72,2026-09-01T15:27:22,0.0,51.75,354.53,2026-09-02 15:44:18,2026-09-02 11:45:02
TSLA,TSLA261218P00395000,TSLA,2026-12-18,P,395.0,55.5,142.0,56.9,88.0,0.4357,727.0,0.0,-0.6222,0.0048,0.7247,-0.1402,-0.5714,56.5427,0.0,0.0,0.0,0.0,up,54.71,2026-09-01T13:07:10,0.0,55.2749996185303,354.53,2026-09-02 15:44:18,2026-09-02 11:45:02
TSLA,TSLA261218P00400000,TSLA,2026-12-18,P,400.0,59.7,194.0,60.6,200.0,0.4411,6425.0,9.0,-0.6427,0.0047,0.7117,-0.1374,-0.5801,60.1771,0.95,57.46,61.05,57.46,down,59.8,2026-09-02T11:17:35,1.61427,58.8500003814697,354.53,2026-09-02 15:44:18,2026-09-02 11:45:02
TSLA,TSLA261218P00405000,TSLA,2026-12-18,P,405.0,63.5,72.0,64.25,122.0,0.4422,427.0,0.0,-0.6625,0.0046,0.6962,-0.1342,-0.5882,63.907,0.0,0.0,0.0,0.0,down,60.69,2026-09-01T10:43:18,0.0,62.7749996185303,354.53,2026-09-02 15:44:18,2026-09-02 11:45:02
TSLA,TSLA261218P00410000,TSLA,2026-12-18,P,410.0,67.25,195.0,68.0,128.0,0.4423,3810.0,20.0,-0.6816,0.0045,0.6786,-0.1307,-0.592,67.7326,3.355,69.57,69.63,69.57,up,69.63,2026-09-02T10:09:06,5.06224,66.2749977111816,354.53,2026-09-02 15:44:18,2026-09-02 11:45:02
TSLA,TSLA261218P00415000,TSLA,2026-12-18,P,415.0,70.55,307.0,71.95,82.0,0.4393,329.0,3.0,-0.7,0.0044,0.6623,-0.127,-0.601,71.641,1.15,69.6,71.4,69.6,up,71.4,2026-09-02T10:28:55,1.63701,70.25,354.53,2026-09-02 15:44:18,2026-09-02 11:45:02
TSLA,TSLA261218P00420000,TSLA,2026-12-18,P,420.0,75.1,123.0,76.0,102.0,0.4456,2302.0,1.0,-0.7176,0.0043,0.6429,-0.1232,-0.6029,75.6179,0.975,75.05,75.05,75.05,up,75.05,2026-09-02T10:31:13,1.31623,74.0750007629394,354.53,2026-09-02 15:44:18,2026-09-02 11:45:02
TSLA,TSLA261218P00425000,TSLA,2026-12-18,P,425.0,78.6,169.0,80.25,112.0,0.4437,521.0,0.0,-0.7345,0.0042,0.6224,-0.1191,-0.6038,79.6944,0.0,0.0,0.0,0.0,up,78.0,2026-09-01T09:36:22,0.0,78.2750015258789,354.53,2026-09-02 15:44:18,2026-09-02 11:45:02
TSLA,TSLA261218P00430000,TSLA,2026-12-18,P,430.0,83.2,167.0,84.25,111.0,0.4478,7347.0,4.0,-0.7507,0.0041,0.6009,-0.1149,-0.6008,83.8354,1.07,83.32,83.32,83.32,no_change,83.32,2026-09-02T10:31:35,1.30091,82.25,354.53,2026-09-02 15:44:18,2026-09-02 11:45:02
TSLA,TSLA261218P00435000,TSLA,2026-12-18,P,435.0,86.95,154.0,88.9,171.0,0.4495,386.0,0.0,-0.7661,0.004,0.5815,-0.1106,-0.603,88.028,0.0,0.0,0.0,0.0,down,84.6,2026-09-01T10:07:12,0.0,86.5250015258789,354.53,2026-09-02 15:44:18,2026-09-02 11:45:02
TSLA,TSLA261218P00440000,TSLA,2026-12-18,P,440.0,91.65,38.0,92.7,12.0,0.4506,3600.0,0.0,-0.7809,0.0039,0.559,-0.1062,-0.5984,92.3086,0.0,0.0,0.0,0.0,up,90.15,2026-09-01T12:51:40,0.0,90.7249984741211,354.53,2026-09-02 15:44:18,2026-09-02 11:45:02
TSLA,TSLA261218P00445000,TSLA,2026-12-18,P,445.0,95.55,63.0,97.5,22.0,0.4527,235.0,0.0,-0.795,0.0038,0.5372,-0.1017,-0.5925,96.6355,0.0,0.0,0.0,0.0,down,93.11,2026-09-01T09:52:46,0.0,94.9750022888184,354.53,2026-09-02 15:44:18,2026-09-02 11:45:02
TSLA,TSLA261218P00450000,TSLA,2026-12-18,P,450.0,100.35,103.0,101.65,113.0,0.4566,2538.0,1.0,-0.8082,0.0037,0.5145,-0.0972,-0.5855,101.0067,3.66,102.96,102.96,102.96,up,102.96,2026-09-02T09:57:25,3.6858,99.2999992370606,354.53,2026-09-02 15:44:18,2026-09-02 11:45:02
TSLA,TSLA261218P00455000,TSLA,2026-12-18,P,455.0,104.35,95.0,106.15,21.0,0.4546,78.0,6.0,-0.8208,0.0036,0.4929,-0.0925,-0.5754,105.4417,2.175,107.27,108.43,106.3,down,106.3,2026-09-02T11:07:43,2.08884,104.125,354.53,2026-09-02 15:44:18,2026-09-02 11:45:02
TSLA,TSLA261218P00460000,TSLA,2026-12-18,P,460.0,109.2,50.0,110.5,21.0,0.459,1769.0,0.0,-0.833,0.0035,0.4706,-0.0881,-0.5624,109.9242,0.0,0.0,0.0,0.0,down,107.67,2026-09-01T15:27:08,0.0,108.224998474121,354.53,2026-09-02 15:44:18,2026-09-02 11:45:02
TSLA,TSLA261218P00465000,TSLA,2026-12-18,P,465.0,113.4,121.0,115.25,118.0,0.4598,139.0,6.0,-0.8444,0.0034,0.4497,-0.0837,-0.5582,114.4506,0.05,113.1,113.15,113.1,no_change,113.15,2026-09-02T09:31:49,0.04421,113.099998474121,354.53,2026-09-02 15:44:18,2026-09-02 11:45:02
TSLA,TSLA261218P00470000,TSLA,2026-12-18,P,470.0,118.25,67.0,119.6,24.0,0.4625,1842.0,0.0,-0.8552,0.0032,0.4268,-0.0792,-0.546,119.0191,0.0,0.0,0.0,0.0,up,114.45,2026-09-01T10:08:28,0.0,117.224998474121,354.53,2026-09-02 15:44:18,2026-09-02 11:45:02
TSLA,TSLA261218P00480000,TSLA,2026-12-18,P,480.0,127.5,110.0,128.9,114.0,0.4674,3216.0,1.0,-0.875,0.003,0.3849,-0.0706,-0.5106,128.2686,1.625,128.15,128.15,128.15,up,128.15,2026-09-02T10:24:19,1.28433,126.524997711182,354.53,2026-09-02 15:44:18,2026-09-02 11:45:02
TSLA,TSLA261218P00490000,TSLA,2026-12-18,P,490.0,136.25,93.0,138.9,108.0,0.4715,517.0,0.0,-0.8929,0.0028,0.3413,-0.062,-0.4873,137.6527,0.0,0.0,0.0,0.0,down,126.96,2026-08-31T13:40:13,0.0,136.050003051758,354.53,2026-09-02 15:44:18,2026-09-02 11:45:02
TSLA,TSLA261218P00500000,TSLA,2026-12-18,P,500.0,146.15,102.0,148.05,24.0,0.4772,6051.0,0.0,-0.9084,0.0026,0.3041,-0.0532,-0.4464,147.1448,0.0,0.0,0.0,0.0,no_change,144.0,2026-09-01T09:33:05,0.0,145.400001525879,354.53,2026-09-02 15:44:18,2026-09-02 11:45:02
TSLA,TSLA261218P00510000,TSLA,2026-12-18,P,510.0,154.65,119.0,158.0,87.0,0.4664,524.0,0.0,-0.9223,0.0024,0.2666,-0.0448,-0.4071,156.7336,0.0,0.0,0.0,0.0,up,164.35,2026-08-28T13:25:07,0.0,155.025001525879,354.53,2026-09-02 15:44:18,2026-09-02 11:45:02
TSLA,TSLA261218P00520000,TSLA,2026-12-18,P,520.0,163.65,129.0,167.65,73.0,0.4421,545.0,0.0,-0.9353,0.0023,0.2283,-0.0352,-0.3794,166.4056,0.0,0.0,0.0,0.0,up,173.77,2026-08-14T09:45:09,0.0,164.674995422363,354.53,2026-09-02 15:44:18,2026-09-02 11:45:02
TSLA,TSLA261218P00530000,TSLA,2026-12-18,P,530.0,173.35,162.0,177.4,101.0,0.0,547.0,0.0,-0.9468,0.0023,0.2039,-0.0255,-0.3556,176.1349,0.0,0.0,0.0,0.0,down,172.1,2026-09-01T10:06:08,0.0,174.5,354.53,2026-09-02 15:44:18,2026-09-02 11:45:02
TSLA,TSLA261218P00540000,TSLA,2026-12-18,P,540.0,183.15,23.0,187.25,23.0,0.0,1.0,0.0,-0.9571,0.0022,0.1679,-0.0152,-0.3124,185.9241,0.0,0.0,0.0,0.0,no_change,189.8,2026-08-19T15:59:24,0.0,184.375,354.53,2026-09-02 15:44:18,2026-09-02 11:45:02
TSLA,TSLA261218P00550000,TSLA,2026-12-18,P,550.0,193.5,79.0,197.15,82.0,0.0,145.0,0.0,-0.9667,0.0022,0.1415,-0.0058,-0.1753,195.7587,0.0,0.0,0.0,0.0,up,203.35,2026-08-28T14:11:25,0.0,194.300003051758,354.53,2026-09-02 15:44:18,2026-09-02 11:45:02
TSLA,TSLA261218P00560000,TSLA,2026-12-18,P,560.0,202.85,27.0,207.0,27.0,0.0,6.0,0.0,-0.9746,0.0019,0.086,-0.0176,-0.1686,205.6664,0.0,0.0,0.0,0.0,no_change,210.22,2026-08-24T15:58:45,0.0,205.174995422363,354.53,2026-09-02 15:44:18,2026-09-02 11:45:02
TSLA,TSLA261218P00570000,TSLA,2026-12-18,P,570.0,212.8,16.0,216.95,16.0,0.0,0.0,0.0,-0.9812,0.0017,0.0781,-0.0267,-0.1606,215.5876,0.0,0.0,0.0,0.0,up,238.52,2026-08-11T13:15:23,0.0,214.150001525879,354.53,2026-09-02 15:44:18,2026-09-02 11:45:02
TSLA,TSLA261218P00580000,TSLA,2026-12-18,P,580.0,222.75,16.0,226.9,16.0,0.0,0.0,0.0,-0.9866,0.0015,0.0617,-0.0294,0.0,225.5288,0.0,0.0,0.0,0.0,down,274.2,2026-07-27T14:34:18,0.0,223.824996948242,354.53,2026-09-02 15:44:18,2026-09-02 11:45:02
TSLA,TSLA261218P00590000,TSLA,2026-12-18,P,590.0,232.75,16.0,236.9,16.0,0.0,0.0,0.0,-0.9909,0.001,0.0032,-0.0569,0.0,235.5288,0.0,0.0,0.0,0.0,no_change,215.75,2026-06-25T14:31:11,0.0,233.699996948242,354.53,2026-09-02 15:44:18,2026-09-02 11:45:02
TSLA,TSLA261218P00600000,TSLA,2026-12-18,P,600.0,243.8,25.0,246.9,16.0,0.0,0.0,0.0,-0.994,0.0006,0.0,-0.0769,0.0,245.5288,0.0,0.0,0.0,0.0,up,293.24,2026-07-24T14:39:24,0.0,244.150001525879,354.53,2026-09-02 15:44:18,2026-09-02 11:45:02
TSLA,TSLA261218P00610000,TSLA,2026-12-18,P,610.0,253.2,16.0,257.15,16.0,0.0,1.0,0.0,-0.9961,0.0004,0.0,-0.0924,0.0,255.5288,0.0,0.0,0.0,0.0,up,287.85,2026-07-23T14:42:26,0.0,254.100006103516,354.53,2026-09-02 15:44:18,2026-09-02 11:45:02
TSLA,TSLA261218P00620000,TSLA,2026-12-18,P,620.0,263.55,16.0,267.6,16.0,0.5909,0.0,0.0,-0.9979,0.0002,0.0,-0.106,0.0,265.5288,0.0,0.0,0.0,0.0,down,296.07,2026-08-04T11:08:36,0.0,264.150009155273,354.53,2026-09-02 15:44:18,2026-09-02 11:45:02
TSLA,TSLA261218P00630000,TSLA,2026-12-18,P,630.0,271.9,16.0,279.2,20.0,0.6008,0.0,0.0,-0.9994,0.0001,0.0,-0.1151,0.0,275.5288,0.0,0.0,0.0,0.0,up,311.05,2026-07-23T14:41:50,0.0,274.150009155273,354.53,2026-09-02 15:44:18,2026-09-02 11:45:02
TSLA,TSLA261218P00640000,TSLA,2026-12-18,P,640.0,282.0,16.0,289.25,20.0,0.626,0.0,0.0,-1.0,0.0,0.0,-0.1193,0.0,285.5288,0.0,0.0,0.0,0.0,down,317.9,2026-07-23T14:42:09,0.0,284.150009155273,354.53,2026-09-02 15:44:18,2026-09-02 11:45:02
TSLA,TSLA261218P00650000,TSLA,2026-12-18,P,650.0,292.0,20.0,299.05,20.0,0.0,1.0,0.0,-1.0,0.0,0.0,-0.1227,0.0,295.5288,0.0,0.0,0.0,0.0,no_change,329.9,2026-07-23T14:42:35,0.0,293.875,354.53,2026-09-02 15:44:18,2026-09-02 11:45:02
TSLA,TSLA261218P00660000,TSLA,2026-12-18,P,660.0,302.0,20.0,309.05,20.0,0.0,0.0,0.0,-1.0,0.0,0.0,-0.1252,0.0,305.5288,0.0,0.0,0.0,0.0,up,325.57,2026-08-11T10:50:54,0.0,304.25,354.53,2026-09-02 15:44:18,2026-09-02 11:45:02
TSLA,TSLA261218P00670000,TSLA,2026-12-18,P,670.0,312.0,16.0,319.05,20.0,0.0,0.0,0.0,-1.0,0.0,0.0,-0.1271,0.0,315.5288,0.0,0.0,0.0,0.0,up,276.15,2026-06-18T14:16:43,0.0,314.150009155273,354.53,2026-09-02 15:44:18,2026-09-02 11:45:02
TSLA,TSLA261218P00680000,TSLA,2026-12-18,P,680.0,323.55,16.0,327.6,16.0,0.6721,0.0,0.0,-1.0,0.0,0.0,-0.1288,0.0,325.5288,0.0,0.0,0.0,0.0,up,300.0,2026-07-21T13:41:05,0.0,324.099990844727,354.53,2026-09-02 15:44:18,2026-09-02 11:45:02
TSLA,TSLA261218P00690000,TSLA,2026-12-18,P,690.0,333.55,16.0,337.6,16.0,0.6849,0.0,0.0,-1.0,0.0,0.0,-0.1303,0.0,335.5288,0.0,0.0,0.0,0.0,up,290.5,2026-07-09T12:02:51,0.0,334.149993896484,354.53,2026-09-02 15:44:18,2026-09-02 11:45:02
TSLA,TSLA261218P00700000,TSLA,2026-12-18,P,700.0,343.55,16.0,347.6,16.0,0.6974,4.0,0.0,-1.0,0.0,0.0,-0.1312,0.0,345.5288,0.0,0.0,0.0,0.0,no_change,373.15,2026-07-23T10:00:35,0.0,344.149993896484,354.53,2026-09-02 15:44:18,2026-09-02 11:45:02
TSLA,TSLA261218P00710000,TSLA,2026-12-18,P,710.0,353.35,20.0,357.35,20.0,0.0,0.0,0.0,-1.0,0.0,0.0,-0.1312,0.0,355.5288,0.0,0.0,0.0,0.0,up,318.62,2026-07-16T15:54:20,0.0,354.200012207031,354.53,2026-09-02 15:44:18,2026-09-02 11:45:02
TSLA,TSLA261218P00720000,TSLA,2026-12-18,P,720.0,363.55,16.0,367.6,16.0,0.722,0.0,0.0,-1.0,0.0,0.0,-0.1312,0.0,365.5288,0.0,0.0,0.0,0.0,no_change,313.8,2026-06-16T15:49:48,0.0,364.475006103516,354.53,2026-09-02 15:44:18,2026-09-02 11:45:02
TSLA,TSLA261218P00730000,TSLA,2026-12-18,P,730.0,373.35,16.0,377.35,16.0,0.0,0.0,0.0,-1.0,0.0,0.0,-0.1312,0.0,375.5288,0.0,0.0,0.0,0.0,down,347.96,2026-06-10T15:54:42,0.0,374.449996948242,354.53,2026-09-02 15:44:18,2026-09-02 11:45:02
TSLA,TSLA261218P00740000,TSLA,2026-12-18,P,740.0,383.55,16.0,387.6,16.0,0.7458,0.0,0.0,-1.0,0.0,0.0,-0.1312,0.0,385.5288,0.0,0.0,0.0,0.0,no_change,357.96,2026-06-10T15:49:57,0.0,384.449996948242,354.53,2026-09-02 15:44:18,2026-09-02 11:45:02
TSLA,TSLA261218P00750000,TSLA,2026-12-18,P,750.0,393.55,16.0,397.6,16.0,0.7575,1.0,0.0,-1.0,0.0,0.0,-0.1312,0.0,395.5288,0.0,0.0,0.0,0.0,no_change,343.6,2026-06-16T15:49:48,0.0,394.199996948242,354.53,2026-09-02 15:44:18,2026-09-02 11:45:02
TSLA,TSLA261218P00760000,TSLA,2026-12-18,P,760.0,403.55,16.0,407.6,16.0,0.769,0.0,0.0,-1.0,0.0,0.0,-0.1312,0.0,405.5288,0.0,0.0,0.0,0.0,no_change,367.77,2026-06-05T15:56:57,0.0,404.5,354.53,2026-09-02 15:44:18,2026-09-02 11:45:02
TSLA,TSLA261218P00770000,TSLA,2026-12-18,P,770.0,413.55,16.0,417.6,16.0,0.7803,0.0,0.0,-1.0,0.0,0.0,-0.1312,0.0,415.5288,0.0,0.0,0.0,0.0,no_change,376.95,2026-06-05T15:52:26,0.0,414.350006103516,354.53,2026-09-02 15:44:18,2026-09-02 11:45:02
TSLA,TSLA261218P00780000,TSLA,2026-12-18,P,780.0,423.55,16.0,427.6,16.0,0.7915,0.0,0.0,-1.0,0.0,0.0,-0.1312,0.0,425.5288,0.0,0.0,0.0,0.0,no_change,387.89,2026-06-05T15:50:08,0.0,423.975006103516,354.53,2026-09-02 15:44:18,2026-09-02 11:45:02
TSLA,TSLA261218P00790000,TSLA,2026-12-18,P,790.0,432.0,16.0,439.05,20.0,0.0,0.0,0.0,-1.0,0.0,0.0,-0.1312,0.0,435.5288,0.0,0.0,0.0,0.0,down,383.79,2026-03-05T11:01:47,0.0,433.824996948242,354.53,2026-09-02 15:44:18,2026-09-02 11:45:02
TSLA,TSLA261218P00800000,TSLA,2026-12-18,P,800.0,442.0,16.0,449.05,20.0,0.0,0.0,0.0,-1.0,0.0,0.0,-0.1312,0.0,445.5288,0.0,0.0,0.0,0.0,down,369.32,2026-05-22T13:38:44,0.0,443.899993896484,354.53,2026-09-02 15:44:18,2026-09-02 11:45:02
TSLA,TSLA261218P00810000,TSLA,2026-12-18,P,810.0,452.0,16.0,459.05,20.0,0.0,0.0,0.0,-1.0,0.0,0.0,-0.1312,0.0,455.5288,0.0,0.0,0.0,0.0,down,403.85,2026-03-05T11:02:20,0.0,453.849990844727,354.53,2026-09-02 15:44:18,2026-09-02 11:45:02
TSLA,TSLA261218P00820000,TSLA,2026-12-18,P,820.0,462.1,16.0,469.05,20.0,0.8348,0.0,0.0,-1.0,0.0,0.0,-0.1312,0.0,465.5288,0.0,0.0,0.0,0.0,up,424.05,2026-03-04T09:30:12,0.0,463.950012207031,354.53,2026-09-02 15:44:18,2026-09-02 11:45:02
TSLA,TSLA261218P00830000,TSLA,2026-12-18,P,830.0,472.0,16.0,479.05,20.0,0.0,0.0,0.0,-1.0,0.0,0.0,-0.1312,0.0,475.5288,0.0,0.0,0.0,0.0,no_change,413.4,2026-06-01T15:52:58,0.0,474.125,354.53,2026-09-02 15:44:18,2026-09-02 11:45:02
TSLA,TSLA261218P00840000,TSLA,2026-12-18,P,840.0,482.05,20.0,489.05,20.0,0.8511,0.0,0.0,-1.0,0.0,0.0,-0.1312,0.0,485.5288,0.0,0.0,0.0,0.0,up,429.3,2026-02-17T09:43:26,0.0,483.950012207031,354.53,2026-09-02 15:44:18,2026-09-02 11:45:02
TSLA,TSLA261218P00850000,TSLA,2026-12-18,P,850.0,492.75,16.0,496.9,16.0,0.0,0.0,0.0,-1.0,0.0,0.0,-0.1312,0.0,495.5288,0.0,0.0,0.0,0.0,up,418.65,2026-01-27T13:14:56,0.0,494.225006103516,354.53,2026-09-02 15:44:18,2026-09-02 11:45:02
TSLA,TSLA261218P00860000,TSLA,2026-12-18,P,860.0,503.2,16.0,507.15,16.0,0.0,0.0,0.0,-1.0,0.0,0.0,-0.1312,0.0,505.5288,0.0,0.0,0.0,0.0,up,427.8,2026-02-12T09:31:19,0.0,503.850006103516,354.53,2026-09-02 15:44:18,2026-09-02 11:45:02
TSLA,TSLA261218P00870000,TSLA,2026-12-18,P,870.0,513.2,16.0,517.15,16.0,0.0,0.0,0.0,-1.0,0.0,0.0,-0.1312,0.0,515.5288,0.0,0.0,0.0,0.0,down,466.65,2026-06-12T15:47:17,0.0,514.200012207031,354.53,2026-09-02 15:44:18,2026-09-02 11:45:02
TSLA,TSLA261218P00880000,TSLA,2026-12-18,P,880.0,523.2,16.0,527.15,16.0,0.0,0.0,0.0,-1.0,0.0,0.0,-0.1312,0.0,525.5288,0.0,0.0,0.0,0.0,up,461.8,2026-02-03T12:45:47,0.0,523.799987792969,354.53,2026-09-02 15:44:18,2026-09-02 11:45:02
TSLA,TSLA261218P00890000,TSLA,2026-12-18,P,890.0,533.2,16.0,537.15,16.0,0.0,0.0,0.0,-1.0,0.0,0.0,-0.1312,0.0,535.5288,0.0,0.0,0.0,0.0,up,503.91,2026-03-24T09:47:50,0.0,533.800018310547,354.53,2026-09-02 15:44:18,2026-09-02 11:45:02
TSLA,TSLA261218P00900000,TSLA,2026-12-18,P,900.0,543.2,16.0,547.15,16.0,0.0,0.0,0.0,-1.0,0.0,0.0,-0.1312,0.0,545.5288,0.0,0.0,0.0,0.0,up,534.52,2026-04-14T12:55:58,0.0,543.775024414062,354.53,2026-09-02 15:44:18,2026-09-02 11:45:02
TSLA,TSLA261218P00910000,TSLA,2026-12-18,P,910.0,553.2,16.0,557.15,16.0,0.0,0.0,0.0,-1.0,0.0,0.0,-0.1312,0.0,555.5288,0.0,0.0,0.0,0.0,no_change,477.25,2026-01-27T13:15:05,0.0,553.775024414062,354.53,2026-09-02 15:44:18,2026-09-02 11:45:02
TSLA,TSLA261218P00920000,TSLA,2026-12-18,P,920.0,563.2,16.0,567.15,16.0,0.0,0.0,0.0,-1.0,0.0,0.0,-0.1312,0.0,565.5288,0.0,0.0,0.0,0.0,up,485.2,2026-01-27T11:53:06,0.0,563.800018310547,354.53,2026-09-02 15:44:18,2026-09-02 11:45:02
TSLA,TSLA261218P00930000,TSLA,2026-12-18,P,930.0,573.2,16.0,577.15,16.0,0.0,0.0,0.0,-1.0,0.0,0.0,-0.1312,0.0,575.5288,0.0,0.0,0.0,0.0,up,530.85,2026-03-04T09:31:28,0.0,573.800018310547,354.53,2026-09-02 15:44:18,2026-09-02 11:45:02
TSLA,TSLA261218P00940000,TSLA,2026-12-18,P,940.0,583.2,16.0,587.15,16.0,0.0,0.0,0.0,-1.0,0.0,0.0,-0.1312,0.0,585.5288,0.0,0.0,0.0,0.0,up,506.45,2026-01-08T14:23:22,0.0,583.800018310547,354.53,2026-09-02 15:44:18,2026-09-02 11:45:02
TSLA,TSLA261218P00950000,TSLA,2026-12-18,P,950.0,593.2,16.0,597.15,16.0,0.0,0.0,0.0,-1.0,0.0,0.0,-0.1312,0.0,595.5288,0.0,0.0,0.0,0.0,down,525.25,2026-06-03T14:27:05,0.0,593.800018310547,354.53,2026-09-02 15:44:18,2026-09-02 11:45:02
TSLA,TSLA261218P00960000,TSLA,2026-12-18,P,960.0,603.2,16.0,607.15,16.0,0.0,0.0,0.0,-1.0,0.0,0.0,-0.1312,0.0,605.5288,0.0,0.0,0.0,0.0,down,522.5,2026-01-28T09:44:12,0.0,604.25,354.53,2026-09-02 15:44:18,2026-09-02 11:45:02
TSLA,TSLA261218P00970000,TSLA,2026-12-18,P,970.0,613.2,16.0,617.15,16.0,0.0,0.0,0.0,-1.0,0.0,0.0,-0.1312,0.0,615.5288,0.0,0.0,0.0,0.0,down,549.0,2026-02-09T12:33:36,0.0,613.849975585938,354.53,2026-09-02 15:44:18,2026-09-02 11:45:02
TSLA,TSLA261218P00980000,TSLA,2026-12-18,P,980.0,623.35,16.0,627.35,16.0,0.0,0.0,0.0,-1.0,0.0,0.0,-0.1312,0.0,625.5288,0.0,0.0,0.0,0.0,down,578.52,2026-03-16T10:54:42,0.0,624.200012207031,354.53,2026-09-02 15:44:18,2026-09-02 11:45:02
TSLA,TSLA261218P00990000,TSLA,2026-12-18,P,990.0,633.55,16.0,637.6,16.0,0.9975,0.0,0.0,-1.0,0.0,0.0,-0.1312,0.0,635.5288,0.0,0.0,0.0,0.0,down,567.73,2026-06-04T09:54:19,0.0,634.25,354.53,2026-09-02 15:44:18,2026-09-02 11:45:02
TSLA,TSLA270115C00005000,TSLA,2027-01-15,C,5.0,346.8,50.0,351.6,71.0,0.0,31274.0,1.0,1.0,0.0,0.0009,0.0,0.0185,349.8476,1.025,352.0,352.0,352.0,down,352.0,2026-09-02T10:43:57,0.292042,350.975006103516,354.53,2026-09-02 15:44:18,2026-09-02 11:45:02
TSLA,TSLA270115C00010000,TSLA,2027-01-15,C,10.0,340.85,16.0,348.6,16.0,0.0,3571.0,0.0,1.0,0.0,0.0016,0.0,0.037,344.943,0.0,0.0,0.0,0.0,up,355.0,2026-08-31T11:06:41,0.0,346.224990844727,354.53,2026-09-02 15:44:18,2026-09-02 11:45:02
TSLA,TSLA270115C00015000,TSLA,2027-01-15,C,15.0,336.1,16.0,343.6,16.0,0.0,121.0,0.0,1.0,0.0,0.0024,0.0,0.0556,340.0373,0.0,0.0,0.0,0.0,up,304.28,2026-08-06T13:15:28,0.0,341.375,354.53,2026-09-02 15:44:18,2026-09-02 11:45:02
TSLA,TSLA270115C00020000,TSLA,2027-01-15,C,20.0,331.25,16.0,338.75,16.0,0.0,91.0,0.0,1.0,0.0,0.0031,0.0,0.0741,335.1312,0.0,0.0,0.0,0.0,down,398.42,2026-05-18T10:18:14,0.0,336.524993896484,354.53,2026-09-02 15:44:18,2026-09-02 11:45:02
TSLA,TSLA270115C00025000,TSLA,2027-01-15,C,25.0,326.45,16.0,334.1,16.0,1.6631,220.0,0.0,1.0,0.0,0.0039,0.0,0.0926,330.2252,0.0,0.0,0.0,0.0,up,400.0,2026-07-01T09:30:06,0.0,331.625,354.53,2026-09-02 15:44:18,2026-09-02 11:45:02
TSLA,TSLA270115C00030000,TSLA,2027-01-15,C,30.0,321.5,20.0,329.05,1.0,1.3272,32.0,1.0,1.0,0.0,0.0047,0.0,0.1111,325.3193,-1.65,325.0,325.0,325.0,down,325.0,2026-09-02T10:46:18,-0.505126,326.649993896484,354.53,2026-09-02 15:44:18,2026-09-02 11:45:02
TSLA,TSLA270115C00035000,TSLA,2027-01-15,C,35.0,316.55,16.0,324.05,1.0,0.0,108.0,0.0,1.0,0.0,0.0056,0.0,0.1296,320.4137,0.0,0.0,0.0,0.0,down,329.0,2026-08-31T11:23:38,0.0,321.75,354.53,2026-09-02 15:44:18,2026-09-02 11:45:02
TSLA,TSLA270115C00040000,TSLA,2027-01-15,C,40.0,311.4,17.0,319.15,16.0,0.0,237.0,0.0,0.9999,0.0,0.0065,0.0,0.1481,315.5084,0.0,0.0,0.0,0.0,down,324.0,2026-08-31T11:29:39,0.0,316.875,354.53,2026-09-02 15:44:18,2026-09-02 11:45:02
TSLA,TSLA270115C00045000,TSLA,2027-01-15,C,45.0,306.5,16.0,314.45,16.0,0.0,23.0,0.0,0.9997,0.0,0.0075,0.0,0.1666,310.6036,0.0,0.0,0.0,0.0,down,355.25,2026-03-16T12:17:34,0.0,311.950012207031,354.53,2026-09-02 15:44:18,2026-09-02 11:45:02
TSLA,TSLA270115C00050000,TSLA,2027-01-15,C,50.0,301.6,17.0,309.25,16.0,0.0,132.0,0.0,0.9996,0.0,0.0086,0.0,0.185,305.6993,0.0,0.0,0.0,0.0,up,318.0,2026-08-31T11:54:18,0.0,307.074996948242,354.53,2026-09-02 15:44:18,2026-09-02 11:45:02
TSLA,TSLA270115C00055000,TSLA,2027-01-15,C,55.0,297.0,16.0,304.3,16.0,0.0,10.0,0.0,0.9994,0.0,0.0097,0.0,0.2035,300.7956,0.0,0.0,0.0,0.0,down,311.4,2026-08-21T15:47:30,0.0,302.175003051758,354.53,2026-09-02 15:44:18,2026-09-02 11:45:02
TSLA,TSLA270115C00060000,TSLA,2027-01-15,C,60.0,291.8,16.0,299.55,1.0,0.0,61.0,0.0,0.9992,0.0,0.0109,0.0,0.2219,295.8924,0.0,0.0,0.0,0.0,no_change,288.13,2026-08-28T13:24:23,0.0,297.225006103516,354.53,2026-09-02 15:44:18,2026-09-02 11:45:02
TSLA,TSLA270115C00065000,TSLA,2027-01-15,C,65.0,287.25,16.0,294.65,16.0,1.0503,29.0,0.0,0.999,0.0,0.0122,0.0,0.2403,290.9899,0.0,0.0,0.0,0.0,down,287.15,2026-08-25T15:58:32,0.0,292.324996948242,354.53,2026-09-02 15:44:18,2026-09-02 11:45:02
TSLA,TSLA270115C00070000,TSLA,2027-01-15,C,70.0,282.1,16.0,289.95,16.0,0.9943,84.0,0.0,0.9988,0.0,0.0136,0.0,0.2586,286.0882,0.0,0.0,0.0,0.0,down,373.95,2026-05-28T14:18:04,0.0,287.475006103516,354.53,2026-09-02 15:44:18,2026-09-02 11:45:02
TSLA,TSLA270115C00075000,TSLA,2027-01-15,C,75.0,277.6,20.0,284.7,20.0,0.99,46.0,0.0,0.9985,0.0,0.0152,0.0,0.2769,281.1873,0.0,0.0,0.0,0.0,down,310.44,2026-04-01T11:22:30,0.0,282.524993896484,354.53,2026-09-02 15:44:18,2026-09-02 11:45:02
TSLA,TSLA270115C00080000,TSLA,2027-01-15,C,80.0,273.0,34.0,279.8,35.0,1.0439,110.0,0.0,0.9983,0.0,0.0168,0.0,0.2952,276.2873,0.0,0.0,0.0,0.0,down,229.06,2026-07-28T15:33:22,0.0,277.225006103516,354.53,2026-09-02 15:44:18,2026-09-02 11:45:02
TSLA,TSLA270115C00085000,TSLA,2027-01-15,C,85.0,267.5,16.0,275.25,17.0,0.9486,57.0,0.0,0.998,0.0,0.0186,0.0,0.3135,271.3882,0.0,0.0,0.0,0.0,down,266.72,2026-08-25T09:30:01,0.0,272.649993896484,354.53,2026-09-02 15:44:18,2026-09-02 11:45:02
TSLA,TSLA270115C00090000,TSLA,2027-01-15,C,90.0,262.75,16.0,270.4,16.0,0.9661,830.0,0.0,0.9977,0.0,0.0204,0.0,0.3317,266.4903,0.0,0.0,0.0,0.0,down,233.05,2026-07-23T15:24:12,0.0,267.5,354.53,2026-09-02 15:44:18,2026-09-02 11:45:02
TSLA,TSLA270115C00095000,TSLA,2027-01-15,C,95.0,257.7,16.0,265.1,18.0,0.7503,150.0,0.0,0.9973,0.0,0.0224,0.0,0.3499,261.5934,0.0,0.0,0.0,0.0,down,274.64,2026-08-31T14:16:42,0.0,263.024993896484,354.53,2026-09-02 15:44:18,2026-09-02 11:45:02
TSLA,TSLA270115C00100000,TSLA,2027-01-15,C,100.0,252.95,16.0,260.4,17.0,0.8664,1180.0,0.0,0.997,0.0001,0.0246,0.0,0.368,256.6978,0.0,0.0,0.0,0.0,up,269.72,2026-08-31T14:16:42,0.0,258.424987792969,354.53,2026-09-02 15:44:18,2026-09-02 11:45:02
TSLA,TSLA270115C00105000,TSLA,2027-01-15,C,105.0,247.85,16.0,255.7,16.0,0.841,155.0,0.0,0.9966,0.0001,0.0269,0.0,0.3861,251.8035,0.0,0.0,0.0,0.0,no_change,250.7,2026-04-06T14:38:50,0.0,253.400001525879,354.53,2026-09-02 15:44:18,2026-09-02 11:45:02
TSLA,TSLA270115C00110000,TSLA,2027-01-15,C,110.0,242.95,16.0,250.8,16.0,0.8164,219.0,0.0,0.9961,0.0001,0.0295,0.0,0.4042,246.9107,0.0,0.0,0.0,0.0,up,210.0,2026-08-06T12:27:38,0.0,248.325004577637,354.53,2026-09-02 15:44:18,2026-09-02 11:45:02
TSLA,TSLA270115C00115000,TSLA,2027-01-15,C,115.0,238.3,17.0,245.75,18.0,0.8094,306.0,0.0,0.9956,0.0001,0.0322,0.0,0.4222,242.0196,0.0,0.0,0.0,0.0,down,245.64,2026-08-21T10:15:27,0.0,243.900001525879,354.53,2026-09-02 15:44:18,2026-09-02 11:45:02
TSLA,TSLA270115C00120000,TSLA,2027-01-15,C,120.0,233.8,41.0,240.9,44.0,0.8412,485.0,0.0,0.9951,0.0001,0.0351,0.0,0.4401,237.1302,0.0,0.0,0.0,0.0,no_change,238.73,2026-09-01T15:12:06,0.0,238.625,354.53,2026-09-02 15:44:18,2026-09-02 11:45:02
TSLA,TSLA270115C00125000,TSLA,2027-01-15,C,125.0,228.95,25.0,235.9,25.0,0.8097,131.0,0.0,0.9946,0.0001,0.0382,0.0,0.4579,232.2428,0.0,0.0,0.0,0.0,no_change,187.1,2026-07-27T11:50:07,0.0,233.875,354.53,2026-09-02 15:44:18,2026-09-02 11:45:02
TSLA,TSLA270115C00130000,TSLA,2027-01-15,C,130.0,224.05,26.0,230.95,51.0,0.7795,811.0,0.0,0.9939,0.0001,0.0415,0.0,0.4757,227.3574,0.0,0.0,0.0,0.0,up,219.77,2026-08-19T11:56:29,0.0,229.025001525879,354.53,2026-09-02 15:44:18,2026-09-02 11:45:02
TSLA,TSLA270115C00135000,TSLA,2027-01-15,C,135.0,219.15,39.0,226.4,40.0,0.7863,257.0,0.0,0.9933,0.0001,0.0451,0.0,0.4934,222.4743,0.0,0.0,0.0,0.0,up,208.96,2026-08-17T12:43:02,0.0,223.824996948242,354.53,2026-09-02 15:44:18,2026-09-02 11:45:02
TSLA,TSLA270115C00140000,TSLA,2027-01-15,C,140.0,213.75,17.0,221.3,16.0,0.6959,395.0,0.0,0.9925,0.0001,0.049,0.0,0.511,217.5938,0.0,0.0,0.0,0.0,up,191.49,2026-08-07T13:15:33,0.0,219.025001525879,354.53,2026-09-02 15:44:18,2026-09-02 11:45:02
TSLA,TSLA270115C00145000,TSLA,2027-01-15,C,145.0,208.8,16.0,216.65,16.0,0.6957,197.0,0.0,0.9917,0.0002,0.0533,0.0,0.5285,212.7162,0.0,0.0,0.0,0.0,down,267.0,2026-06-22T15:16:23,0.0,214.199996948242,354.53,2026-09-02 15:44:18,2026-09-02 11:45:02
TSLA,TSLA270115C00150000,TSLA,2027-01-15,C,150.0,205.15,16.0,210.55,16.0,0.6789,1616.0,0.0,0.9908,0.0002,0.0578,0.0,0.5458,207.8418,0.0,0.0,0.0,0.0,up,206.85,2026-08-27T11:20:40,0.0,209.324996948242,354.53,2026-09-02 15:44:18,2026-09-02 11:45:02
TSLA,TSLA270115C00155000,TSLA,2027-01-15,C,155.0,198.95,16.0,206.9,16.0,0.6537,206.0,0.0,0.9899,0.0002,0.0627,0.0,0.5631,202.971,0.0,0.0,0.0,0.0,up,188.58,2026-08-17T14:14:42,0.0,204.775001525879,354.53,2026-09-02 15:44:18,2026-09-02 11:45:02
TSLA,TSLA270115C00160000,TSLA,2027-01-15,C,160.0,194.85,40.0,201.9,39.0,0.6828,469.0,0.0,0.9888,0.0002,0.068,0.0,0.5802,198.1044,0.0,0.0,0.0,0.0,up,199.5,2026-09-01T15:11:24,0.0,199.675003051758,354.53,2026-09-02 15:44:18,2026-09-02 11:45:02
TSLA,TSLA270115C00165000,TSLA,2027-01-15,C,165.0,190.0,27.0,196.8,37.0,0.652,123.0,0.0,0.9876,0.0002,0.0737,0.0,0.5972,193.2425,0.0,0.0,0.0,0.0,down,166.92,2026-08-07T14:45:05,0.0,194.875,354.53,2026-09-02 15:44:18,2026-09-02 11:45:02
TSLA,TSLA270115C00170000,TSLA,2027-01-15,C,170.0,185.05,25.0,192.3,40.0,0.6507,930.0,0.0,0.9863,0.0003,0.0801,0.0,0.6139,188.3863,0.0,0.0,0.0,0.0,down,191.63,2026-09-01T12:20:51,0.0,189.625,354.53,2026-09-02 15:44:18,2026-09-02 11:45:02
TSLA,TSLA270115C00175000,TSLA,2027-01-15,C,175.0,180.2,35.0,187.45,37.0,0.6347,251.0,0.0,0.9849,0.0003,0.087,0.0,0.6304,183.5368,0.0,0.0,0.0,0.0,up,139.62,2026-07-30T10:40:38,0.0,185.150001525879,354.53,2026-09-02 15:44:18,2026-09-02 11:45:02
TSLA,TSLA270115C00180000,TSLA,2027-01-15,C,180.0,175.35,55.0,182.3,61.0,0.6042,488.0,0.0,0.9833,0.0003,0.0946,0.0,0.6467,178.6954,0.0,0.0,0.0,0.0,no_change,192.0,2026-08-31T14:04:29,0.0,180.0,354.53,2026-09-02 15:44:18,2026-09-02 11:45:02
TSLA,TSLA270115C00185000,TSLA,2027-01-15,C,185.0,170.1,28.0,177.4,29.0,0.5665,176.0,0.0,0.9814,0.0004,0.1028,0.0,0.6626,173.8634,0.0,0.0,0.0,0.0,up,146.94,2026-08-12T14:29:34,0.0,175.275001525879,354.53,2026-09-02 15:44:18,2026-09-02 11:45:02
TSLA,TSLA270115C00190000,TSLA,2027-01-15,C,190.0,165.8,52.0,172.55,56.0,0.5783,386.0,0.0,0.9794,0.0004,0.1119,0.0,0.6783,169.0425,0.0,0.0,0.0,0.0,no_change,169.93,2026-09-01T15:10:26,0.0,170.350006103516,354.53,2026-09-02 15:44:18,2026-09-02 11:45:02
TSLA,TSLA270115C00195000,TSLA,2027-01-15,C,195.0,161.15,172.0,165.85,165.0,0.4745,276.0,0.0,0.9771,0.0005,0.1222,0.0,0.6935,164.235,0.0,0.0,0.0,0.0,up,165.04,2026-09-01T15:10:48,0.0,165.550003051758,354.53,2026-09-02 15:44:18,2026-09-02 11:45:02
TSLA,TSLA270115C00200000,TSLA,2027-01-15,C,200.0,157.7,340.0,161.6,202.0,0.5604,4431.0,1.0,0.9745,0.0005,0.1335,0.0,0.7082,159.4432,0.325,161.05,161.05,161.05,down,161.05,2026-09-02T10:42:38,0.20221,160.724998474121,354.53,2026-09-02 15:44:18,2026-09-02 11:45:02
TSLA,TSLA270115C00205000,TSLA,2027-01-15,C,205.0,151.7,154.0,156.25,112.0,0.4769,237.0,0.0,0.9715,0.0006,0.1458,0.0,0.7224,154.6697,0.0,0.0,0.0,0.0,up,148.5,2026-08-14T10:15:36,0.0,156.325004577637,354.53,2026-09-02 15:44:18,2026-09-02 11:45:02
TSLA,TSLA270115C00210000,TSLA,2027-01-15,C,210.0,147.3,272.0,152.25,156.0,0.517,999.0,0.0,0.9681,0.0006,0.1593,0.0,0.736,149.9173,0.0,0.0,0.0,0.0,down,152.5,2026-08-24T13:33:09,0.0,151.525001525879,354.53,2026-09-02 15:44:18,2026-09-02 11:45:02
TSLA,TSLA270115C00215000,TSLA,2027-01-15,C,215.0,142.95,168.0,146.85,144.0,0.5001,287.0,0.0,0.9644,0.0007,0.1744,0.0,0.749,145.189,0.0,0.0,0.0,0.0,down,147.3,2026-08-24T10:52:21,0.0,146.775001525879,354.53,2026-09-02 15:44:18,2026-09-02 11:45:02
TSLA,TSLA270115C00220000,TSLA,2027-01-15,C,220.0,139.25,169.0,142.2,110.0,0.5225,1359.0,0.0,0.9601,0.0008,0.1911,0.0,0.761,140.4886,0.0,0.0,0.0,0.0,up,140.9,2026-09-01T14:30:21,0.0,141.975006103516,354.53,2026-09-02 15:44:18,2026-09-02 11:45:02
TSLA,TSLA270115C00225000,TSLA,2027-01-15,C,225.0,134.35,221.0,138.05,125.0,0.5208,467.0,0.0,0.9552,0.0009,0.2089,-0.0004,0.7724,135.8196,0.0,0.0,0.0,0.0,no_change,136.85,2026-09-01T15:09:15,0.0,137.525001525879,354.53,2026-09-02 15:44:18,2026-09-02 11:45:02
TSLA,TSLA270115C00230000,TSLA,2027-01-15,C,230.0,130.0,158.0,132.8,131.0,0.5057,841.0,0.0,0.9498,0.001,0.2283,-0.0047,0.7829,131.1855,0.0,0.0,0.0,0.0,up,135.12,2026-09-01T10:38:27,0.0,132.974998474121,354.53,2026-09-02 15:44:18,2026-09-02 11:45:02
TSLA,TSLA270115C00235000,TSLA,2027-01-15,C,235.0,125.7,194.0,127.35,162.0,0.4895,338.0,0.0,0.9438,0.0011,0.2496,-0.0093,0.7922,126.5905,0.0,0.0,0.0,0.0,down,129.95,2026-09-01T09:48:30,0.0,128.199996948242,354.53,2026-09-02 15:44:18,2026-09-02 11:45:02
TSLA,TSLA270115C00240000,TSLA,2027-01-15,C,240.0,121.2,19.0,122.85,27.0,0.4839,1743.0,0.0,0.9371,0.0012,0.2721,-0.0141,0.8004,122.0394,0.0,0.0,0.0,0.0,up,134.0,2026-08-31T15:08:11,0.0,123.775001525879,354.53,2026-09-02 15:44:18,2026-09-02 11:45:02
TSLA,TSLA270115C00245000,TSLA,2027-01-15,C,245.0,116.4,182.0,118.6,138.0,0.478,570.0,1.0,0.9297,0.0013,0.296,-0.0191,0.8077,117.5361,-0.275,118.95,118.95,118.95,up,118.95,2026-09-02T10:41:44,-0.230655,119.224998474121,354.53,2026-09-02 15:44:18,2026-09-02 11:45:02
TSLA,TSLA270115C00250000,TSLA,2027-01-15,C,250.0,112.55,154.0,113.9,147.0,0.4788,3093.0,1.0,0.9215,0.0014,0.3216,-0.0242,0.8136,113.0852,0.15,114.85,114.85,114.85,down,114.85,2026-09-02T10:44:15,0.130775,114.700000762939,354.53,2026-09-02 15:44:18,2026-09-02 11:45:02
TSLA,TSLA270115C00260000,TSLA,2027-01-15,C,260.0,103.95,57.0,105.0,82.0,0.4692,1749.0,0.0,0.9027,0.0017,0.3762,-0.0351,0.8215,104.3477,0.0,0.0,0.0,0.0,down,104.52,2026-09-01T15:04:56,0.0,105.975002288818,354.53,2026-09-02 15:44:18,2026-09-02 11:45:02
TSLA,TSLA270115C00270000,TSLA,2027-01-15,C,270.0,95.2,52.0,96.6,57.0,0.4584,2936.0,0.0,0.8806,0.002,0.4353,-0.0465,0.8237,95.9115,0.0,0.0,0.0,0.0,down,98.05,2026-09-01T13:26:06,0.0,97.5,354.53,2026-09-02 15:44:18,2026-09-02 11:45:02
TSLA,TSLA270115C00280000,TSLA,2027-01-15,C,280.0,87.15,136.0,88.45,144.0,0.4534,2500.0,100.0,0.855,0.0023,0.4965,-0.0582,0.8202,87.7624,-2.775,86.6,86.6,86.6,down,86.6,2026-09-02T09:37:28,-3.1049,89.375,354.53,2026-09-02 15:44:18,2026-09-02 11:45:02
TSLA,TSLA270115C00290000,TSLA,2027-01-15,C,290.0,79.1,140.0,80.9,153.0,0.448,953.0,30.0,0.8259,0.0027,0.5586,-0.0699,0.8105,79.9826,-1.555,76.94,79.82,76.94,up,79.82,2026-09-02T10:18:01,-1.91091,81.375,354.53,2026-09-02 15:44:18,2026-09-02 11:45:02
TSLA,TSLA270115C00300000,TSLA,2027-01-15,C,300.0,72.4,11.0,72.95,64.0,0.445,11468.0,11.0,0.7936,0.003,0.6196,-0.0813,0.7947,72.5938,-0.55,74.0,74.0,70.07,no_change,73.55,2026-09-02T10:42:05,-0.742238,74.0999984741211,354.53,2026-09-02 15:44:18,2026-09-02 11:45:02
TSLA,TSLA270115C00310000,TSLA,2027-01-15,C,310.0,65.35,174.0,66.25,299.0,0.4429,4588.0,504.0,0.7584,0.0033,0.6764,-0.092,0.7739,65.6453,-1.475,65.6,65.6,65.6,no_change,65.6,2026-09-02T11:29:04,-2.19903,67.0749969482422,354.53,2026-09-02 15:44:18,2026-09-02 11:45:02
TSLA,TSLA270115C00320000,TSLA,2027-01-15,C,320.0,58.95,42.0,59.65,228.0,0.4407,2998.0,4.0,0.7206,0.0036,0.7282,-0.1018,0.7474,59.1229,-0.5,56.0,60.05,56.0,up,60.05,2026-09-02T11:27:06,-0.825763,60.5499992370606,354.53,2026-09-02 15:44:18,2026-09-02 11:45:02
TSLA,TSLA270115C00330000,TSLA,2027-01-15,C,330.0,52.7,209.0,53.6,231.0,0.4377,3434.0,5.0,0.681,0.0038,0.7728,-0.1103,0.7165,53.0649,-1.7,51.05,52.65,50.45,up,52.65,2026-09-02T10:17:06,-3.12788,54.3500003814697,354.53,2026-09-02 15:44:18,2026-09-02 11:45:02
TSLA,TSLA270115C00340000,TSLA,2027-01-15,C,340.0,47.3,169.0,47.95,221.0,0.4372,1948.0,32.0,0.6402,0.004,0.8087,-0.1175,0.6828,47.4957,-1.725,49.25,49.25,45.5,down,47.0,2026-09-02T10:52:54,-3.54027,48.7249984741211,354.53,2026-09-02 15:44:18,2026-09-02 11:45:02
TSLA,TSLA270115C00350000,TSLA,2027-01-15,C,350.0,42.25,112.0,42.65,74.0,0.4357,11565.0,138.0,0.5988,0.0041,0.8356,-0.1232,0.6456,42.3992,-1.125,44.5,44.5,39.8,down,42.3,2026-09-02T11:18:15,-2.59067,43.4249992370606,354.53,2026-09-02 15:44:18,2026-09-02 11:45:02
TSLA,TSLA270115C00360000,TSLA,2027-01-15,C,360.0,37.65,88.0,37.95,79.0,0.4354,4711.0,205.0,0.5578,0.0042,0.853,-0.1273,0.6079,37.8076,-0.75,40.35,40.35,35.5,no_change,37.95,2026-09-02T11:19:37,-1.93799,38.7000007629394,354.53,2026-09-02 15:44:18,2026-09-02 11:45:02
TSLA,TSLA270115C00370000,TSLA,2027-01-15,C,370.0,33.45,47.0,33.75,153.0,0.436,3627.0,80.0,0.5171,0.0042,0.8611,-0.1299,0.5686,33.6192,-0.675,34.8,34.8,31.64,no_change,33.75,2026-09-02T11:22:05,-1.96078,34.4249992370606,354.53,2026-09-02 15:44:18,2026-09-02 11:45:02
TSLA,TSLA270115C00380000,TSLA,2027-01-15,C,380.0,29.7,141.0,30.0,98.0,0.4369,5027.0,1893.0,0.4775,0.0042,0.8604,-0.1311,0.5291,29.8544,-0.325,31.89,31.89,27.98,up,30.25,2026-09-02T11:27:06,-1.06296,30.5749998092651,354.53,2026-09-02 15:44:18,2026-09-02 11:45:02
TSLA,TSLA270115C00390000,TSLA,2027-01-15,C,390.0,26.35,37.0,26.65,85.0,0.4384,3971.0,37.0,0.4395,0.0042,0.852,-0.131,0.4906,26.4902,-0.275,28.38,28.38,24.83,up,26.8,2026-09-02T11:27:06,-1.0157,27.0749998092651,354.53,2026-09-02 15:44:18,2026-09-02 11:45:02
TSLA,TSLA270115C00400000,TSLA,2027-01-15,C,400.0,23.35,46.0,23.55,27.0,0.4393,36128.0,449.0,0.4032,0.0041,0.8363,-0.1297,0.4525,23.4782,-0.6,25.36,25.36,21.8,down,23.5,2026-09-02T11:29:00,-2.48963,24.1000003814697,354.53,2026-09-02 15:44:18,2026-09-02 11:45:02
TSLA,TSLA270115C00410000,TSLA,2027-01-15,C,410.0,20.7,55.0,21.0,108.0,0.4417,4108.0,19.0,0.3693,0.0039,0.8156,-0.1274,0.417,20.8378,-0.4,19.65,21.25,19.5,down,20.9,2026-09-02T11:15:44,-1.87794,21.3000001907349,354.53,2026-09-02 15:44:18,2026-09-02 11:45:02
TSLA,TSLA270115C00420000,TSLA,2027-01-15,C,420.0,18.4,28.0,18.65,111.0,0.4443,9627.0,73.0,0.3375,0.0038,0.7898,-0.1244,0.3826,18.4876,-0.25,19.45,19.45,17.0,up,18.65,2026-09-02T11:22:53,-1.32275,18.8999996185303,354.53,2026-09-02 15:44:18,2026-09-02 11:45:02
TSLA,TSLA270115C00430000,TSLA,2027-01-15,C,430.0,16.3,61.0,16.6,136.0,0.4468,4889.0,25.0,0.308,0.0036,0.7608,-0.1207,0.3508,16.4154,-0.15,17.46,17.46,15.6,up,16.55,2026-09-02T11:23:28,-0.898202,16.6999998092651,354.53,2026-09-02 15:44:18,2026-09-02 11:45:02
TSLA,TSLA270115C00440000,TSLA,2027-01-15,C,440.0,14.5,43.0,14.75,117.0,0.4495,8704.0,7.0,0.2808,0.0035,0.7293,-0.1166,0.3208,14.5895,-0.425,13.95,14.62,13.85,no_change,14.4,2026-09-02T11:10:19,-2.86678,14.8249998092651,354.53,2026-09-02 15:44:18,2026-09-02 11:45:02
TSLA,TSLA270115C00450000,TSLA,2027-01-15,C,450.0,12.9,50.0,13.15,145.0,0.4525,15735.0,305.0,0.2559,0.0033,0.6961,-0.1121,0.2932,12.9857,-0.045,13.2,13.4,12.0,no_change,13.13,2026-09-02T11:26:48,-0.341557,13.1750001907349,354.53,2026-09-02 15:44:18,2026-09-02 11:45:02
TSLA,TSLA270115C00460000,TSLA,2027-01-15,C,460.0,11.5,42.0,11.7,80.0,0.4556,7867.0,153.0,0.233,0.0031,0.6623,-0.1074,0.2678,11.5676,-0.425,11.74,11.75,10.7,no_change,11.3,2026-09-02T11:06:54,-3.62474,11.7250003814697,354.53,2026-09-02 15:44:18,2026-09-02 11:45:02
TSLA,TSLA270115C00470000,TSLA,2027-01-15,C,470.0,10.25,82.0,10.5,129.0,0.4589,2916.0,4.0,0.2124,0.0029,0.6282,-0.1027,0.2444,10.3398,0.275,9.91,10.75,9.85,up,10.75,2026-09-02T10:43:44,2.62529,10.4750003814697,354.53,2026-09-02 15:44:18,2026-09-02 11:45:02
TSLA,TSLA270115C00480000,TSLA,2027-01-15,C,480.0,9.15,76.0,9.4,123.0,0.4621,5130.0,100.0,0.1936,0.0027,0.595,-0.098,0.2235,9.2559,-0.65,9.0,9.57,8.52,no_change,8.7,2026-09-02T11:00:24,-6.95187,9.34999990463257,354.53,2026-09-02 15:44:18,2026-09-02 11:45:02
TSLA,TSLA270115C00490000,TSLA,2027-01-15,C,490.0,8.2,77.0,8.45,188.0,0.4659,3087.0,70.0,0.1765,0.0026,0.562,-0.0932,0.204,8.2964,-0.105,7.85,8.43,7.85,down,8.27,2026-09-02T11:29:02,-1.25373,8.375,354.53,2026-09-02 15:44:18,2026-09-02 11:45:02
TSLA,TSLA270115C00500000,TSLA,2027-01-15,C,500.0,7.4,70.0,7.5,21.0,0.4687,27592.0,347.0,0.1614,0.0024,0.5304,-0.0887,0.1866,7.472,-0.07,7.81,7.81,6.85,down,7.48,2026-09-02T11:29:02,-0.927152,7.54999995231628,354.53,2026-09-02 15:44:18,2026-09-02 11:45:02
TSLA,TSLA270115C00510000,TSLA,2027-01-15,C,510.0,6.65,176.0,6.9,183.0,0.4739,4083.0,368.0,0.1474,0.0022,0.5002,-0.0843,0.1709,6.7323,0.01,6.37,6.81,6.3,up,6.81,2026-09-02T11:23:33,0.14706,6.79999995231628,354.53,2026-09-02 15:44:18,2026-09-02 11:45:02
TSLA,TSLA270115C00520000,TSLA,2027-01-15,C,520.0,6.05,78.0,6.25,283.0,0.4781,5519.0,332.0,0.1352,0.0021,0.472,-0.0801,0.1568,6.0998,-0.24,5.65,6.07,5.65,no_change,5.91,2026-09-02T10:55:08,-3.90244,6.15000009536743,354.53,2026-09-02 15:44:18,2026-09-02 11:45:02
TSLA,TSLA270115C00530000,TSLA,2027-01-15,C,530.0,5.5,50.0,5.7,259.0,0.4827,3248.0,16.0,0.1241,0.002,0.4446,-0.0761,0.1438,5.5371,-0.215,5.2,5.36,5.2,up,5.36,2026-09-02T10:57:43,-3.8565,5.57499980926514,354.53,2026-09-02 15:44:18,2026-09-02 11:45:02
TSLA,TSLA270115C00540000,TSLA,2027-01-15,C,540.0,5.0,70.0,5.15,76.0,0.4863,3654.0,52.0,0.1141,0.0018,0.4194,-0.0724,0.1325,5.0424,-0.25,5.05,5.23,4.8,down,4.8,2026-09-02T11:01:57,-4.95049,5.04999995231628,354.53,2026-09-02 15:44:18,2026-09-02 11:45:02
TSLA,TSLA270115C00550000,TSLA,2027-01-15,C,550.0,4.55,75.0,4.75,372.0,0.4911,8922.0,110.0,0.1052,0.0017,0.3959,-0.0688,0.1222,4.6062,0.0,5.0,5.0,4.3,up,4.65,2026-09-02T11:26:01,-2.05091e-06,4.65000009536743,354.53,2026-09-02 15:44:18,2026-09-02 11:45:02
TSLA,TSLA270115C00560000,TSLA,2027-01-15,C,560.0,4.15,231.0,4.35,208.0,0.4953,2282.0,3.0,0.0972,0.0016,0.3735,-0.0655,0.1128,4.2217,0.01,4.23,4.26,4.23,up,4.26,2026-09-02T10:32:26,0.235294,4.25,354.53,2026-09-02 15:44:18,2026-09-02 11:45:02
TSLA,TSLA270115C00570000,TSLA,2027-01-15,C,570.0,3.8,69.0,4.0,206.0,0.4997,2010.0,1.0,0.09,0.0015,0.3527,-0.0624,0.1044,3.8822,-0.125,3.8,3.8,3.8,down,3.8,2026-09-02T09:48:38,-3.18471,3.92499995231628,354.53,2026-09-02 15:44:18,2026-09-02 11:45:02
TSLA,TSLA270115C00580000,TSLA,2027-01-15,C,580.0,3.5,193.0,3.7,200.0,0.5044,1491.0,0.0,0.0835,0.0014,0.3338,-0.0596,0.0969,3.5811,0.0,0.0,0.0,0.0,no_change,3.55,2026-09-01T14:37:26,0.0,3.60000002384186,354.53,2026-09-02 15:44:18,2026-09-02 11:45:02
TSLA,TSLA270115C00590000,TSLA,2027-01-15,C,590.0,3.15,134.0,3.5,134.0,0.5092,1237.0,0.0,0.0776,0.0013,0.316,-0.0568,0.0901,3.3105,0.0,0.0,0.0,0.0,no_change,3.25,2026-09-01T14:14:16,0.0,3.30000007152557,354.53,2026-09-02 15:44:18,2026-09-02 11:45:02
TSLA,TSLA270115C00600000,TSLA,2027-01-15,C,600.0,3.05,106.0,3.2,342.0,0.5153,15658.0,107.0,0.0723,0.0012,0.2994,-0.0544,0.0839,3.0722,0.05,3.17,3.2,2.91,up,3.15,2026-09-02T11:20:26,1.6129,3.10000002384186,354.53,2026-09-02 15:44:18,2026-09-02 11:45:02
TSLA,TSLA270115C00610000,TSLA,2027-01-15,C,610.0,2.81,219.0,2.94,87.0,0.519,2479.0,7.0,0.0675,0.0012,0.2839,-0.052,0.0782,2.8594,-0.14,2.85,2.85,2.71,no_change,2.73,2026-09-02T10:10:07,-4.87805,2.87000000476837,354.53,2026-09-02 15:44:18,2026-09-02 11:45:02
TSLA,TSLA270115C00620000,TSLA,2027-01-15,C,620.0,2.61,216.0,2.76,98.0,0.5239,5564.0,13.0,0.0632,0.0011,0.2698,-0.0499,0.0733,2.6696,-0.055,2.58,2.62,2.56,up,2.62,2026-09-02T10:50:01,-2.05607,2.67499995231628,354.53,2026-09-02 15:44:18,2026-09-02 11:45:02
TSLA,TSLA270115C00630000,TSLA,2027-01-15,C,630.0,2.45,183.0,2.57,182.0,0.5287,1681.0,5.0,0.0593,0.001,0.2569,-0.0479,0.0688,2.4977,-0.09,2.45,2.45,2.42,down,2.42,2026-09-02T10:10:48,-3.58566,2.50999999046326,354.53,2026-09-02 15:44:18,2026-09-02 11:45:02
TSLA,TSLA270115C00640000,TSLA,2027-01-15,C,640.0,2.28,248.0,2.42,93.0,0.5335,2328.0,9.0,0.0557,0.001,0.2448,-0.046,0.0646,2.3423,-0.015,2.34,2.34,2.34,down,2.34,2026-09-02T10:50:01,-0.636943,2.35500001907349,354.53,2026-09-02 15:44:18,2026-09-02 11:45:02
TSLA,TSLA270115C00650000,TSLA,2027-01-15,C,650.0,2.14,104.0,2.28,373.0,0.5384,4680.0,16.0,0.0525,0.0009,0.2334,-0.0442,0.0608,2.2017,0.055,2.33,2.33,2.14,up,2.26,2026-09-02T10:59:22,2.49433,2.20500004291534,354.53,2026-09-02 15:44:18,2026-09-02 11:45:02
TSLA,TSLA270115C00660000,TSLA,2027-01-15,C,660.0,2.01,191.0,2.14,80.0,0.543,1635.0,0.0,0.0495,0.0009,0.2226,-0.0426,0.0572,2.074,0.0,0.0,0.0,0.0,no_change,2.09,2026-09-01T14:41:09,0.0,2.08000004291534,354.53,2026-09-02 15:44:18,2026-09-02 11:45:02
TSLA,TSLA270115C00670000,TSLA,2027-01-15,C,670.0,1.9,210.0,2.02,80.0,0.548,2211.0,0.0,0.0468,0.0008,0.2127,-0.041,0.054,1.9577,0.0,0.0,0.0,0.0,no_change,1.98,2026-09-01T14:39:24,0.0,1.96499997377396,354.53,2026-09-02 15:44:18,2026-09-02 11:45:02
TSLA,TSLA270115C00680000,TSLA,2027-01-15,C,680.0,1.79,177.0,1.97,371.0,0.5542,1595.0,6.0,0.0443,0.0008,0.2034,-0.0395,0.0511,1.8513,-0.045,1.97,1.97,1.82,down,1.82,2026-09-02T11:00:25,-2.41287,1.86500000953674,354.53,2026-09-02 15:44:18,2026-09-02 11:45:02
TSLA,TSLA270115C00690000,TSLA,2027-01-15,C,690.0,1.71,269.0,1.82,74.0,0.5582,3515.0,1.0,0.042,0.0007,0.1949,-0.0382,0.0485,1.7531,0.05,1.82,1.82,1.82,up,1.82,2026-09-02T09:39:46,2.82486,1.77000004053116,354.53,2026-09-02 15:44:18,2026-09-02 11:45:02
TSLA,TSLA270115C00700000,TSLA,2027-01-15,C,700.0,1.63,268.0,1.72,107.0,0.563,15346.0,60.0,0.0398,0.0007,0.187,-0.0369,0.046,1.6638,0.02,1.74,1.76,1.64,no_change,1.7,2026-09-02T10:30:23,1.19048,1.68000000715256,354.53,2026-09-02 15:44:18,2026-09-02 11:45:02
TSLA,TSLA270115C00710000,TSLA,2027-01-15,C,710.0,1.53,217.0,1.65,87.0,0.5677,5856.0,0.0,0.0378,0.0007,0.1794,-0.0356,0.0437,1.5805,0.0,0.0,0.0,0.0,down,1.6,2026-09-01T14:02:54,0.0,1.58999997377396,354.53,2026-09-02 15:44:18,2026-09-02 11:45:02
TSLA,TSLA270115C00720000,TSLA,2027-01-15,C,720.0,1.44,171.0,1.6,74.0,0.5727,4552.0,0.0,0.036,0.0006,0.1722,-0.0345,0.0415,1.5045,0.0,0.0,0.0,0.0,up,1.58,2026-09-01T10:05:55,0.0,1.52500003576279,354.53,2026-09-02 15:44:18,2026-09-02 11:45:02
TSLA,TSLA270115C00730000,TSLA,2027-01-15,C,730.0,1.37,208.0,1.51,80.0,0.5768,3525.0,0.0,0.0343,0.0006,0.1654,-0.0334,0.0395,1.4338,0.0,0.0,0.0,0.0,up,1.5,2026-09-01T10:05:36,0.0,1.4549999833107,354.53,2026-09-02 15:44:18,2026-09-02 11:45:02
TSLA,TSLA270115C00740000,TSLA,2027-01-15,C,740.0,1.2,185.0,1.55,195.0,0.5815,1384.0,0.0,0.0328,0.0006,0.159,-0.0324,0.0377,1.3681,0.0,0.0,0.0,0.0,no_change,1.15,2026-08-31T09:30:53,0.0,1.41500002145767,354.53,2026-09-02 15:44:18,2026-09-02 11:45:02
TSLA,TSLA270115C00750000,TSLA,2027-01-15,C,750.0,1.26,200.0,1.37,69.0,0.5861,5754.0,0.0,0.0313,0.0006,0.1531,-0.0314,0.0359,1.3071,0.0,0.0,0.0,0.0,down,1.34,2026-09-01T13:52:15,0.0,1.33999997377396,354.53,2026-09-02 15:44:18,2026-09-02 11:45:02
TSLA,TSLA270115C00760000,TSLA,2027-01-15,C,760.0,1.08,355.0,1.43,403.0,0.5905,1001.0,0.0,0.0299,0.0005,0.1475,-0.0304,0.0344,1.2502,0.0,0.0,0.0,0.0,up,1.36,2026-09-01T09:31:31,0.0,1.30000001192093,354.53,2026-09-02 15:44:18,2026-09-02 11:45:02
TSLA,TSLA270115C00770000,TSLA,2027-01-15,C,770.0,1.03,295.0,1.38,303.0,0.5952,821.0,0.0,0.0286,0.0005,0.1423,-0.0296,0.0329,1.1971,0.0,0.0,0.0,0.0,up,1.22,2026-09-01T09:53:22,0.0,1.20999997854233,354.53,2026-09-02 15:44:18,2026-09-02 11:45:02
TSLA,TSLA270115C00780000,TSLA,2027-01-15,C,780.0,1.11,179.0,1.21,84.0,0.5999,3125.0,0.0,0.0274,0.0005,0.1374,-0.0287,0.0315,1.1474,0.0,0.0,0.0,0.0,down,1.17,2026-09-01T15:02:15,0.0,1.17500001192093,354.53,2026-09-02 15:44:18,2026-09-02 11:45:02
TSLA,TSLA270115C00790000,TSLA,2027-01-15,C,790.0,1.06,184.0,1.18,82.0,0.6048,4930.0,0.0,0.0263,0.0005,0.1326,-0.0279,0.0302,1.1009,0.0,0.0,0.0,0.0,up,1.18,2026-09-01T11:35:22,0.0,1.125,354.53,2026-09-02 15:44:18,2026-09-02 11:45:02
TSLA,TSLA270115C00800000,TSLA,2027-01-15,C,800.0,1.03,221.0,1.11,121.0,0.6086,11895.0,5.0,0.0252,0.0004,0.1281,-0.0272,0.0289,1.0574,0.01,1.06,1.09,1.06,up,1.09,2026-09-02T10:31:52,0.925927,1.0799999833107,354.53,2026-09-02 15:44:18,2026-09-02 11:45:02
TSLA,TSLA270115C00810000,TSLA,2027-01-15,C,810.0,0.85,304.0,1.19,347.0,0.6122,991.0,0.0,0.0242,0.0004,0.1238,-0.0264,0.0278,1.0165,0.0,0.0,0.0,0.0,up,1.16,2026-08-31T10:03:40,0.0,1.06999999284744,354.53,2026-09-02 15:44:18,2026-09-02 11:45:02
TSLA,TSLA270115C00820000,TSLA,2027-01-15,C,820.0,0.81,227.0,1.15,178.0,0.6162,691.0,0.0,0.0233,0.0004,0.1197,-0.0257,0.0266,0.9781,0.0,0.0,0.0,0.0,up,1.12,2026-08-31T10:03:40,0.0,0.995000034570694,354.53,2026-09-02 15:44:18,2026-09-02 11:45:02
TSLA,TSLA270115C00830000,TSLA,2027-01-15,C,830.0,0.78,326.0,1.11,313.0,0.6205,1230.0,0.0,0.0224,0.0004,0.1158,-0.025,0.0256,0.9421,0.0,0.0,0.0,0.0,down,0.95,2026-08-27T12:59:14,0.0,0.964999973773956,354.53,2026-09-02 15:44:18,2026-09-02 11:45:02
TSLA,TSLA270115C00840000,TSLA,2027-01-15,C,840.0,0.74,430.0,1.09,570.0,0.625,1147.0,4.0,0.0216,0.0004,0.1122,-0.0244,0.0247,0.9081,-0.005,0.92,0.92,0.92,no_change,0.92,2026-09-02T10:15:02,-0.540539,0.924999982118606,354.53,2026-09-02 15:44:18,2026-09-02 11:45:02
TSLA,TSLA270115C00850000,TSLA,2027-01-15,C,850.0,0.84,242.0,0.93,96.0,0.6293,2568.0,1.0,0.0208,0.0004,0.1087,-0.0238,0.0238,0.8761,-0.04,0.85,0.85,0.85,down,0.85,2026-09-02T10:31:38,-4.49438,0.889999985694885,354.53,2026-09-02 15:44:18,2026-09-02 11:45:02
TSLA,TSLA270115C00860000,TSLA,2027-01-15,C,860.0,0.79,217.0,0.91,79.0,0.6328,3252.0,0.0,0.0201,0.0004,0.1054,-0.0232,0.0229,0.8458,0.0,0.0,0.0,0.0,down,0.77,2026-08-28T14:36:57,0.0,0.860000014305115,354.53,2026-09-02 15:44:18,2026-09-02 11:45:02
TSLA,TSLA270115C00870000,TSLA,2027-01-15,C,870.0,0.66,233.0,0.98,207.0,0.6367,714.0,0.0,0.0194,0.0003,0.1024,-0.0227,0.0221,0.8172,0.0,0.0,0.0,0.0,down,0.72,2026-08-28T14:36:57,0.0,0.860000014305115,354.53,2026-09-02 15:44:18,2026-09-02 11:45:02
TSLA,TSLA270115C00880000,TSLA,2027-01-15,C,880.0,0.74,198.0,0.84,51.0,0.6403,1858.0,0.0,0.0187,0.0003,0.0994,-0.0221,0.0214,0.7901,0.0,0.0,0.0,0.0,down,0.81,2026-09-01T09:55:49,0.0,0.810000002384186,354.53,2026-09-02 15:44:18,2026-09-02 11:45:02
TSLA,TSLA270115C00890000,TSLA,2027-01-15,C,890.0,0.71,177.0,0.83,87.0,0.6448,1892.0,1.0,0.0181,0.0003,0.0966,-0.0216,0.0206,0.7645,0.005,0.78,0.78,0.78,down,0.78,2026-09-02T10:07:48,0.64516,0.775000005960464,354.53,2026-09-02 15:44:18,2026-09-02 11:45:02
TSLA,TSLA270115C00900000,TSLA,2027-01-15,C,900.0,0.71,231.0,0.79,194.0,0.6492,12932.0,10.0,0.0175,0.0003,0.0939,-0.0211,0.02,0.7402,0.01,0.76,0.76,0.76,up,0.76,2026-09-02T10:46:39,1.33333,0.75,354.53,2026-09-02 15:44:18,2026-09-02 11:45:02
TSLA,TSLA270115C00910000,TSLA,2027-01-15,C,910.0,0.66,122.0,0.8,164.0,0.6534,1613.0,0.0,0.0169,0.0003,0.0913,-0.0207,0.0193,0.7171,0.0,0.0,0.0,0.0,down,0.74,2026-09-01T09:56:39,0.0,0.729999989271164,354.53,2026-09-02 15:44:18,2026-09-02 11:45:02
TSLA,TSLA270115C00920000,TSLA,2027-01-15,C,920.0,0.54,111.0,0.85,120.0,0.6556,1209.0,0.0,0.0164,0.0003,0.0888,-0.0202,0.0187,0.6953,0.0,0.0,0.0,0.0,down,0.82,2026-08-31T10:48:37,0.0,0.71000000834465,354.53,2026-09-02 15:44:18,2026-09-02 11:45:02
TSLA,TSLA270115C00930000,TSLA,2027-01-15,C,930.0,0.52,301.0,0.82,159.0,0.6589,574.0,0.0,0.0159,0.0003,0.0864,-0.0198,0.0181,0.6745,0.0,0.0,0.0,0.0,down,0.7,2026-09-01T11:27:37,0.0,0.7049999833107,354.53,2026-09-02 15:44:18,2026-09-02 11:45:02
TSLA,TSLA270115C00940000,TSLA,2027-01-15,C,940.0,0.61,109.0,0.7,98.0,0.6631,93429.0,0.0,0.0154,0.0003,0.0841,-0.0193,0.0175,0.6548,0.0,0.0,0.0,0.0,down,0.65,2026-09-01T09:56:39,0.0,0.6700000166893,354.53,2026-09-02 15:44:18,2026-09-02 11:45:02
TSLA,TSLA270115C00950000,TSLA,2027-01-15,C,950.0,0.58,259.0,0.69,269.0,0.6666,16652.0,1.0,0.015,0.0003,0.0819,-0.0189,0.017,0.636,-0.015,0.62,0.62,0.62,down,0.62,2026-09-02T10:07:48,-2.36221,0.635000020265579,354.53,2026-09-02 15:44:18,2026-09-02 11:45:02
TSLA,TSLA270115C00960000,TSLA,2027-01-15,C,960.0,0.6,144.0,0.66,209.0,0.6719,111359.0,17.0,0.0145,0.0002,0.0798,-0.0186,0.0164,0.6181,-0.025,0.63,0.63,0.6,down,0.6,2026-09-02T10:44:49,-4.0,0.625,354.53,2026-09-02 15:44:18,2026-09-02 11:45:02
TSLA,TSLA270115C00970000,TSLA,2027-01-15,C,970.0,0.45,180.0,0.74,178.0,0.6731,663.0,0.0,0.0141,0.0002,0.0778,-0.0182,0.016,0.6011,0.0,0.0,0.0,0.0,down,0.74,2026-08-24T15:33:57,0.0,0.615000009536743,354.53,2026-09-02 15:44:18,2026-09-02 11:45:02
TSLA,TSLA270115C00980000,TSLA,2027-01-15,C,980.0,0.44,305.0,0.72,159.0,0.6768,1400.0,0.0,0.0137,0.0002,0.0759,-0.0178,0.0155,0.5848,0.0,0.0,0.0,0.0,down,0.6,2026-08-28T09:51:30,0.0,0.594999998807907,354.53,2026-09-02 15:44:18,2026-09-02 11:45:02
TSLA,TSLA270115C00990000,TSLA,2027-01-15,C,990.0,0.51,119.0,0.6,111.0,0.679,13072.0,35.0,0.0133,0.0002,0.074,-0.0175,0.0151,0.5692,-0.005,0.54,0.56,0.52,no_change,0.55,2026-09-02T10:21:00,-0.900902,0.555000007152557,354.53,2026-09-02 15:44:18,2026-09-02 11:45:02
TSLA,TSLA270115P00005000,TSLA,2027-01-15,P,5.0,0.0,0.0,0.01,50.0,2.1242,18980.0,0.0,-0.0001,0.0,0.0009,-0.0008,-0.0002,0.0191,0.0,0.0,0.0,0.0,no_change,0.01,2026-08-31T09:58:27,0.0,0.00499999988824129,354.53,2026-09-02 15:44:18,2026-09-02 11:45:02
TSLA,TSLA270115P00010000,TSLA,2027-01-15,P,10.0,0.0,0.0,0.01,10.0,1.7516,7162.0,0.0,-0.0002,0.0,0.0016,-0.0012,-0.0004,0.0293,0.0,0.0,0.0,0.0,no_change,0.01,2026-07-17T10:33:30,0.0,0.0199999995529652,354.53,2026-09-02 15:44:18,2026-09-02 11:45:02
TSLA,TSLA270115P00015000,TSLA,2027-01-15,P,15.0,0.0,0.0,0.02,10.0,1.6214,2745.0,0.0,-0.0003,0.0,0.0024,-0.0015,-0.0005,0.0385,0.0,0.0,0.0,0.0,up,0.03,2026-08-11T09:30:15,0.0,0.025000000372529,354.53,2026-09-02 15:44:18,2026-09-02 11:45:02
TSLA,TSLA270115P00020000,TSLA,2027-01-15,P,20.0,0.0,0.0,0.02,20.0,1.4673,4149.0,0.0,-0.0004,0.0,0.0031,-0.0018,-0.0007,0.0473,0.0,0.0,0.0,0.0,down,0.01,2026-08-19T11:31:35,0.0,0.0500000007450581,354.53,2026-09-02 15:44:18,2026-09-02 11:45:02
TSLA,TSLA270115P00025000,TSLA,2027-01-15,P,25.0,0.0,0.0,0.03,20.0,1.3921,1215.0,0.0,-0.0005,0.0,0.0039,-0.0021,-0.0008,0.0561,0.0,0.0,0.0,0.0,down,0.05,2026-08-28T13:33:17,0.0,0.025000000372529,354.53,2026-09-02 15:44:18,2026-09-02 11:45:02
TSLA,TSLA270115P00030000,TSLA,2027-01-15,P,30.0,0.0,0.0,0.03,20.0,1.2939,3178.0,0.0,-0.0006,0.0,0.0047,-0.0024,-0.001,0.0651,0.0,0.0,0.0,0.0,down,0.02,2026-08-31T14:51:42,0.0,0.0900000035762787,354.53,2026-09-02 15:44:18,2026-09-02 11:45:02
TSLA,TSLA270115P00035000,TSLA,2027-01-15,P,35.0,0.0,0.0,0.04,20.0,1.2398,4064.0,0.0,-0.0008,0.0,0.0056,-0.0027,-0.0012,0.0743,0.0,0.0,0.0,0.0,up,0.04,2026-08-24T13:36:33,0.0,0.0500000007450581,354.53,2026-09-02 15:44:18,2026-09-02 11:45:02
TSLA,TSLA270115P00040000,TSLA,2027-01-15,P,40.0,0.01,19.0,0.05,47.0,1.2074,923.0,10.0,-0.0009,0.0,0.0065,-0.003,-0.0014,0.0839,-0.17,0.03,0.03,0.03,down,0.03,2026-09-02T10:44:50,-85.0,0.200000002980232,354.53,2026-09-02 15:44:18,2026-09-02 11:45:02
TSLA,TSLA270115P00045000,TSLA,2027-01-15,P,45.0,0.01,20.0,0.06,33.0,1.157,612.0,7.0,-0.001,0.0,0.0075,-0.0033,-0.0017,0.094,-0.045,0.03,0.03,0.03,down,0.03,2026-09-02T10:23:47,-60.0,0.0750000029802322,354.53,2026-09-02 15:44:18,2026-09-02 11:45:02
TSLA,TSLA270115P00050000,TSLA,2027-01-15,P,50.0,0.03,4.0,0.08,114.0,1.1435,4980.0,17.0,-0.0012,0.0,0.0086,-0.0037,-0.0019,0.1045,-0.055,0.03,0.04,0.03,up,0.04,2026-09-02T10:40:45,-57.8947,0.0949999978765845,354.53,2026-09-02 15:44:18,2026-09-02 11:45:02
TSLA,TSLA270115P00055000,TSLA,2027-01-15,P,55.0,0.01,59.0,0.07,62.0,1.0877,785.0,5.0,-0.0014,0.0,0.0097,-0.004,-0.0022,0.1157,-0.05,0.04,0.04,0.04,no_change,0.04,2026-09-02T10:32:30,-55.5556,0.0900000035762787,354.53,2026-09-02 15:44:18,2026-09-02 11:45:02
TSLA,TSLA270115P00060000,TSLA,2027-01-15,P,60.0,0.01,20.0,0.12,20.0,1.0541,729.0,0.0,-0.0016,0.0,0.0109,-0.0043,-0.0024,0.1274,0.0,0.0,0.0,0.0,up,0.09,2026-09-01T15:28:35,0.0,0.10499999858439,354.53,2026-09-02 15:44:18,2026-09-02 11:45:02
TSLA,TSLA270115P00065000,TSLA,2027-01-15,P,65.0,0.01,20.0,0.14,20.0,1.0212,427.0,0.0,-0.0018,0.0,0.0122,-0.0047,-0.0028,0.1398,0.0,0.0,0.0,0.0,no_change,0.08,2026-09-01T12:12:06,0.0,0.114999998360872,354.53,2026-09-02 15:44:18,2026-09-02 11:45:02
TSLA,TSLA270115P00070000,TSLA,2027-01-15,P,70.0,0.05,147.0,0.17,134.0,1.0157,4169.0,4.0,-0.002,0.0,0.0137,-0.005,-0.0031,0.1529,0.02,0.1,0.18,0.1,up,0.18,2026-09-02T10:31:43,12.5,0.160000000149012,354.53,2026-09-02 15:44:18,2026-09-02 11:45:02
TSLA,TSLA270115P00075000,TSLA,2027-01-15,P,75.0,0.1,3.0,0.25,172.0,1.0232,809.0,5.0,-0.0022,0.0,0.0152,-0.0054,-0.0034,0.1669,0.06,0.2,0.21,0.2,no_change,0.21,2026-09-02T10:46:18,40.0,0.150000002235174,354.53,2026-09-02 15:44:18,2026-09-02 11:45:02
TSLA,TSLA270115P00080000,TSLA,2027-01-15,P,80.0,0.1,68.0,0.25,97.0,0.9818,2465.0,0.0,-0.0025,0.0,0.0169,-0.0058,-0.0038,0.1818,0.0,0.0,0.0,0.0,no_change,0.15,2026-09-01T14:29:39,0.0,0.149999998509884,354.53,2026-09-02 15:44:18,2026-09-02 11:45:02
TSLA,TSLA270115P00085000,TSLA,2027-01-15,P,85.0,0.1,93.0,0.25,92.0,0.9435,272.0,0.0,-0.0028,0.0,0.0186,-0.0062,-0.0042,0.1977,0.0,0.0,0.0,0.0,up,0.19,2026-09-01T11:28:05,0.0,0.179999999701977,354.53,2026-09-02 15:44:18,2026-09-02 11:45:02
TSLA,TSLA270115P00090000,TSLA,2027-01-15,P,90.0,0.09,88.0,0.32,177.0,0.9235,499.0,0.0,-0.0031,0.0,0.0205,-0.0067,-0.0047,0.2146,0.0,0.0,0.0,0.0,up,0.22,2026-09-01T15:28:35,0.0,0.199999995529652,354.53,2026-09-02 15:44:18,2026-09-02 11:45:02
TSLA,TSLA270115P00095000,TSLA,2027-01-15,P,95.0,0.11,33.0,0.34,33.0,0.898,1273.0,0.0,-0.0035,0.0,0.0225,-0.0071,-0.0052,0.2327,0.0,0.0,0.0,0.0,down,0.22,2026-08-28T09:49:20,0.0,0.225000008940697,354.53,2026-09-02 15:44:18,2026-09-02 11:45:02
TSLA,TSLA270115P00100000,TSLA,2027-01-15,P,100.0,0.2,90.0,0.3,127.0,0.8759,5179.0,0.0,-0.0038,0.0001,0.0246,-0.0076,-0.0057,0.2519,0.0,0.0,0.0,0.0,up,0.27,2026-09-01T15:28:28,0.0,0.245000004768372,354.53,2026-09-02 15:44:18,2026-09-02 11:45:02
TSLA,TSLA270115P00105000,TSLA,2027-01-15,P,105.0,0.16,194.0,0.4,179.0,0.8555,655.0,0.0,-0.0042,0.0001,0.027,-0.0081,-0.0063,0.2725,0.0,0.0,0.0,0.0,no_change,0.29,2026-08-21T11:49:29,0.0,0.280000008642674,354.53,2026-09-02 15:44:18,2026-09-02 11:45:02
TSLA,TSLA270115P00110000,TSLA,2027-01-15,P,110.0,0.18,290.0,0.43,312.0,0.8334,1379.0,0.0,-0.0047,0.0001,0.0296,-0.0086,-0.007,0.2947,0.0,0.0,0.0,0.0,down,0.3,2026-08-31T12:54:15,0.0,0.300000004470348,354.53,2026-09-02 15:44:18,2026-09-02 11:45:02
TSLA,TSLA270115P00115000,TSLA,2027-01-15,P,115.0,0.21,221.0,0.46,195.0,0.8128,937.0,0.0,-0.0052,0.0001,0.0324,-0.0091,-0.0076,0.3187,0.0,0.0,0.0,0.0,up,0.4,2026-08-31T12:56:27,0.0,0.334999993443489,354.53,2026-09-02 15:44:18,2026-09-02 11:45:02
TSLA,TSLA270115P00120000,TSLA,2027-01-15,P,120.0,0.26,221.0,0.47,235.0,0.7927,1286.0,0.0,-0.0057,0.0001,0.0352,-0.0097,-0.0084,0.3443,0.0,0.0,0.0,0.0,down,0.34,2026-09-01T15:42:47,0.0,0.370000004768372,354.53,2026-09-02 15:44:18,2026-09-02 11:45:02
TSLA,TSLA270115P00125000,TSLA,2027-01-15,P,125.0,0.26,369.0,0.53,344.0,0.7729,1210.0,0.0,-0.0062,0.0001,0.0383,-0.0103,-0.0092,0.3719,0.0,0.0,0.0,0.0,no_change,0.44,2026-08-25T10:58:40,0.0,0.390000000596046,354.53,2026-09-02 15:44:18,2026-09-02 11:45:02
TSLA,TSLA270115P00130000,TSLA,2027-01-15,P,130.0,0.37,123.0,0.47,324.0,0.752,4153.0,30.0,-0.0069,0.0001,0.0416,-0.0109,-0.0101,0.4015,-0.025,0.41,0.42,0.4,no_change,0.4,2026-09-02T10:40:45,-5.88235,0.424999997019768,354.53,2026-09-02 15:44:18,2026-09-02 11:45:02
TSLA,TSLA270115P00135000,TSLA,2027-01-15,P,135.0,0.32,223.0,0.6,247.0,0.735,1009.0,0.0,-0.0075,0.0001,0.0453,-0.0116,-0.011,0.4334,0.0,0.0,0.0,0.0,no_change,0.43,2026-09-01T12:19:27,0.0,0.454999983310699,354.53,2026-09-02 15:44:18,2026-09-02 11:45:02
TSLA,TSLA270115P00140000,TSLA,2027-01-15,P,140.0,0.43,63.0,0.55,74.0,0.7158,1704.0,0.0,-0.0083,0.0001,0.0493,-0.0123,-0.0121,0.468,0.0,0.0,0.0,0.0,up,0.48,2026-08-31T14:29:40,0.0,0.484999984502792,354.53,2026-09-02 15:44:18,2026-09-02 11:45:02
TSLA,TSLA270115P00145000,TSLA,2027-01-15,P,145.0,0.38,229.0,0.68,290.0,0.6987,220.0,0.0,-0.0091,0.0002,0.0537,-0.013,-0.0132,0.5055,0.0,0.0,0.0,0.0,no_change,0.52,2026-09-01T12:59:18,0.0,0.514999985694885,354.53,2026-09-02 15:44:18,2026-09-02 11:45:02
TSLA,TSLA270115P00150000,TSLA,2027-01-15,P,150.0,0.49,108.0,0.61,142.0,0.6781,8351.0,0.0,-0.01,0.0002,0.0581,-0.0138,-0.0145,0.5464,0.0,0.0,0.0,0.0,no_change,0.58,2026-09-01T12:59:18,0.0,0.564999997615814,354.53,2026-09-02 15:44:18,2026-09-02 11:45:02
TSLA,TSLA270115P00155000,TSLA,2027-01-15,P,155.0,0.48,198.0,0.67,195.0,0.6589,522.0,0.0,-0.011,0.0002,0.0629,-0.0146,-0.0158,0.5908,0.0,0.0,0.0,0.0,up,0.65,2026-08-31T12:58:08,0.0,0.625,354.53,2026-09-02 15:44:18,2026-09-02 11:45:02
TSLA,TSLA270115P00160000,TSLA,2027-01-15,P,160.0,0.59,177.0,0.69,155.0,0.6463,3466.0,0.0,-0.012,0.0002,0.0682,-0.0155,-0.0174,0.6392,0.0,0.0,0.0,0.0,down,0.62,2026-09-01T15:59:04,0.0,0.634999990463257,354.53,2026-09-02 15:44:18,2026-09-02 11:45:02
TSLA,TSLA270115P00165000,TSLA,2027-01-15,P,165.0,0.53,158.0,0.86,193.0,0.6317,812.0,0.0,-0.0132,0.0002,0.0741,-0.0165,-0.019,0.6927,0.0,0.0,0.0,0.0,down,0.65,2026-09-01T15:20:52,0.0,0.71000000834465,354.53,2026-09-02 15:44:18,2026-09-02 11:45:02
TSLA,TSLA270115P00170000,TSLA,2027-01-15,P,170.0,0.71,116.0,0.81,160.0,0.6182,1096.0,5.0,-0.0145,0.0003,0.0808,-0.0175,-0.0209,0.7518,0.02,0.76,0.77,0.75,up,0.77,2026-09-02T10:54:14,2.66667,0.75,354.53,2026-09-02 15:44:18,2026-09-02 11:45:02
TSLA,TSLA270115P00175000,TSLA,2027-01-15,P,175.0,0.77,132.0,0.87,180.0,0.6039,3803.0,6.0,-0.016,0.0003,0.0876,-0.0186,-0.0229,0.8178,0.005,0.77,0.86,0.77,down,0.8,2026-09-02T10:54:14,0.628932,0.794999986886978,354.53,2026-09-02 15:44:18,2026-09-02 11:45:02
TSLA,TSLA270115P00180000,TSLA,2027-01-15,P,180.0,0.83,127.0,0.95,133.0,0.5904,3210.0,0.0,-0.0176,0.0003,0.0949,-0.0198,-0.0252,0.8918,0.0,0.0,0.0,0.0,down,0.89,2026-08-31T12:56:34,0.0,0.870000004768372,354.53,2026-09-02 15:44:18,2026-09-02 11:45:02
TSLA,TSLA270115P00185000,TSLA,2027-01-15,P,185.0,0.8,295.0,1.14,317.0,0.5778,586.0,0.0,-0.0195,0.0004,0.1033,-0.0211,-0.0278,0.9752,0.0,0.0,0.0,0.0,down,0.93,2026-09-01T15:20:40,0.0,0.984999984502792,354.53,2026-09-02 15:44:18,2026-09-02 11:45:02
TSLA,TSLA270115P00190000,TSLA,2027-01-15,P,190.0,1.01,134.0,1.12,135.0,0.5661,2298.0,0.0,-0.0215,0.0004,0.1125,-0.0225,-0.0306,1.0699,0.0,0.0,0.0,0.0,no_change,1.04,2026-09-01T09:54:30,0.0,1.03500002622604,354.53,2026-09-02 15:44:18,2026-09-02 11:45:02
TSLA,TSLA270115P00195000,TSLA,2027-01-15,P,195.0,1.12,102.0,1.23,119.0,0.5552,3422.0,0.0,-0.0239,0.0005,0.1233,-0.0241,-0.0339,1.1781,0.0,0.0,0.0,0.0,down,1.12,2026-09-01T12:41:52,0.0,1.14500004053116,354.53,2026-09-02 15:44:18,2026-09-02 11:45:02
TSLA,TSLA270115P00200000,TSLA,2027-01-15,P,200.0,1.25,114.0,1.33,245.0,0.5442,9920.0,59.0,-0.0265,0.0005,0.1342,-0.0259,-0.0376,1.3028,0.0,1.27,1.32,1.27,down,1.28,2026-09-02T10:15:13,2.23517e-06,1.27999997138977,354.53,2026-09-02 15:44:18,2026-09-02 11:45:02
TSLA,TSLA270115P00205000,TSLA,2027-01-15,P,205.0,1.27,162.0,1.63,183.0,0.5358,999.0,0.0,-0.0295,0.0006,0.1466,-0.0278,-0.0418,1.4453,0.0,0.0,0.0,0.0,down,1.3,2026-08-31T15:52:30,0.0,1.39499998092651,354.53,2026-09-02 15:44:18,2026-09-02 11:45:02
TSLA,TSLA270115P00210000,TSLA,2027-01-15,P,210.0,1.54,100.0,1.67,218.0,0.5261,5388.0,1.0,-0.0329,0.0006,0.1603,-0.0299,-0.0465,1.6091,0.055,1.63,1.63,1.63,up,1.63,2026-09-02T10:15:43,3.49206,1.57499998807907,354.53,2026-09-02 15:44:18,2026-09-02 11:45:02
TSLA,TSLA270115P00215000,TSLA,2027-01-15,P,215.0,1.63,161.0,1.96,157.0,0.5178,641.0,0.0,-0.0368,0.0007,0.1763,-0.0323,-0.0519,1.7975,0.0,0.0,0.0,0.0,down,1.7,2026-09-01T10:28:34,0.0,1.76999998092651,354.53,2026-09-02 15:44:18,2026-09-02 11:45:02
TSLA,TSLA270115P00220000,TSLA,2027-01-15,P,220.0,1.96,78.0,2.02,12.0,0.5088,4151.0,18.0,-0.0411,0.0008,0.1921,-0.0348,-0.0578,2.0148,0.005,2.08,2.08,1.97,down,1.97,2026-09-02T11:26:40,0.254454,1.96499997377396,354.53,2026-09-02 15:44:18,2026-09-02 11:45:02
TSLA,TSLA270115P00225000,TSLA,2027-01-15,P,225.0,2.21,63.0,2.4,188.0,0.505,1096.0,1.0,-0.046,0.0009,0.2102,-0.0376,-0.0646,2.2627,0.06,2.29,2.29,2.29,up,2.29,2026-09-02T10:32:31,2.69058,2.23000001907349,354.53,2026-09-02 15:44:18,2026-09-02 11:45:02
TSLA,TSLA270115P00230000,TSLA,2027-01-15,P,230.0,2.48,90.0,2.6,93.0,0.496,6959.0,4.0,-0.0514,0.001,0.2301,-0.0407,-0.0723,2.546,0.03,2.63,2.63,2.5,down,2.5,2026-09-02T10:42:48,1.21457,2.47000002861023,354.53,2026-09-02 15:44:18,2026-09-02 11:45:02
TSLA,TSLA270115P00235000,TSLA,2027-01-15,P,235.0,2.79,96.0,2.92,232.0,0.4895,2826.0,14.0,-0.0576,0.0011,0.2516,-0.0439,-0.0808,2.8703,0.075,3.0,3.0,2.85,down,2.85,2026-09-02T10:32:33,2.7027,2.77499997615814,354.53,2026-09-02 15:44:18,2026-09-02 11:45:02
TSLA,TSLA270115P00240000,TSLA,2027-01-15,P,240.0,3.15,101.0,3.3,191.0,0.484,5669.0,7.0,-0.0643,0.0012,0.274,-0.0474,-0.09,3.2377,0.075,3.34,3.35,3.2,down,3.2,2026-09-02T11:12:33,2.4,3.125,354.53,2026-09-02 15:44:18,2026-09-02 11:45:02
TSLA,TSLA270115P00245000,TSLA,2027-01-15,P,245.0,3.55,129.0,3.65,16.0,0.4774,3163.0,57.0,-0.0719,0.0013,0.298,-0.0511,-0.1005,3.6535,0.09,3.7,3.78,3.6,down,3.64,2026-09-02T10:31:30,2.53521,3.55000007152557,354.53,2026-09-02 15:44:18,2026-09-02 11:45:02
TSLA,TSLA270115P00250000,TSLA,2027-01-15,P,250.0,4.0,183.0,4.15,95.0,0.4728,11134.0,45.0,-0.0802,0.0015,0.3247,-0.055,-0.1122,4.1237,0.125,4.16,4.35,4.09,down,4.15,2026-09-02T11:07:28,3.10559,4.02499997615814,354.53,2026-09-02 15:44:18,2026-09-02 11:45:02
TSLA,TSLA270115P00260000,TSLA,2027-01-15,P,260.0,5.1,113.0,5.3,240.0,0.4646,6084.0,15.0,-0.0992,0.0017,0.3789,-0.0634,-0.1381,5.2457,0.2,5.4,5.5,5.15,up,5.3,2026-09-02T10:55:05,3.92157,5.09999990463257,354.53,2026-09-02 15:44:18,2026-09-02 11:45:02
TSLA,TSLA270115P00270000,TSLA,2027-01-15,P,270.0,6.4,239.0,6.7,137.0,0.4564,6794.0,12.0,-0.1218,0.002,0.4385,-0.0723,-0.1687,6.6438,0.17,6.86,6.91,6.62,down,6.62,2026-09-02T10:52:51,2.63566,6.45000004768372,354.53,2026-09-02 15:44:18,2026-09-02 11:45:02
TSLA,TSLA270115P00280000,TSLA,2027-01-15,P,280.0,8.15,262.0,8.35,35.0,0.4504,10710.0,11.0,-0.1478,0.0024,0.5016,-0.0816,-0.2045,8.3572,0.22,8.89,8.89,8.37,down,8.37,2026-09-02T10:53:04,2.69939,8.15000009536743,354.53,2026-09-02 15:44:18,2026-09-02 11:45:02
TSLA,TSLA270115P00290000,TSLA,2027-01-15,P,290.0,10.2,279.0,10.45,37.0,0.4456,4326.0,33.0,-0.1775,0.0027,0.5624,-0.0909,-0.2434,10.4401,0.68,10.1,11.0,10.1,up,10.88,2026-09-02T11:00:09,6.66666,10.2000002861023,354.53,2026-09-02 15:44:18,2026-09-02 11:45:02
TSLA,TSLA270115P00300000,TSLA,2027-01-15,P,300.0,12.7,103.0,12.95,17.0,0.4421,24620.0,79.0,-0.2105,0.003,0.6238,-0.0999,-0.2866,12.9222,0.87,12.6,13.77,12.6,down,13.47,2026-09-02T11:01:25,6.90476,12.5999999046326,354.53,2026-09-02 15:44:18,2026-09-02 11:45:02
TSLA,TSLA270115P00310000,TSLA,2027-01-15,P,310.0,15.6,93.0,15.9,34.0,0.4393,5378.0,12.0,-0.2466,0.0034,0.6823,-0.1083,-0.3345,15.8377,0.75,14.4,16.8,14.4,up,16.2,2026-09-02T10:55:36,4.85437,15.4500002861023,354.53,2026-09-02 15:44:18,2026-09-02 11:45:02
TSLA,TSLA270115P00320000,TSLA,2027-01-15,P,320.0,19.05,41.0,19.3,31.0,0.4377,5504.0,34.0,-0.2852,0.0036,0.7323,-0.1158,-0.3821,19.2115,0.25,20.0,20.15,19.0,no_change,19.0,2026-09-02T11:25:38,1.33333,18.75,354.53,2026-09-02 15:44:18,2026-09-02 11:45:02
TSLA,TSLA270115P00330000,TSLA,2027-01-15,P,330.0,22.85,53.0,23.15,30.0,0.4359,8604.0,33.0,-0.3257,0.0039,0.7761,-0.1222,-0.4323,23.0545,0.3,21.58,24.39,21.58,down,22.8,2026-09-02T11:25:10,1.33333,22.5,354.53,2026-09-02 15:44:18,2026-09-02 11:45:02
TSLA,TSLA270115P00340000,TSLA,2027-01-15,P,340.0,27.2,33.0,27.5,22.0,0.4344,4254.0,21.0,-0.3678,0.0041,0.8114,-0.1272,-0.4829,27.3928,0.875,29.0,29.0,27.05,up,27.6,2026-09-02T10:50:03,3.27409,26.7249994277954,354.53,2026-09-02 15:44:18,2026-09-02 11:45:02
TSLA,TSLA270115P00350000,TSLA,2027-01-15,P,350.0,32.0,158.0,32.35,41.0,0.4343,11632.0,12.0,-0.4106,0.0042,0.8362,-0.1308,-0.5283,32.2209,0.775,33.27,33.75,31.75,down,32.25,2026-09-02T11:16:30,2.46227,31.4749994277954,354.53,2026-09-02 15:44:18,2026-09-02 11:45:02
TSLA,TSLA270115P00360000,TSLA,2027-01-15,P,360.0,37.3,61.0,37.65,43.0,0.4342,9757.0,33.0,-0.4535,0.0044,0.8514,-0.1329,-0.5776,37.5284,0.495,38.15,39.0,36.8,down,37.17,2026-09-02T11:26:55,1.3497,36.6749992370606,354.53,2026-09-02 15:44:18,2026-09-02 11:45:02
TSLA,TSLA270115P00370000,TSLA,2027-01-15,P,370.0,43.1,46.0,43.45,68.0,0.4349,4115.0,10.0,-0.496,0.0044,0.8561,-0.1335,-0.6178,43.2962,0.57,42.92,42.92,42.92,up,42.92,2026-09-02T11:26:55,1.34593,42.3500003814697,354.53,2026-09-02 15:44:18,2026-09-02 11:45:02
TSLA,TSLA270115P00380000,TSLA,2027-01-15,P,380.0,49.3,68.0,49.65,43.0,0.4356,5948.0,9.0,-0.5374,0.0044,0.8523,-0.1326,-0.6586,49.5084,0.9,48.5,51.05,48.5,no_change,49.35,2026-09-02T11:12:30,1.85758,48.4500007629394,354.53,2026-09-02 15:44:18,2026-09-02 11:45:02
TSLA,TSLA270115P00390000,TSLA,2027-01-15,P,390.0,55.9,46.0,56.3,22.0,0.4371,5473.0,5.0,-0.5777,0.0044,0.8381,-0.1305,-0.6879,56.1687,2.6,58.25,58.25,55.6,up,57.6,2026-09-02T10:56:46,4.72727,55.0,354.53,2026-09-02 15:44:18,2026-09-02 11:45:02
TSLA,TSLA270115P00400000,TSLA,2027-01-15,P,400.0,62.75,170.0,63.4,42.0,0.4384,10674.0,16.0,-0.6158,0.0043,0.8181,-0.1272,-0.7142,63.1747,0.59,65.45,65.45,62.47,down,62.49,2026-09-02T10:46:23,0.953151,61.8999996185303,354.53,2026-09-02 15:44:18,2026-09-02 11:45:02
TSLA,TSLA270115P00410000,TSLA,2027-01-15,P,410.0,70.05,216.0,70.8,141.0,0.4397,3522.0,0.0,-0.6522,0.0042,0.7889,-0.123,-0.7337,70.571,0.0,0.0,0.0,0.0,down,67.5,2026-09-01T10:44:54,0.0,69.1500015258789,354.53,2026-09-02 15:44:18,2026-09-02 11:45:02
TSLA,TSLA270115P00420000,TSLA,2027-01-15,P,420.0,77.75,194.0,78.6,196.0,0.4428,2840.0,0.0,-0.6861,0.0041,0.7579,-0.118,-0.7464,78.2514,0.0,0.0,0.0,0.0,up,76.65,2026-09-01T15:23:04,0.0,76.8999977111816,354.53,2026-09-02 15:44:18,2026-09-02 11:45:02
TSLA,TSLA270115P00430000,TSLA,2027-01-15,P,430.0,85.7,156.0,86.6,153.0,0.445,3407.0,1.0,-0.718,0.004,0.7184,-0.1124,-0.7499,86.2422,2.87,87.72,87.72,87.72,up,87.72,2026-09-02T09:58:25,3.38244,84.8499984741211,354.53,2026-09-02 15:44:18,2026-09-02 11:45:02
TSLA,TSLA270115P00440000,TSLA,2027-01-15,P,440.0,93.95,145.0,94.9,143.0,0.448,3067.0,0.0,-0.7475,0.0038,0.6788,-0.1063,-0.7544,94.4961,0.0,0.0,0.0,0.0,up,92.92,2026-09-01T15:24:16,0.0,92.9750022888184,354.53,2026-09-02 15:44:18,2026-09-02 11:45:02
TSLA,TSLA270115P00450000,TSLA,2027-01-15,P,450.0,102.4,211.0,103.25,15.0,0.4494,2827.0,0.0,-0.7749,0.0036,0.6325,-0.0998,-0.7351,102.9843,0.0,0.0,0.0,0.0,down,100.73,2026-09-01T15:29:26,0.0,101.399997711182,354.53,2026-09-02 15:44:18,2026-09-02 11:45:02
TSLA,TSLA270115P00460000,TSLA,2027-01-15,P,460.0,111.05,51.0,112.1,10.0,0.4534,1949.0,0.0,-0.8,0.0035,0.5913,-0.0931,-0.7262,111.6682,0.0,0.0,0.0,0.0,no_change,110.15,2026-09-01T15:22:30,0.0,110.150001525879,354.53,2026-09-02 15:44:18,2026-09-02 11:45:02
TSLA,TSLA270115P00470000,TSLA,2027-01-15,P,470.0,119.45,92.0,121.15,31.0,0.4537,867.0,0.0,-0.8231,0.0033,0.5467,-0.0864,-0.6966,120.5473,0.0,0.0,0.0,0.0,up,130.73,2026-08-26T09:36:54,0.0,119.049999237061,354.53,2026-09-02 15:44:18,2026-09-02 11:45:02
TSLA,TSLA270115P00480000,TSLA,2027-01-15,P,480.0,128.9,74.0,130.3,29.0,0.4618,2136.0,0.0,-0.8443,0.0032,0.4994,-0.0796,-0.6759,129.599,0.0,0.0,0.0,0.0,up,133.72,2026-08-24T15:24:27,0.0,127.875003814697,354.53,2026-09-02 15:44:18,2026-09-02 11:45:02
TSLA,TSLA270115P00490000,TSLA,2027-01-15,P,490.0,137.7,97.0,139.8,21.0,0.4645,536.0,0.0,-0.8635,0.003,0.4576,-0.0729,-0.6517,138.7888,0.0,0.0,0.0,0.0,down,140.55,2026-08-31T09:35:37,0.0,137.25,354.53,2026-09-02 15:44:18,2026-09-02 11:45:02
TSLA,TSLA270115P00500000,TSLA,2027-01-15,P,500.0,147.05,85.0,148.8,23.0,0.4645,2210.0,0.0,-0.8812,0.0028,0.4102,-0.0669,-0.5985,148.1061,0.0,0.0,0.0,0.0,down,140.0,2026-08-31T10:28:16,0.0,146.375,354.53,2026-09-02 15:44:18,2026-09-02 11:45:02
TSLA,TSLA270115P00510000,TSLA,2027-01-15,P,510.0,154.75,141.0,159.0,93.0,0.4531,610.0,0.0,-0.8971,0.0027,0.3666,-0.0605,-0.5615,157.5406,0.0,0.0,0.0,0.0,up,157.05,2026-09-01T14:30:42,0.0,155.949996948242,354.53,2026-09-02 15:44:18,2026-09-02 11:45:02
TSLA,TSLA270115P00520000,TSLA,2027-01-15,P,520.0,165.45,108.0,168.3,88.0,0.471,689.0,0.0,-0.9114,0.0025,0.3313,-0.0538,-0.5418,167.0645,0.0,0.0,0.0,0.0,down,166.8,2026-09-01T14:31:36,0.0,165.400001525879,354.53,2026-09-02 15:44:18,2026-09-02 11:45:02
TSLA,TSLA270115P00530000,TSLA,2027-01-15,P,530.0,173.85,142.0,178.1,109.0,0.4514,381.0,0.0,-0.925,0.0024,0.287,-0.0464,-0.4732,176.6722,0.0,0.0,0.0,0.0,down,169.57,2026-08-21T13:51:21,0.0,175.174995422363,354.53,2026-09-02 15:44:18,2026-09-02 11:45:02
TSLA,TSLA270115P00540000,TSLA,2027-01-15,P,540.0,183.55,78.0,187.75,68.0,0.4436,258.0,0.0,-0.9374,0.0023,0.248,-0.0388,-0.4199,186.3578,0.0,0.0,0.0,0.0,down,181.55,2026-09-01T10:30:48,0.0,184.75,354.53,2026-09-02 15:44:18,2026-09-02 11:45:02
TSLA,TSLA270115P00550000,TSLA,2027-01-15,P,550.0,194.55,108.0,197.55,79.0,0.4874,669.0,0.0,-0.948,0.0022,0.2148,-0.0298,-0.3979,196.1032,0.0,0.0,0.0,0.0,up,192.1,2026-09-01T10:06:08,0.0,194.5,354.53,2026-09-02 15:44:18,2026-09-02 11:45:02
TSLA,TSLA270115P00560000,TSLA,2027-01-15,P,560.0,203.0,35.0,207.35,34.0,0.0,14.0,0.0,-0.9586,0.0023,0.1946,-0.021,-0.3771,205.8863,0.0,0.0,0.0,0.0,up,210.93,2026-08-28T15:59:14,0.0,204.925003051758,354.53,2026-09-02 15:44:18,2026-09-02 11:45:02
TSLA,TSLA270115P00570000,TSLA,2027-01-15,P,570.0,213.2,36.0,217.15,26.0,0.0,60.0,0.0,-0.9677,0.0021,0.1253,-0.0251,-0.2038,215.7511,0.0,0.0,0.0,0.0,down,216.45,2026-08-25T14:09:00,0.0,214.0,354.53,2026-09-02 15:44:18,2026-09-02 11:45:02
TSLA,TSLA270115P00580000,TSLA,2027-01-15,P,580.0,223.45,22.0,227.05,24.0,0.0,11.0,0.0,-0.9751,0.0018,0.0957,-0.0302,-0.1905,225.6574,0.0,0.0,0.0,0.0,down,225.45,2026-08-25T14:09:00,0.0,223.800003051758,354.53,2026-09-02 15:44:18,2026-09-02 11:45:02
TSLA,TSLA270115P00590000,TSLA,2027-01-15,P,590.0,232.65,16.0,237.05,16.0,0.0,23.0,0.0,-0.9813,0.0016,0.0822,-0.0317,-0.1672,235.5814,0.0,0.0,0.0,0.0,down,235.1,2026-08-25T14:09:00,0.0,233.850006103516,354.53,2026-09-02 15:44:18,2026-09-02 11:45:02
TSLA,TSLA270115P00600000,TSLA,2027-01-15,P,600.0,244.0,29.0,247.0,27.0,0.0,23.0,25.0,-0.9865,0.0013,0.061,-0.0368,0.0,245.5288,1.495,245.72,245.72,245.72,no_change,245.72,2026-09-02T10:51:14,0.612141,244.224998474121,354.53,2026-09-02 15:44:18,2026-09-02 11:45:02
TSLA,TSLA270115P00610000,TSLA,2027-01-15,P,610.0,252.65,16.0,257.0,16.0,0.0,2.0,0.0,-0.9911,0.0009,0.0,-0.0621,0.0,255.5288,0.0,0.0,0.0,0.0,no_change,227.57,2026-07-17T13:35:22,0.0,253.75,354.53,2026-09-02 15:44:18,2026-09-02 11:45:02
TSLA,TSLA270115P00620000,TSLA,2027-01-15,P,620.0,262.65,16.0,267.0,16.0,0.0,2.0,0.0,-0.9938,0.0006,0.0,-0.0764,0.0,265.5288,0.0,0.0,0.0,0.0,down,255.0,2026-08-31T10:44:50,0.0,264.099990844727,354.53,2026-09-02 15:44:18,2026-09-02 11:45:02
TSLA,TSLA270115P00630000,TSLA,2027-01-15,P,630.0,272.7,16.0,276.9,16.0,0.0,0.0,0.0,-0.9958,0.0004,0.0,-0.0845,0.0,275.5288,0.0,0.0,0.0,0.0,up,308.8,2026-07-23T14:53:59,0.0,274.600006103516,354.53,2026-09-02 15:44:18,2026-09-02 11:45:02
TSLA,TSLA270115P00640000,TSLA,2027-01-15,P,640.0,283.45,16.0,287.7,16.0,0.5739,0.0,0.0,-0.9976,0.0002,0.0,-0.091,0.0,285.5288,0.0,0.0,0.0,0.0,down,317.6,2026-07-23T14:41:50,0.0,283.974990844727,354.53,2026-09-02 15:44:18,2026-09-02 11:45:02
TSLA,TSLA270115P00650000,TSLA,2027-01-15,P,650.0,292.55,20.0,299.05,20.0,0.6126,0.0,0.0,-0.999,0.0001,0.0,-0.0956,0.0,295.5288,0.0,0.0,0.0,0.0,up,343.5,2026-07-30T12:37:17,0.0,294.275009155273,354.53,2026-09-02 15:44:18,2026-09-02 11:45:02
TSLA,TSLA270115P00660000,TSLA,2027-01-15,P,660.0,302.45,20.0,309.05,20.0,0.6198,0.0,0.0,-1.0,0.0,0.0,-0.0996,0.0,305.5288,0.0,0.0,0.0,0.0,up,340.5,2026-07-23T14:42:22,0.0,304.275009155273,354.53,2026-09-02 15:44:18,2026-09-02 11:45:02
TSLA,TSLA270115P00670000,TSLA,2027-01-15,P,670.0,312.0,16.0,319.55,16.0,0.6373,0.0,0.0,-1.0,0.0,0.0,-0.1031,0.0,315.5288,0.0,0.0,0.0,0.0,down,347.95,2026-07-23T14:42:49,0.0,314.199996948242,354.53,2026-09-02 15:44:18,2026-09-02 11:45:02
TSLA,TSLA270115P00680000,TSLA,2027-01-15,P,680.0,321.65,20.0,329.25,20.0,0.0,0.0,0.0,-1.0,0.0,0.0,-0.1057,0.0,325.5288,0.0,0.0,0.0,0.0,down,358.0,2026-07-23T14:42:54,0.0,324.275009155273,354.53,2026-09-02 15:44:18,2026-09-02 11:45:02
TSLA,TSLA270115P00690000,TSLA,2027-01-15,P,690.0,331.75,16.0,339.55,16.0,0.6474,0.0,0.0,-1.0,0.0,0.0,-0.1058,0.0,335.5288,0.0,0.0,0.0,0.0,down,299.6,2026-07-02T13:24:30,0.0,334.25,354.53,2026-09-02 15:44:18,2026-09-02 11:45:02
TSLA,TSLA270115P00700000,TSLA,2027-01-15,P,700.0,342.0,16.0,349.05,20.0,0.0,1.0,0.0,-1.0,0.0,0.0,-0.1058,0.0,345.5288,0.0,0.0,0.0,0.0,no_change,393.01,2026-07-30T10:27:09,0.0,344.275009155273,354.53,2026-09-02 15:44:18,2026-09-02 11:45:02
TSLA,TSLA270115P00710000,TSLA,2027-01-15,P,710.0,351.75,20.0,359.05,20.0,0.0,0.0,0.0,-1.0,0.0,0.0,-0.1058,0.0,355.5288,0.0,0.0,0.0,0.0,down,319.7,2026-04-15T12:36:13,0.0,354.050003051758,354.53,2026-09-02 15:44:18,2026-09-02 11:45:02
TSLA,TSLA270115P00720000,TSLA,2027-01-15,P,720.0,362.0,16.0,369.55,16.0,0.6956,0.0,0.0,-1.0,0.0,0.0,-0.1058,0.0,365.5288,0.0,0.0,0.0,0.0,up,336.45,2026-03-24T12:27:06,0.0,363.899993896484,354.53,2026-09-02 15:44:18,2026-09-02 11:45:02
TSLA,TSLA270115P00730000,TSLA,2027-01-15,P,730.0,371.6,16.0,379.55,17.0,0.6796,0.0,0.0,-1.0,0.0,0.0,-0.1058,0.0,375.5288,0.0,0.0,0.0,0.0,no_change,338.94,2026-07-02T15:49:17,0.0,373.899993896484,354.53,2026-09-02 15:44:18,2026-09-02 11:45:02
TSLA,TSLA270115P00740000,TSLA,2027-01-15,P,740.0,382.0,16.0,389.5,17.0,0.7122,0.0,0.0,-1.0,0.0,0.0,-0.1058,0.0,385.5288,0.0,0.0,0.0,0.0,up,349.0,2026-07-02T15:54:14,0.0,383.899993896484,354.53,2026-09-02 15:44:18,2026-09-02 11:45:02
TSLA,TSLA270115P00750000,TSLA,2027-01-15,P,750.0,393.45,16.0,397.7,16.0,0.7011,0.0,0.0,-1.0,0.0,0.0,-0.1058,0.0,395.5288,0.0,0.0,0.0,0.0,up,358.1,2026-07-02T15:52:22,0.0,393.899993896484,354.53,2026-09-02 15:44:18,2026-09-02 11:45:02
TSLA,TSLA270115P00760000,TSLA,2027-01-15,P,760.0,403.45,16.0,407.7,16.0,0.7117,0.0,0.0,-1.0,0.0,0.0,-0.1058,0.0,405.5288,0.0,0.0,0.0,0.0,down,338.55,2026-05-21T13:58:29,0.0,403.899993896484,354.53,2026-09-02 15:44:18,2026-09-02 11:45:02
TSLA,TSLA270115P00770000,TSLA,2027-01-15,P,770.0,413.45,16.0,417.7,16.0,0.7221,0.0,0.0,-1.0,0.0,0.0,-0.1058,0.0,415.5288,0.0,0.0,0.0,0.0,up,375.65,2026-07-15T15:54:40,0.0,414.149993896484,354.53,2026-09-02 15:44:18,2026-09-02 11:45:02
TSLA,TSLA270115P00780000,TSLA,2027-01-15,P,780.0,423.45,16.0,427.7,16.0,0.7324,0.0,0.0,-1.0,0.0,0.0,-0.1058,0.0,425.5288,0.0,0.0,0.0,0.0,up,412.8,2026-03-27T11:55:23,0.0,424.200012207031,354.53,2026-09-02 15:44:18,2026-09-02 11:45:02
TSLA,TSLA270115P00790000,TSLA,2027-01-15,P,790.0,433.2,16.0,437.45,16.0,0.0,0.0,0.0,-1.0,0.0,0.0,-0.1058,0.0,435.5288,0.0,0.0,0.0,0.0,up,374.65,2026-02-25T14:25:19,0.0,434.149993896484,354.53,2026-09-02 15:44:18,2026-09-02 11:45:02
TSLA,TSLA270115P00800000,TSLA,2027-01-15,P,800.0,443.2,16.0,447.45,16.0,0.0,1.0,0.0,-1.0,0.0,0.0,-0.1058,0.0,445.5288,0.0,0.0,0.0,0.0,up,474.67,2026-07-23T10:38:30,0.0,444.350006103516,354.53,2026-09-02 15:44:18,2026-09-02 11:45:02
TSLA,TSLA270115P00810000,TSLA,2027-01-15,P,810.0,453.2,16.0,457.45,16.0,0.0,0.0,0.0,-1.0,0.0,0.0,-0.1058,0.0,455.5288,0.0,0.0,0.0,0.0,up,399.85,2026-05-18T15:36:34,0.0,454.399993896484,354.53,2026-09-02 15:44:18,2026-09-02 11:45:02
TSLA,TSLA270115P00820000,TSLA,2027-01-15,P,820.0,463.2,16.0,467.45,16.0,0.0,0.0,0.0,-1.0,0.0,0.0,-0.1058,0.0,465.5288,0.0,0.0,0.0,0.0,up,409.99,2026-05-18T15:44:23,0.0,464.450012207031,354.53,2026-09-02 15:44:18,2026-09-02 11:45:02
TSLA,TSLA270115P00830000,TSLA,2027-01-15,P,830.0,473.2,16.0,477.45,16.0,0.0,0.0,0.0,-1.0,0.0,0.0,-0.1058,0.0,475.5288,0.0,0.0,0.0,0.0,up,412.95,2026-02-13T15:41:35,0.0,474.450012207031,354.53,2026-09-02 15:44:18,2026-09-02 11:45:02
TSLA,TSLA270115P00840000,TSLA,2027-01-15,P,840.0,483.2,16.0,487.45,16.0,0.0,1.0,0.0,-1.0,0.0,0.0,-0.1058,0.0,485.5288,0.0,0.0,0.0,0.0,no_change,419.1,2026-05-21T13:23:02,0.0,484.299987792969,354.53,2026-09-02 15:44:18,2026-09-02 11:45:02
TSLA,TSLA270115P00850000,TSLA,2027-01-15,P,850.0,493.2,16.0,497.45,16.0,0.0,0.0,0.0,-1.0,0.0,0.0,-0.1058,0.0,495.5288,0.0,0.0,0.0,0.0,up,433.15,2026-02-13T15:45:08,0.0,494.399993896484,354.53,2026-09-02 15:44:18,2026-09-02 11:45:02
TSLA,TSLA270115P00860000,TSLA,2027-01-15,P,860.0,503.2,16.0,507.45,16.0,0.0,0.0,0.0,-1.0,0.0,0.0,-0.1058,0.0,505.5288,0.0,0.0,0.0,0.0,no_change,419.55,2026-05-27T13:03:08,0.0,503.824996948242,354.53,2026-09-02 15:44:18,2026-09-02 11:45:02
TSLA,TSLA270115P00870000,TSLA,2027-01-15,P,870.0,513.45,16.0,517.7,16.0,0.819,0.0,0.0,-1.0,0.0,0.0,-0.1058,0.0,515.5288,0.0,0.0,0.0,0.0,up,515.08,2026-08-27T15:55:38,0.0,514.274993896484,354.53,2026-09-02 15:44:18,2026-09-02 11:45:02
TSLA,TSLA270115P00880000,TSLA,2027-01-15,P,880.0,523.45,16.0,527.7,16.0,0.8281,2.0,0.0,-1.0,0.0,0.0,-0.1058,0.0,525.5288,0.0,0.0,0.0,0.0,up,525.05,2026-08-27T15:55:38,0.0,523.824981689453,354.53,2026-09-02 15:44:18,2026-09-02 11:45:02
TSLA,TSLA270115P00890000,TSLA,2027-01-15,P,890.0,533.45,16.0,537.7,16.0,0.8371,0.0,0.0,-1.0,0.0,0.0,-0.1058,0.0,535.5288,0.0,0.0,0.0,0.0,down,490.75,2026-07-14T10:34:13,0.0,534.324981689453,354.53,2026-09-02 15:44:18,2026-09-02 11:45:02
TSLA,TSLA270115P00900000,TSLA,2027-01-15,P,900.0,543.45,16.0,547.7,16.0,0.8459,0.0,0.0,-1.0,0.0,0.0,-0.1058,0.0,545.5288,0.0,0.0,0.0,0.0,up,564.35,2026-08-18T10:57:17,0.0,544.049987792969,354.53,2026-09-02 15:44:18,2026-09-02 11:45:02
TSLA,TSLA270115P00910000,TSLA,2027-01-15,P,910.0,553.45,16.0,557.7,16.0,0.8547,0.0,0.0,-1.0,0.0,0.0,-0.1058,0.0,555.5288,0.0,0.0,0.0,0.0,down,510.59,2026-07-14T10:34:13,0.0,554.200012207031,354.53,2026-09-02 15:44:18,2026-09-02 11:45:02
TSLA,TSLA270115P00920000,TSLA,2027-01-15,P,920.0,563.2,16.0,567.45,16.0,0.0,0.0,0.0,-1.0,0.0,0.0,-0.1058,0.0,565.5288,0.0,0.0,0.0,0.0,down,476.37,2026-01-16T09:51:18,0.0,564.099975585938,354.53,2026-09-02 15:44:18,2026-09-02 11:45:02
TSLA,TSLA270115P00930000,TSLA,2027-01-15,P,930.0,573.2,16.0,577.45,16.0,0.0,0.0,0.0,-1.0,0.0,0.0,-0.1058,0.0,575.5288,0.0,0.0,0.0,0.0,down,491.03,2026-01-14T09:48:06,0.0,574.099975585938,354.53,2026-09-02 15:44:18,2026-09-02 11:45:02
TSLA,TSLA270115P00940000,TSLA,2027-01-15,P,940.0,583.45,16.0,587.7,16.0,0.8804,0.0,0.0,-1.0,0.0,0.0,-0.1058,0.0,585.5288,0.0,0.0,0.0,0.0,up,494.9,2025-12-12T10:58:03,0.0,584.049987792969,354.53,2026-09-02 15:44:18,2026-09-02 11:45:02
TSLA,TSLA270115P00950000,TSLA,2027-01-15,P,950.0,593.45,16.0,597.7,16.0,0.8887,0.0,0.0,-1.0,0.0,0.0,-0.1058,0.0,595.5288,0.0,0.0,0.0,0.0,down,511.35,2026-01-30T10:55:12,0.0,594.0,354.53,2026-09-02 15:44:18,2026-09-02 11:45:02
TSLA,TSLA270115P00960000,TSLA,2027-01-15,P,960.0,603.45,16.0,607.7,16.0,0.897,0.0,0.0,-1.0,0.0,0.0,-0.1058,0.0,605.5288,0.0,0.0,0.0,0.0,down,520.5,2026-01-30T10:55:47,0.0,603.875,354.53,2026-09-02 15:44:18,2026-09-02 11:45:02
TSLA,TSLA270115P00970000,TSLA,2027-01-15,P,970.0,613.2,16.0,617.45,16.0,0.0,0.0,0.0,-1.0,0.0,0.0,-0.1058,0.0,615.5288,0.0,0.0,0.0,0.0,down,531.53,2026-01-30T10:47:03,0.0,614.149993896484,354.53,2026-09-02 15:44:18,2026-09-02 11:45:02
TSLA,TSLA270115P00980000,TSLA,2027-01-15,P,980.0,622.05,20.0,629.3,20.0,0.9271,0.0,0.0,-1.0,0.0,0.0,-0.1058,0.0,625.5288,0.0,0.0,0.0,0.0,up,541.17,2026-01-30T11:36:13,0.0,623.849975585938,354.53,2026-09-02 15:44:18,2026-09-02 11:45:02
TSLA,TSLA270115P00990000,TSLA,2027-01-15,P,990.0,632.05,20.0,638.9,20.0,0.0,0.0,0.0,-1.0,0.0,0.0,-0.1058,0.0,635.5288,0.0,0.0,0.0,0.0,down,576.2,2026-05-20T13:52:28,0.0,633.875,354.53,2026-09-02 15:44:18,2026-09-02 11:45:02
TSLA,TSLA270219C00050000,TSLA,2027-02-19,C,50.0,302.25,16.0,309.5,17.0,0.7839,4.0,0.0,0.9994,0.0,0.012,0.0,0.2286,306.016,0.0,0.0,0.0,0.0,down,258.39,2026-07-28T15:07:02,0.0,307.399993896484,354.53,2026-09-02 15:44:18,2026-09-02 11:45:02
TSLA,TSLA270219C00055000,TSLA,2027-02-19,C,55.0,297.05,16.0,304.55,16.0,0.0,0.0,0.0,0.9992,0.0,0.0136,0.0,0.2513,301.1373,0.0,0.0,0.0,0.0,no_change,0.0,,0.0,302.5,354.53,2026-09-02 15:44:18,2026-09-02 11:45:02
TSLA,TSLA270219C00060000,TSLA,2027-02-19,C,60.0,292.2,16.0,299.75,17.0,0.0,0.0,0.0,0.999,0.0,0.0154,0.0,0.274,296.2595,0.0,0.0,0.0,0.0,no_change,0.0,,0.0,297.675003051758,354.53,2026-09-02 15:44:18,2026-09-02 11:45:02
TSLA,TSLA270219C00065000,TSLA,2027-02-19,C,65.0,287.55,17.0,294.9,17.0,0.8491,0.0,0.0,0.9987,0.0,0.0173,0.0,0.2967,291.3826,0.0,0.0,0.0,0.0,no_change,0.0,,0.0,292.775009155273,354.53,2026-09-02 15:44:18,2026-09-02 11:45:02
TSLA,TSLA270219C00070000,TSLA,2027-02-19,C,70.0,282.6,17.0,290.2,17.0,0.902,0.0,0.0,0.9984,0.0,0.0192,0.0,0.3193,286.5069,0.0,0.0,0.0,0.0,no_change,0.0,,0.0,287.925003051758,354.53,2026-09-02 15:44:18,2026-09-02 11:45:02
TSLA,TSLA270219C00075000,TSLA,2027-02-19,C,75.0,277.95,16.0,285.35,17.0,0.9522,0.0,0.0,0.9981,0.0,0.0214,0.0,0.3419,281.6323,0.0,0.0,0.0,0.0,no_change,0.0,,0.0,283.049987792969,354.53,2026-09-02 15:44:18,2026-09-02 11:45:02
TSLA,TSLA270219C00080000,TSLA,2027-02-19,C,80.0,273.0,16.0,280.2,17.0,0.8198,0.0,0.0,0.9978,0.0,0.0236,0.0,0.3644,276.759,0.0,0.0,0.0,0.0,no_change,0.0,,0.0,278.150009155273,354.53,2026-09-02 15:44:18,2026-09-02 11:45:02
TSLA,TSLA270219C00085000,TSLA,2027-02-19,C,85.0,267.95,16.0,275.35,17.0,0.7216,0.0,0.0,0.9974,0.0,0.0261,0.0,0.3869,271.887,0.0,0.0,0.0,0.0,no_change,0.0,,0.0,273.300003051758,354.53,2026-09-02 15:44:18,2026-09-02 11:45:02
TSLA,TSLA270219C00090000,TSLA,2027-02-19,C,90.0,263.0,16.0,270.55,16.0,0.721,0.0,0.0,0.997,0.0001,0.0287,0.0,0.4092,267.0165,0.0,0.0,0.0,0.0,no_change,0.0,,0.0,268.475006103516,354.53,2026-09-02 15:44:18,2026-09-02 11:45:02
TSLA,TSLA270219C00095000,TSLA,2027-02-19,C,95.0,258.85,20.0,265.75,20.0,0.8826,1.0,0.0,0.9966,0.0001,0.0316,0.0,0.4316,262.1477,0.0,0.0,0.0,0.0,up,225.71,2026-08-03T09:37:46,0.0,263.674987792969,354.53,2026-09-02 15:44:18,2026-09-02 11:45:02
TSLA,TSLA270219C00100000,TSLA,2027-02-19,C,100.0,253.8,20.0,260.95,20.0,0.8424,0.0,0.0,0.9961,0.0001,0.0346,0.0,0.4538,257.2807,0.0,0.0,0.0,0.0,no_change,0.0,,0.0,258.774993896484,354.53,2026-09-02 15:44:18,2026-09-02 11:45:02
TSLA,TSLA270219C00105000,TSLA,2027-02-19,C,105.0,248.9,20.0,256.2,16.0,0.828,0.0,0.0,0.9956,0.0001,0.0378,0.0,0.476,252.4157,0.0,0.0,0.0,0.0,no_change,0.0,,0.0,253.925003051758,354.53,2026-09-02 15:44:18,2026-09-02 11:45:02
TSLA,TSLA270219C00110000,TSLA,2027-02-19,C,110.0,245.5,22.0,250.25,22.0,0.8401,2.0,3.0,0.995,0.0001,0.0413,0.0,0.4982,247.5528,-2.56,246.49,246.49,246.49,up,246.49,2026-09-02T10:18:11,-1.02791,249.050003051758,354.53,2026-09-02 15:44:18,2026-09-02 11:45:02
TSLA,TSLA270219C00115000,TSLA,2027-02-19,C,115.0,239.2,20.0,246.35,20.0,0.7727,0.0,0.0,0.9944,0.0001,0.045,0.0,0.5202,242.6922,0.0,0.0,0.0,0.0,no_change,0.0,,0.0,244.5,354.53,2026-09-02 15:44:18,2026-09-02 11:45:02
TSLA,TSLA270219C00120000,TSLA,2027-02-19,C,120.0,234.4,20.0,241.4,20.0,0.7494,0.0,0.0,0.9937,0.0001,0.0491,0.0,0.5421,237.8341,0.0,0.0,0.0,0.0,no_change,0.0,,0.0,239.325004577637,354.53,2026-09-02 15:44:18,2026-09-02 11:45:02
TSLA,TSLA270219C00125000,TSLA,2027-02-19,C,125.0,229.7,20.0,236.6,21.0,0.7482,0.0,0.0,0.993,0.0001,0.0534,0.0,0.5639,232.979,0.0,0.0,0.0,0.0,no_change,0.0,,0.0,234.5,354.53,2026-09-02 15:44:18,2026-09-02 11:45:02
TSLA,TSLA270219C00130000,TSLA,2027-02-19,C,130.0,224.35,20.0,231.65,20.0,0.6764,0.0,0.0,0.9922,0.0001,0.0581,0.0,0.5855,228.1271,0.0,0.0,0.0,0.0,no_change,0.0,,0.0,229.574996948242,354.53,2026-09-02 15:44:18,2026-09-02 11:45:02
TSLA,TSLA270219C00135000,TSLA,2027-02-19,C,135.0,219.85,20.0,226.85,20.0,0.6958,0.0,0.0,0.9914,0.0002,0.0631,0.0,0.607,223.2788,0.0,0.0,0.0,0.0,no_change,0.0,,0.0,224.75,354.53,2026-09-02 15:44:18,2026-09-02 11:45:02
TSLA,TSLA270219C00140000,TSLA,2027-02-19,C,140.0,215.15,20.0,222.0,17.0,0.6886,1.0,0.0,0.9904,0.0002,0.0685,0.0,0.6284,218.4348,0.0,0.0,0.0,0.0,up,200.45,2026-08-13T13:50:16,0.0,220.150001525879,354.53,2026-09-02 15:44:18,2026-09-02 11:45:02
TSLA,TSLA270219C00145000,TSLA,2027-02-19,C,145.0,210.05,20.0,217.1,20.0,0.6508,0.0,0.0,0.9894,0.0002,0.0743,0.0,0.6496,213.5955,0.0,0.0,0.0,0.0,no_change,0.0,,0.0,215.075004577637,354.53,2026-09-02 15:44:18,2026-09-02 11:45:02
TSLA,TSLA270219C00150000,TSLA,2027-02-19,C,150.0,205.0,16.0,211.3,16.0,0.5194,6.0,0.0,0.9882,0.0002,0.0807,0.0,0.6706,208.7618,0.0,0.0,0.0,0.0,up,201.33,2026-08-19T11:55:08,0.0,209.474998474121,354.53,2026-09-02 15:44:18,2026-09-02 11:45:02
TSLA,TSLA270219C00155000,TSLA,2027-02-19,C,155.0,200.25,16.0,207.55,17.0,0.6214,0.0,0.0,0.9869,0.0002,0.0878,0.0,0.6914,203.9346,0.0,0.0,0.0,0.0,no_change,0.0,,0.0,205.424995422363,354.53,2026-09-02 15:44:18,2026-09-02 11:45:02
TSLA,TSLA270219C00160000,TSLA,2027-02-19,C,160.0,195.45,16.0,202.7,17.0,0.6081,0.0,0.0,0.9855,0.0003,0.0954,0.0,0.7118,199.1153,0.0,0.0,0.0,0.0,no_change,0.0,,0.0,200.600006103516,354.53,2026-09-02 15:44:18,2026-09-02 11:45:02
TSLA,TSLA270219C00165000,TSLA,2027-02-19,C,165.0,190.65,16.0,197.85,17.0,0.5945,6.0,0.0,0.9839,0.0003,0.1036,0.0,0.732,194.3052,0.0,0.0,0.0,0.0,up,178.48,2026-08-17T13:31:09,0.0,195.75,354.53,2026-09-02 15:44:18,2026-09-02 11:45:02
TSLA,TSLA270219C00170000,TSLA,2027-02-19,C,170.0,185.6,17.0,193.15,10.0,0.576,32.0,0.0,0.9822,0.0003,0.1127,0.0,0.7518,189.5056,0.0,0.0,0.0,0.0,up,180.28,2026-08-20T11:50:44,0.0,190.974998474121,354.53,2026-09-02 15:44:18,2026-09-02 11:45:02
TSLA,TSLA270219C00175000,TSLA,2027-02-19,C,175.0,180.9,17.0,188.25,10.0,0.5649,0.0,0.0,0.9802,0.0004,0.1227,0.0,0.7712,184.7184,0.0,0.0,0.0,0.0,no_change,0.0,,0.0,186.375,354.53,2026-09-02 15:44:18,2026-09-02 11:45:02
TSLA,TSLA270219C00180000,TSLA,2027-02-19,C,180.0,176.95,33.0,181.7,34.0,0.5101,2.0,0.0,0.978,0.0004,0.1338,0.0,0.7901,179.9455,0.0,0.0,0.0,0.0,up,159.25,2026-08-11T11:36:25,0.0,181.400001525879,354.53,2026-09-02 15:44:18,2026-09-02 11:45:02
TSLA,TSLA270219C00185000,TSLA,2027-02-19,C,185.0,172.2,33.0,177.85,33.0,0.5453,0.0,0.0,0.9755,0.0004,0.1459,0.0,0.8084,175.1894,0.0,0.0,0.0,0.0,no_change,0.0,,0.0,176.650001525879,354.53,2026-09-02 15:44:18,2026-09-02 11:45:02
TSLA,TSLA270219C00190000,TSLA,2027-02-19,C,190.0,167.45,26.0,172.3,25.0,0.5061,1.0,0.0,0.9727,0.0005,0.159,0.0,0.8262,170.4522,0.0,0.0,0.0,0.0,up,130.42,2026-07-27T09:57:46,0.0,171.824996948242,354.53,2026-09-02 15:44:18,2026-09-02 11:45:02
TSLA,TSLA270219C00195000,TSLA,2027-02-19,C,195.0,162.75,35.0,167.45,35.0,0.4974,4.0,0.0,0.9695,0.0005,0.1734,0.0,0.8434,165.7365,0.0,0.0,0.0,0.0,up,175.84,2026-08-21T14:31:42,0.0,167.225006103516,354.53,2026-09-02 15:44:18,2026-09-02 11:45:02
TSLA,TSLA270219C00200000,TSLA,2027-02-19,C,200.0,158.3,41.0,163.15,41.0,0.5137,35.0,0.0,0.966,0.0006,0.1892,0.0,0.8598,161.0448,0.0,0.0,0.0,0.0,no_change,164.68,2026-09-01T11:00:22,0.0,162.099998474121,354.53,2026-09-02 15:44:18,2026-09-02 11:45:02
TSLA,TSLA270219C00210000,TSLA,2027-02-19,C,210.0,149.75,36.0,154.05,37.0,0.5246,6.0,0.0,0.9577,0.0007,0.2248,-0.0001,0.8899,151.7468,0.0,0.0,0.0,0.0,up,130.22,2026-08-10T12:20:27,0.0,152.974998474121,354.53,2026-09-02 15:44:18,2026-09-02 11:45:02
TSLA,TSLA270219C00220000,TSLA,2027-02-19,C,220.0,141.65,24.0,144.45,37.0,0.523,7.0,0.0,0.9476,0.0009,0.2661,-0.0074,0.9164,142.5824,0.0,0.0,0.0,0.0,up,129.13,2026-08-17T10:21:42,0.0,144.299995422363,354.53,2026-09-02 15:44:18,2026-09-02 11:45:02
TSLA,TSLA270219C00230000,TSLA,2027-02-19,C,230.0,132.25,35.0,135.15,38.0,0.4991,23.0,0.0,0.9352,0.0011,0.3126,-0.0154,0.9384,133.5809,0.0,0.0,0.0,0.0,up,142.75,2026-08-21T11:10:49,0.0,134.974998474121,354.53,2026-09-02 15:44:18,2026-09-02 11:45:02
TSLA,TSLA270219C00240000,TSLA,2027-02-19,C,240.0,123.3,42.0,126.3,46.0,0.4871,44.0,0.0,0.9206,0.0013,0.3648,-0.0239,0.9554,124.7709,0.0,0.0,0.0,0.0,up,136.95,2026-08-21T15:38:36,0.0,126.474998474121,354.53,2026-09-02 15:44:18,2026-09-02 11:45:02
TSLA,TSLA270219C00250000,TSLA,2027-02-19,C,250.0,115.4,18.0,117.75,50.0,0.4879,63.0,0.0,0.9033,0.0015,0.4207,-0.033,0.9674,116.1859,0.0,0.0,0.0,0.0,up,115.5,2026-09-01T14:44:06,0.0,117.700000762939,354.53,2026-09-02 15:44:18,2026-09-02 11:45:02
TSLA,TSLA270219C00260000,TSLA,2027-02-19,C,260.0,106.4,59.0,109.0,88.0,0.4704,16.0,0.0,0.8834,0.0017,0.4808,-0.0424,0.9732,107.8581,0.0,0.0,0.0,0.0,up,118.4,2026-08-21T15:23:02,0.0,109.100002288818,354.53,2026-09-02 15:44:18,2026-09-02 11:45:02
TSLA,TSLA270219C00270000,TSLA,2027-02-19,C,270.0,98.85,37.0,101.1,93.0,0.4695,32.0,0.0,0.8608,0.002,0.5424,-0.0519,0.9735,99.8208,0.0,0.0,0.0,0.0,up,110.55,2026-08-31T13:10:35,0.0,101.224998474121,354.53,2026-09-02 15:44:18,2026-09-02 11:45:02
TSLA,TSLA270219C00280000,TSLA,2027-02-19,C,280.0,90.95,91.0,93.45,112.0,0.4636,47.0,0.0,0.8356,0.0022,0.605,-0.0615,0.9674,92.1067,0.0,0.0,0.0,0.0,up,92.0,2026-08-31T09:42:14,0.0,93.6749992370606,354.53,2026-09-02 15:44:18,2026-09-02 11:45:02
TSLA,TSLA270219C00290000,TSLA,2027-02-19,C,290.0,84.35,14.0,86.1,95.0,0.4658,34.0,0.0,0.8078,0.0025,0.6666,-0.0709,0.9555,84.7291,0.0,0.0,0.0,0.0,down,87.5,2026-09-01T12:41:44,0.0,86.3250007629394,354.53,2026-09-02 15:44:18,2026-09-02 11:45:02
TSLA,TSLA270219C00300000,TSLA,2027-02-19,C,300.0,77.35,59.0,79.05,271.0,0.4618,427.0,20.0,0.7777,0.0027,0.7251,-0.0798,0.9382,77.7273,-1.075,77.0,78.05,77.0,up,78.05,2026-09-02T11:16:59,-1.35861,79.125,354.53,2026-09-02 15:44:18,2026-09-02 11:45:02
TSLA,TSLA270219C00305000,TSLA,2027-02-19,C,305.0,73.9,153.0,75.8,270.0,0.4603,109.0,0.0,0.762,0.0028,0.7531,-0.0841,0.9274,74.3798,0.0,0.0,0.0,0.0,up,83.85,2026-08-31T13:08:26,0.0,75.5499992370606,354.53,2026-09-02 15:44:18,2026-09-02 11:45:02
TSLA,TSLA270219C00310000,TSLA,2027-02-19,C,310.0,70.65,165.0,72.55,289.0,0.4589,704.0,0.0,0.7458,0.0029,0.78,-0.0882,0.9152,71.1334,0.0,0.0,0.0,0.0,down,73.0,2026-09-01T09:36:46,0.0,72.6000022888184,354.53,2026-09-02 15:44:18,2026-09-02 11:45:02
TSLA,TSLA270219C00315000,TSLA,2027-02-19,C,315.0,67.45,154.0,69.35,220.0,0.4571,52.0,0.0,0.7292,0.003,0.805,-0.0921,0.9023,67.9891,0.0,0.0,0.0,0.0,up,62.8,2026-08-26T15:40:03,0.0,69.0999984741211,354.53,2026-09-02 15:44:18,2026-09-02 11:45:02
TSLA,TSLA270219C00320000,TSLA,2027-02-19,C,320.0,64.4,213.0,66.0,275.0,0.4542,839.0,3.0,0.7123,0.0031,0.8286,-0.0958,0.8884,64.9465,-1.6,63.36,64.7,63.36,up,64.7,2026-09-02T11:07:44,-2.41327,66.2999992370606,354.53,2026-09-02 15:44:18,2026-09-02 11:45:02
TSLA,TSLA270219C00325000,TSLA,2027-02-19,C,325.0,61.5,159.0,63.4,271.0,0.4556,85.0,1.0,0.6952,0.0032,0.8507,-0.0992,0.8733,62.0429,-1.55,61.65,61.65,61.65,down,61.65,2026-09-02T09:53:28,-2.45253,63.2000007629394,354.53,2026-09-02 15:44:18,2026-09-02 11:45:02
TSLA,TSLA270219C00330000,TSLA,2027-02-19,C,330.0,58.6,195.0,60.55,342.0,0.4546,276.0,1.0,0.6776,0.0033,0.8711,-0.1024,0.8568,59.1727,-3.625,56.85,56.85,56.85,down,56.85,2026-09-02T10:00:47,-5.99421,60.4750003814697,354.53,2026-09-02 15:44:18,2026-09-02 11:45:02
TSLA,TSLA270219C00335000,TSLA,2027-02-19,C,335.0,55.85,192.0,57.55,191.0,0.4521,154.0,0.0,0.6602,0.0034,0.8893,-0.1054,0.8407,56.475,0.0,0.0,0.0,0.0,down,61.8,2026-09-01T09:30:00,0.0,57.75,354.53,2026-09-02 15:44:18,2026-09-02 11:45:02
TSLA,TSLA270219C00340000,TSLA,2027-02-19,C,340.0,53.2,220.0,55.0,284.0,0.452,522.0,0.0,0.6424,0.0034,0.9058,-0.1081,0.8233,53.8447,0.0,0.0,0.0,0.0,no_change,55.03,2026-09-01T15:28:18,0.0,54.8999996185303,354.53,2026-09-02 15:44:18,2026-09-02 11:45:02
TSLA,TSLA270219C00345000,TSLA,2027-02-19,C,345.0,51.0,143.0,51.8,193.0,0.4502,146.0,15.0,0.6245,0.0035,0.9204,-0.1105,0.8045,51.2855,-0.1,50.0,52.2,49.7,no_change,52.15,2026-09-02T10:47:56,-0.191388,52.25,354.53,2026-09-02 15:44:18,2026-09-02 11:45:02
TSLA,TSLA270219C00350000,TSLA,2027-02-19,C,350.0,48.45,231.0,49.75,280.0,0.4514,886.0,15.0,0.6068,0.0035,0.9329,-0.1127,0.7862,48.8918,-0.5,47.0,49.5,47.0,up,49.5,2026-09-02T11:25:40,-1.0,50.0,354.53,2026-09-02 15:44:18,2026-09-02 11:45:02
TSLA,TSLA270219C00355000,TSLA,2027-02-19,C,355.0,46.25,170.0,46.9,101.0,0.4491,227.0,28.0,0.5889,0.0036,0.9434,-0.1146,0.7674,46.5554,-0.61,47.57,47.59,44.5,up,47.04,2026-09-02T10:36:43,-1.28017,47.6499996185303,354.53,2026-09-02 15:44:18,2026-09-02 11:45:02
TSLA,TSLA270219C00360000,TSLA,2027-02-19,C,360.0,44.1,36.0,45.2,337.0,0.4525,585.0,2.0,0.5713,0.0036,0.9519,-0.1163,0.7482,44.3361,-3.1,42.0,42.0,42.0,no_change,42.0,2026-09-02T09:46:43,-6.87361,45.1000003814697,354.53,2026-09-02 15:44:18,2026-09-02 11:45:02
TSLA,TSLA270219C00365000,TSLA,2027-02-19,C,365.0,41.95,142.0,43.0,288.0,0.4521,530.0,0.0,0.5536,0.0036,0.9585,-0.1177,0.7281,42.1946,0.0,0.0,0.0,0.0,no_change,43.35,2026-09-01T15:28:18,0.0,43.2000007629394,354.53,2026-09-02 15:44:18,2026-09-02 11:45:02
TSLA,TSLA270219C00370000,TSLA,2027-02-19,C,370.0,39.9,154.0,40.95,348.0,0.4524,400.0,2.0,0.5363,0.0036,0.9632,-0.1188,0.7084,40.1663,-1.49,38.9,39.56,38.9,up,39.56,2026-09-02T11:05:05,-3.62972,41.0500011444092,354.53,2026-09-02 15:44:18,2026-09-02 11:45:02
TSLA,TSLA270219C00375000,TSLA,2027-02-19,C,375.0,38.0,42.0,38.95,292.0,0.4526,233.0,10.0,0.519,0.0036,0.966,-0.1197,0.6889,38.2198,-1.365,36.9,37.76,36.9,no_change,37.76,2026-09-02T10:16:28,-3.48882,39.125,354.53,2026-09-02 15:44:18,2026-09-02 11:45:02
TSLA,TSLA270219C00380000,TSLA,2027-02-19,C,380.0,36.2,35.0,36.75,165.0,0.4516,401.0,2.0,0.5019,0.0036,0.967,-0.1203,0.6688,36.3366,-0.6,36.55,36.6,36.55,up,36.6,2026-09-02T11:19:34,-1.61291,37.2000007629394,354.53,2026-09-02 15:44:18,2026-09-02 11:45:02
TSLA,TSLA270219C00385000,TSLA,2027-02-19,C,385.0,34.35,56.0,35.25,285.0,0.4531,177.0,10.0,0.4854,0.0036,0.9663,-0.1207,0.649,34.5906,-0.6,34.8,34.8,34.8,no_change,34.8,2026-09-02T10:24:18,-1.69491,35.3999996185303,354.53,2026-09-02 15:44:18,2026-09-02 11:45:02
TSLA,TSLA270219C00390000,TSLA,2027-02-19,C,390.0,32.65,187.0,33.55,327.0,0.4532,468.0,4.0,0.469,0.0036,0.964,-0.1209,0.6291,32.9042,-2.125,31.25,33.0,31.25,down,31.5,2026-09-02T11:00:34,-6.3197,33.625,354.53,2026-09-02 15:44:18,2026-09-02 11:45:02
TSLA,TSLA270219C00395000,TSLA,2027-02-19,C,395.0,31.05,174.0,31.95,283.0,0.4539,185.0,0.0,0.4529,0.0036,0.9603,-0.1209,0.6099,31.2984,0.0,0.0,0.0,0.0,down,31.23,2026-09-01T15:06:16,0.0,31.875,354.53,2026-09-02 15:44:18,2026-09-02 11:45:02
TSLA,TSLA270219C00400000,TSLA,2027-02-19,C,400.0,29.6,110.0,30.05,27.0,0.4533,1674.0,9.0,0.437,0.0036,0.9549,-0.1207,0.5906,29.7484,-1.7,30.9,30.9,28.69,up,28.7,2026-09-02T09:57:22,-5.59211,30.4000005722046,354.53,2026-09-02 15:44:18,2026-09-02 11:45:02
TSLA,TSLA270219C00405000,TSLA,2027-02-19,C,405.0,28.05,218.0,28.95,251.0,0.4552,343.0,0.0,0.4218,0.0036,0.9484,-0.1203,0.5716,28.3165,0.0,0.0,0.0,0.0,up,29.1,2026-09-01T15:44:41,0.0,28.8499994277954,354.53,2026-09-02 15:44:18,2026-09-02 11:45:02
TSLA,TSLA270219C00410000,TSLA,2027-02-19,C,410.0,26.7,217.0,27.6,276.0,0.4563,115.0,0.0,0.4068,0.0035,0.9404,-0.1197,0.5526,26.9362,0.0,0.0,0.0,0.0,up,27.39,2026-09-01T15:14:46,0.0,27.4000005722046,354.53,2026-09-02 15:44:18,2026-09-02 11:45:02
TSLA,TSLA270219C00415000,TSLA,2027-02-19,C,415.0,25.45,166.0,26.2,256.0,0.4572,126.0,0.0,0.392,0.0035,0.9313,-0.119,0.534,25.6065,0.0,0.0,0.0,0.0,up,26.3,2026-09-01T15:49:09,0.0,26.0749998092651,354.53,2026-09-02 15:44:18,2026-09-02 11:45:02
TSLA,TSLA270219C00420000,TSLA,2027-02-19,C,420.0,24.1,231.0,25.05,266.0,0.4579,239.0,0.0,0.378,0.0034,0.9218,-0.1181,0.5166,24.3803,0.0,0.0,0.0,0.0,up,25.15,2026-09-01T15:28:17,0.0,24.8249998092651,354.53,2026-09-02 15:44:18,2026-09-02 11:45:02
TSLA,TSLA270219C00425000,TSLA,2027-02-19,C,425.0,22.95,200.0,23.8,263.0,0.4586,204.0,2.0,0.3642,0.0034,0.911,-0.1171,0.499,23.1982,-1.25,22.35,22.35,22.35,down,22.35,2026-09-02T10:14:24,-5.29661,23.6000003814697,354.53,2026-09-02 15:44:18,2026-09-02 11:45:02
TSLA,TSLA270219C00430000,TSLA,2027-02-19,C,430.0,21.8,221.0,22.75,330.0,0.4599,220.0,4.0,0.3509,0.0033,0.8991,-0.116,0.4816,22.0771,0.325,21.25,22.75,21.25,up,22.75,2026-09-02T10:42:27,1.44927,22.4250001907349,354.53,2026-09-02 15:44:18,2026-09-02 11:45:02
TSLA,TSLA270219C00435000,TSLA,2027-02-19,C,435.0,20.75,227.0,21.55,325.0,0.4602,162.0,3.0,0.338,0.0033,0.8864,-0.1147,0.4646,21.0146,-0.625,21.1,21.1,20.75,up,20.8,2026-09-02T11:07:05,-2.91715,21.4250001907349,354.53,2026-09-02 15:44:18,2026-09-02 11:45:02
TSLA,TSLA270219C00440000,TSLA,2027-02-19,C,440.0,19.75,266.0,20.55,269.0,0.4614,143.0,0.0,0.3255,0.0032,0.8734,-0.1134,0.4484,20.0074,0.0,0.0,0.0,0.0,up,20.2,2026-09-01T15:08:58,0.0,20.375,354.53,2026-09-02 15:44:18,2026-09-02 11:45:02
TSLA,TSLA270219C00445000,TSLA,2027-02-19,C,445.0,18.8,226.0,19.7,288.0,0.4632,251.0,0.0,0.3134,0.0032,0.8599,-0.112,0.4329,19.0522,0.0,0.0,0.0,0.0,up,19.65,2026-09-01T15:47:04,0.0,19.3999996185303,354.53,2026-09-02 15:44:18,2026-09-02 11:45:02
TSLA,TSLA270219C00450000,TSLA,2027-02-19,C,450.0,17.9,213.0,18.65,257.0,0.4635,698.0,6.0,0.3017,0.0031,0.8459,-0.1105,0.4176,18.1465,-0.725,17.15,17.8,17.15,up,17.8,2026-09-02T10:55:58,-3.91363,18.5249996185303,354.53,2026-09-02 15:44:18,2026-09-02 11:45:02
TSLA,TSLA270219C00455000,TSLA,2027-02-19,C,455.0,17.05,249.0,17.8,249.0,0.4648,404.0,1.0,0.2904,0.003,0.8312,-0.1089,0.4024,17.2887,-1.38,16.27,16.27,16.27,down,16.27,2026-09-02T09:47:03,-7.8187,17.6499996185303,354.53,2026-09-02 15:44:18,2026-09-02 11:45:02
TSLA,TSLA270219C00460000,TSLA,2027-02-19,C,460.0,16.2,243.0,16.95,307.0,0.4656,391.0,2.0,0.2795,0.003,0.8161,-0.1073,0.3878,16.4766,-0.875,15.95,15.95,15.95,down,15.95,2026-09-02T09:53:27,-5.20059,16.8249998092651,354.53,2026-09-02 15:44:18,2026-09-02 11:45:02
TSLA,TSLA270219C00465000,TSLA,2027-02-19,C,465.0,15.45,259.0,16.35,368.0,0.468,240.0,44.0,0.2691,0.0029,0.8009,-0.1056,0.3738,15.7078,0.2,15.95,16.2,15.95,up,16.2,2026-09-02T10:42:22,1.25,16.0000004768372,354.53,2026-09-02 15:44:18,2026-09-02 11:45:02
TSLA,TSLA270219C00470000,TSLA,2027-02-19,C,470.0,14.7,240.0,15.65,303.0,0.4694,221.0,0.0,0.259,0.0028,0.7858,-0.1039,0.3605,14.9794,0.0,0.0,0.0,0.0,no_change,14.85,2026-09-01T14:39:06,0.0,15.3000001907349,354.53,2026-09-02 15:44:18,2026-09-02 11:45:02
TSLA,TSLA270219C00475000,TSLA,2027-02-19,C,475.0,14.15,91.0,14.7,243.0,0.47,1395.0,40.0,0.2493,0.0028,0.7706,-0.1022,0.3477,14.2893,0.375,13.77,14.95,13.77,up,14.95,2026-09-02T10:43:46,2.5729,14.5750002861023,354.53,2026-09-02 15:44:18,2026-09-02 11:45:02
TSLA,TSLA270219C00480000,TSLA,2027-02-19,C,480.0,13.35,231.0,14.1,286.0,0.4707,540.0,0.0,0.24,0.0027,0.7552,-0.1004,0.3351,13.6356,0.0,0.0,0.0,0.0,up,14.65,2026-09-01T11:37:49,0.0,13.9249997138977,354.53,2026-09-02 15:44:18,2026-09-02 11:45:02
TSLA,TSLA270219C00485000,TSLA,2027-02-19,C,485.0,12.75,374.0,13.55,266.0,0.4727,96.0,3.0,0.231,0.0026,0.7394,-0.0987,0.3228,13.017,0.42,13.72,13.72,13.72,up,13.72,2026-09-02T09:31:14,3.15789,13.3000001907349,354.53,2026-09-02 15:44:18,2026-09-02 11:45:02
TSLA,TSLA270219C00490000,TSLA,2027-02-19,C,490.0,12.4,26.0,12.9,224.0,0.4753,84.0,0.0,0.2224,0.0026,0.7236,-0.0969,0.311,12.4317,0.0,0.0,0.0,0.0,down,13.4,2026-09-01T10:13:51,0.0,12.6750001907349,354.53,2026-09-02 15:44:18,2026-09-02 11:45:02
TSLA,TSLA270219C00495000,TSLA,2027-02-19,C,495.0,11.8,229.0,12.3,246.0,0.4763,1042.0,0.0,0.2141,0.0025,0.7077,-0.0951,0.2996,11.8684,0.0,0.0,0.0,0.0,down,12.62,2026-09-01T11:50:17,0.0,12.0999999046326,354.53,2026-09-02 15:44:18,2026-09-02 11:45:02
TSLA,TSLA270219C00500000,TSLA,2027-02-19,C,500.0,11.1,244.0,11.95,339.0,0.4776,760.0,16.0,0.2063,0.0025,0.6928,-0.0933,0.2891,11.3532,0.145,11.52,11.72,11.52,no_change,11.72,2026-09-02T10:48:44,1.2527,11.5750002861023,354.53,2026-09-02 15:44:18,2026-09-02 11:45:02
TSLA,TSLA270219C00510000,TSLA,2027-02-19,C,510.0,10.4,13.0,10.7,193.0,0.4806,2606.0,3.0,0.1914,0.0023,0.6629,-0.0898,0.269,10.3855,0.225,10.55,10.8,10.55,no_change,10.8,2026-09-02T10:43:24,2.12766,10.5749998092651,354.53,2026-09-02 15:44:18,2026-09-02 11:45:02
TSLA,TSLA270219C00520000,TSLA,2027-02-19,C,520.0,9.45,184.0,9.85,348.0,0.4833,5576.0,124.0,0.1777,0.0022,0.6327,-0.0863,0.2497,9.5106,-0.01,10.4,10.4,9.55,up,9.69,2026-09-02T11:22:51,-0.103091,9.69999980926514,354.53,2026-09-02 15:44:18,2026-09-02 11:45:02
TSLA,TSLA270219C00530000,TSLA,2027-02-19,C,530.0,8.45,270.0,9.15,273.0,0.4852,569.0,2.0,0.1653,0.0021,0.6041,-0.0829,0.2326,8.741,-0.225,8.65,8.65,8.65,down,8.65,2026-09-02T10:55:58,-2.53521,8.875,354.53,2026-09-02 15:44:18,2026-09-02 11:45:02
TSLA,TSLA270219C00540000,TSLA,2027-02-19,C,540.0,8.0,22.0,8.4,296.0,0.4902,264.0,3.0,0.1538,0.002,0.5768,-0.0796,0.2169,8.0433,-0.35,8.35,8.35,7.79,up,7.8,2026-09-02T09:51:40,-4.29448,8.14999985694885,354.53,2026-09-02 15:44:18,2026-09-02 11:45:02
TSLA,TSLA270219C00550000,TSLA,2027-02-19,C,550.0,7.2,316.0,7.75,248.0,0.4918,413.0,2.0,0.1433,0.0019,0.5505,-0.0764,0.2023,7.4165,-0.425,7.84,7.84,7.15,down,7.15,2026-09-02T09:45:07,-5.61056,7.57500004768372,354.53,2026-09-02 15:44:18,2026-09-02 11:45:02
TSLA,TSLA270219C00560000,TSLA,2027-02-19,C,560.0,6.7,226.0,7.4,339.0,0.4979,60.0,0.0,0.1337,0.0018,0.5248,-0.0734,0.1886,6.8537,0.0,0.0,0.0,0.0,down,7.3,2026-09-01T12:02:16,0.0,7.0,354.53,2026-09-02 15:44:18,2026-09-02 11:45:02
TSLA,TSLA270219C00570000,TSLA,2027-02-19,C,570.0,6.05,258.0,6.65,230.0,0.4977,368.0,0.0,0.1249,0.0017,0.5006,-0.0705,0.1763,6.348,0.0,0.0,0.0,0.0,no_change,6.77,2026-09-01T11:50:17,0.0,6.39999985694885,354.53,2026-09-02 15:44:18,2026-09-02 11:45:02
TSLA,TSLA270219C00580000,TSLA,2027-02-19,C,580.0,5.6,169.0,6.15,120.0,0.5008,29.0,0.0,0.1168,0.0016,0.4781,-0.0677,0.1652,5.8923,0.0,0.0,0.0,0.0,no_change,5.1,2026-08-31T09:30:00,0.0,5.95000004768372,354.53,2026-09-02 15:44:18,2026-09-02 11:45:02
TSLA,TSLA270219C00590000,TSLA,2027-02-19,C,590.0,5.2,265.0,5.75,227.0,0.5047,87.0,0.0,0.1095,0.0015,0.4567,-0.065,0.1549,5.4812,0.0,0.0,0.0,0.0,up,5.54,2026-09-01T14:17:51,0.0,5.54999995231628,354.53,2026-09-02 15:44:18,2026-09-02 11:45:02
TSLA,TSLA270219C00600000,TSLA,2027-02-19,C,600.0,4.85,234.0,5.4,274.0,0.5088,144.0,0.0,0.1027,0.0014,0.4361,-0.0625,0.1453,5.1102,0.0,0.0,0.0,0.0,down,5.4,2026-09-01T12:01:05,0.0,5.17499995231628,354.53,2026-09-02 15:44:18,2026-09-02 11:45:02
TSLA,TSLA270219C00610000,TSLA,2027-02-19,C,610.0,4.5,302.0,5.05,290.0,0.5122,1148.0,1.0,0.0965,0.0014,0.4165,-0.0602,0.1365,4.7752,-0.105,4.72,4.72,4.72,down,4.72,2026-09-02T09:58:24,-2.17617,4.82500004768372,354.53,2026-09-02 15:44:18,2026-09-02 11:45:02
TSLA,TSLA270219C00620000,TSLA,2027-02-19,C,620.0,4.3,243.0,4.75,313.0,0.5174,45.0,10.0,0.0909,0.0013,0.3984,-0.058,0.1285,4.4718,0.0,4.55,4.55,4.55,down,4.55,2026-09-02T10:38:08,1.04799e-06,4.54999995231628,354.53,2026-09-02 15:44:18,2026-09-02 11:45:02
TSLA,TSLA270219C00630000,TSLA,2027-02-19,C,630.0,4.0,261.0,4.4,135.0,0.5199,56.0,3.0,0.0857,0.0012,0.3816,-0.0558,0.1213,4.1962,-0.075,4.5,4.5,4.2,down,4.2,2026-09-02T09:37:13,-1.75439,4.27500009536743,354.53,2026-09-02 15:44:18,2026-09-02 11:45:02
TSLA,TSLA270219C00640000,TSLA,2027-02-19,C,640.0,3.65,349.0,4.2,277.0,0.5231,35.0,10.0,0.0809,0.0012,0.3657,-0.0538,0.1146,3.9456,-0.025,4.0,4.0,4.0,down,4.0,2026-09-02T10:38:07,-0.62112,4.02500009536743,354.53,2026-09-02 15:44:18,2026-09-02 11:45:02
TSLA,TSLA270219C00650000,TSLA,2027-02-19,C,650.0,3.5,226.0,3.95,211.0,0.5278,91.0,0.0,0.0765,0.0011,0.3505,-0.052,0.1082,3.7174,0.0,0.0,0.0,0.0,no_change,3.84,2026-09-01T13:43:23,0.0,3.77500009536743,354.53,2026-09-02 15:44:18,2026-09-02 11:45:02
TSLA,TSLA270219C00660000,TSLA,2027-02-19,C,660.0,3.3,155.0,3.75,130.0,0.532,45.0,0.0,0.0725,0.0011,0.3361,-0.0502,0.1024,3.5093,0.0,0.0,0.0,0.0,down,3.5,2026-09-01T14:22:20,0.0,3.57500004768372,354.53,2026-09-02 15:44:18,2026-09-02 11:45:02
TSLA,TSLA270219C00670000,TSLA,2027-02-19,C,670.0,3.1,251.0,3.55,249.0,0.5356,35.0,0.0,0.0687,0.001,0.3226,-0.0485,0.0971,3.3192,0.0,0.0,0.0,0.0,down,3.37,2026-09-01T14:15:51,0.0,3.375,354.53,2026-09-02 15:44:18,2026-09-02 11:45:02
TSLA,TSLA270219C00680000,TSLA,2027-02-19,C,680.0,2.94,272.0,3.4,323.0,0.5402,236.0,0.0,0.0653,0.001,0.3101,-0.047,0.0922,3.1448,0.0,0.0,0.0,0.0,down,3.23,2026-09-01T14:17:11,0.0,3.17499995231628,354.53,2026-09-02 15:44:18,2026-09-02 11:45:02
TSLA,TSLA270219C00690000,TSLA,2027-02-19,C,690.0,2.83,126.0,3.25,155.0,0.5452,31.0,0.0,0.0621,0.0009,0.2984,-0.0454,0.0878,2.9845,0.0,0.0,0.0,0.0,up,3.06,2026-09-01T14:17:11,0.0,2.99000000953674,354.53,2026-09-02 15:44:18,2026-09-02 11:45:02
TSLA,TSLA270219C00700000,TSLA,2027-02-19,C,700.0,2.76,159.0,2.99,257.0,0.5486,7051.0,5.0,0.0591,0.0009,0.2874,-0.044,0.0836,2.8368,0.18,2.8,3.05,2.8,up,3.05,2026-09-02T10:35:16,6.27178,2.87000000476837,354.53,2026-09-02 15:44:18,2026-09-02 11:45:02
TSLA,TSLA270219C00710000,TSLA,2027-02-19,C,710.0,2.48,269.0,2.95,146.0,0.5517,93.0,0.0,0.0564,0.0008,0.2768,-0.0427,0.0797,2.7005,0.0,0.0,0.0,0.0,up,3.34,2026-08-31T15:46:06,0.0,2.77999997138977,354.53,2026-09-02 15:44:18,2026-09-02 11:45:02
TSLA,TSLA270219C00720000,TSLA,2027-02-19,C,720.0,2.35,131.0,2.83,109.0,0.5557,155.0,0.0,0.0538,0.0008,0.2668,-0.0414,0.076,2.5746,0.0,0.0,0.0,0.0,no_change,2.8,2026-08-25T12:28:11,0.0,2.70500004291534,354.53,2026-09-02 15:44:18,2026-09-02 11:45:02
TSLA,TSLA270219C00730000,TSLA,2027-02-19,C,730.0,2.23,142.0,2.71,126.0,0.5594,39.0,0.0,0.0514,0.0008,0.2572,-0.0402,0.0725,2.4581,0.0,0.0,0.0,0.0,up,3.06,2026-08-31T13:51:50,0.0,2.56000006198883,354.53,2026-09-02 15:44:18,2026-09-02 11:45:02
TSLA,TSLA270219C00740000,TSLA,2027-02-19,C,740.0,2.12,192.0,2.61,151.0,0.5635,1088.0,0.0,0.0492,0.0007,0.2482,-0.0391,0.0694,2.35,0.0,0.0,0.0,0.0,down,2.88,2026-08-31T13:51:50,0.0,2.40499997138977,354.53,2026-09-02 15:44:18,2026-09-02 11:45:02
TSLA,TSLA270219C00750000,TSLA,2027-02-19,C,750.0,2.02,158.0,2.51,166.0,0.5674,16.0,0.0,0.0472,0.0007,0.2399,-0.038,0.0664,2.2495,0.0,0.0,0.0,0.0,up,2.29,2026-09-01T09:46:38,0.0,2.30000007152557,354.53,2026-09-02 15:44:18,2026-09-02 11:45:02
TSLA,TSLA270219C00760000,TSLA,2027-02-19,C,760.0,1.93,258.0,2.34,186.0,0.5696,35.0,0.0,0.0452,0.0007,0.232,-0.037,0.0637,2.1557,0.0,0.0,0.0,0.0,up,2.19,2026-09-01T09:44:58,0.0,2.16999995708466,354.53,2026-09-02 15:44:18,2026-09-02 11:45:02
TSLA,TSLA270219C00770000,TSLA,2027-02-19,C,770.0,2.0,85.0,2.23,245.0,0.5765,3748.0,0.0,0.0434,0.0007,0.2246,-0.036,0.0612,2.0681,0.0,0.0,0.0,0.0,up,2.13,2026-09-01T15:10:00,0.0,2.0900000333786,354.53,2026-09-02 15:44:18,2026-09-02 11:45:02
TSLA,TSLA270219P00050000,TSLA,2027-02-19,P,50.0,0.01,23.0,0.25,23.0,1.1129,391.0,0.0,-0.0015,0.0,0.012,-0.0038,-0.0031,0.143,0.0,0.0,0.0,0.0,down,0.1,2026-09-01T14:35:53,0.0,0.0949999978765845,354.53,2026-09-02 15:44:18,2026-09-02 11:45:02
TSLA,TSLA270219P00055000,TSLA,2027-02-19,P,55.0,0.01,23.0,0.25,23.0,1.0589,53.0,48.0,-0.0018,0.0,0.0137,-0.0041,-0.0035,0.1585,-0.005,0.12,0.12,0.12,down,0.12,2026-09-02T10:25:43,-4.0,0.125,354.53,2026-09-02 15:44:18,2026-09-02 11:45:02
TSLA,TSLA270219P00060000,TSLA,2027-02-19,P,60.0,0.01,23.0,0.28,71.0,1.0218,5.0,0.0,-0.002,0.0,0.0154,-0.0045,-0.004,0.175,0.0,0.0,0.0,0.0,down,0.14,2026-09-01T11:06:09,0.0,0.129999998956919,354.53,2026-09-02 15:44:18,2026-09-02 11:45:02
TSLA,TSLA270219P00065000,TSLA,2027-02-19,P,65.0,0.02,22.0,0.25,22.0,0.969,30.0,0.0,-0.0023,0.0,0.0173,-0.0049,-0.0045,0.1925,0.0,0.0,0.0,0.0,up,0.17,2026-08-27T13:43:35,0.0,0.125,354.53,2026-09-02 15:44:18,2026-09-02 11:45:02
TSLA,TSLA270219P00070000,TSLA,2027-02-19,P,70.0,0.03,21.0,0.34,21.0,0.9603,0.0,0.0,-0.0026,0.0,0.0193,-0.0052,-0.005,0.2111,0.0,0.0,0.0,0.0,no_change,0.0,,0.0,0.185000007040799,354.53,2026-09-02 15:44:18,2026-09-02 11:45:02
TSLA,TSLA270219P00075000,TSLA,2027-02-19,P,75.0,0.04,42.0,0.3,22.0,0.9118,10.0,0.0,-0.0029,0.0,0.0214,-0.0056,-0.0056,0.2308,0.0,0.0,0.0,0.0,down,0.36,2026-08-04T09:30:06,0.0,0.17000000551343,354.53,2026-09-02 15:44:18,2026-09-02 11:45:02
TSLA,TSLA270219P00080000,TSLA,2027-02-19,P,80.0,0.06,93.0,0.42,42.0,0.9104,20.0,0.0,-0.0032,0.0,0.0237,-0.006,-0.0062,0.2518,0.0,0.0,0.0,0.0,up,0.25,2026-08-31T10:40:16,0.0,0.239999992772937,354.53,2026-09-02 15:44:18,2026-09-02 11:45:02
TSLA,TSLA270219P00085000,TSLA,2027-02-19,P,85.0,0.09,92.0,0.35,23.0,0.8657,24.0,0.0,-0.0036,0.0,0.0261,-0.0065,-0.0069,0.2741,0.0,0.0,0.0,0.0,up,0.23,2026-08-31T12:00:13,0.0,0.219999998807907,354.53,2026-09-02 15:44:18,2026-09-02 11:45:02
TSLA,TSLA270219P00090000,TSLA,2027-02-19,P,90.0,0.13,74.0,0.48,80.0,0.8659,56.0,0.0,-0.004,0.0001,0.0289,-0.0069,-0.0076,0.2979,0.0,0.0,0.0,0.0,down,0.21,2026-08-31T12:01:32,0.0,0.344999991357326,354.53,2026-09-02 15:44:18,2026-09-02 11:45:02
TSLA,TSLA270219P00095000,TSLA,2027-02-19,P,95.0,0.16,130.0,0.52,140.0,0.8448,16.0,0.0,-0.0044,0.0001,0.0317,-0.0074,-0.0085,0.3235,0.0,0.0,0.0,0.0,up,0.4,2026-08-18T14:40:44,0.0,0.334999993443489,354.53,2026-09-02 15:44:18,2026-09-02 11:45:02
TSLA,TSLA270219P00100000,TSLA,2027-02-19,P,100.0,0.19,137.0,0.55,154.0,0.8224,339.0,12.0,-0.0049,0.0001,0.0348,-0.0079,-0.0093,0.351,0.0,0.36,0.36,0.36,up,0.36,2026-09-02T10:27:19,1.65568e-07,0.359999999403954,354.53,2026-09-02 15:44:18,2026-09-02 11:45:02
TSLA,TSLA270219P00105000,TSLA,2027-02-19,P,105.0,0.22,140.0,0.48,133.0,0.7868,29.0,12.0,-0.0054,0.0001,0.038,-0.0084,-0.0103,0.3804,0.07,0.47,0.47,0.47,up,0.47,2026-09-02T10:25:43,17.5,0.399999983608723,354.53,2026-09-02 15:44:18,2026-09-02 11:45:02
TSLA,TSLA270219P00110000,TSLA,2027-02-19,P,110.0,0.24,345.0,0.63,262.0,0.7804,15.0,0.0,-0.006,0.0001,0.0414,-0.009,-0.0113,0.4118,0.0,0.0,0.0,0.0,up,0.44,2026-08-28T15:53:23,0.0,0.434999994933605,354.53,2026-09-02 15:44:18,2026-09-02 11:45:02
TSLA,TSLA270219P00115000,TSLA,2027-02-19,P,115.0,0.27,330.0,0.68,368.0,0.7617,30.0,0.0,-0.0066,0.0001,0.0451,-0.0095,-0.0124,0.4456,0.0,0.0,0.0,0.0,down,0.48,2026-08-28T15:39:49,0.0,0.469999998807907,354.53,2026-09-02 15:44:18,2026-09-02 11:45:02
TSLA,TSLA270219P00120000,TSLA,2027-02-19,P,120.0,0.4,75.0,0.61,250.0,0.7412,133.0,20.0,-0.0073,0.0001,0.0493,-0.0101,-0.0136,0.4819,-0.02,0.45,0.45,0.45,no_change,0.45,2026-09-02T09:48:50,-4.25532,0.469999983906746,354.53,2026-09-02 15:44:18,2026-09-02 11:45:02
TSLA,TSLA270219P00125000,TSLA,2027-02-19,P,125.0,0.33,177.0,0.58,64.0,0.7051,34.0,0.0,-0.008,0.0001,0.0537,-0.0107,-0.0149,0.5212,0.0,0.0,0.0,0.0,down,0.45,2026-08-31T12:34:10,0.0,0.544999986886978,354.53,2026-09-02 15:44:18,2026-09-02 11:45:02
TSLA,TSLA270219P00130000,TSLA,2027-02-19,P,130.0,0.36,335.0,0.82,222.0,0.7058,199.0,0.0,-0.0088,0.0001,0.0584,-0.0114,-0.0164,0.5639,0.0,0.0,0.0,0.0,no_change,0.66,2026-08-26T10:31:17,0.0,0.584999993443489,354.53,2026-09-02 15:44:18,2026-09-02 11:45:02
TSLA,TSLA270219P00135000,TSLA,2027-02-19,P,135.0,0.4,167.0,0.87,167.0,0.6888,50.0,4.0,-0.0097,0.0002,0.0634,-0.0121,-0.0179,0.6103,0.01,0.64,0.64,0.64,down,0.64,2026-09-02T10:30:47,1.5873,0.629999995231628,354.53,2026-09-02 15:44:18,2026-09-02 11:45:02
TSLA,TSLA270219P00140000,TSLA,2027-02-19,P,140.0,0.44,423.0,0.77,205.0,0.6605,189.0,4.0,-0.0106,0.0002,0.0687,-0.0129,-0.0196,0.6607,-0.055,0.68,0.7,0.68,up,0.7,2026-09-02T10:29:26,-7.28477,0.754999995231628,354.53,2026-09-02 15:44:18,2026-09-02 11:45:02
TSLA,TSLA270219P00145000,TSLA,2027-02-19,P,145.0,0.51,184.0,0.89,249.0,0.6518,39.0,0.0,-0.0117,0.0002,0.0745,-0.0137,-0.0215,0.7159,0.0,0.0,0.0,0.0,down,0.71,2026-08-31T11:55:41,0.0,0.700000017881394,354.53,2026-09-02 15:44:18,2026-09-02 11:45:02
TSLA,TSLA270219P00150000,TSLA,2027-02-19,P,150.0,0.57,144.0,0.98,157.0,0.6394,141.0,0.0,-0.0128,0.0002,0.0812,-0.0145,-0.0236,0.7766,0.0,0.0,0.0,0.0,up,0.89,2026-08-31T12:00:13,0.0,0.78999999165535,354.53,2026-09-02 15:44:18,2026-09-02 11:45:02
TSLA,TSLA270219P00155000,TSLA,2027-02-19,P,155.0,0.61,200.0,1.12,223.0,0.6283,40.0,0.0,-0.0141,0.0002,0.0884,-0.0154,-0.0259,0.8442,0.0,0.0,0.0,0.0,down,0.9,2026-08-28T09:50:14,0.0,0.915000021457672,354.53,2026-09-02 15:44:18,2026-09-02 11:45:02
TSLA,TSLA270219P00160000,TSLA,2027-02-19,P,160.0,0.68,146.0,1.19,149.0,0.614,44.0,0.0,-0.0156,0.0003,0.096,-0.0164,-0.0285,0.9209,0.0,0.0,0.0,0.0,down,1.11,2026-08-26T11:14:17,0.0,0.974999964237213,354.53,2026-09-02 15:44:18,2026-09-02 11:45:02
TSLA,TSLA270219P00165000,TSLA,2027-02-19,P,165.0,0.77,109.0,1.27,132.0,0.6015,42.0,0.0,-0.0172,0.0003,0.1041,-0.0175,-0.0313,1.0057,0.0,0.0,0.0,0.0,down,1.14,2026-08-26T13:37:02,0.0,1.06499999761581,354.53,2026-09-02 15:44:18,2026-09-02 11:45:02
TSLA,TSLA270219P00170000,TSLA,2027-02-19,P,170.0,0.86,170.0,1.36,152.0,0.5892,9.0,0.0,-0.019,0.0003,0.1131,-0.0187,-0.0344,1.1011,0.0,0.0,0.0,0.0,up,1.34,2026-08-24T14:03:50,0.0,1.08000001311302,354.53,2026-09-02 15:44:18,2026-09-02 11:45:02
TSLA,TSLA270219P00175000,TSLA,2027-02-19,P,175.0,0.97,190.0,1.47,287.0,0.5783,34.0,0.0,-0.021,0.0004,0.1236,-0.02,-0.0381,1.2087,0.0,0.0,0.0,0.0,down,1.16,2026-09-01T11:48:32,0.0,1.2049999833107,354.53,2026-09-02 15:44:18,2026-09-02 11:45:02
TSLA,TSLA270219P00180000,TSLA,2027-02-19,P,180.0,1.1,143.0,1.6,131.0,0.5684,56.0,0.0,-0.0232,0.0004,0.1349,-0.0214,-0.0421,1.3314,0.0,0.0,0.0,0.0,down,1.37,2026-08-31T11:23:44,0.0,1.29999995231628,354.53,2026-09-02 15:44:18,2026-09-02 11:45:02
TSLA,TSLA270219P00185000,TSLA,2027-02-19,P,185.0,1.24,290.0,1.75,230.0,0.5589,72.0,0.0,-0.0257,0.0004,0.1468,-0.023,-0.0466,1.4712,0.0,0.0,0.0,0.0,down,1.46,2026-09-01T10:21:20,0.0,1.45999997854233,354.53,2026-09-02 15:44:18,2026-09-02 11:45:02
TSLA,TSLA270219P00190000,TSLA,2027-02-19,P,190.0,1.42,280.0,1.92,274.0,0.5508,243.0,0.0,-0.0286,0.0005,0.1599,-0.0247,-0.0515,1.6296,0.0,0.0,0.0,0.0,no_change,1.61,2026-09-01T12:29:31,0.0,1.58999997377396,354.53,2026-09-02 15:44:18,2026-09-02 11:45:02
TSLA,TSLA270219P00195000,TSLA,2027-02-19,P,195.0,1.59,278.0,2.11,206.0,0.5421,62.0,0.0,-0.0317,0.0006,0.1744,-0.0266,-0.0572,1.8095,0.0,0.0,0.0,0.0,up,2.0,2026-08-28T12:54:20,0.0,1.76999998092651,354.53,2026-09-02 15:44:18,2026-09-02 11:45:02
TSLA,TSLA270219P00200000,TSLA,2027-02-19,P,200.0,1.81,225.0,2.31,397.0,0.5343,887.0,2.0,-0.0353,0.0006,0.191,-0.0286,-0.0636,2.0142,0.02,2.06,2.06,2.06,up,2.06,2026-09-02T11:04:57,0.980391,2.04000002145767,354.53,2026-09-02 15:44:18,2026-09-02 11:45:02
TSLA,TSLA270219P00210000,TSLA,2027-02-19,P,210.0,2.3,267.0,2.82,230.0,0.52,102.0,0.0,-0.0437,0.0007,0.2261,-0.0332,-0.0783,2.5101,0.0,0.0,0.0,0.0,down,2.4,2026-08-31T15:48:08,0.0,2.41999995708466,354.53,2026-09-02 15:44:18,2026-09-02 11:45:02
TSLA,TSLA270219P00220000,TSLA,2027-02-19,P,220.0,3.0,258.0,3.25,88.0,0.505,216.0,0.0,-0.054,0.0009,0.2688,-0.0384,-0.0968,3.1428,0.0,0.0,0.0,0.0,down,3.0,2026-08-31T14:20:24,0.0,3.125,354.53,2026-09-02 15:44:18,2026-09-02 11:45:02
TSLA,TSLA270219P00230000,TSLA,2027-02-19,P,230.0,3.8,162.0,4.0,23.0,0.494,534.0,5.0,-0.0665,0.0011,0.3144,-0.0444,-0.1187,3.937,0.025,4.05,4.05,3.9,no_change,3.9,2026-09-02T11:20:04,0.645158,3.87500011920929,354.53,2026-09-02 15:44:18,2026-09-02 11:45:02
TSLA,TSLA270219P00240000,TSLA,2027-02-19,P,240.0,4.8,94.0,5.05,97.0,0.4862,629.0,0.0,-0.0814,0.0013,0.3677,-0.0509,-0.1451,4.9284,0.0,0.0,0.0,0.0,up,4.9,2026-09-01T15:39:11,0.0,4.90000009536743,354.53,2026-09-02 15:44:18,2026-09-02 11:45:02
TSLA,TSLA270219P00250000,TSLA,2027-02-19,P,250.0,6.0,223.0,6.3,134.0,0.4786,1299.0,13.0,-0.099,0.0015,0.4248,-0.058,-0.1759,6.1497,0.175,6.41,6.41,6.2,down,6.2,2026-09-02T10:22:45,2.90456,6.02500009536743,354.53,2026-09-02 15:44:18,2026-09-02 11:45:02
TSLA,TSLA270219P00260000,TSLA,2027-02-19,P,260.0,7.45,37.0,7.8,159.0,0.4721,1299.0,0.0,-0.1192,0.0018,0.4847,-0.0655,-0.211,7.6285,0.0,0.0,0.0,0.0,no_change,7.55,2026-09-01T15:34:35,0.0,7.42499995231628,354.53,2026-09-02 15:44:18,2026-09-02 11:45:02
TSLA,TSLA270219P00270000,TSLA,2027-02-19,P,270.0,9.15,188.0,9.7,198.0,0.467,1240.0,0.0,-0.1422,0.002,0.5478,-0.0732,-0.2508,9.4043,0.0,0.0,0.0,0.0,up,9.15,2026-09-01T14:12:56,0.0,9.1749997138977,354.53,2026-09-02 15:44:18,2026-09-02 11:45:02
TSLA,TSLA270219P00280000,TSLA,2027-02-19,P,280.0,11.25,290.0,11.55,12.0,0.4601,2563.0,1.0,-0.1681,0.0023,0.6092,-0.0809,-0.2953,11.5191,0.525,11.8,11.8,11.8,up,11.8,2026-09-02T10:55:56,4.65632,11.2750000953674,354.53,2026-09-02 15:44:18,2026-09-02 11:45:02
TSLA,TSLA270219P00290000,TSLA,2027-02-19,P,290.0,13.65,235.0,14.05,17.0,0.4564,1456.0,22.0,-0.1964,0.0025,0.6722,-0.0884,-0.3431,13.9765,0.74,14.35,14.5,13.77,down,14.44,2026-09-02T11:01:25,5.40146,13.7000002861023,354.53,2026-09-02 15:44:18,2026-09-02 11:45:02
TSLA,TSLA270219P00300000,TSLA,2027-02-19,P,300.0,16.55,114.0,16.9,28.0,0.454,3543.0,4.0,-0.2272,0.0028,0.7308,-0.0956,-0.3937,16.8222,0.475,16.05,17.45,16.05,down,16.9,2026-09-02T10:22:36,2.89193,16.4250001907349,354.53,2026-09-02 15:44:18,2026-09-02 11:45:02
TSLA,TSLA270219P00305000,TSLA,2027-02-19,P,305.0,17.95,313.0,18.9,372.0,0.4544,379.0,1.0,-0.2434,0.0029,0.7595,-0.099,-0.4206,18.3988,0.275,18.3,18.3,18.3,up,18.3,2026-09-02T10:32:03,1.52566,18.0249996185303,354.53,2026-09-02 15:44:18,2026-09-02 11:45:02
TSLA,TSLA270219P00310000,TSLA,2027-02-19,P,310.0,19.65,255.0,20.2,123.0,0.4508,965.0,57.0,-0.2602,0.003,0.7854,-0.1023,-0.4485,20.0911,0.2,19.95,20.85,19.7,down,19.9,2026-09-02T11:25:20,1.01522,19.7000007629395,354.53,2026-09-02 15:44:18,2026-09-02 11:45:02
TSLA,TSLA270219P00315000,TSLA,2027-02-19,P,315.0,21.35,291.0,22.35,325.0,0.4518,494.0,1.0,-0.2772,0.0031,0.8097,-0.1053,-0.4766,21.8682,1.2,22.65,22.65,22.65,up,22.65,2026-09-02T10:08:53,5.59441,21.4499998092651,354.53,2026-09-02 15:44:18,2026-09-02 11:45:02
TSLA,TSLA270219P00320000,TSLA,2027-02-19,P,320.0,23.25,293.0,24.2,288.0,0.451,422.0,2.0,-0.2945,0.0032,0.8343,-0.1082,-0.5044,23.745,0.35,22.66,23.65,22.66,up,23.65,2026-09-02T10:30:47,1.50215,23.3000001907349,354.53,2026-09-02 15:44:18,2026-09-02 11:45:02
TSLA,TSLA270219P00325000,TSLA,2027-02-19,P,325.0,25.3,85.0,25.8,16.0,0.4483,184.0,7.0,-0.3123,0.0033,0.8558,-0.1108,-0.5316,25.7429,0.495,26.3,26.88,25.67,down,25.67,2026-09-02T10:30:47,1.96624,25.1750001907349,354.53,2026-09-02 15:44:18,2026-09-02 11:45:02
TSLA,TSLA270219P00330000,TSLA,2027-02-19,P,330.0,27.3,320.0,28.25,250.0,0.4492,454.0,11.0,-0.3304,0.0034,0.8753,-0.1132,-0.5585,27.8445,0.9,28.64,28.64,28.25,down,28.25,2026-09-02T11:05:45,3.29067,27.3500003814697,354.53,2026-09-02 15:44:18,2026-09-02 11:45:02
TSLA,TSLA270219P00335000,TSLA,2027-02-19,P,335.0,29.45,309.0,30.45,231.0,0.4484,232.0,0.0,-0.3486,0.0035,0.8927,-0.1154,-0.5856,30.0484,0.0,0.0,0.0,0.0,down,29.6,2026-09-01T15:32:15,0.0,29.4499998092651,354.53,2026-09-02 15:44:18,2026-09-02 11:45:02
TSLA,TSLA270219P00340000,TSLA,2027-02-19,P,340.0,31.85,267.0,32.75,239.0,0.4485,263.0,0.0,-0.367,0.0036,0.909,-0.1173,-0.6128,32.3648,0.0,0.0,0.0,0.0,up,31.9,2026-09-01T15:49:24,0.0,31.75,354.53,2026-09-02 15:44:18,2026-09-02 11:45:02
TSLA,TSLA270219P00345000,TSLA,2027-02-19,P,345.0,34.05,357.0,35.15,219.0,0.447,214.0,2.0,-0.3855,0.0036,0.9226,-0.1189,-0.6414,34.7878,0.78,36.0,36.0,34.88,down,34.88,2026-09-02T10:21:02,2.28739,34.1000003814697,354.53,2026-09-02 15:44:18,2026-09-02 11:45:02
TSLA,TSLA270219P00350000,TSLA,2027-02-19,P,350.0,36.9,59.0,37.45,181.0,0.4472,2070.0,11.0,-0.4043,0.0037,0.934,-0.1203,-0.6691,37.3336,0.55,38.0,38.0,36.9,up,37.1,2026-09-02T11:22:51,1.50479,36.5499992370606,354.53,2026-09-02 15:44:18,2026-09-02 11:45:02
TSLA,TSLA270219P00355000,TSLA,2027-02-19,P,355.0,39.2,349.0,40.05,23.0,0.4456,90.0,2.0,-0.4226,0.0037,0.9432,-0.1215,-0.6929,39.9369,1.1,41.35,41.35,40.2,down,40.2,2026-09-02T10:16:13,2.8133,39.1000003814697,354.53,2026-09-02 15:44:18,2026-09-02 11:45:02
TSLA,TSLA270219P00360000,TSLA,2027-02-19,P,360.0,41.8,406.0,43.0,221.0,0.4461,218.0,7.0,-0.4412,0.0038,0.9503,-0.1224,-0.7178,42.6709,0.775,41.82,42.5,41.82,up,42.5,2026-09-02T10:52:22,1.8574,41.7250003814697,354.53,2026-09-02 15:44:18,2026-09-02 11:45:02
TSLA,TSLA270219P00365000,TSLA,2027-02-19,P,365.0,44.65,335.0,45.85,236.0,0.4465,88.0,1.0,-0.4596,0.0038,0.9555,-0.123,-0.7428,45.5041,1.98,46.58,46.58,46.58,up,46.58,2026-09-02T09:48:19,4.43947,44.5999984741211,354.53,2026-09-02 15:44:18,2026-09-02 11:45:02
TSLA,TSLA270219P00370000,TSLA,2027-02-19,P,370.0,47.6,291.0,48.75,212.0,0.4467,123.0,0.0,-0.4779,0.0038,0.9588,-0.1234,-0.7683,48.4326,0.0,0.0,0.0,0.0,up,46.0,2026-09-01T09:30:00,0.0,47.4500007629394,354.53,2026-09-02 15:44:18,2026-09-02 11:45:02
TSLA,TSLA270219P00375000,TSLA,2027-02-19,P,375.0,50.7,222.0,51.75,86.0,0.4474,73.0,0.0,-0.496,0.0038,0.9591,-0.1236,-0.7875,51.4523,0.0,0.0,0.0,0.0,down,46.7,2026-08-31T12:12:57,0.0,50.4249992370606,354.53,2026-09-02 15:44:18,2026-09-02 11:45:02
TSLA,TSLA270219P00380000,TSLA,2027-02-19,P,380.0,53.65,225.0,54.85,201.0,0.4468,67.0,0.0,-0.5139,0.0038,0.9574,-0.1235,-0.8081,54.5737,0.0,0.0,0.0,0.0,no_change,54.45,2026-09-01T09:44:50,0.0,53.4749984741211,354.53,2026-09-02 15:44:18,2026-09-02 11:45:02
TSLA,TSLA270219P00385000,TSLA,2027-02-19,P,385.0,56.9,250.0,58.05,195.0,0.4474,13.0,0.0,-0.5316,0.0039,0.9553,-0.1232,-0.829,57.7852,0.0,0.0,0.0,0.0,down,56.0,2026-08-31T09:53:46,0.0,56.6499996185303,354.53,2026-09-02 15:44:18,2026-09-02 11:45:02
TSLA,TSLA270219P00390000,TSLA,2027-02-19,P,390.0,60.25,220.0,61.35,184.0,0.4482,86.0,0.0,-0.549,0.0038,0.9504,-0.1226,-0.8476,61.0821,0.0,0.0,0.0,0.0,down,59.8,2026-09-01T15:27:22,0.0,60.0249996185303,354.53,2026-09-02 15:44:18,2026-09-02 11:45:02
TSLA,TSLA270219P00395000,TSLA,2027-02-19,P,395.0,63.65,248.0,64.75,169.0,0.4491,7.0,0.0,-0.5661,0.0038,0.9455,-0.1219,-0.8625,64.4587,0.0,0.0,0.0,0.0,no_change,66.8,2026-08-27T09:45:53,0.0,63.4500007629394,354.53,2026-09-02 15:44:18,2026-09-02 11:45:02
TSLA,TSLA270219P00400000,TSLA,2027-02-19,P,400.0,67.05,323.0,68.1,46.0,0.4488,75.0,2.0,-0.5828,0.0038,0.9351,-0.121,-0.8773,67.9242,2.075,68.95,68.95,68.95,no_change,68.95,2026-09-02T09:52:29,3.1028,66.875,354.53,2026-09-02 15:44:18,2026-09-02 11:45:02
TSLA,TSLA270219P00405000,TSLA,2027-02-19,P,405.0,70.3,275.0,71.75,129.0,0.4481,22.0,0.0,-0.5992,0.0038,0.9249,-0.1199,-0.8929,71.4724,0.0,0.0,0.0,0.0,up,73.4,2026-08-25T13:07:04,0.0,70.375,354.53,2026-09-02 15:44:18,2026-09-02 11:45:02
TSLA,TSLA270219P00410000,TSLA,2027-02-19,P,410.0,74.1,53.0,75.35,17.0,0.45,12.0,0.0,-0.6153,0.0038,0.9148,-0.1186,-0.9073,75.0931,0.0,0.0,0.0,0.0,down,70.05,2026-08-31T12:05:14,0.0,73.9749984741211,354.53,2026-09-02 15:44:18,2026-09-02 11:45:02
TSLA,TSLA270219P00415000,TSLA,2027-02-19,P,415.0,77.3,73.0,79.6,21.0,0.4512,26.0,0.0,-0.631,0.0038,0.9037,-0.1172,-0.9215,78.7853,0.0,0.0,0.0,0.0,down,75.23,2026-08-31T10:11:30,0.0,77.6500015258789,354.53,2026-09-02 15:44:18,2026-09-02 11:45:02
TSLA,TSLA270219P00420000,TSLA,2027-02-19,P,420.0,80.85,208.0,83.35,90.0,0.4504,16.0,0.0,-0.6463,0.0037,0.888,-0.1156,-0.924,82.5459,0.0,0.0,0.0,0.0,down,76.38,2026-08-31T13:30:09,0.0,81.4000015258789,354.53,2026-09-02 15:44:18,2026-09-02 11:45:02
TSLA,TSLA270219P00425000,TSLA,2027-02-19,P,425.0,84.7,222.0,87.2,144.0,0.4514,31.0,0.0,-0.6612,0.0037,0.8721,-0.1139,-0.9296,86.3806,0.0,0.0,0.0,0.0,up,85.25,2026-09-01T15:33:16,0.0,85.1500015258789,354.53,2026-09-02 15:44:18,2026-09-02 11:45:02
TSLA,TSLA270219P00430000,TSLA,2027-02-19,P,430.0,88.55,250.0,90.8,147.0,0.4504,23.0,0.0,-0.6757,0.0036,0.8564,-0.112,-0.941,90.292,0.0,0.0,0.0,0.0,no_change,93.25,2026-08-25T15:20:44,0.0,89.125,354.53,2026-09-02 15:44:18,2026-09-02 11:45:02
TSLA,TSLA270219P00435000,TSLA,2027-02-19,P,435.0,92.55,215.0,95.05,150.0,0.4532,33.0,0.0,-0.6898,0.0036,0.8407,-0.1101,-0.9446,94.2626,0.0,0.0,0.0,0.0,down,115.75,2026-08-12T10:15:08,0.0,93.0499992370606,354.53,2026-09-02 15:44:18,2026-09-02 11:45:02
TSLA,TSLA270219P00440000,TSLA,2027-02-19,P,440.0,96.55,227.0,99.05,138.0,0.4539,8.0,0.0,-0.7035,0.0035,0.825,-0.1081,-0.9526,98.2561,0.0,0.0,0.0,0.0,down,97.9,2026-09-01T14:37:14,0.0,96.9000015258789,354.53,2026-09-02 15:44:18,2026-09-02 11:45:02
TSLA,TSLA270219P00445000,TSLA,2027-02-19,P,445.0,100.65,202.0,103.15,127.0,0.4552,11.0,0.0,-0.7169,0.0035,0.8051,-0.106,-0.9444,102.3507,0.0,0.0,0.0,0.0,down,101.55,2026-09-01T14:36:15,0.0,100.850002288818,354.53,2026-09-02 15:44:18,2026-09-02 11:45:02
TSLA,TSLA270219P00450000,TSLA,2027-02-19,P,450.0,104.75,163.0,107.25,87.0,0.456,24.0,0.0,-0.7297,0.0034,0.7846,-0.1038,-0.9447,106.4696,0.0,0.0,0.0,0.0,down,98.84,2026-08-31T12:56:52,0.0,105.25,354.53,2026-09-02 15:44:18,2026-09-02 11:45:02
TSLA,TSLA270219P00455000,TSLA,2027-02-19,P,455.0,108.95,189.0,111.45,138.0,0.4572,0.0,0.0,-0.7421,0.0034,0.7642,-0.1016,-0.9392,110.6531,0.0,0.0,0.0,0.0,no_change,0.0,,0.0,109.399997711182,354.53,2026-09-02 15:44:18,2026-09-02 11:45:02
TSLA,TSLA270219P00460000,TSLA,2027-02-19,P,460.0,113.35,168.0,115.65,88.0,0.4592,1.0,0.0,-0.7542,0.0033,0.7454,-0.0992,-0.9394,114.8834,0.0,0.0,0.0,0.0,down,114.4,2026-08-25T12:54:58,0.0,113.600002288818,354.53,2026-09-02 15:44:18,2026-09-02 11:45:02
TSLA,TSLA270219P00465000,TSLA,2027-02-19,P,465.0,117.5,146.0,119.9,67.0,0.4592,4.0,0.0,-0.7659,0.0033,0.7259,-0.0968,-0.9351,119.1585,0.0,0.0,0.0,0.0,down,120.64,2026-08-25T11:32:07,0.0,117.875,354.53,2026-09-02 15:44:18,2026-09-02 11:45:02
TSLA,TSLA270219P00470000,TSLA,2027-02-19,P,470.0,121.9,74.0,124.25,22.0,0.4611,2.0,0.0,-0.7772,0.0032,0.7077,-0.0944,-0.9343,123.4744,0.0,0.0,0.0,0.0,down,122.83,2026-08-25T12:54:58,0.0,122.200000762939,354.53,2026-09-02 15:44:18,2026-09-02 11:45:02
TSLA,TSLA270219P00475000,TSLA,2027-02-19,P,475.0,126.2,81.0,128.6,30.0,0.4616,4.0,0.0,-0.7882,0.0032,0.6802,-0.092,-0.9174,127.8378,0.0,0.0,0.0,0.0,down,129.22,2026-08-25T11:32:07,0.0,126.350002288818,354.53,2026-09-02 15:44:18,2026-09-02 11:45:02
TSLA,TSLA270219P00480000,TSLA,2027-02-19,P,480.0,130.6,94.0,132.95,23.0,0.4623,78.0,0.0,-0.7988,0.0031,0.6598,-0.0896,-0.9057,132.2425,0.0,0.0,0.0,0.0,up,141.52,2026-08-20T12:30:32,0.0,130.950004577637,354.53,2026-09-02 15:44:18,2026-09-02 11:45:02
TSLA,TSLA270219P00485000,TSLA,2027-02-19,P,485.0,135.05,67.0,137.4,24.0,0.4635,1.0,0.0,-0.8089,0.0031,0.6379,-0.0871,-0.8944,136.6855,0.0,0.0,0.0,0.0,down,144.1,2026-08-19T11:04:19,0.0,135.375,354.53,2026-09-02 15:44:18,2026-09-02 11:45:02
TSLA,TSLA270219P00490000,TSLA,2027-02-19,P,490.0,139.5,77.0,141.85,7.0,0.4641,1.0,0.0,-0.8187,0.003,0.6179,-0.0844,-0.8816,141.1624,0.0,0.0,0.0,0.0,down,149.3,2026-08-14T09:41:30,0.0,139.849998474121,354.53,2026-09-02 15:44:18,2026-09-02 11:45:02
TSLA,TSLA270219P00495000,TSLA,2027-02-19,P,495.0,144.05,55.0,146.35,13.0,0.4655,0.0,0.0,-0.8282,0.003,0.5964,-0.0821,-0.8718,145.6729,0.0,0.0,0.0,0.0,no_change,0.0,,0.0,144.349998474121,354.53,2026-09-02 15:44:18,2026-09-02 11:45:02
TSLA,TSLA270219P00500000,TSLA,2027-02-19,P,500.0,148.7,60.0,151.45,58.0,0.4726,20.0,0.0,-0.8375,0.0029,0.5769,-0.0798,-0.8582,150.2134,0.0,0.0,0.0,0.0,up,149.75,2026-09-01T14:31:57,0.0,148.575004577637,354.53,2026-09-02 15:44:18,2026-09-02 11:45:02
TSLA,TSLA270219P00510000,TSLA,2027-02-19,P,510.0,157.8,77.0,160.75,69.0,0.4757,10.0,0.0,-0.8548,0.0028,0.526,-0.0747,-0.8195,159.3948,0.0,0.0,0.0,0.0,down,167.5,2026-08-19T13:40:19,0.0,158.074996948242,354.53,2026-09-02 15:44:18,2026-09-02 11:45:02
TSLA,TSLA270219P00520000,TSLA,2027-02-19,P,520.0,167.15,62.0,170.0,61.0,0.4788,0.0,0.0,-0.8708,0.0027,0.486,-0.0696,-0.7872,168.6862,0.0,0.0,0.0,0.0,no_change,0.0,,0.0,167.349998474121,354.53,2026-09-02 15:44:18,2026-09-02 11:45:02
TSLA,TSLA270219P00530000,TSLA,2027-02-19,P,530.0,176.05,52.0,179.7,46.0,0.4795,0.0,0.0,-0.8856,0.0026,0.4433,-0.0652,-0.7231,178.0737,0.0,0.0,0.0,0.0,no_change,0.0,,0.0,176.650001525879,354.53,2026-09-02 15:44:18,2026-09-02 11:45:02
TSLA,TSLA270219P00540000,TSLA,2027-02-19,P,540.0,185.8,28.0,189.85,29.0,0.4943,8.0,0.0,-0.8996,0.0024,0.4021,-0.0614,-0.6739,187.5513,0.0,0.0,0.0,0.0,up,214.94,2026-07-23T10:03:50,0.0,186.324996948242,354.53,2026-09-02 15:44:18,2026-09-02 11:45:02
TSLA,TSLA270219P00550000,TSLA,2027-02-19,P,550.0,193.8,99.0,199.0,115.0,0.4681,110.0,0.0,-0.9124,0.0024,0.358,-0.0561,-0.6449,197.1126,0.0,0.0,0.0,0.0,no_change,196.6,2026-09-01T15:06:39,0.0,195.650001525879,354.53,2026-09-02 15:44:18,2026-09-02 11:45:02
TSLA,TSLA270219P00560000,TSLA,2027-02-19,P,560.0,203.4,26.0,209.05,26.0,0.4756,6.0,0.0,-0.9248,0.0023,0.3239,-0.0504,-0.6024,206.7358,0.0,0.0,0.0,0.0,up,211.34,2026-08-28T15:59:14,0.0,205.224998474121,354.53,2026-09-02 15:44:18,2026-09-02 11:45:02
TSLA,TSLA270219P00570000,TSLA,2027-02-19,P,570.0,214.1,17.0,218.7,18.0,0.4969,0.0,0.0,-0.9358,0.0023,0.2866,-0.044,-0.4995,216.4191,0.0,0.0,0.0,0.0,no_change,0.0,,0.0,215.275001525879,354.53,2026-09-02 15:44:18,2026-09-02 11:45:02
TSLA,TSLA270219P00580000,TSLA,2027-02-19,P,580.0,222.4,21.0,228.45,20.0,0.0,0.0,0.0,-0.9457,0.0022,0.24,-0.0363,-0.4683,226.1689,0.0,0.0,0.0,0.0,no_change,0.0,,0.0,224.775001525879,354.53,2026-09-02 15:44:18,2026-09-02 11:45:02
TSLA,TSLA270219P00590000,TSLA,2027-02-19,P,590.0,232.3,21.0,238.25,22.0,0.0,0.0,0.0,-0.9555,0.0021,0.2116,-0.0285,-0.4296,235.9596,0.0,0.0,0.0,0.0,no_change,0.0,,0.0,234.724998474121,354.53,2026-09-02 15:44:18,2026-09-02 11:45:02
TSLA,TSLA270219P00600000,TSLA,2027-02-19,P,600.0,242.95,21.0,247.8,23.0,0.0,3.0,0.0,-0.9641,0.002,0.1559,-0.0337,-0.2735,245.8149,0.0,0.0,0.0,0.0,no_change,254.97,2026-08-14T09:43:05,0.0,244.550003051758,354.53,2026-09-02 15:44:18,2026-09-02 11:45:02
TSLA,TSLA270219P00610000,TSLA,2027-02-19,P,610.0,252.3,20.0,257.95,16.0,0.0,0.0,0.0,-0.9716,0.0018,0.1227,-0.04,-0.2577,255.7065,0.0,0.0,0.0,0.0,no_change,0.0,,0.0,254.175003051758,354.53,2026-09-02 15:44:18,2026-09-02 11:45:02
TSLA,TSLA270219P00620000,TSLA,2027-02-19,P,620.0,261.9,16.0,267.85,16.0,0.0,0.0,0.0,-0.9779,0.0016,0.1076,-0.0427,-0.194,265.616,0.0,0.0,0.0,0.0,no_change,0.0,,0.0,264.050003051758,354.53,2026-09-02 15:44:18,2026-09-02 11:45:02
TSLA,TSLA270219P00630000,TSLA,2027-02-19,P,630.0,271.85,16.0,277.8,16.0,0.0,0.0,0.0,-0.983,0.0014,0.0822,-0.037,-0.1834,275.5508,0.0,0.0,0.0,0.0,no_change,0.0,,0.0,274.175003051758,354.53,2026-09-02 15:44:18,2026-09-02 11:45:02
TSLA,TSLA270219P00640000,TSLA,2027-02-19,P,640.0,281.85,16.0,287.75,16.0,0.0,0.0,0.0,-0.9874,0.0011,0.0383,-0.0443,0.0,285.5288,0.0,0.0,0.0,0.0,no_change,0.0,,0.0,284.649993896484,354.53,2026-09-02 15:44:18,2026-09-02 11:45:02
TSLA,TSLA270219P00650000,TSLA,2027-02-19,P,650.0,292.05,20.0,297.75,16.0,0.0,0.0,0.0,-0.9911,0.0008,0.0,-0.0569,0.0,295.5288,0.0,0.0,0.0,0.0,up,339.53,2026-07-24T11:14:36,0.0,294.175003051758,354.53,2026-09-02 15:44:18,2026-09-02 11:45:02
TSLA,TSLA270219P00660000,TSLA,2027-02-19,P,660.0,302.35,16.0,308.05,16.0,0.0,0.0,0.0,-0.9934,0.0006,0.0,-0.0681,0.0,305.5288,0.0,0.0,0.0,0.0,no_change,0.0,,0.0,304.650009155273,354.53,2026-09-02 15:44:18,2026-09-02 11:45:02
TSLA,TSLA270219P00670000,TSLA,2027-02-19,P,670.0,312.3,16.0,318.0,16.0,0.0,0.0,0.0,-0.9955,0.0004,0.0,-0.0758,0.0,315.5288,0.0,0.0,0.0,0.0,no_change,0.0,,0.0,314.175003051758,354.53,2026-09-02 15:44:18,2026-09-02 11:45:02
TSLA,TSLA270219P00680000,TSLA,2027-02-19,P,680.0,322.05,17.0,329.3,16.0,0.5912,0.0,0.0,-0.9972,0.0002,0.0,-0.0823,0.0,325.5288,0.0,0.0,0.0,0.0,down,358.05,2026-07-23T11:16:35,0.0,323.849990844727,354.53,2026-09-02 15:44:18,2026-09-02 11:45:02
TSLA,TSLA270219P00690000,TSLA,2027-02-19,P,690.0,332.0,20.0,339.05,20.0,0.0,0.0,0.0,-0.9986,0.0001,0.0,-0.0841,0.0,335.5288,0.0,0.0,0.0,0.0,no_change,0.0,,0.0,334.199996948242,354.53,2026-09-02 15:44:18,2026-09-02 11:45:02
TSLA,TSLA270219P00700000,TSLA,2027-02-19,P,700.0,342.05,20.0,349.05,20.0,0.5978,0.0,0.0,-0.9997,0.0,0.0,-0.0841,0.0,345.5288,0.0,0.0,0.0,0.0,no_change,0.0,,0.0,344.25,354.53,2026-09-02 15:44:18,2026-09-02 11:45:02
TSLA,TSLA270219P00710000,TSLA,2027-02-19,P,710.0,352.05,16.0,359.3,1.0,0.6233,0.0,0.0,-1.0,0.0,0.0,-0.0841,0.0,355.5288,0.0,0.0,0.0,0.0,no_change,0.0,,0.0,354.275009155273,354.53,2026-09-02 15:44:18,2026-09-02 11:45:02
TSLA,TSLA270219P00720000,TSLA,2027-02-19,P,720.0,362.05,16.0,369.3,16.0,0.6337,0.0,0.0,-1.0,0.0,0.0,-0.0841,0.0,365.5288,0.0,0.0,0.0,0.0,no_change,0.0,,0.0,364.275009155273,354.53,2026-09-02 15:44:18,2026-09-02 11:45:02
TSLA,TSLA270219P00730000,TSLA,2027-02-19,P,730.0,372.0,17.0,379.3,16.0,0.6413,0.0,0.0,-1.0,0.0,0.0,-0.0841,0.0,375.5288,0.0,0.0,0.0,0.0,no_change,0.0,,0.0,374.275009155273,354.53,2026-09-02 15:44:18,2026-09-02 11:45:02
TSLA,TSLA270219P00740000,TSLA,2027-02-19,P,740.0,382.05,16.0,389.3,1.0,0.654,0.0,0.0,-1.0,0.0,0.0,-0.0841,0.0,385.5288,0.0,0.0,0.0,0.0,no_change,0.0,,0.0,384.275009155273,354.53,2026-09-02 15:44:18,2026-09-02 11:45:02
TSLA,TSLA270219P00750000,TSLA,2027-02-19,P,750.0,392.05,17.0,399.4,16.0,0.6686,0.0,0.0,-1.0,0.0,0.0,-0.0841,0.0,395.5288,0.0,0.0,0.0,0.0,no_change,0.0,,0.0,394.275009155273,354.53,2026-09-02 15:44:18,2026-09-02 11:45:02
TSLA,TSLA270219P00760000,TSLA,2027-02-19,P,760.0,402.0,17.0,409.3,16.0,0.6711,0.0,0.0,-1.0,0.0,0.0,-0.0841,0.0,405.5288,0.0,0.0,0.0,0.0,up,438.15,2026-07-23T11:16:45,0.0,404.25,354.53,2026-09-02 15:44:18,2026-09-02 11:45:02
TSLA,TSLA270219P00770000,TSLA,2027-02-19,P,770.0,412.05,17.0,419.35,17.0,0.6858,0.0,0.0,-1.0,0.0,0.0,-0.0841,0.0,415.5288,0.0,0.0,0.0,0.0,no_change,0.0,,0.0,414.225006103516,354.53,2026-09-02 15:44:18,2026-09-02 11:45:02
TSLA,TSLA270319C00050000,TSLA,2027-03-19,C,50.0,302.2,17.0,309.95,16.0,0.0,3.0,0.0,0.9996,0.0,0.0146,0.0,0.2628,306.3275,0.0,0.0,0.0,0.0,down,292.25,2026-08-13T15:56:48,0.0,307.650009155273,354.53,2026-09-02 15:44:18,2026-09-02 11:45:02
TSLA,TSLA270319C00055000,TSLA,2027-03-19,C,55.0,297.6,16.0,304.95,16.0,0.0,0.0,0.0,0.9993,0.0,0.0166,0.0,0.2889,301.4686,0.0,0.0,0.0,0.0,no_change,0.0,,0.0,302.850006103516,354.53,2026-09-02 15:44:18,2026-09-02 11:45:02
TSLA,TSLA270319C00060000,TSLA,2027-03-19,C,60.0,292.5,16.0,300.3,16.0,0.0,14.0,0.0,0.999,0.0,0.0187,0.0,0.315,296.6108,0.0,0.0,0.0,0.0,down,261.62,2026-08-06T12:32:37,0.0,297.824996948242,354.53,2026-09-02 15:44:18,2026-09-02 11:45:02
TSLA,TSLA270319C00065000,TSLA,2027-03-19,C,65.0,287.95,17.0,295.55,17.0,0.9522,0.0,0.0,0.9987,0.0,0.0209,0.0,0.341,291.7542,0.0,0.0,0.0,0.0,no_change,0.0,,0.0,293.074996948242,354.53,2026-09-02 15:44:18,2026-09-02 11:45:02
TSLA,TSLA270319C00070000,TSLA,2027-03-19,C,70.0,283.1,16.0,290.4,17.0,0.8356,2.0,0.0,0.9984,0.0,0.0233,0.0,0.3669,286.8989,0.0,0.0,0.0,0.0,down,316.3,2026-03-19T14:33:28,0.0,288.199996948242,354.53,2026-09-02 15:44:18,2026-09-02 11:45:02
TSLA,TSLA270319C00075000,TSLA,2027-03-19,C,75.0,278.2,20.0,285.75,18.0,0.8644,1.0,0.0,0.998,0.0,0.0259,0.0,0.3928,282.0451,0.0,0.0,0.0,0.0,down,291.8,2026-03-27T15:40:05,0.0,283.399993896484,354.53,2026-09-02 15:44:18,2026-09-02 11:45:02
TSLA,TSLA270319C00080000,TSLA,2027-03-19,C,80.0,273.65,20.0,280.7,17.0,0.862,3.0,0.0,0.9977,0.0,0.0287,0.0,0.4187,277.1927,0.0,0.0,0.0,0.0,down,288.68,2026-04-02T13:57:48,0.0,278.925003051758,354.53,2026-09-02 15:44:18,2026-09-02 11:45:02
TSLA,TSLA270319C00085000,TSLA,2027-03-19,C,85.0,269.0,20.0,276.2,20.0,0.9117,1.0,0.0,0.9972,0.0,0.0317,0.0,0.4444,272.3421,0.0,0.0,0.0,0.0,down,300.4,2026-03-19T10:24:55,0.0,273.724990844727,354.53,2026-09-02 15:44:18,2026-09-02 11:45:02
TSLA,TSLA270319C00090000,TSLA,2027-03-19,C,90.0,263.8,20.0,271.15,17.0,0.8145,1.0,0.0,0.9968,0.0001,0.0349,0.0,0.4701,267.4934,0.0,0.0,0.0,0.0,down,314.36,2026-02-23T12:19:44,0.0,268.900009155273,354.53,2026-09-02 15:44:18,2026-09-02 11:45:02
TSLA,TSLA270319C00095000,TSLA,2027-03-19,C,95.0,259.0,20.0,266.15,18.0,0.7771,1.0,0.0,0.9963,0.0001,0.0384,0.0,0.4956,262.6466,0.0,0.0,0.0,0.0,down,287.4,2026-04-24T15:45:03,0.0,264.149993896484,354.53,2026-09-02 15:44:18,2026-09-02 11:45:02
TSLA,TSLA270319C00100000,TSLA,2027-03-19,C,100.0,254.5,20.0,261.35,20.0,0.8044,131.0,0.0,0.9957,0.0001,0.042,0.0,0.5212,257.8021,0.0,0.0,0.0,0.0,up,240.1,2026-08-18T14:31:51,0.0,259.525009155273,354.53,2026-09-02 15:44:18,2026-09-02 11:45:02
TSLA,TSLA270319C00105000,TSLA,2027-03-19,C,105.0,249.35,20.0,256.7,16.0,0.7707,22.0,0.0,0.9951,0.0001,0.0459,0.0,0.5466,252.9599,0.0,0.0,0.0,0.0,down,261.35,2026-04-02T15:29:46,0.0,254.299995422363,354.53,2026-09-02 15:44:18,2026-09-02 11:45:02
TSLA,TSLA270319C00110000,TSLA,2027-03-19,C,110.0,244.4,17.0,251.75,19.0,0.728,235.0,0.0,0.9945,0.0001,0.0501,0.0,0.5718,248.1204,0.0,0.0,0.0,0.0,down,276.95,2026-07-17T12:08:26,0.0,249.5,354.53,2026-09-02 15:44:18,2026-09-02 11:45:02
TSLA,TSLA270319C00115000,TSLA,2027-03-19,C,115.0,239.8,20.0,246.8,20.0,0.7225,68.0,0.0,0.9938,0.0001,0.0547,0.0,0.597,243.2839,0.0,0.0,0.0,0.0,no_change,236.65,2026-04-07T09:47:05,0.0,244.625,354.53,2026-09-02 15:44:18,2026-09-02 11:45:02
TSLA,TSLA270319C00120000,TSLA,2027-03-19,C,120.0,235.15,20.0,242.4,20.0,0.7505,50.0,0.0,0.993,0.0001,0.0596,0.0,0.622,238.4507,0.0,0.0,0.0,0.0,up,267.65,2026-07-17T12:08:33,0.0,239.924995422363,354.53,2026-09-02 15:44:18,2026-09-02 11:45:02
TSLA,TSLA270319C00125000,TSLA,2027-03-19,C,125.0,229.85,20.0,237.35,20.0,0.6822,15.0,0.0,0.9922,0.0001,0.0649,0.0,0.6468,233.6213,0.0,0.0,0.0,0.0,no_change,294.35,2026-05-07T10:51:56,0.0,235.050003051758,354.53,2026-09-02 15:44:18,2026-09-02 11:45:02
TSLA,TSLA270319C00130000,TSLA,2027-03-19,C,130.0,225.0,20.0,232.55,20.0,0.6668,63.0,0.0,0.9913,0.0001,0.0705,0.0,0.6715,228.7962,0.0,0.0,0.0,0.0,no_change,253.7,2026-07-21T15:02:57,0.0,230.275001525879,354.53,2026-09-02 15:44:18,2026-09-02 11:45:02
TSLA,TSLA270319C00135000,TSLA,2027-03-19,C,135.0,220.7,20.0,227.75,20.0,0.6854,16.0,0.0,0.9903,0.0002,0.0766,0.0,0.696,223.976,0.0,0.0,0.0,0.0,down,194.62,2026-07-23T10:34:26,0.0,225.449996948242,354.53,2026-09-02 15:44:18,2026-09-02 11:45:02
TSLA,TSLA270319C00140000,TSLA,2027-03-19,C,140.0,215.45,18.0,222.9,17.0,0.6422,2.0,0.0,0.9892,0.0002,0.0832,0.0,0.7202,219.1616,0.0,0.0,0.0,0.0,up,213.05,2026-08-28T12:07:35,0.0,220.524993896484,354.53,2026-09-02 15:44:18,2026-09-02 11:45:02
TSLA,TSLA270319C00145000,TSLA,2027-03-19,C,145.0,211.05,20.0,218.1,17.0,0.6504,38.0,0.0,0.988,0.0002,0.0906,0.0,0.7442,214.3538,0.0,0.0,0.0,0.0,up,210.0,2026-08-14T09:51:23,0.0,216.25,354.53,2026-09-02 15:44:18,2026-09-02 11:45:02
TSLA,TSLA270319C00150000,TSLA,2027-03-19,C,150.0,206.35,20.0,213.1,36.0,0.631,241.0,0.0,0.9866,0.0002,0.0985,0.0,0.7679,209.5541,0.0,0.0,0.0,0.0,down,194.2,2026-08-19T09:41:47,0.0,210.599998474121,354.53,2026-09-02 15:44:18,2026-09-02 11:45:02
TSLA,TSLA270319C00155000,TSLA,2027-03-19,C,155.0,201.45,20.0,208.55,17.0,0.6232,37.0,0.0,0.9851,0.0003,0.107,0.0,0.7912,204.7635,0.0,0.0,0.0,0.0,up,259.98,2026-07-10T14:47:51,0.0,206.125,354.53,2026-09-02 15:44:18,2026-09-02 11:45:02
TSLA,TSLA270319C00160000,TSLA,2027-03-19,C,160.0,196.65,27.0,203.5,31.0,0.5982,12.0,0.0,0.9834,0.0003,0.1164,0.0,0.8142,199.9836,0.0,0.0,0.0,0.0,up,175.4,2026-08-10T12:46:13,0.0,201.400001525879,354.53,2026-09-02 15:44:18,2026-09-02 11:45:02
TSLA,TSLA270319C00165000,TSLA,2027-03-19,C,165.0,192.0,26.0,199.15,30.0,0.6064,10.0,0.0,0.9816,0.0003,0.1266,0.0,0.8367,195.216,0.0,0.0,0.0,0.0,no_change,172.51,2026-08-11T14:28:43,0.0,196.574996948242,354.53,2026-09-02 15:44:18,2026-09-02 11:45:02
TSLA,TSLA270319C00170000,TSLA,2027-03-19,C,170.0,187.15,35.0,194.05,31.0,0.5792,13.0,0.0,0.9795,0.0004,0.138,0.0,0.8587,190.4625,0.0,0.0,0.0,0.0,up,183.0,2026-08-19T10:55:44,0.0,191.775001525879,354.53,2026-09-02 15:44:18,2026-09-02 11:45:02
TSLA,TSLA270319C00175000,TSLA,2027-03-19,C,175.0,182.75,273.0,188.6,176.0,0.5562,1480.0,0.0,0.9772,0.0004,0.1504,0.0,0.8801,185.7254,0.0,0.0,0.0,0.0,down,144.36,2026-07-30T15:09:08,0.0,187.349998474121,354.53,2026-09-02 15:44:18,2026-09-02 11:45:02
TSLA,TSLA270319C00180000,TSLA,2027-03-19,C,180.0,178.0,39.0,182.85,43.0,0.5097,55.0,0.0,0.9746,0.0004,0.1638,0.0,0.901,181.007,0.0,0.0,0.0,0.0,up,184.46,2026-09-01T11:01:51,0.0,181.975006103516,354.53,2026-09-02 15:44:18,2026-09-02 11:45:02
TSLA,TSLA270319C00185000,TSLA,2027-03-19,C,185.0,175.35,78.0,178.4,53.0,0.5726,49.0,12.0,0.9716,0.0005,0.1783,0.0,0.9211,176.3092,-1.075,173.0,176.65,173.0,up,176.65,2026-09-02T11:22:17,-0.604866,177.724998474121,354.53,2026-09-02 15:44:18,2026-09-02 11:45:02
TSLA,TSLA270319C00190000,TSLA,2027-03-19,C,190.0,168.65,43.0,174.6,47.0,0.5342,43.0,0.0,0.9684,0.0005,0.1943,0.0,0.9405,171.6346,0.0,0.0,0.0,0.0,up,163.6,2026-08-20T12:10:15,0.0,173.125,354.53,2026-09-02 15:44:18,2026-09-02 11:45:02
TSLA,TSLA270319C00195000,TSLA,2027-03-19,C,195.0,164.15,42.0,168.8,42.0,0.5011,19.0,0.0,0.9648,0.0006,0.2117,0.0,0.9589,166.9862,0.0,0.0,0.0,0.0,up,148.5,2026-08-11T11:06:50,0.0,168.475006103516,354.53,2026-09-02 15:44:18,2026-09-02 11:45:02
TSLA,TSLA270319C00200000,TSLA,2027-03-19,C,200.0,161.6,20.0,164.1,188.0,0.5414,2104.0,0.0,0.9608,0.0006,0.2302,0.0,0.9765,162.3669,0.0,0.0,0.0,0.0,down,167.0,2026-09-01T10:16:59,0.0,164.099998474121,354.53,2026-09-02 15:44:18,2026-09-02 11:45:02
TSLA,TSLA270319C00210000,TSLA,2027-03-19,C,210.0,151.95,35.0,155.45,36.0,0.5261,19.0,0.0,0.9516,0.0008,0.2714,-0.0052,1.0088,153.2261,0.0,0.0,0.0,0.0,down,140.89,2026-08-14T13:57:44,0.0,155.050003051758,354.53,2026-09-02 15:44:18,2026-09-02 11:45:02
TSLA,TSLA270319C00220000,TSLA,2027-03-19,C,220.0,142.9,39.0,145.85,45.0,0.5029,48.0,0.0,0.9404,0.0009,0.3181,-0.0121,1.0364,144.2382,0.0,0.0,0.0,0.0,up,145.92,2026-09-01T15:13:53,0.0,145.824996948242,354.53,2026-09-02 15:44:18,2026-09-02 11:45:02
TSLA,TSLA270319C00230000,TSLA,2027-03-19,C,230.0,134.9,17.0,137.0,48.0,0.5041,27.0,0.0,0.9272,0.0011,0.3699,-0.0195,1.0591,135.4134,0.0,0.0,0.0,0.0,up,135.0,2026-08-27T12:42:39,0.0,137.175003051758,354.53,2026-09-02 15:44:18,2026-09-02 11:45:02
TSLA,TSLA270319C00240000,TSLA,2027-03-19,C,240.0,126.0,18.0,128.4,47.0,0.4908,70.0,0.0,0.9118,0.0013,0.4259,-0.0272,1.0764,126.828,0.0,0.0,0.0,0.0,down,130.3,2026-09-01T11:04:53,0.0,128.125,354.53,2026-09-02 15:44:18,2026-09-02 11:45:02
TSLA,TSLA270319C00250000,TSLA,2027-03-19,C,250.0,117.9,20.0,120.0,128.0,0.4855,445.0,0.0,0.8941,0.0015,0.486,-0.0354,1.0877,118.4631,0.0,0.0,0.0,0.0,no_change,120.12,2026-09-01T13:55:54,0.0,120.199996948242,354.53,2026-09-02 15:44:18,2026-09-02 11:45:02
TSLA,TSLA270319C00260000,TSLA,2027-03-19,C,260.0,109.3,60.0,111.65,110.0,0.472,116.0,0.0,0.874,0.0017,0.548,-0.0437,1.0932,110.3654,0.0,0.0,0.0,0.0,up,118.25,2026-08-31T10:54:52,0.0,111.625,354.53,2026-09-02 15:44:18,2026-09-02 11:45:02
TSLA,TSLA270319C00270000,TSLA,2027-03-19,C,270.0,101.35,92.0,103.9,126.0,0.4663,271.0,0.0,0.8516,0.0019,0.6119,-0.052,1.0921,102.5614,0.0,0.0,0.0,0.0,up,102.0,2026-09-01T14:43:55,0.0,104.200000762939,354.53,2026-09-02 15:44:18,2026-09-02 11:45:02
TSLA,TSLA270319C00280000,TSLA,2027-03-19,C,280.0,94.35,36.0,96.45,116.0,0.4661,903.0,0.0,0.827,0.0021,0.6748,-0.0604,1.0855,95.0784,0.0,0.0,0.0,0.0,down,98.2,2026-09-01T12:19:40,0.0,96.7000007629394,354.53,2026-09-02 15:44:18,2026-09-02 11:45:02
TSLA,TSLA270319C00290000,TSLA,2027-03-19,C,290.0,87.5,44.0,89.3,212.0,0.4644,134.0,6.0,0.8003,0.0023,0.7368,-0.0684,1.0722,87.9384,-0.075,88.0,89.0,88.0,up,89.0,2026-09-02T10:39:59,-0.0841996,89.0750007629394,354.53,2026-09-02 15:44:18,2026-09-02 11:45:02
TSLA,TSLA270319C00295000,TSLA,2027-03-19,C,295.0,84.05,131.0,85.9,159.0,0.4633,579.0,6.0,0.7862,0.0024,0.7662,-0.0723,1.0638,84.4759,-1.4,82.0,84.75,82.0,up,84.75,2026-09-02T11:12:33,-1.62507,86.1500015258789,354.53,2026-09-02 15:44:18,2026-09-02 11:45:02
TSLA,TSLA270319C00300000,TSLA,2027-03-19,C,300.0,80.8,163.0,82.45,343.0,0.4618,684.0,36.0,0.7717,0.0025,0.7949,-0.0761,1.0541,81.1327,0.3,84.36,84.36,78.0,up,83.0,2026-09-02T10:43:44,0.362761,82.6999969482422,354.53,2026-09-02 15:44:18,2026-09-02 11:45:02
TSLA,TSLA270319C00305000,TSLA,2027-03-19,C,305.0,77.6,125.0,79.35,258.0,0.4614,131.0,0.0,0.7569,0.0026,0.8228,-0.0797,1.0427,77.91,0.0,0.0,0.0,0.0,down,77.08,2026-09-01T14:45:59,0.0,79.3500022888184,354.53,2026-09-02 15:44:18,2026-09-02 11:45:02
TSLA,TSLA270319C00310000,TSLA,2027-03-19,C,310.0,74.5,67.0,76.2,341.0,0.4606,1014.0,1.0,0.7417,0.0027,0.8492,-0.0832,1.03,74.7843,-3.625,72.5,72.5,72.5,down,72.5,2026-09-02T09:43:06,-4.7619,76.125,354.53,2026-09-02 15:44:18,2026-09-02 11:45:02
TSLA,TSLA270319C00315000,TSLA,2027-03-19,C,315.0,71.25,159.0,73.1,183.0,0.4583,126.0,0.0,0.7262,0.0028,0.8739,-0.0865,1.0172,71.698,0.0,0.0,0.0,0.0,down,80.25,2026-08-31T15:15:46,0.0,72.8250007629394,354.53,2026-09-02 15:44:18,2026-09-02 11:45:02
TSLA,TSLA270319C00320000,TSLA,2027-03-19,C,320.0,68.25,156.0,70.1,209.0,0.4571,1095.0,0.0,0.7104,0.0029,0.8974,-0.0897,1.0025,68.7594,0.0,0.0,0.0,0.0,down,71.15,2026-09-01T12:40:56,0.0,70.125,354.53,2026-09-02 15:44:18,2026-09-02 11:45:02
TSLA,TSLA270319C00325000,TSLA,2027-03-19,C,325.0,65.35,165.0,67.05,212.0,0.4552,117.0,0.0,0.6945,0.003,0.9195,-0.0926,0.9867,65.8918,0.0,0.0,0.0,0.0,down,67.3,2026-09-01T15:23:28,0.0,67.2000007629394,354.53,2026-09-02 15:44:18,2026-09-02 11:45:02
TSLA,TSLA270319C00330000,TSLA,2027-03-19,C,330.0,62.55,209.0,64.3,328.0,0.4546,650.0,1.0,0.6783,0.003,0.9397,-0.0954,0.9703,63.1214,-2.175,62.15,62.15,62.15,down,62.15,2026-09-02T09:53:28,-3.38127,64.3250007629394,354.53,2026-09-02 15:44:18,2026-09-02 11:45:02
TSLA,TSLA270319C00335000,TSLA,2027-03-19,C,335.0,59.9,160.0,61.8,279.0,0.4553,674.0,0.0,0.662,0.0031,0.958,-0.098,0.9536,60.4463,0.0,0.0,0.0,0.0,down,63.6,2026-09-01T11:20:33,0.0,61.5750007629394,354.53,2026-09-02 15:44:18,2026-09-02 11:45:02
TSLA,TSLA270319C00340000,TSLA,2027-03-19,C,340.0,57.3,249.0,59.2,353.0,0.4547,1455.0,6.0,0.6457,0.0032,0.9747,-0.1003,0.9359,57.8659,-0.65,56.0,58.5,56.0,up,58.5,2026-09-02T10:31:14,-1.0989,59.1500015258789,354.53,2026-09-02 15:44:18,2026-09-02 11:45:02
TSLA,TSLA270319C00345000,TSLA,2027-03-19,C,345.0,55.15,34.0,56.3,230.0,0.4542,205.0,0.0,0.6293,0.0032,0.9897,-0.1024,0.9171,55.3701,0.0,0.0,0.0,0.0,no_change,55.45,2026-09-01T14:38:48,0.0,56.3500003814697,354.53,2026-09-02 15:44:18,2026-09-02 11:45:02
TSLA,TSLA270319C00350000,TSLA,2027-03-19,C,350.0,52.8,151.0,53.4,119.0,0.4518,3900.0,19.0,0.6128,0.0032,1.0027,-0.1044,0.898,52.9723,-0.425,53.5,53.75,50.5,up,53.75,2026-09-02T11:26:42,-0.784493,54.1749992370606,354.53,2026-09-02 15:44:18,2026-09-02 11:45:02
TSLA,TSLA270319C00355000,TSLA,2027-03-19,C,355.0,50.6,44.0,51.1,126.0,0.4524,422.0,61.0,0.5965,0.0033,1.0138,-0.1061,0.8792,50.6902,-0.8,51.3,51.5,48.65,up,50.9,2026-09-02T11:12:48,-1.54739,51.7000007629394,354.53,2026-09-02 15:44:18,2026-09-02 11:45:02
TSLA,TSLA270319C00360000,TSLA,2027-03-19,C,360.0,48.25,182.0,48.9,110.0,0.4518,730.0,23.0,0.5801,0.0033,1.0231,-0.1076,0.8593,48.46,-0.45,50.0,50.0,49.05,down,49.05,2026-09-02T09:35:49,-0.909091,49.5,354.53,2026-09-02 15:44:18,2026-09-02 11:45:02
TSLA,TSLA270319C00365000,TSLA,2027-03-19,C,365.0,46.15,171.0,47.25,328.0,0.4542,214.0,2.0,0.5641,0.0033,1.0307,-0.1089,0.8392,46.3594,-2.625,48.05,48.05,44.75,down,44.75,2026-09-02T09:59:45,-5.5409,47.375,354.53,2026-09-02 15:44:18,2026-09-02 11:45:02
TSLA,TSLA270319C00370000,TSLA,2027-03-19,C,370.0,44.1,191.0,45.05,285.0,0.4535,1220.0,8.0,0.548,0.0034,1.0364,-0.11,0.8188,44.3262,-0.75,45.95,45.95,42.8,up,44.5,2026-09-02T10:51:40,-1.65746,45.25,354.53,2026-09-02 15:44:18,2026-09-02 11:45:02
TSLA,TSLA270319C00375000,TSLA,2027-03-19,C,375.0,42.3,35.0,42.7,56.0,0.4528,2763.0,2.0,0.5321,0.0034,1.0405,-0.111,0.7988,42.3774,-0.8,40.2,42.5,40.2,up,42.5,2026-09-02T10:32:28,-1.84757,43.2999992370606,354.53,2026-09-02 15:44:18,2026-09-02 11:45:02
TSLA,TSLA270319C00380000,TSLA,2027-03-19,C,380.0,40.3,182.0,41.2,279.0,0.4541,1441.0,4.0,0.5165,0.0034,1.043,-0.1117,0.7788,40.5101,-2.725,43.4,43.4,38.7,down,38.7,2026-09-02T10:03:27,-6.57815,41.4249992370606,354.53,2026-09-02 15:44:18,2026-09-02 11:45:02
TSLA,TSLA270319C00385000,TSLA,2027-03-19,C,385.0,38.65,35.0,39.05,59.0,0.4539,2265.0,5.0,0.501,0.0034,1.0438,-0.1122,0.7583,38.7228,-1.49,40.0,40.0,38.06,down,38.06,2026-09-02T11:05:05,-3.76738,39.5499992370606,354.53,2026-09-02 15:44:18,2026-09-02 11:45:02
TSLA,TSLA270319C00390000,TSLA,2027-03-19,C,390.0,36.8,212.0,37.75,330.0,0.4555,1026.0,2.0,0.4858,0.0034,1.043,-0.1125,0.7376,37.0139,-0.45,37.3,37.3,37.3,down,37.3,2026-09-02T10:23:59,-1.19205,37.75,354.53,2026-09-02 15:44:18,2026-09-02 11:45:02
TSLA,TSLA270319C00395000,TSLA,2027-03-19,C,395.0,35.15,177.0,36.05,287.0,0.4554,163.0,3.0,0.4709,0.0034,1.0408,-0.1127,0.7175,35.3808,-2.125,34.5,34.5,34.1,down,34.1,2026-09-02T09:42:21,-5.86612,36.2250003814697,354.53,2026-09-02 15:44:18,2026-09-02 11:45:02
TSLA,TSLA270319C00400000,TSLA,2027-03-19,C,400.0,33.75,42.0,34.15,86.0,0.4554,3424.0,43.0,0.4563,0.0033,1.0374,-0.1127,0.6979,33.8198,-1.55,33.8,34.7,31.98,down,33.0,2026-09-02T11:04:25,-4.48625,34.5499992370606,354.53,2026-09-02 15:44:18,2026-09-02 11:45:02
TSLA,TSLA270319C00405000,TSLA,2027-03-19,C,405.0,32.1,189.0,33.0,307.0,0.4567,135.0,4.0,0.442,0.0033,1.0327,-0.1126,0.6783,32.3283,-2.13,31.1,31.25,30.97,down,30.97,2026-09-02T09:47:08,-6.43505,33.1000003814697,354.53,2026-09-02 15:44:18,2026-09-02 11:45:02
TSLA,TSLA270319C00410000,TSLA,2027-03-19,C,410.0,30.85,119.0,31.25,74.0,0.4572,1923.0,5.0,0.4279,0.0033,1.0266,-0.1123,0.6585,30.9044,-1.425,31.7,31.7,29.25,up,30.15,2026-09-02T09:54:10,-4.51306,31.5749998092651,354.53,2026-09-02 15:44:18,2026-09-02 11:45:02
TSLA,TSLA270319C00415000,TSLA,2027-03-19,C,415.0,29.3,232.0,30.25,287.0,0.4585,187.0,1.0,0.4143,0.0033,1.0194,-0.1119,0.6389,29.5464,0.55,30.65,30.65,30.65,up,30.65,2026-09-02T09:30:26,1.82724,30.0999994277954,354.53,2026-09-02 15:44:18,2026-09-02 11:45:02
TSLA,TSLA270319C00420000,TSLA,2027-03-19,C,420.0,28.2,55.0,28.7,88.0,0.4591,1673.0,6.0,0.4009,0.0032,1.0112,-0.1114,0.62,28.2513,-0.59,27.0,28.31,27.0,up,28.31,2026-09-02T11:14:31,-2.04152,28.9000005722046,354.53,2026-09-02 15:44:18,2026-09-02 11:45:02
TSLA,TSLA270319C00425000,TSLA,2027-03-19,C,425.0,27.0,26.0,27.5,144.0,0.46,293.0,201.0,0.3879,0.0032,1.0024,-0.1107,0.6017,27.0158,-0.4,26.76,27.15,26.76,up,27.15,2026-09-02T10:20:27,-1.45191,27.5500001907349,354.53,2026-09-02 15:44:18,2026-09-02 11:45:02
TSLA,TSLA270319C00430000,TSLA,2027-03-19,C,430.0,25.6,193.0,26.35,252.0,0.4599,686.0,0.0,0.3752,0.0032,0.9926,-0.11,0.5837,25.8373,0.0,0.0,0.0,0.0,up,27.34,2026-09-01T11:24:19,0.0,26.3499994277954,354.53,2026-09-02 15:44:18,2026-09-02 11:45:02
TSLA,TSLA270319C00435000,TSLA,2027-03-19,C,435.0,24.45,203.0,25.25,242.0,0.461,324.0,0.0,0.3631,0.0031,0.9819,-0.1093,0.5657,24.7489,0.0,0.0,0.0,0.0,no_change,24.75,2026-09-01T14:36:58,0.0,25.1999998092651,354.53,2026-09-02 15:44:18,2026-09-02 11:45:02
TSLA,TSLA270319C00440000,TSLA,2027-03-19,C,440.0,23.65,35.0,24.0,73.0,0.4623,1143.0,11.0,0.3512,0.0031,0.9704,-0.1083,0.5482,23.6925,-1.425,22.65,22.7,22.65,no_change,22.7,2026-09-02T10:09:15,-5.90674,24.125,354.53,2026-09-02 15:44:18,2026-09-02 11:45:02
TSLA,TSLA270319C00445000,TSLA,2027-03-19,C,445.0,22.55,48.0,23.35,316.0,0.4649,425.0,1.0,0.3395,0.003,0.9581,-0.1073,0.5309,22.6649,-0.7,22.5,22.5,22.5,down,22.5,2026-09-02T11:13:35,-3.01724,23.1999998092651,354.53,2026-09-02 15:44:18,2026-09-02 11:45:02
TSLA,TSLA270319C00450000,TSLA,2027-03-19,C,450.0,21.65,35.0,22.05,93.0,0.4646,4536.0,21.0,0.3283,0.003,0.9457,-0.1062,0.5145,21.6964,-0.54,21.05,22.28,20.45,no_change,21.76,2026-09-02T11:12:44,-2.42153,22.3000001907349,354.53,2026-09-02 15:44:18,2026-09-02 11:45:02
TSLA,TSLA270319C00455000,TSLA,2027-03-19,C,455.0,20.5,251.0,21.2,202.0,0.4648,148.0,0.0,0.3174,0.0029,0.933,-0.1051,0.4986,20.7733,0.0,0.0,0.0,0.0,down,18.75,2026-08-28T15:20:29,0.0,21.2999992370605,354.53,2026-09-02 15:44:18,2026-09-02 11:45:02
TSLA,TSLA270319C00460000,TSLA,2027-03-19,C,460.0,19.8,85.0,20.25,71.0,0.4665,1134.0,1.0,0.3068,0.0029,0.9197,-0.1038,0.483,19.8937,1.095,21.47,21.47,21.47,up,21.47,2026-09-02T09:30:01,5.37423,20.375,354.53,2026-09-02 15:44:18,2026-09-02 11:45:02
TSLA,TSLA270319C00465000,TSLA,2027-03-19,C,465.0,18.75,222.0,19.65,280.0,0.4678,90.0,0.0,0.2966,0.0028,0.9057,-0.1026,0.4675,19.0561,0.0,0.0,0.0,0.0,up,21.82,2026-08-31T10:12:40,0.0,19.5499992370605,354.53,2026-09-02 15:44:18,2026-09-02 11:45:02
TSLA,TSLA270319C00470000,TSLA,2027-03-19,C,470.0,18.2,32.0,18.6,182.0,0.4689,1181.0,5.0,0.2868,0.0028,0.8914,-0.1013,0.4524,18.259,-1.145,17.24,17.58,17.24,up,17.58,2026-09-02T10:13:13,-6.11482,18.7249994277954,354.53,2026-09-02 15:44:18,2026-09-02 11:45:02
TSLA,TSLA270319C00475000,TSLA,2027-03-19,C,475.0,17.2,331.0,17.9,102.0,0.469,109.0,2.0,0.2772,0.0027,0.8769,-0.0999,0.4379,17.5003,-1.17,16.7,16.73,16.7,up,16.73,2026-09-02T10:09:35,-6.53631,17.8999996185303,354.53,2026-09-02 15:44:18,2026-09-02 11:45:02
TSLA,TSLA270319C00480000,TSLA,2027-03-19,C,480.0,16.45,298.0,17.15,96.0,0.4699,1149.0,3.0,0.268,0.0027,0.8625,-0.0986,0.4241,16.7779,-1.175,15.95,16.0,15.95,no_change,16.0,2026-09-02T10:09:03,-6.84134,17.1750001907349,354.53,2026-09-02 15:44:18,2026-09-02 11:45:02
TSLA,TSLA270319C00485000,TSLA,2027-03-19,C,485.0,15.8,239.0,16.45,101.0,0.4712,124.0,0.0,0.2591,0.0026,0.8482,-0.0972,0.4108,16.0896,0.0,0.0,0.0,0.0,down,16.75,2026-09-01T09:38:16,0.0,16.3499994277954,354.53,2026-09-02 15:44:18,2026-09-02 11:45:02
TSLA,TSLA270319C00490000,TSLA,2027-03-19,C,490.0,15.1,229.0,15.8,106.0,0.4722,703.0,0.0,0.2505,0.0026,0.8336,-0.0957,0.3978,15.4339,0.0,0.0,0.0,0.0,down,15.6,2026-09-01T15:32:58,0.0,15.6750001907349,354.53,2026-09-02 15:44:18,2026-09-02 11:45:02
TSLA,TSLA270319C00495000,TSLA,2027-03-19,C,495.0,14.75,19.0,15.15,62.0,0.475,78.0,0.0,0.2422,0.0025,0.8188,-0.0943,0.385,14.8096,0.0,0.0,0.0,0.0,up,15.11,2026-09-01T14:04:40,0.0,15.0500001907349,354.53,2026-09-02 15:44:18,2026-09-02 11:45:02
TSLA,TSLA270319C00500000,TSLA,2027-03-19,C,500.0,14.05,185.0,14.5,145.0,0.4752,4730.0,45.0,0.2342,0.0025,0.8037,-0.0928,0.3725,14.2154,-0.125,15.0,15.0,13.36,no_change,14.3,2026-09-02T11:12:51,-0.866552,14.4250001907349,354.53,2026-09-02 15:44:18,2026-09-02 11:45:02
TSLA,TSLA270319C00510000,TSLA,2027-03-19,C,510.0,12.8,306.0,13.55,334.0,0.4778,573.0,18.0,0.2191,0.0024,0.7738,-0.0899,0.349,13.1118,0.025,13.28,13.35,13.28,up,13.35,2026-09-02T09:31:49,0.187619,13.3249998092651,354.53,2026-09-02 15:44:18,2026-09-02 11:45:02
TSLA,TSLA270319C00520000,TSLA,2027-03-19,C,520.0,12.0,110.0,12.4,201.0,0.4808,1694.0,1.0,0.205,0.0022,0.745,-0.087,0.3276,12.1107,-0.825,11.45,11.45,11.45,down,11.45,2026-09-02T09:48:55,-6.72098,12.2750000953674,354.53,2026-09-02 15:44:18,2026-09-02 11:45:02
TSLA,TSLA270319C00530000,TSLA,2027-03-19,C,530.0,11.0,188.0,11.6,245.0,0.4837,1159.0,0.0,0.192,0.0022,0.7164,-0.0841,0.3073,11.2019,0.0,0.0,0.0,0.0,up,11.4,2026-09-01T15:44:41,0.0,11.375,354.53,2026-09-02 15:44:18,2026-09-02 11:45:02
TSLA,TSLA270319C00540000,TSLA,2027-03-19,C,540.0,10.05,334.0,10.85,354.0,0.4861,668.0,7.0,0.1799,0.0021,0.6879,-0.0812,0.2881,10.3779,-0.15,9.92,10.4,9.92,up,10.4,2026-09-02T10:21:55,-1.4218,10.5500001907349,354.53,2026-09-02 15:44:18,2026-09-02 11:45:02
TSLA,TSLA270319C00550000,TSLA,2027-03-19,C,550.0,9.55,110.0,9.85,58.0,0.4893,1646.0,7.0,0.1687,0.002,0.6605,-0.0785,0.2705,9.6306,-0.025,9.28,9.75,9.28,up,9.75,2026-09-02T10:24:57,-0.255751,9.77499961853027,354.53,2026-09-02 15:44:18,2026-09-02 11:45:02
TSLA,TSLA270319C00560000,TSLA,2027-03-19,C,560.0,8.6,313.0,9.25,145.0,0.4903,648.0,2.0,0.1584,0.0019,0.6344,-0.0757,0.2545,8.9514,-0.5,8.6,8.6,8.6,down,8.6,2026-09-02T09:39:31,-5.49451,9.10000038146973,354.53,2026-09-02 15:44:18,2026-09-02 11:45:02
TSLA,TSLA270319C00570000,TSLA,2027-03-19,C,570.0,8.0,316.0,8.55,102.0,0.4927,593.0,2.0,0.1488,0.0018,0.6092,-0.0731,0.2395,8.3336,-0.475,7.9,7.9,7.9,no_change,7.9,2026-09-02T09:45:48,-5.67164,8.375,354.53,2026-09-02 15:44:18,2026-09-02 11:45:02
TSLA,TSLA270319C00580000,TSLA,2027-03-19,C,580.0,7.7,95.0,7.95,123.0,0.4976,519.0,60.0,0.14,0.0017,0.5844,-0.0706,0.2252,7.7722,-0.01,7.73,8.0,7.58,no_change,7.84,2026-09-02T11:27:16,-0.127387,7.84999990463257,354.53,2026-09-02 15:44:18,2026-09-02 11:45:02
TSLA,TSLA270319C00590000,TSLA,2027-03-19,C,590.0,7.15,178.0,7.45,123.0,0.5004,486.0,57.0,0.1319,0.0016,0.5607,-0.0681,0.2121,7.2618,-0.06,6.85,7.35,6.85,no_change,7.29,2026-09-02T11:27:16,-0.816325,7.34999990463257,354.53,2026-09-02 15:44:18,2026-09-02 11:45:02
TSLA,TSLA270319C00600000,TSLA,2027-03-19,C,600.0,6.75,64.0,6.95,107.0,0.5038,2478.0,112.0,0.1243,0.0016,0.5385,-0.0658,0.2003,6.7967,-0.035,7.0,7.0,6.5,no_change,6.84,2026-09-02T10:51:49,-0.509091,6.875,354.53,2026-09-02 15:44:18,2026-09-02 11:45:02
TSLA,TSLA270319C00610000,TSLA,2027-03-19,C,610.0,6.3,126.0,6.55,60.0,0.507,808.0,96.0,0.1173,0.0015,0.5174,-0.0635,0.1893,6.3722,-0.055,6.14,6.54,6.13,no_change,6.37,2026-09-02T10:51:49,-0.85603,6.42499995231628,354.53,2026-09-02 15:44:18,2026-09-02 11:45:02
TSLA,TSLA270319C00620000,TSLA,2027-03-19,C,620.0,5.9,119.0,6.15,40.0,0.51,374.0,60.0,0.1109,0.0014,0.4972,-0.0614,0.1789,5.9846,-0.12,5.92,6.12,5.78,down,5.88,2026-09-02T11:06:55,-2.0,6.0,354.53,2026-09-02 15:44:18,2026-09-02 11:45:02
TSLA,TSLA270319C00630000,TSLA,2027-03-19,C,630.0,5.55,102.0,5.8,43.0,0.5133,380.0,60.0,0.1049,0.0014,0.4776,-0.0593,0.1692,5.6306,-0.16,5.6,5.72,5.44,down,5.49,2026-09-02T11:06:55,-2.83186,5.64999985694885,354.53,2026-09-02 15:44:18,2026-09-02 11:45:02
TSLA,TSLA270319C00640000,TSLA,2027-03-19,C,640.0,5.05,149.0,5.55,238.0,0.5154,313.0,0.0,0.0994,0.0013,0.459,-0.0574,0.1602,5.307,0.0,0.0,0.0,0.0,up,5.1,2026-08-31T09:38:02,0.0,5.32500004768372,354.53,2026-09-02 15:44:18,2026-09-02 11:45:02
TSLA,TSLA270319C00650000,TSLA,2027-03-19,C,650.0,4.75,281.0,5.25,224.0,0.5187,1181.0,2.0,0.0943,0.0012,0.4416,-0.0555,0.1521,5.0106,-0.175,4.85,4.85,4.85,down,4.85,2026-09-02T09:54:21,-3.48258,5.02499985694885,354.53,2026-09-02 15:44:18,2026-09-02 11:45:02
TSLA,TSLA270319C00660000,TSLA,2027-03-19,C,660.0,4.5,163.0,4.95,126.0,0.5219,480.0,0.0,0.0896,0.0012,0.4253,-0.0537,0.1446,4.7384,0.0,0.0,0.0,0.0,up,4.81,2026-09-01T14:31:40,0.0,4.75,354.53,2026-09-02 15:44:18,2026-09-02 11:45:02
TSLA,TSLA270319C00670000,TSLA,2027-03-19,C,670.0,4.25,180.0,4.7,147.0,0.5252,245.0,0.0,0.0852,0.0011,0.4099,-0.0521,0.1376,4.488,0.0,0.0,0.0,0.0,up,4.52,2026-09-01T14:31:40,0.0,4.5,354.53,2026-09-02 15:44:18,2026-09-02 11:45:02
TSLA,TSLA270319C00680000,TSLA,2027-03-19,C,680.0,4.0,250.0,4.45,98.0,0.5281,531.0,1.0,0.0811,0.0011,0.3951,-0.0505,0.1309,4.2577,-0.01,4.29,4.29,4.29,up,4.29,2026-09-02T09:40:33,-0.232557,4.29999995231628,354.53,2026-09-02 15:44:18,2026-09-02 11:45:02
TSLA,TSLA270319C00690000,TSLA,2027-03-19,C,690.0,3.8,194.0,4.25,159.0,0.5317,524.0,1.0,0.0773,0.001,0.3809,-0.049,0.1247,4.0455,0.025,4.1,4.1,4.1,up,4.1,2026-09-02T09:40:33,0.613496,4.07500004768372,354.53,2026-09-02 15:44:18,2026-09-02 11:45:02
TSLA,TSLA270319C00700000,TSLA,2027-03-19,C,700.0,3.6,175.0,4.05,130.0,0.535,1247.0,0.0,0.0738,0.001,0.3674,-0.0475,0.1189,3.8499,0.0,0.0,0.0,0.0,down,3.88,2026-09-01T13:09:22,0.0,3.90000009536743,354.53,2026-09-02 15:44:18,2026-09-02 11:45:02
TSLA,TSLA270319C00710000,TSLA,2027-03-19,C,710.0,3.4,174.0,3.85,87.0,0.5378,285.0,0.0,0.0705,0.001,0.3547,-0.0461,0.1136,3.6691,0.0,0.0,0.0,0.0,down,3.1,2026-08-28T12:21:12,0.0,3.72500002384186,354.53,2026-09-02 15:44:18,2026-09-02 11:45:02
TSLA,TSLA270319C00720000,TSLA,2027-03-19,C,720.0,3.25,167.0,3.7,134.0,0.5417,388.0,0.0,0.0674,0.0009,0.3428,-0.0449,0.1087,3.5016,0.0,0.0,0.0,0.0,down,3.5,2026-08-26T09:55:59,0.0,3.57500004768372,354.53,2026-09-02 15:44:18,2026-09-02 11:45:02
TSLA,TSLA270319C00730000,TSLA,2027-03-19,C,730.0,3.05,152.0,3.55,146.0,0.5445,322.0,0.0,0.0645,0.0009,0.3316,-0.0436,0.1041,3.346,0.0,0.0,0.0,0.0,no_change,4.5,2026-08-21T11:19:51,0.0,3.42499995231628,354.53,2026-09-02 15:44:18,2026-09-02 11:45:02
TSLA,TSLA270319C00740000,TSLA,2027-03-19,C,740.0,2.98,257.0,3.4,246.0,0.549,237.0,0.0,0.0618,0.0008,0.321,-0.0424,0.0998,3.2014,0.0,0.0,0.0,0.0,down,2.68,2026-08-28T12:22:28,0.0,3.27499997615814,354.53,2026-09-02 15:44:18,2026-09-02 11:45:02
TSLA,TSLA270319C00750000,TSLA,2027-03-19,C,750.0,2.8,315.0,3.25,248.0,0.5514,436.0,2.0,0.0594,0.0008,0.3109,-0.0413,0.0957,3.0668,0.18,3.3,3.3,3.3,down,3.3,2026-09-02T09:51:42,5.76923,3.12000000476837,354.53,2026-09-02 15:44:18,2026-09-02 11:45:02
TSLA,TSLA270319C00760000,TSLA,2027-03-19,C,760.0,2.68,166.0,3.15,170.0,0.5552,487.0,0.0,0.057,0.0008,0.3011,-0.0403,0.0918,2.9414,0.0,0.0,0.0,0.0,no_change,3.05,2026-09-01T13:32:02,0.0,2.98499989509582,354.53,2026-09-02 15:44:18,2026-09-02 11:45:02
TSLA,TSLA270319C00770000,TSLA,2027-03-19,C,770.0,2.56,263.0,3.05,140.0,0.5588,427.0,0.0,0.0548,0.0008,0.2918,-0.0392,0.0882,2.8245,0.0,0.0,0.0,0.0,no_change,2.89,2026-09-01T13:32:02,0.0,2.87000000476837,354.53,2026-09-02 15:44:18,2026-09-02 11:45:02
TSLA,TSLA270319C00780000,TSLA,2027-03-19,C,780.0,2.55,147.0,2.87,79.0,0.5627,278.0,0.0,0.0527,0.0007,0.2828,-0.0383,0.0848,2.7152,0.0,0.0,0.0,0.0,down,2.67,2026-08-26T10:54:20,0.0,2.78000009059906,354.53,2026-09-02 15:44:18,2026-09-02 11:45:02
TSLA,TSLA270319C00790000,TSLA,2027-03-19,C,790.0,2.43,211.0,2.71,235.0,0.5647,369.0,0.0,0.0508,0.0007,0.2744,-0.0374,0.0816,2.6128,0.0,0.0,0.0,0.0,up,2.72,2026-09-01T10:18:41,0.0,2.67499995231628,354.53,2026-09-02 15:44:18,2026-09-02 11:45:02
TSLA,TSLA270319C00800000,TSLA,2027-03-19,C,800.0,2.25,286.0,2.73,280.0,0.5686,929.0,0.0,0.049,0.0007,0.2665,-0.0365,0.0787,2.5168,0.0,0.0,0.0,0.0,no_change,2.57,2026-09-01T10:58:31,0.0,2.56500005722046,354.53,2026-09-02 15:44:18,2026-09-02 11:45:02
TSLA,TSLA270319C00810000,TSLA,2027-03-19,C,810.0,2.16,283.0,2.64,300.0,0.5719,181.0,0.0,0.0472,0.0006,0.259,-0.0356,0.0759,2.4266,0.0,0.0,0.0,0.0,no_change,2.45,2026-09-01T10:58:31,0.0,2.47499990463257,354.53,2026-09-02 15:44:18,2026-09-02 11:45:02
TSLA,TSLA270319C00820000,TSLA,2027-03-19,C,820.0,2.07,234.0,2.4,109.0,0.5718,645.0,0.0,0.0456,0.0006,0.2519,-0.0348,0.0733,2.3417,0.0,0.0,0.0,0.0,no_change,2.32,2026-09-01T14:45:30,0.0,2.35000002384186,354.53,2026-09-02 15:44:18,2026-09-02 11:45:02
TSLA,TSLA270319C00830000,TSLA,2027-03-19,C,830.0,1.99,344.0,2.48,362.0,0.5784,278.0,0.0,0.044,0.0006,0.2451,-0.034,0.0708,2.2616,0.0,0.0,0.0,0.0,up,2.23,2026-09-01T14:45:29,0.0,2.27499997615814,354.53,2026-09-02 15:44:18,2026-09-02 11:45:02
TSLA,TSLA270319C00840000,TSLA,2027-03-19,C,840.0,1.92,330.0,2.41,371.0,0.5819,488.0,0.0,0.0426,0.0006,0.2386,-0.0333,0.0685,2.1861,0.0,0.0,0.0,0.0,down,2.15,2026-09-01T14:45:30,0.0,2.23500001430511,354.53,2026-09-02 15:44:18,2026-09-02 11:45:02
TSLA,TSLA270319C00850000,TSLA,2027-03-19,C,850.0,1.87,308.0,2.19,171.0,0.5822,481.0,20.0,0.0412,0.0006,0.2323,-0.0326,0.0662,2.1148,-0.045,2.05,2.07,2.05,no_change,2.05,2026-09-02T09:53:01,-2.14797,2.09500002861023,354.53,2026-09-02 15:44:18,2026-09-02 11:45:02
TSLA,TSLA270319C00860000,TSLA,2027-03-19,C,860.0,1.78,332.0,2.27,267.0,0.5883,252.0,0.0,0.0399,0.0006,0.2262,-0.0319,0.064,2.0474,0.0,0.0,0.0,0.0,down,2.01,2026-09-01T14:45:29,0.0,2.08500003814697,354.53,2026-09-02 15:44:18,2026-09-02 11:45:02
TSLA,TSLA270319C00870000,TSLA,2027-03-19,C,870.0,1.72,319.0,2.21,306.0,0.5916,281.0,0.0,0.0387,0.0005,0.2204,-0.0312,0.062,1.9836,0.0,0.0,0.0,0.0,down,1.94,2026-09-01T14:45:29,0.0,2.01500004529953,354.53,2026-09-02 15:44:18,2026-09-02 11:45:02
TSLA,TSLA270319C00880000,TSLA,2027-03-19,C,880.0,1.8,107.0,2.17,166.0,0.5986,909.0,0.0,0.0375,0.0005,0.2148,-0.0306,0.06,1.9232,0.0,0.0,0.0,0.0,up,2.2,2026-08-31T10:46:07,0.0,1.96499997377396,354.53,2026-09-02 15:44:18,2026-09-02 11:45:02
TSLA,TSLA270319C00890000,TSLA,2027-03-19,C,890.0,1.6,392.0,2.09,348.0,0.5978,229.0,0.0,0.0364,0.0005,0.2094,-0.03,0.0582,1.8659,0.0,0.0,0.0,0.0,up,1.89,2026-09-01T15:28:24,0.0,1.85999995470047,354.53,2026-09-02 15:44:18,2026-09-02 11:45:02
TSLA,TSLA270319C00900000,TSLA,2027-03-19,C,900.0,1.68,216.0,1.91,360.0,0.6011,1084.0,2.0,0.0353,0.0005,0.2043,-0.0294,0.0564,1.8115,-0.015,1.81,1.81,1.8,down,1.8,2026-09-02T11:11:19,-0.826446,1.81499999761581,354.53,2026-09-02 15:44:18,2026-09-02 11:45:02
TSLA,TSLA270319P00050000,TSLA,2027-03-19,P,50.0,0.1,3.0,0.17,90.0,1.0372,2528.0,48.0,-0.0017,0.0,0.0146,-0.0037,-0.0041,0.1686,-0.03,0.1,0.1,0.1,no_change,0.1,2026-09-02T10:41:42,-23.0769,0.129999998956919,354.53,2026-09-02 15:44:18,2026-09-02 11:45:02
TSLA,TSLA270319P00055000,TSLA,2027-03-19,P,55.0,0.05,52.0,0.3,95.0,1.0155,7.0,0.0,-0.002,0.0,0.0166,-0.0041,-0.0046,0.1874,0.0,0.0,0.0,0.0,down,0.16,2026-09-01T11:06:34,0.0,0.149999998509884,354.53,2026-09-02 15:44:18,2026-09-02 11:45:02
TSLA,TSLA270319P00060000,TSLA,2027-03-19,P,60.0,0.1,23.0,0.33,24.0,0.9915,14.0,0.0,-0.0023,0.0,0.0187,-0.0044,-0.0053,0.2073,0.0,0.0,0.0,0.0,down,0.2,2026-08-17T14:30:37,0.0,0.230000007897615,354.53,2026-09-02 15:44:18,2026-09-02 11:45:02
TSLA,TSLA270319P00065000,TSLA,2027-03-19,P,65.0,0.1,23.0,0.25,22.0,0.9256,84.0,0.0,-0.0026,0.0,0.021,-0.0048,-0.0059,0.2284,0.0,0.0,0.0,0.0,no_change,0.23,2026-08-21T14:33:38,0.0,0.179999995976686,354.53,2026-09-02 15:44:18,2026-09-02 11:45:02
TSLA,TSLA270319P00070000,TSLA,2027-03-19,P,70.0,0.07,41.0,0.42,41.0,0.9211,292.0,0.0,-0.0029,0.0,0.0234,-0.0052,-0.0066,0.2507,0.0,0.0,0.0,0.0,down,0.24,2026-08-24T15:17:37,0.0,0.235000006854534,354.53,2026-09-02 15:44:18,2026-09-02 11:45:02
TSLA,TSLA270319P00075000,TSLA,2027-03-19,P,75.0,0.1,253.0,0.35,221.0,0.8741,294.0,0.0,-0.0033,0.0,0.026,-0.0056,-0.0074,0.2745,0.0,0.0,0.0,0.0,up,0.27,2026-08-31T12:28:27,0.0,0.270000003278255,354.53,2026-09-02 15:44:18,2026-09-02 11:45:02
TSLA,TSLA270319P00080000,TSLA,2027-03-19,P,80.0,0.2,351.0,0.43,242.0,0.8738,505.0,12.0,-0.0037,0.0,0.0289,-0.006,-0.0083,0.2999,-0.05,0.26,0.26,0.26,down,0.26,2026-09-02T10:37:14,-16.129,0.309999994933605,354.53,2026-09-02 15:44:18,2026-09-02 11:45:02
TSLA,TSLA270319P00085000,TSLA,2027-03-19,P,85.0,0.24,215.0,0.46,277.0,0.8508,51.0,12.0,-0.0041,0.0,0.0319,-0.0064,-0.0092,0.327,0.02,0.36,0.36,0.36,no_change,0.36,2026-09-02T10:41:42,5.88236,0.339999988675118,354.53,2026-09-02 15:44:18,2026-09-02 11:45:02
TSLA,TSLA270319P00090000,TSLA,2027-03-19,P,90.0,0.21,334.0,0.45,330.0,0.8121,63.0,0.0,-0.0046,0.0001,0.0351,-0.0069,-0.0102,0.356,0.0,0.0,0.0,0.0,no_change,0.49,2026-08-12T14:40:45,0.0,0.324999995529652,354.53,2026-09-02 15:44:18,2026-09-02 11:45:02
TSLA,TSLA270319P00095000,TSLA,2027-03-19,P,95.0,0.24,335.0,0.6,241.0,0.8063,39.0,0.0,-0.0051,0.0001,0.0385,-0.0074,-0.0112,0.387,0.0,0.0,0.0,0.0,up,0.83,2026-07-29T09:30:15,0.0,0.470000013709068,354.53,2026-09-02 15:44:18,2026-09-02 11:45:02
TSLA,TSLA270319P00100000,TSLA,2027-03-19,P,100.0,0.42,1.0,0.53,226.0,0.7895,18817.0,1.0,-0.0056,0.0001,0.0421,-0.0079,-0.0124,0.4202,-0.01,0.43,0.43,0.43,down,0.43,2026-09-02T10:03:55,-2.27273,0.439999997615814,354.53,2026-09-02 15:44:18,2026-09-02 11:45:02
TSLA,TSLA270319P00105000,TSLA,2027-03-19,P,105.0,0.3,206.0,0.7,403.0,0.7662,51.0,0.0,-0.0062,0.0001,0.0461,-0.0084,-0.0137,0.4558,0.0,0.0,0.0,0.0,down,0.49,2026-08-31T13:01:21,0.0,0.49499998986721,354.53,2026-09-02 15:44:18,2026-09-02 11:45:02
TSLA,TSLA270319P00110000,TSLA,2027-03-19,P,110.0,0.33,177.0,0.75,182.0,0.7467,176.0,0.0,-0.0068,0.0001,0.0504,-0.0089,-0.015,0.4941,0.0,0.0,0.0,0.0,down,0.71,2026-08-11T15:18:50,0.0,0.534999996423721,354.53,2026-09-02 15:44:18,2026-09-02 11:45:02
TSLA,TSLA270319P00115000,TSLA,2027-03-19,P,115.0,0.36,309.0,0.8,352.0,0.7276,76.0,0.0,-0.0076,0.0001,0.0551,-0.0095,-0.0165,0.5354,0.0,0.0,0.0,0.0,no_change,0.65,2026-08-19T14:57:25,0.0,0.575000002980232,354.53,2026-09-02 15:44:18,2026-09-02 11:45:02
TSLA,TSLA270319P00120000,TSLA,2027-03-19,P,120.0,0.53,140.0,0.64,155.0,0.703,99.0,4.0,-0.0083,0.0001,0.06,-0.0101,-0.0182,0.5802,0.015,0.6,0.6,0.6,down,0.6,2026-09-02T10:44:23,2.5641,0.58500000834465,354.53,2026-09-02 15:44:18,2026-09-02 11:45:02
TSLA,TSLA270319P00125000,TSLA,2027-03-19,P,125.0,0.6,25.0,0.71,146.0,0.6897,317.0,4.0,-0.0092,0.0001,0.0652,-0.0107,-0.0199,0.6288,0.1,0.76,0.76,0.76,up,0.76,2026-09-02T10:37:14,15.1515,0.660000026226044,354.53,2026-09-02 15:44:18,2026-09-02 11:45:02
TSLA,TSLA270319P00130000,TSLA,2027-03-19,P,130.0,0.62,219.0,0.79,274.0,0.6732,209.0,20.0,-0.0101,0.0001,0.0708,-0.0114,-0.0218,0.6816,0.0,0.68,0.69,0.68,up,0.69,2026-09-02T10:39:32,3.45534e-07,0.689999997615814,354.53,2026-09-02 15:44:18,2026-09-02 11:45:02
TSLA,TSLA270319P00135000,TSLA,2027-03-19,P,135.0,0.54,166.0,0.9,156.0,0.6522,58.0,0.0,-0.0111,0.0002,0.077,-0.0121,-0.024,0.7394,0.0,0.0,0.0,0.0,no_change,0.79,2026-09-01T11:28:05,0.0,0.759999990463257,354.53,2026-09-02 15:44:18,2026-09-02 11:45:02
TSLA,TSLA270319P00140000,TSLA,2027-03-19,P,140.0,0.59,116.0,0.9,90.0,0.6332,71.0,0.0,-0.0122,0.0002,0.0838,-0.0129,-0.0263,0.803,0.0,0.0,0.0,0.0,no_change,0.82,2026-08-31T15:59:15,0.0,0.895000010728836,354.53,2026-09-02 15:44:18,2026-09-02 11:45:02
TSLA,TSLA270319P00145000,TSLA,2027-03-19,P,145.0,0.65,273.0,0.94,243.0,0.6177,182.0,0.0,-0.0134,0.0002,0.0912,-0.0137,-0.0289,0.8736,0.0,0.0,0.0,0.0,up,0.93,2026-08-31T13:04:31,0.0,0.884999990463257,354.53,2026-09-02 15:44:18,2026-09-02 11:45:02
TSLA,TSLA270319P00150000,TSLA,2027-03-19,P,150.0,0.88,156.0,0.98,17.0,0.6116,1005.0,30.0,-0.0148,0.0002,0.0991,-0.0146,-0.0318,0.9522,-0.055,0.89,0.91,0.89,no_change,0.91,2026-09-02T11:25:20,-5.69948,0.965000003576279,354.53,2026-09-02 15:44:18,2026-09-02 11:45:02
TSLA,TSLA270319P00155000,TSLA,2027-03-19,P,155.0,0.98,104.0,1.07,80.0,0.6003,183.0,50.0,-0.0163,0.0003,0.1076,-0.0156,-0.0349,1.0401,-0.01,1.0,1.05,1.0,no_change,1.04,2026-09-02T11:25:20,-0.952382,1.05000001192093,354.53,2026-09-02 15:44:18,2026-09-02 11:45:02
TSLA,TSLA270319P00160000,TSLA,2027-03-19,P,160.0,1.04,303.0,1.23,300.0,0.5899,240.0,28.0,-0.018,0.0003,0.1169,-0.0167,-0.0384,1.1385,0.01,1.15,1.17,1.12,no_change,1.17,2026-09-02T10:50:56,0.862067,1.16000002622604,354.53,2026-09-02 15:44:18,2026-09-02 11:45:02
TSLA,TSLA270319P00165000,TSLA,2027-03-19,P,165.0,1.02,257.0,1.32,124.0,0.5728,82.0,0.0,-0.0199,0.0003,0.1276,-0.0178,-0.0424,1.2493,0.0,0.0,0.0,0.0,no_change,1.2,2026-09-01T12:50:02,0.0,1.26999998092651,354.53,2026-09-02 15:44:18,2026-09-02 11:45:02
TSLA,TSLA270319P00170000,TSLA,2027-03-19,P,170.0,1.3,226.0,1.48,362.0,0.5703,256.0,13.0,-0.022,0.0004,0.1392,-0.0191,-0.0468,1.3749,0.015,1.34,1.39,1.3,no_change,1.39,2026-09-02T11:03:42,1.09091,1.375,354.53,2026-09-02 15:44:18,2026-09-02 11:45:02
TSLA,TSLA270319P00175000,TSLA,2027-03-19,P,175.0,1.45,250.0,1.67,182.0,0.5625,2019.0,0.0,-0.0244,0.0004,0.1515,-0.0205,-0.0518,1.5171,0.0,0.0,0.0,0.0,down,1.61,2026-08-28T10:27:33,0.0,1.51500004529953,354.53,2026-09-02 15:44:18,2026-09-02 11:45:02
TSLA,TSLA270319P00180000,TSLA,2027-03-19,P,180.0,1.45,285.0,1.96,211.0,0.5524,378.0,0.0,-0.027,0.0004,0.1647,-0.022,-0.0572,1.6778,0.0,0.0,0.0,0.0,down,1.66,2026-08-31T12:38:48,0.0,1.64499998092651,354.53,2026-09-02 15:44:18,2026-09-02 11:45:02
TSLA,TSLA270319P00185000,TSLA,2027-03-19,P,185.0,1.8,80.0,1.98,283.0,0.5442,3172.0,1.0,-0.03,0.0005,0.1797,-0.0236,-0.0633,1.8591,0.06,1.9,1.9,1.9,down,1.9,2026-09-02T09:41:29,3.26087,1.83999997377396,354.53,2026-09-02 15:44:18,2026-09-02 11:45:02
TSLA,TSLA270319P00190000,TSLA,2027-03-19,P,190.0,1.9,160.0,2.3,174.0,0.5365,292.0,4.0,-0.0333,0.0005,0.1961,-0.0254,-0.0703,2.0646,0.065,2.1,2.1,2.1,up,2.1,2026-09-02T09:43:58,3.1941,2.03500002622604,354.53,2026-09-02 15:44:18,2026-09-02 11:45:02
TSLA,TSLA270319P00195000,TSLA,2027-03-19,P,195.0,2.08,299.0,2.61,244.0,0.5298,602.0,0.0,-0.0369,0.0006,0.2134,-0.0273,-0.0779,2.2969,0.0,0.0,0.0,0.0,no_change,2.28,2026-09-01T14:34:57,0.0,2.29500007629395,354.53,2026-09-02 15:44:18,2026-09-02 11:45:02
TSLA,TSLA270319P00200000,TSLA,2027-03-19,P,200.0,2.5,226.0,2.69,205.0,0.5224,7908.0,0.0,-0.041,0.0006,0.2318,-0.0294,-0.0863,2.5581,0.0,0.0,0.0,0.0,down,2.49,2026-09-01T13:07:24,0.0,2.54499995708466,354.53,2026-09-02 15:44:18,2026-09-02 11:45:02
TSLA,TSLA270319P00210000,TSLA,2027-03-19,P,210.0,3.05,231.0,3.5,268.0,0.5124,681.0,4.0,-0.0504,0.0008,0.274,-0.0339,-0.1057,3.1798,0.075,3.25,3.25,3.25,up,3.25,2026-09-02T09:43:58,2.36221,3.17499995231628,354.53,2026-09-02 15:44:18,2026-09-02 11:45:02
TSLA,TSLA270319P00220000,TSLA,2027-03-19,P,220.0,3.9,131.0,4.05,91.0,0.4991,635.0,150.0,-0.0617,0.0009,0.3204,-0.0391,-0.1293,3.9571,0.175,4.1,4.1,4.1,no_change,4.1,2026-09-02T10:20:52,4.4586,3.92500007152557,354.53,2026-09-02 15:44:18,2026-09-02 11:45:02
TSLA,TSLA270319P00230000,TSLA,2027-03-19,P,230.0,4.75,144.0,5.2,185.0,0.4913,825.0,0.0,-0.0751,0.0011,0.3737,-0.0447,-0.157,4.9162,0.0,0.0,0.0,0.0,no_change,4.93,2026-09-01T14:40:52,0.0,4.90000009536743,354.53,2026-09-02 15:44:18,2026-09-02 11:45:02
TSLA,TSLA270319P00240000,TSLA,2027-03-19,P,240.0,5.95,247.0,6.2,116.0,0.4818,1737.0,48.0,-0.0908,0.0013,0.4297,-0.0508,-0.1889,6.0865,0.375,6.1,6.35,6.1,no_change,6.35,2026-09-02T09:43:27,6.27615,5.97499990463257,354.53,2026-09-02 15:44:18,2026-09-02 11:45:02
TSLA,TSLA270319P00250000,TSLA,2027-03-19,P,250.0,7.3,242.0,7.65,65.0,0.475,2714.0,5.0,-0.1089,0.0015,0.4908,-0.0573,-0.2263,7.4995,-0.025,7.35,7.35,7.35,down,7.35,2026-09-02T10:45:29,-0.338983,7.375,354.53,2026-09-02 15:44:18,2026-09-02 11:45:02
TSLA,TSLA270319P00260000,TSLA,2027-03-19,P,260.0,9.0,227.0,9.25,42.0,0.4689,3218.0,1.0,-0.1294,0.0017,0.5537,-0.064,-0.2682,9.182,0.135,9.16,9.16,9.16,down,9.16,2026-09-02T10:39:17,1.49585,9.02499961853027,354.53,2026-09-02 15:44:18,2026-09-02 11:45:02
TSLA,TSLA270319P00270000,TSLA,2027-03-19,P,270.0,10.95,169.0,11.25,56.0,0.4642,3536.0,8.0,-0.1524,0.002,0.6175,-0.071,-0.3147,11.1927,-0.05,11.65,11.65,10.95,down,10.95,2026-09-02T10:43:27,-0.454545,11.0,354.53,2026-09-02 15:44:18,2026-09-02 11:45:02
TSLA,TSLA270319P00280000,TSLA,2027-03-19,P,280.0,13.25,213.0,13.55,51.0,0.4603,6028.0,4.0,-0.1776,0.0022,0.6822,-0.0777,-0.3635,13.503,0.155,14.05,14.05,13.38,down,13.38,2026-09-02T11:20:00,1.17202,13.2250003814697,354.53,2026-09-02 15:44:18,2026-09-02 11:45:02
TSLA,TSLA270319P00290000,TSLA,2027-03-19,P,290.0,15.9,109.0,16.2,38.0,0.457,2757.0,8.0,-0.205,0.0024,0.743,-0.0843,-0.4198,16.167,0.475,16.9,17.0,16.4,down,16.4,2026-09-02T10:15:42,2.98273,15.9250001907349,354.53,2026-09-02 15:44:18,2026-09-02 11:45:02
TSLA,TSLA270319P00295000,TSLA,2027-03-19,P,295.0,17.35,124.0,17.75,59.0,0.4561,611.0,150.0,-0.2195,0.0025,0.773,-0.0874,-0.4467,17.6348,0.6,17.9,17.9,17.9,up,17.9,2026-09-02T10:20:45,3.46821,17.2999992370605,354.53,2026-09-02 15:44:18,2026-09-02 11:45:02
TSLA,TSLA270319P00300000,TSLA,2027-03-19,P,300.0,18.95,77.0,19.35,125.0,0.4552,5764.0,1.0,-0.2344,0.0026,0.802,-0.0904,-0.4755,19.1826,1.1,20.0,20.0,20.0,up,20.0,2026-09-02T10:00:53,5.82011,18.8999996185303,354.53,2026-09-02 15:44:18,2026-09-02 11:45:02
TSLA,TSLA270319P00305000,TSLA,2027-03-19,P,305.0,20.25,402.0,21.35,365.0,0.4542,453.0,6.0,-0.2497,0.0027,0.8296,-0.0934,-0.5053,20.8615,0.775,21.26,21.26,21.25,no_change,21.25,2026-09-02T10:14:53,3.7851,20.4750003814697,354.53,2026-09-02 15:44:18,2026-09-02 11:45:02
TSLA,TSLA270319P00310000,TSLA,2027-03-19,P,310.0,22.25,91.0,23.1,301.0,0.4546,952.0,3.0,-0.2653,0.0028,0.8554,-0.0962,-0.5349,22.6175,0.68,23.4,23.4,22.88,down,22.88,2026-09-02T10:54:20,3.06306,22.2000007629395,354.53,2026-09-02 15:44:18,2026-09-02 11:45:02
TSLA,TSLA270319P00315000,TSLA,2027-03-19,P,315.0,23.95,292.0,24.95,318.0,0.4529,389.0,15.0,-0.2814,0.0029,0.8808,-0.0988,-0.5654,24.473,1.325,25.49,25.49,25.35,no_change,25.35,2026-09-02T10:08:03,5.51509,24.0249996185303,354.53,2026-09-02 15:44:18,2026-09-02 11:45:02
TSLA,TSLA270319P00320000,TSLA,2027-03-19,P,320.0,26.1,86.0,26.5,31.0,0.451,2814.0,1.0,-0.2977,0.003,0.9036,-0.1012,-0.5951,26.4137,0.0,26.0,26.0,26.0,down,26.0,2026-09-02T10:44:23,0.0,26.0,354.53,2026-09-02 15:44:18,2026-09-02 11:45:02
TSLA,TSLA270319P00325000,TSLA,2027-03-19,P,325.0,28.0,113.0,28.95,268.0,0.4517,352.0,1.0,-0.3143,0.0031,0.925,-0.1036,-0.6261,28.4879,0.035,28.01,28.01,28.01,down,28.01,2026-09-02T10:44:23,0.12511,27.9750003814697,354.53,2026-09-02 15:44:18,2026-09-02 11:45:02
TSLA,TSLA270319P00330000,TSLA,2027-03-19,P,330.0,30.3,116.0,30.7,40.0,0.4499,4419.0,57.0,-0.331,0.0032,0.9445,-0.1057,-0.6535,30.6406,0.975,31.3,31.5,31.05,no_change,31.05,2026-09-02T10:15:16,3.2419,30.0749998092651,354.53,2026-09-02 15:44:18,2026-09-02 11:45:02
TSLA,TSLA270319P00335000,TSLA,2027-03-19,P,335.0,32.35,278.0,33.35,261.0,0.4506,519.0,31.0,-0.348,0.0032,0.9627,-0.1076,-0.6851,32.8953,0.95,33.35,33.35,33.35,down,33.35,2026-09-02T10:15:16,2.93209,32.4000015258789,354.53,2026-09-02 15:44:18,2026-09-02 11:45:02
TSLA,TSLA270319P00340000,TSLA,2027-03-19,P,340.0,34.9,139.0,35.45,166.0,0.4498,3686.0,249.0,-0.3652,0.0033,0.9784,-0.1093,-0.7158,35.2577,0.49,36.45,36.45,35.14,down,35.14,2026-09-02T11:23:13,1.41414,34.6499996185303,354.53,2026-09-02 15:44:18,2026-09-02 11:45:02
TSLA,TSLA270319P00345000,TSLA,2027-03-19,P,345.0,37.1,310.0,37.9,63.0,0.4486,267.0,3.0,-0.3822,0.0034,0.9923,-0.1108,-0.7456,37.7056,0.475,38.6,38.68,37.6,down,37.6,2026-09-02T10:52:28,1.27946,37.125,354.53,2026-09-02 15:44:18,2026-09-02 11:45:02
TSLA,TSLA270319P00350000,TSLA,2027-03-19,P,350.0,39.9,78.0,40.3,54.0,0.4488,6507.0,22.0,-0.3993,0.0034,1.004,-0.1121,-0.7714,40.252,0.615,40.55,41.58,40.09,down,40.09,2026-09-02T11:23:13,1.55795,39.4750003814697,354.53,2026-09-02 15:44:18,2026-09-02 11:45:02
TSLA,TSLA270319P00355000,TSLA,2027-03-19,P,355.0,42.25,205.0,43.3,190.0,0.4494,208.0,0.0,-0.4165,0.0034,1.0139,-0.1133,-0.8016,42.8975,0.0,0.0,0.0,0.0,no_change,41.89,2026-09-01T15:46:29,0.0,42.2250003814697,354.53,2026-09-02 15:44:18,2026-09-02 11:45:02
TSLA,TSLA270319P00360000,TSLA,2027-03-19,P,360.0,45.2,62.0,45.85,124.0,0.4494,1772.0,3.0,-0.4337,0.0035,1.0218,-0.1142,-0.829,45.6554,0.65,45.45,45.5,45.45,up,45.5,2026-09-02T10:52:29,1.44927,44.8500003814697,354.53,2026-09-02 15:44:18,2026-09-02 11:45:02
TSLA,TSLA270319P00365000,TSLA,2027-03-19,P,365.0,47.75,267.0,48.85,223.0,0.4492,127.0,0.0,-0.4506,0.0035,1.0276,-0.1149,-0.8556,48.475,0.0,0.0,0.0,0.0,up,46.8,2026-09-01T12:41:23,0.0,47.625,354.53,2026-09-02 15:44:18,2026-09-02 11:45:02
TSLA,TSLA270319P00370000,TSLA,2027-03-19,P,370.0,51.0,33.0,51.65,60.0,0.4504,2215.0,0.0,-0.4676,0.0035,1.0322,-0.1154,-0.884,51.4098,0.0,0.0,0.0,0.0,no_change,50.05,2026-09-01T12:50:17,0.0,50.4250011444092,354.53,2026-09-02 15:44:18,2026-09-02 11:45:02
TSLA,TSLA270319P00375000,TSLA,2027-03-19,P,375.0,54.0,52.0,54.45,38.0,0.4494,2922.0,7.0,-0.4844,0.0036,1.0337,-0.1157,-0.9029,54.408,1.95,55.35,55.35,55.35,up,55.35,2026-09-02T09:54:12,3.65169,53.3999996185303,354.53,2026-09-02 15:44:18,2026-09-02 11:45:02
TSLA,TSLA270319P00380000,TSLA,2027-03-19,P,380.0,57.05,119.0,57.55,31.0,0.4497,1984.0,20.0,-0.501,0.0036,1.0328,-0.1159,-0.9233,57.5313,0.76,57.26,57.33,57.21,down,57.21,2026-09-02T11:13:24,1.34632,56.4500007629394,354.53,2026-09-02 15:44:18,2026-09-02 11:45:02
TSLA,TSLA270319P00385000,TSLA,2027-03-19,P,385.0,60.25,51.0,60.75,35.0,0.4501,2259.0,0.0,-0.5174,0.0036,1.0324,-0.1158,-0.9503,60.6951,0.0,0.0,0.0,0.0,down,59.6,2026-09-01T15:59:20,0.0,59.6500015258789,354.53,2026-09-02 15:44:18,2026-09-02 11:45:02
TSLA,TSLA270319P00390000,TSLA,2027-03-19,P,390.0,63.5,76.0,64.0,29.0,0.4505,1870.0,11.0,-0.5336,0.0036,1.0295,-0.1156,-0.9718,63.9609,0.52,63.77,63.86,63.37,down,63.37,2026-09-02T11:26:42,0.827366,62.8500003814697,354.53,2026-09-02 15:44:18,2026-09-02 11:45:02
TSLA,TSLA270319P00395000,TSLA,2027-03-19,P,395.0,66.5,197.0,67.65,177.0,0.4511,67.0,0.0,-0.5496,0.0036,1.024,-0.1152,-0.9845,67.3028,0.0,0.0,0.0,0.0,down,67.73,2026-09-01T14:46:16,0.0,66.375,354.53,2026-09-02 15:44:18,2026-09-02 11:45:02
TSLA,TSLA270319P00400000,TSLA,2027-03-19,P,400.0,70.25,123.0,70.75,22.0,0.4514,2787.0,20.0,-0.5652,0.0036,1.0169,-0.1147,-1.0065,70.7258,1.125,67.9,70.65,67.9,no_change,70.65,2026-09-02T11:13:00,1.61812,69.5250015258789,354.53,2026-09-02 15:44:18,2026-09-02 11:45:02
TSLA,TSLA270319P00405000,TSLA,2027-03-19,P,405.0,73.25,232.0,74.55,134.0,0.4513,96.0,0.0,-0.5807,0.0036,1.0076,-0.114,-1.0209,74.2274,0.0,0.0,0.0,0.0,up,71.45,2026-09-01T10:38:48,0.0,73.0,354.53,2026-09-02 15:44:18,2026-09-02 11:45:02
TSLA,TSLA270319P00410000,TSLA,2027-03-19,P,410.0,76.85,236.0,78.15,135.0,0.4523,969.0,0.0,-0.5956,0.0036,0.9998,-0.1133,-1.0393,77.8375,0.0,0.0,0.0,0.0,down,78.11,2026-09-01T14:45:34,0.0,76.5749969482422,354.53,2026-09-02 15:44:18,2026-09-02 11:45:02
TSLA,TSLA270319P00415000,TSLA,2027-03-19,P,415.0,80.5,171.0,81.75,99.0,0.4529,20.0,0.0,-0.6106,0.0035,0.9898,-0.1123,-1.0523,81.4348,0.0,0.0,0.0,0.0,down,78.55,2026-09-01T09:59:06,0.0,80.1000022888184,354.53,2026-09-02 15:44:18,2026-09-02 11:45:02
TSLA,TSLA270319P00420000,TSLA,2027-03-19,P,420.0,83.95,198.0,85.45,37.0,0.4522,1066.0,0.0,-0.625,0.0035,0.9779,-0.1113,-1.0583,85.1933,0.0,0.0,0.0,0.0,down,80.0,2026-08-31T10:36:56,0.0,84.0999984741211,354.53,2026-09-02 15:44:18,2026-09-02 11:45:02
TSLA,TSLA270319P00425000,TSLA,2027-03-19,P,425.0,87.2,204.0,89.75,98.0,0.4529,9.0,0.0,-0.6393,0.0035,0.9637,-0.11,-1.0712,88.9073,0.0,0.0,0.0,0.0,up,97.28,2026-08-26T11:37:42,0.0,87.7749977111816,354.53,2026-09-02 15:44:18,2026-09-02 11:45:02
TSLA,TSLA270319P00430000,TSLA,2027-03-19,P,430.0,91.2,255.0,93.6,166.0,0.4549,430.0,0.0,-0.6531,0.0035,0.9469,-0.1087,-1.0738,92.743,0.0,0.0,0.0,0.0,down,120.71,2026-08-03T14:20:32,0.0,91.5500030517578,354.53,2026-09-02 15:44:18,2026-09-02 11:45:02
TSLA,TSLA270319P00435000,TSLA,2027-03-19,P,435.0,94.95,217.0,97.5,163.0,0.4548,10.0,0.0,-0.6664,0.0034,0.9344,-0.1074,-1.0865,96.6992,0.0,0.0,0.0,0.0,down,95.74,2026-09-01T09:46:16,0.0,95.2750015258789,354.53,2026-09-02 15:44:18,2026-09-02 11:45:02
TSLA,TSLA270319P00440000,TSLA,2027-03-19,P,440.0,98.85,292.0,101.0,92.0,0.4528,834.0,0.0,-0.6796,0.0034,0.9176,-0.106,-1.0894,100.6632,0.0,0.0,0.0,0.0,up,104.79,2026-08-25T11:03:58,0.0,99.0999984741211,354.53,2026-09-02 15:44:18,2026-09-02 11:45:02
TSLA,TSLA270319P00445000,TSLA,2027-03-19,P,445.0,102.85,207.0,105.45,108.0,0.4564,4.0,0.0,-0.6923,0.0034,0.9032,-0.1045,-1.1013,104.6409,0.0,0.0,0.0,0.0,down,103.58,2026-09-01T09:46:16,0.0,103.049999237061,354.53,2026-09-02 15:44:18,2026-09-02 11:45:02
TSLA,TSLA270319P00450000,TSLA,2027-03-19,P,450.0,106.95,237.0,109.5,90.0,0.4575,401.0,0.0,-0.7048,0.0033,0.8826,-0.1028,-1.0962,108.6972,0.0,0.0,0.0,0.0,no_change,110.0,2026-08-27T12:44:17,0.0,107.350002288818,354.53,2026-09-02 15:44:18,2026-09-02 11:45:02
TSLA,TSLA270319P00455000,TSLA,2027-03-19,P,455.0,111.05,162.0,113.6,139.0,0.4584,1.0,0.0,-0.7169,0.0033,0.8644,-0.1011,-1.0953,112.8047,0.0,0.0,0.0,0.0,down,153.85,2026-07-30T09:53:45,0.0,111.525001525879,354.53,2026-09-02 15:44:18,2026-09-02 11:45:02
TSLA,TSLA270319P00460000,TSLA,2027-03-19,P,460.0,115.2,179.0,117.75,111.0,0.459,290.0,0.0,-0.7288,0.0032,0.8432,-0.0993,-1.0883,116.9762,0.0,0.0,0.0,0.0,down,114.2,2026-09-01T11:00:01,0.0,115.649997711182,354.53,2026-09-02 15:44:18,2026-09-02 11:45:02
TSLA,TSLA270319P00465000,TSLA,2027-03-19,P,465.0,119.4,160.0,121.95,59.0,0.4601,24.0,0.0,-0.7402,0.0032,0.826,-0.0976,-1.086,121.1658,0.0,0.0,0.0,0.0,down,117.2,2026-08-21T12:30:18,0.0,119.875,354.53,2026-09-02 15:44:18,2026-09-02 11:45:02
TSLA,TSLA270319P00470000,TSLA,2027-03-19,P,470.0,123.65,227.0,126.15,157.0,0.4608,190.0,0.0,-0.7514,0.0032,0.8058,-0.0958,-1.0834,125.4119,0.0,0.0,0.0,0.0,down,127.09,2026-08-25T12:13:46,0.0,124.125,354.53,2026-09-02 15:44:18,2026-09-02 11:45:02
TSLA,TSLA270319P00475000,TSLA,2027-03-19,P,475.0,127.95,187.0,130.45,90.0,0.462,8.0,0.0,-0.7622,0.0031,0.7882,-0.0938,-1.0882,129.6961,0.0,0.0,0.0,0.0,no_change,125.01,2026-08-21T13:31:11,0.0,128.375003814697,354.53,2026-09-02 15:44:18,2026-09-02 11:45:02
TSLA,TSLA270319P00480000,TSLA,2027-03-19,P,480.0,132.25,255.0,134.75,145.0,0.4626,133.0,0.0,-0.7727,0.0031,0.7661,-0.0919,-1.0722,134.0212,0.0,0.0,0.0,0.0,down,155.0,2026-08-11T09:45:00,0.0,132.674995422363,354.53,2026-09-02 15:44:18,2026-09-02 11:45:02
TSLA,TSLA270319P00485000,TSLA,2027-03-19,P,485.0,136.65,70.0,139.1,34.0,0.4637,10.0,0.0,-0.783,0.003,0.7449,-0.0901,-1.0561,138.3857,0.0,0.0,0.0,0.0,up,137.59,2026-09-01T09:46:27,0.0,136.724998474121,354.53,2026-09-02 15:44:18,2026-09-02 11:45:02
TSLA,TSLA270319P00490000,TSLA,2027-03-19,P,490.0,141.3,91.0,143.5,24.0,0.4664,270.0,0.0,-0.7929,0.003,0.7205,-0.0882,-1.0412,142.7901,0.0,0.0,0.0,0.0,up,141.85,2026-09-01T09:46:27,0.0,141.175003051758,354.53,2026-09-02 15:44:18,2026-09-02 11:45:02
TSLA,TSLA270319P00495000,TSLA,2027-03-19,P,495.0,145.9,71.0,147.9,26.0,0.4684,6.0,0.0,-0.8025,0.003,0.6986,-0.0861,-1.0353,147.2299,0.0,0.0,0.0,0.0,down,153.75,2026-08-19T12:17:02,0.0,145.849998474121,354.53,2026-09-02 15:44:18,2026-09-02 11:45:02
TSLA,TSLA270319P00500000,TSLA,2027-03-19,P,500.0,150.05,113.0,152.25,25.0,0.4661,332.0,0.0,-0.8118,0.0029,0.6783,-0.084,-1.0195,151.7012,0.0,0.0,0.0,0.0,down,145.9,2026-08-31T10:21:18,0.0,150.175003051758,354.53,2026-09-02 15:44:18,2026-09-02 11:45:02
TSLA,TSLA270319P00510000,TSLA,2027-03-19,P,510.0,159.05,79.0,161.4,26.0,0.4688,74.0,0.0,-0.8295,0.0028,0.6394,-0.0797,-1.0047,160.7309,0.0,0.0,0.0,0.0,down,174.28,2026-08-13T15:14:43,0.0,159.375,354.53,2026-09-02 15:44:18,2026-09-02 11:45:02
TSLA,TSLA270319P00520000,TSLA,2027-03-19,P,520.0,168.15,75.0,170.5,25.0,0.4698,23.0,0.0,-0.8462,0.0027,0.5916,-0.0759,-0.9426,169.8786,0.0,0.0,0.0,0.0,up,169.2,2026-09-01T15:44:23,0.0,168.199996948242,354.53,2026-09-02 15:44:18,2026-09-02 11:45:02
TSLA,TSLA270319P00530000,TSLA,2027-03-19,P,530.0,177.45,53.0,180.35,51.0,0.4778,38.0,0.0,-0.8619,0.0026,0.5445,-0.0723,-0.8997,179.139,0.0,0.0,0.0,0.0,down,193.02,2026-08-13T15:47:58,0.0,177.75,354.53,2026-09-02 15:44:18,2026-09-02 11:45:02
TSLA,TSLA270319P00540000,TSLA,2027-03-19,P,540.0,186.85,64.0,189.8,59.0,0.4816,8.0,0.0,-0.8764,0.0026,0.5035,-0.068,-0.8579,188.49,0.0,0.0,0.0,0.0,down,186.54,2026-08-24T11:43:10,0.0,187.074996948242,354.53,2026-09-02 15:44:18,2026-09-02 11:45:02
TSLA,TSLA270319P00550000,TSLA,2027-03-19,P,550.0,195.2,72.0,199.35,80.0,0.4724,85.0,0.0,-0.8901,0.0025,0.4652,-0.065,-0.8268,197.9209,0.0,0.0,0.0,0.0,down,240.79,2026-07-30T15:52:51,0.0,196.449996948242,354.53,2026-09-02 15:44:18,2026-09-02 11:45:02
TSLA,TSLA270319P00560000,TSLA,2027-03-19,P,560.0,205.25,31.0,209.65,30.0,0.4912,10.0,0.0,-0.9026,0.0024,0.4179,-0.0609,-0.7349,207.433,0.0,0.0,0.0,0.0,down,205.26,2026-08-24T11:43:10,0.0,205.900001525879,354.53,2026-09-02 15:44:18,2026-09-02 11:45:02
TSLA,TSLA270319P00570000,TSLA,2027-03-19,P,570.0,213.65,29.0,219.25,27.0,0.4761,42.0,0.0,-0.9142,0.0022,0.371,-0.0559,-0.6715,217.0237,0.0,0.0,0.0,0.0,down,173.4,2026-07-10T13:23:24,0.0,215.425003051758,354.53,2026-09-02 15:44:18,2026-09-02 11:45:02
TSLA,TSLA270319P00580000,TSLA,2027-03-19,P,580.0,223.25,107.0,228.85,87.0,0.4745,112.0,0.0,-0.925,0.0021,0.333,-0.0524,-0.6464,226.6747,0.0,0.0,0.0,0.0,up,231.75,2026-08-14T10:00:30,0.0,225.25,354.53,2026-09-02 15:44:18,2026-09-02 11:45:02
TSLA,TSLA270319P00590000,TSLA,2027-03-19,P,590.0,233.85,23.0,238.6,23.0,0.4942,0.0,0.0,-0.9365,0.0022,0.2969,-0.0473,-0.5789,236.377,0.0,0.0,0.0,0.0,down,191.75,2026-06-29T13:44:08,0.0,234.825004577637,354.53,2026-09-02 15:44:18,2026-09-02 11:45:02
TSLA,TSLA270319P00600000,TSLA,2027-03-19,P,600.0,242.75,21.0,248.1,23.0,0.0,1.0,0.0,-0.9474,0.0022,0.2673,-0.0412,-0.5381,246.1213,0.0,0.0,0.0,0.0,down,239.05,2026-08-21T11:06:30,0.0,244.625,354.53,2026-09-02 15:44:18,2026-09-02 11:45:02
TSLA,TSLA270319P00610000,TSLA,2027-03-19,P,610.0,252.55,21.0,258.2,22.0,0.0,0.0,0.0,-0.9566,0.0022,0.2294,-0.0337,-0.4538,255.9123,0.0,0.0,0.0,0.0,no_change,273.73,2026-08-18T15:50:35,0.0,254.550003051758,354.53,2026-09-02 15:44:18,2026-09-02 11:45:02
TSLA,TSLA270319P00620000,TSLA,2027-03-19,P,620.0,262.45,21.0,268.05,21.0,0.0,0.0,0.0,-0.9646,0.0021,0.1939,-0.0252,-0.4014,265.7433,0.0,0.0,0.0,0.0,no_change,280.94,2026-08-17T15:58:14,0.0,264.449996948242,354.53,2026-09-02 15:44:18,2026-09-02 11:45:02
TSLA,TSLA270319P00630000,TSLA,2027-03-19,P,630.0,272.3,20.0,277.9,16.0,0.0,0.0,0.0,-0.9715,0.002,0.1611,-0.0156,-0.3605,275.6112,0.0,0.0,0.0,0.0,up,323.23,2026-07-28T14:49:39,0.0,274.699996948242,354.53,2026-09-02 15:44:18,2026-09-02 11:45:02
TSLA,TSLA270319P00640000,TSLA,2027-03-19,P,640.0,282.2,20.0,287.85,16.0,0.0,0.0,0.0,-0.9775,0.0018,0.1103,-0.0159,0.0,285.5288,0.0,0.0,0.0,0.0,up,332.57,2026-07-24T14:43:15,0.0,283.950012207031,354.53,2026-09-02 15:44:18,2026-09-02 11:45:02
TSLA,TSLA270319P00650000,TSLA,2027-03-19,P,650.0,292.1,16.0,297.75,16.0,0.0,0.0,0.0,-0.9826,0.0014,0.0,-0.0338,0.0,295.5288,0.0,0.0,0.0,0.0,up,334.65,2026-07-24T10:05:22,0.0,294.199996948242,354.53,2026-09-02 15:44:18,2026-09-02 11:45:02
TSLA,TSLA270319P00660000,TSLA,2027-03-19,P,660.0,302.0,20.0,307.85,16.0,0.0,0.0,0.0,-0.9872,0.001,0.0,-0.0494,0.0,305.5288,0.0,0.0,0.0,0.0,up,336.0,2026-07-23T14:41:37,0.0,304.275009155273,354.53,2026-09-02 15:44:18,2026-09-02 11:45:02
TSLA,TSLA270319P00670000,TSLA,2027-03-19,P,670.0,312.0,20.0,317.7,16.0,0.0,0.0,0.0,-0.9909,0.0007,0.0,-0.0609,0.0,315.5288,0.0,0.0,0.0,0.0,up,345.4,2026-07-23T14:42:18,0.0,314.149993896484,354.53,2026-09-02 15:44:18,2026-09-02 11:45:02
TSLA,TSLA270319P00680000,TSLA,2027-03-19,P,680.0,322.0,20.0,327.75,16.0,0.0,0.0,0.0,-0.994,0.0005,0.0,-0.0688,0.0,325.5288,0.0,0.0,0.0,0.0,up,360.38,2026-07-23T14:42:18,0.0,324.150009155273,354.53,2026-09-02 15:44:18,2026-09-02 11:45:02
TSLA,TSLA270319P00690000,TSLA,2027-03-19,P,690.0,332.5,16.0,338.15,16.0,0.0,0.0,0.0,-0.9966,0.0003,0.0,-0.073,0.0,335.5288,0.0,0.0,0.0,0.0,up,372.65,2026-07-23T14:42:26,0.0,334.175003051758,354.53,2026-09-02 15:44:18,2026-09-02 11:45:02
TSLA,TSLA270319P00700000,TSLA,2027-03-19,P,700.0,342.0,20.0,349.2,20.0,0.5874,0.0,0.0,-0.9988,0.0001,0.0,-0.073,0.0,345.5288,0.0,0.0,0.0,0.0,up,389.77,2026-07-24T11:43:36,0.0,344.275009155273,354.53,2026-09-02 15:44:18,2026-09-02 11:45:02
TSLA,TSLA270319P00710000,TSLA,2027-03-19,P,710.0,352.0,16.0,359.3,17.0,0.601,0.0,0.0,-1.0,0.0,0.0,-0.073,0.0,355.5288,0.0,0.0,0.0,0.0,up,330.6,2026-07-17T11:34:24,0.0,354.275009155273,354.53,2026-09-02 15:44:18,2026-09-02 11:45:02
TSLA,TSLA270319P00720000,TSLA,2027-03-19,P,720.0,362.0,1.0,369.4,16.0,0.6143,0.0,0.0,-1.0,0.0,0.0,-0.073,0.0,365.5288,0.0,0.0,0.0,0.0,no_change,349.97,2026-07-20T15:13:53,0.0,364.150009155273,354.53,2026-09-02 15:44:18,2026-09-02 11:45:02
TSLA,TSLA270319P00730000,TSLA,2027-03-19,P,730.0,372.05,16.0,379.3,17.0,0.6225,0.0,0.0,-1.0,0.0,0.0,-0.073,0.0,375.5288,0.0,0.0,0.0,0.0,no_change,359.61,2026-07-20T15:09:21,0.0,374.275009155273,354.53,2026-09-02 15:44:18,2026-09-02 11:45:02
TSLA,TSLA270319P00740000,TSLA,2027-03-19,P,740.0,382.0,16.0,389.2,21.0,0.6271,0.0,0.0,-1.0,0.0,0.0,-0.073,0.0,385.5288,0.0,0.0,0.0,0.0,no_change,345.2,2026-03-17T11:42:53,0.0,384.275009155273,354.53,2026-09-02 15:44:18,2026-09-02 11:45:02
TSLA,TSLA270319P00750000,TSLA,2027-03-19,P,750.0,392.0,1.0,399.3,16.0,0.6402,0.0,0.0,-1.0,0.0,0.0,-0.073,0.0,395.5288,0.0,0.0,0.0,0.0,no_change,351.89,2026-06-29T11:30:23,0.0,394.275009155273,354.53,2026-09-02 15:44:18,2026-09-02 11:45:02
TSLA,TSLA270319P00760000,TSLA,2027-03-19,P,760.0,402.0,20.0,409.05,20.0,0.0,0.0,0.0,-1.0,0.0,0.0,-0.073,0.0,405.5288,0.0,0.0,0.0,0.0,down,317.0,2026-05-13T11:31:41,0.0,404.150009155273,354.53,2026-09-02 15:44:18,2026-09-02 11:45:02
TSLA,TSLA270319P00770000,TSLA,2027-03-19,P,770.0,412.0,16.0,419.3,17.0,0.659,0.0,0.0,-1.0,0.0,0.0,-0.073,0.0,415.5288,0.0,0.0,0.0,0.0,no_change,374.15,2026-03-12T14:58:13,0.0,414.25,354.53,2026-09-02 15:44:18,2026-09-02 11:45:02
TSLA,TSLA270319P00780000,TSLA,2027-03-19,P,780.0,422.0,16.0,429.4,16.0,0.6715,0.0,0.0,-1.0,0.0,0.0,-0.073,0.0,425.5288,0.0,0.0,0.0,0.0,up,412.8,2026-03-27T11:56:00,0.0,424.175003051758,354.53,2026-09-02 15:44:18,2026-09-02 11:45:02
TSLA,TSLA270319P00790000,TSLA,2027-03-19,P,790.0,432.0,16.0,439.55,16.0,0.687,0.0,0.0,-1.0,0.0,0.0,-0.073,0.0,435.5288,0.0,0.0,0.0,0.0,no_change,391.56,2026-03-17T15:43:16,0.0,434.175003051758,354.53,2026-09-02 15:44:18,2026-09-02 11:45:02
TSLA,TSLA270319P00800000,TSLA,2027-03-19,P,800.0,442.05,16.0,449.55,16.0,0.6974,0.0,0.0,-1.0,0.0,0.0,-0.073,0.0,445.5288,0.0,0.0,0.0,0.0,up,411.69,2026-07-02T15:25:51,0.0,444.275009155273,354.53,2026-09-02 15:44:18,2026-09-02 11:45:02
TSLA,TSLA270319P00810000,TSLA,2027-03-19,P,810.0,452.0,16.0,459.3,17.0,0.695,0.0,0.0,-1.0,0.0,0.0,-0.073,0.0,455.5288,0.0,0.0,0.0,0.0,down,411.9,2026-03-06T14:46:12,0.0,454.275009155273,354.53,2026-09-02 15:44:18,2026-09-02 11:45:02
TSLA,TSLA270319P00820000,TSLA,2027-03-19,P,820.0,461.6,16.0,469.55,16.0,0.7002,0.0,0.0,-1.0,0.0,0.0,-0.073,0.0,465.5288,0.0,0.0,0.0,0.0,down,414.15,2026-03-04T14:31:06,0.0,464.150009155273,354.53,2026-09-02 15:44:18,2026-09-02 11:45:02
TSLA,TSLA270319P00830000,TSLA,2027-03-19,P,830.0,472.0,16.0,479.5,17.0,0.719,0.0,0.0,-1.0,0.0,0.0,-0.073,0.0,475.5288,0.0,0.0,0.0,0.0,up,456.81,2026-03-20T10:31:47,0.0,474.150009155273,354.53,2026-09-02 15:44:18,2026-09-02 11:45:02
TSLA,TSLA270319P00840000,TSLA,2027-03-19,P,840.0,482.0,20.0,489.05,20.0,0.0,0.0,0.0,-1.0,0.0,0.0,-0.073,0.0,485.5288,0.0,0.0,0.0,0.0,up,457.0,2026-03-19T10:10:31,0.0,484.275009155273,354.53,2026-09-02 15:44:18,2026-09-02 11:45:02
TSLA,TSLA270319P00850000,TSLA,2027-03-19,P,850.0,492.0,20.0,498.85,20.0,0.0,0.0,0.0,-1.0,0.0,0.0,-0.073,0.0,495.5288,0.0,0.0,0.0,0.0,up,469.03,2026-04-01T15:55:35,0.0,494.175003051758,354.53,2026-09-02 15:44:18,2026-09-02 11:45:02
TSLA,TSLA270319P00860000,TSLA,2027-03-19,P,860.0,502.0,20.0,509.3,20.0,0.7375,0.0,0.0,-1.0,0.0,0.0,-0.073,0.0,505.5288,0.0,0.0,0.0,0.0,down,418.55,2026-05-28T11:00:54,0.0,504.275009155273,354.53,2026-09-02 15:44:18,2026-09-02 11:45:02
TSLA,TSLA270319P00870000,TSLA,2027-03-19,P,870.0,512.0,16.0,519.3,17.0,0.7457,0.0,0.0,-1.0,0.0,0.0,-0.073,0.0,515.5288,0.0,0.0,0.0,0.0,no_change,450.15,2026-02-13T14:49:29,0.0,514.224990844727,354.53,2026-09-02 15:44:18,2026-09-02 11:45:02
TSLA,TSLA270319P00880000,TSLA,2027-03-19,P,880.0,522.05,16.0,529.55,16.0,0.7667,0.0,0.0,-1.0,0.0,0.0,-0.073,0.0,525.5288,0.0,0.0,0.0,0.0,up,437.18,2026-05-14T13:25:57,0.0,524.174987792969,354.53,2026-09-02 15:44:18,2026-09-02 11:45:02
TSLA,TSLA270319P00890000,TSLA,2027-03-19,P,890.0,532.0,20.0,538.85,20.0,0.0,0.0,0.0,-1.0,0.0,0.0,-0.073,0.0,535.5288,0.0,0.0,0.0,0.0,up,446.9,2026-05-14T13:25:57,0.0,534.149993896484,354.53,2026-09-02 15:44:18,2026-09-02 11:45:02
TSLA,TSLA270319P00900000,TSLA,2027-03-19,P,900.0,542.0,20.0,549.05,20.0,0.0,0.0,0.0,-1.0,0.0,0.0,-0.073,0.0,545.5288,0.0,0.0,0.0,0.0,down,473.0,2026-07-01T15:07:14,0.0,544.25,354.53,2026-09-02 15:44:18,2026-09-02 11:45:02
TSLA,TSLA270617C00005000,TSLA,2027-06-17,C,5.0,346.2,16.0,351.45,51.0,0.0,6158.0,1.0,1.0,0.0,0.0019,0.0,0.0377,350.5675,2.5,354.0,354.0,354.0,up,354.0,2026-09-02T09:31:24,0.711238,351.5,354.53,2026-09-02 15:44:18,2026-09-02 11:45:02
TSLA,TSLA270617C00010000,TSLA,2027-06-17,C,10.0,341.85,16.0,349.05,16.0,0.0,193.0,0.0,1.0,0.0,0.0036,0.0,0.0755,345.7676,0.0,0.0,0.0,0.0,down,341.75,2026-08-25T11:01:50,0.0,346.75,354.53,2026-09-02 15:44:18,2026-09-02 11:45:02
TSLA,TSLA270617C00015000,TSLA,2027-06-17,C,15.0,336.55,16.0,344.35,1.0,0.0,123.0,0.0,1.0,0.0,0.0053,0.0,0.1133,340.9671,0.0,0.0,0.0,0.0,up,335.5,2026-08-19T15:54:03,0.0,342.125,354.53,2026-09-02 15:44:18,2026-09-02 11:45:02
TSLA,TSLA270617C00020000,TSLA,2027-06-17,C,20.0,331.75,16.0,339.5,1.0,0.0,70.0,0.0,1.0,0.0,0.0072,0.0,0.151,336.167,0.0,0.0,0.0,0.0,down,337.9,2026-09-01T09:36:06,0.0,337.299987792969,354.53,2026-09-02 15:44:18,2026-09-02 11:45:02
TSLA,TSLA270617C00025000,TSLA,2027-06-17,C,25.0,326.95,16.0,334.9,17.0,0.0,1.0,0.0,1.0,0.0,0.0092,0.0,0.1887,331.3678,0.0,0.0,0.0,0.0,up,398.25,2025-10-10T14:44:10,0.0,332.375,354.53,2026-09-02 15:44:18,2026-09-02 11:45:02
TSLA,TSLA270617C00030000,TSLA,2027-06-17,C,30.0,322.65,1.0,329.9,16.0,0.0,5.0,0.0,1.0,0.0,0.0114,0.0,0.2263,326.5698,0.0,0.0,0.0,0.0,up,396.08,2026-06-01T09:39:33,0.0,327.700012207031,354.53,2026-09-02 15:44:18,2026-09-02 11:45:02
TSLA,TSLA270617C00035000,TSLA,2027-06-17,C,35.0,317.35,16.0,325.1,16.0,0.0,53.0,0.0,1.0,0.0,0.0138,0.0,0.2638,321.7732,0.0,0.0,0.0,0.0,up,319.13,2026-08-25T10:05:39,0.0,322.899993896484,354.53,2026-09-02 15:44:18,2026-09-02 11:45:02
TSLA,TSLA270617C00040000,TSLA,2027-06-17,C,40.0,312.85,1.0,320.55,16.0,0.0,69.0,0.0,1.0,0.0,0.0164,0.0,0.3012,316.9781,0.0,0.0,0.0,0.0,down,270.57,2026-07-30T10:05:05,0.0,318.125,354.53,2026-09-02 15:44:18,2026-09-02 11:45:02
TSLA,TSLA270617C00045000,TSLA,2027-06-17,C,45.0,307.8,16.0,315.5,16.0,0.0,5.0,0.0,1.0,0.0,0.0192,0.0,0.3386,312.1848,0.0,0.0,0.0,0.0,up,371.45,2026-06-09T09:30:02,0.0,313.350006103516,354.53,2026-09-02 15:44:18,2026-09-02 11:45:02
TSLA,TSLA270617C00050000,TSLA,2027-06-17,C,50.0,303.05,16.0,310.65,16.0,0.0,50.0,0.0,1.0,0.0,0.0222,0.0,0.3758,307.3935,0.0,0.0,0.0,0.0,up,302.45,2026-08-19T15:29:21,0.0,308.549987792969,354.53,2026-09-02 15:44:18,2026-09-02 11:45:02
TSLA,TSLA270617C00055000,TSLA,2027-06-17,C,55.0,298.3,16.0,306.0,17.0,0.0,11.0,0.0,0.9999,0.0,0.0255,0.0,0.413,302.6042,0.0,0.0,0.0,0.0,up,238.3,2025-04-25T14:09:09,0.0,303.675003051758,354.53,2026-09-02 15:44:18,2026-09-02 11:45:02
TSLA,TSLA270617C00060000,TSLA,2027-06-17,C,60.0,293.55,16.0,301.4,16.0,0.0,18.0,0.0,0.9995,0.0,0.029,0.0,0.45,297.8172,0.0,0.0,0.0,0.0,down,265.01,2026-07-23T15:58:13,0.0,299.0,354.53,2026-09-02 15:44:18,2026-09-02 11:45:02
TSLA,TSLA270617C00065000,TSLA,2027-06-17,C,65.0,288.95,20.0,296.6,20.0,0.7113,13.0,0.0,0.9991,0.0,0.0329,0.0,0.4869,293.0328,0.0,0.0,0.0,0.0,down,315.77,2026-03-26T14:43:58,0.0,294.225006103516,354.53,2026-09-02 15:44:18,2026-09-02 11:45:02
TSLA,TSLA270617C00070000,TSLA,2027-06-17,C,70.0,284.3,20.0,291.65,20.0,0.6968,21.0,0.0,0.9986,0.0,0.037,0.0,0.5236,288.2513,0.0,0.0,0.0,0.0,down,243.17,2026-07-27T12:42:51,0.0,289.475006103516,354.53,2026-09-02 15:44:18,2026-09-02 11:45:02
TSLA,TSLA270617C00075000,TSLA,2027-06-17,C,75.0,279.55,20.0,287.1,20.0,0.7467,93.0,0.0,0.9981,0.0,0.0414,0.0,0.5602,283.4728,0.0,0.0,0.0,0.0,down,320.57,2026-07-08T14:54:31,0.0,285.675003051758,354.53,2026-09-02 15:44:18,2026-09-02 11:45:02
TSLA,TSLA270617C00080000,TSLA,2027-06-17,C,80.0,274.45,16.0,282.35,17.0,0.677,119.0,0.0,0.9975,0.0001,0.0461,0.0,0.5967,278.6975,0.0,0.0,0.0,0.0,up,318.65,2026-07-13T13:39:27,0.0,279.925003051758,354.53,2026-09-02 15:44:18,2026-09-02 11:45:02
TSLA,TSLA270617C00085000,TSLA,2027-06-17,C,85.0,270.0,20.0,277.45,17.0,0.7009,10.0,0.0,0.9969,0.0001,0.0512,0.0,0.6329,273.9259,0.0,0.0,0.0,0.0,up,328.65,2026-07-10T13:17:08,0.0,275.175003051758,354.53,2026-09-02 15:44:18,2026-09-02 11:45:02
TSLA,TSLA270617C00090000,TSLA,2027-06-17,C,90.0,265.3,20.0,272.8,20.0,0.7087,72.0,0.0,0.9962,0.0001,0.0568,0.0,0.669,269.1582,0.0,0.0,0.0,0.0,up,280.0,2026-08-21T15:07:49,0.0,270.399993896484,354.53,2026-09-02 15:44:18,2026-09-02 11:45:02
TSLA,TSLA270617C00095000,TSLA,2027-06-17,C,95.0,260.35,20.0,268.05,20.0,0.6762,25.0,0.0,0.9954,0.0001,0.0628,0.0,0.7048,264.3951,0.0,0.0,0.0,0.0,down,263.27,2026-09-01T14:47:16,0.0,265.75,354.53,2026-09-02 15:44:18,2026-09-02 11:45:02
TSLA,TSLA270617C00100000,TSLA,2027-06-17,C,100.0,255.55,16.0,263.05,17.0,0.634,1092.0,0.0,0.9946,0.0001,0.0692,0.0,0.7404,259.637,0.0,0.0,0.0,0.0,no_change,251.0,2026-08-28T15:05:26,0.0,260.825012207031,354.53,2026-09-02 15:44:18,2026-09-02 11:45:02
TSLA,TSLA270617C00105000,TSLA,2027-06-17,C,105.0,250.75,17.0,258.55,17.0,0.6447,97.0,0.0,0.9937,0.0001,0.076,0.0,0.7758,254.8844,0.0,0.0,0.0,0.0,up,298.98,2026-04-20T09:58:07,0.0,256.150001525879,354.53,2026-09-02 15:44:18,2026-09-02 11:45:02
TSLA,TSLA270617C00110000,TSLA,2027-06-17,C,110.0,245.95,16.0,253.75,17.0,0.6251,165.0,0.0,0.9927,0.0001,0.0834,0.0,0.8109,250.1379,0.0,0.0,0.0,0.0,down,202.0,2026-07-30T09:45:41,0.0,251.174995422363,354.53,2026-09-02 15:44:18,2026-09-02 11:45:02
TSLA,TSLA270617C00115000,TSLA,2027-06-17,C,115.0,241.2,16.0,248.9,18.0,0.6064,135.0,0.0,0.9916,0.0001,0.0914,0.0,0.8456,245.3985,0.0,0.0,0.0,0.0,down,272.05,2026-07-17T11:18:31,0.0,246.649993896484,354.53,2026-09-02 15:44:18,2026-09-02 11:45:02
TSLA,TSLA270617C00120000,TSLA,2027-06-17,C,120.0,236.4,17.0,244.35,17.0,0.6054,209.0,0.0,0.9904,0.0002,0.1002,0.0,0.8799,240.6671,0.0,0.0,0.0,0.0,down,217.64,2026-08-11T14:39:52,0.0,241.849998474121,354.53,2026-09-02 15:44:18,2026-09-02 11:45:02
TSLA,TSLA270617C00125000,TSLA,2027-06-17,C,125.0,232.1,17.0,239.6,17.0,0.6172,89.0,0.0,0.9891,0.0002,0.1096,0.0,0.9139,235.9449,0.0,0.0,0.0,0.0,no_change,213.28,2026-08-11T09:44:07,0.0,237.099998474121,354.53,2026-09-02 15:44:18,2026-09-02 11:45:02
TSLA,TSLA270617C00130000,TSLA,2027-06-17,C,130.0,227.05,16.0,234.75,17.0,0.5832,91.0,0.0,0.9877,0.0002,0.1196,0.0,0.9474,231.233,0.0,0.0,0.0,0.0,no_change,255.85,2026-07-21T15:01:44,0.0,232.375,354.53,2026-09-02 15:44:18,2026-09-02 11:45:02
TSLA,TSLA270617C00135000,TSLA,2027-06-17,C,135.0,222.25,17.0,230.0,19.0,0.5681,33.0,0.0,0.9861,0.0002,0.1304,0.0,0.9804,226.5327,0.0,0.0,0.0,0.0,down,195.0,2026-07-23T15:54:46,0.0,227.800003051758,354.53,2026-09-02 15:44:18,2026-09-02 11:45:02
TSLA,TSLA270617C00140000,TSLA,2027-06-17,C,140.0,217.8,25.0,225.45,27.0,0.5768,89.0,0.0,0.9844,0.0002,0.1423,0.0,1.0129,221.8456,0.0,0.0,0.0,0.0,down,220.5,2026-09-01T14:44:53,0.0,223.025001525879,354.53,2026-09-02 15:44:18,2026-09-02 11:45:02
TSLA,TSLA270617C00145000,TSLA,2027-06-17,C,145.0,213.6,42.0,220.6,62.0,0.5789,128.0,0.0,0.9824,0.0003,0.1553,0.0,1.0446,217.1734,0.0,0.0,0.0,0.0,up,217.15,2026-04-08T12:49:48,0.0,218.175003051758,354.53,2026-09-02 15:44:18,2026-09-02 11:45:02
TSLA,TSLA270617C00150000,TSLA,2027-06-17,C,150.0,208.95,268.0,214.4,144.0,0.5137,463.0,1.0,0.9803,0.0003,0.1691,0.0,1.0757,212.518,-1.645,212.38,212.38,212.38,down,212.38,2026-09-02T10:18:26,-0.768602,214.025001525879,354.53,2026-09-02 15:44:18,2026-09-02 11:45:02
TSLA,TSLA270617C00155000,TSLA,2027-06-17,C,155.0,204.1,47.0,209.65,46.0,0.4982,65.0,0.0,0.9779,0.0003,0.1839,0.0,1.1061,207.8813,0.0,0.0,0.0,0.0,no_change,165.0,2026-07-27T10:02:56,0.0,208.875,354.53,2026-09-02 15:44:18,2026-09-02 11:45:02
TSLA,TSLA270617C00160000,TSLA,2027-06-17,C,160.0,200.0,43.0,206.65,53.0,0.5614,330.0,0.0,0.9753,0.0004,0.1998,0.0,1.1357,203.2652,0.0,0.0,0.0,0.0,up,201.31,2026-08-25T15:16:25,0.0,204.200004577637,354.53,2026-09-02 15:44:18,2026-09-02 11:45:02
TSLA,TSLA270617C00165000,TSLA,2027-06-17,C,165.0,195.4,40.0,201.35,54.0,0.5364,69.0,0.0,0.9725,0.0004,0.2171,0.0,1.1643,198.6718,0.0,0.0,0.0,0.0,no_change,164.68,2026-08-06T14:02:17,0.0,200.075004577637,354.53,2026-09-02 15:44:18,2026-09-02 11:45:02
TSLA,TSLA270617C00170000,TSLA,2027-06-17,C,170.0,190.85,72.0,196.5,137.0,0.5245,254.0,0.0,0.9694,0.0004,0.2357,0.0,1.1918,194.1039,0.0,0.0,0.0,0.0,up,151.85,2026-07-31T12:27:17,0.0,194.775001525879,354.53,2026-09-02 15:44:18,2026-09-02 11:45:02
TSLA,TSLA270617C00175000,TSLA,2027-06-17,C,175.0,188.3,31.0,191.45,131.0,0.5497,2447.0,0.0,0.966,0.0005,0.2553,0.0,1.2184,189.5636,0.0,0.0,0.0,0.0,up,177.88,2026-08-14T15:52:07,0.0,190.974998474121,354.53,2026-09-02 15:44:18,2026-09-02 11:45:02
TSLA,TSLA270617C00180000,TSLA,2027-06-17,C,180.0,181.8,187.0,187.9,120.0,0.5239,448.0,0.0,0.9622,0.0005,0.276,-0.0009,1.244,185.0532,0.0,0.0,0.0,0.0,up,188.8,2026-09-01T12:05:52,0.0,186.475006103516,354.53,2026-09-02 15:44:18,2026-09-02 11:45:02
TSLA,TSLA270617C00185000,TSLA,2027-06-17,C,185.0,177.6,81.0,182.95,126.0,0.5155,124.0,0.0,0.9582,0.0006,0.2981,-0.0033,1.2683,180.5749,0.0,0.0,0.0,0.0,up,191.5,2026-08-21T15:06:44,0.0,181.5,354.53,2026-09-02 15:44:18,2026-09-02 11:45:02
TSLA,TSLA270617C00190000,TSLA,2027-06-17,C,190.0,173.95,166.0,177.5,117.0,0.5075,357.0,0.0,0.9538,0.0006,0.3218,-0.0057,1.2912,176.1319,0.0,0.0,0.0,0.0,up,162.5,2026-08-17T13:40:24,0.0,177.625,354.53,2026-09-02 15:44:18,2026-09-02 11:45:02
TSLA,TSLA270617C00195000,TSLA,2027-06-17,C,195.0,170.0,158.0,173.3,112.0,0.5137,364.0,0.0,0.9491,0.0007,0.3463,-0.0082,1.3129,171.7268,0.0,0.0,0.0,0.0,up,142.5,2026-08-05T09:32:16,0.0,173.150001525879,354.53,2026-09-02 15:44:18,2026-09-02 11:45:02
TSLA,TSLA270617C00200000,TSLA,2027-06-17,C,200.0,166.1,32.0,169.2,127.0,0.5192,1514.0,0.0,0.944,0.0007,0.3718,-0.0107,1.3334,167.3619,0.0,0.0,0.0,0.0,down,166.95,2026-09-01T14:50:43,0.0,168.625,354.53,2026-09-02 15:44:18,2026-09-02 11:45:02
TSLA,TSLA270617C00205000,TSLA,2027-06-17,C,205.0,161.0,37.0,164.9,50.0,0.5049,67.0,0.0,0.9385,0.0008,0.3986,-0.0134,1.3525,163.0394,0.0,0.0,0.0,0.0,up,150.56,2026-08-17T11:33:36,0.0,164.525001525879,354.53,2026-09-02 15:44:18,2026-09-02 11:45:02
TSLA,TSLA270617C00210000,TSLA,2027-06-17,C,210.0,157.55,49.0,160.6,126.0,0.5106,342.0,0.0,0.9326,0.0008,0.4268,-0.0161,1.3698,158.7624,0.0,0.0,0.0,0.0,down,150.12,2026-08-26T11:06:52,0.0,160.400001525879,354.53,2026-09-02 15:44:18,2026-09-02 11:45:02
TSLA,TSLA270617C00215000,TSLA,2027-06-17,C,215.0,153.35,43.0,156.35,114.0,0.5066,134.0,0.0,0.9263,0.0009,0.4557,-0.0189,1.3856,154.5341,0.0,0.0,0.0,0.0,down,154.56,2026-09-01T15:04:44,0.0,155.699996948242,354.53,2026-09-02 15:44:18,2026-09-02 11:45:02
TSLA,TSLA270617C00220000,TSLA,2027-06-17,C,220.0,149.15,40.0,151.85,115.0,0.4996,960.0,0.0,0.9196,0.001,0.4852,-0.0218,1.4002,150.3391,0.0,0.0,0.0,0.0,up,153.0,2026-09-01T12:36:26,0.0,151.525001525879,354.53,2026-09-02 15:44:18,2026-09-02 11:45:02
TSLA,TSLA270617C00225000,TSLA,2027-06-17,C,225.0,145.0,32.0,148.05,129.0,0.4991,132.0,0.0,0.9125,0.001,0.5156,-0.0247,1.4132,146.2142,0.0,0.0,0.0,0.0,up,146.26,2026-09-01T15:04:29,0.0,147.474998474121,354.53,2026-09-02 15:44:18,2026-09-02 11:45:02
TSLA,TSLA270617C00230000,TSLA,2027-06-17,C,230.0,141.25,10.0,143.95,41.0,0.4984,1130.0,0.0,0.905,0.0011,0.5471,-0.0276,1.4242,142.145,0.0,0.0,0.0,0.0,up,152.0,2026-08-31T10:41:55,0.0,143.599998474121,354.53,2026-09-02 15:44:18,2026-09-02 11:45:02
TSLA,TSLA270617C00235000,TSLA,2027-06-17,C,235.0,136.6,61.0,139.95,136.0,0.4895,109.0,0.0,0.8971,0.0012,0.579,-0.0306,1.4336,138.1515,0.0,0.0,0.0,0.0,up,113.6,2026-08-03T14:41:33,0.0,139.674995422363,354.53,2026-09-02 15:44:18,2026-09-02 11:45:02
TSLA,TSLA270617C00240000,TSLA,2027-06-17,C,240.0,133.0,37.0,135.55,105.0,0.4863,1153.0,0.0,0.8888,0.0013,0.6109,-0.0336,1.4417,134.1852,0.0,0.0,0.0,0.0,down,135.5,2026-09-01T09:46:09,0.0,135.375,354.53,2026-09-02 15:44:18,2026-09-02 11:45:02
TSLA,TSLA270617C00245000,TSLA,2027-06-17,C,245.0,129.45,93.0,131.8,185.0,0.4876,143.0,2.0,0.8801,0.0013,0.6432,-0.0366,1.4483,130.2977,-1.0,127.8,130.5,127.8,up,130.5,2026-09-02T11:11:44,-0.760456,131.5,354.53,2026-09-02 15:44:18,2026-09-02 11:45:02
TSLA,TSLA270617C00250000,TSLA,2027-06-17,C,250.0,125.75,22.0,127.15,20.0,0.4799,1798.0,0.0,0.871,0.0014,0.6762,-0.0396,1.4529,126.475,0.0,0.0,0.0,0.0,down,126.86,2026-09-01T09:39:55,0.0,128.074996948242,354.53,2026-09-02 15:44:18,2026-09-02 11:45:02
TSLA,TSLA270617C00255000,TSLA,2027-06-17,C,255.0,121.05,81.0,124.25,108.0,0.4772,176.0,0.0,0.8615,0.0015,0.7092,-0.0426,1.4556,122.7201,0.0,0.0,0.0,0.0,up,135.6,2026-08-31T13:53:45,0.0,124.025001525879,354.53,2026-09-02 15:44:18,2026-09-02 11:45:02
TSLA,TSLA270617C00260000,TSLA,2027-06-17,C,260.0,118.1,39.0,120.6,178.0,0.4806,1122.0,2.0,0.8516,0.0016,0.7417,-0.0456,1.4572,119.0345,-3.725,117.44,117.44,116.6,down,116.6,2026-09-02T09:59:43,-3.09578,120.325000762939,354.53,2026-09-02 15:44:18,2026-09-02 11:45:02
TSLA,TSLA270617C00270000,TSLA,2027-06-17,C,270.0,111.4,9.0,112.55,20.0,0.4742,4437.0,0.0,0.8308,0.0017,0.8062,-0.0515,1.4556,111.8759,0.0,0.0,0.0,0.0,down,114.21,2026-09-01T12:54:57,0.0,113.524997711182,354.53,2026-09-02 15:44:18,2026-09-02 11:45:02
TSLA,TSLA270617C00280000,TSLA,2027-06-17,C,280.0,104.05,139.0,106.7,176.0,0.4743,1233.0,2.0,0.8088,0.0018,0.8692,-0.0572,1.4472,105.0151,-2.45,102.9,103.9,102.9,up,103.9,2026-09-02T10:15:03,-2.30371,106.349998474121,354.53,2026-09-02 15:44:18,2026-09-02 11:45:02
TSLA,TSLA270617C00290000,TSLA,2027-06-17,C,290.0,97.45,54.0,99.9,117.0,0.4702,909.0,0.0,0.7855,0.002,0.9289,-0.0626,1.4342,98.4596,0.0,0.0,0.0,0.0,down,100.3,2026-09-01T09:46:42,0.0,99.6750030517578,354.53,2026-09-02 15:44:18,2026-09-02 11:45:02
TSLA,TSLA270617C00300000,TSLA,2027-06-17,C,300.0,91.7,129.0,92.9,212.0,0.4668,7858.0,2.0,0.7613,0.0021,0.9857,-0.0678,1.4145,92.2187,-4.775,90.5,90.5,88.95,down,88.95,2026-09-02T09:45:29,-5.09469,93.7250022888184,354.53,2026-09-02 15:44:18,2026-09-02 11:45:02
TSLA,TSLA270617C00310000,TSLA,2027-06-17,C,310.0,85.3,263.0,88.0,371.0,0.4679,1332.0,17.0,0.7363,0.0022,1.0373,-0.0726,1.3914,86.2964,-0.65,90.0,90.0,86.5,up,87.15,2026-09-02T10:38:08,-0.740322,87.8000030517578,354.53,2026-09-02 15:44:18,2026-09-02 11:45:02
TSLA,TSLA270617C00320000,TSLA,2027-06-17,C,320.0,80.1,140.0,81.45,231.0,0.4642,2002.0,9.0,0.7107,0.0024,1.0846,-0.077,1.3628,80.6927,-1.125,84.05,84.05,78.9,up,81.0,2026-09-02T11:19:59,-1.36986,82.125,354.53,2026-09-02 15:44:18,2026-09-02 11:45:02
TSLA,TSLA270617C00330000,TSLA,2027-06-17,C,330.0,75.2,31.0,76.15,216.0,0.465,3846.0,1.0,0.6847,0.0024,1.1262,-0.0809,1.3314,75.409,-2.625,74.15,74.15,74.15,down,74.15,2026-09-02T09:55:50,-3.41908,76.7749977111816,354.53,2026-09-02 15:44:18,2026-09-02 11:45:02
TSLA,TSLA270617C00340000,TSLA,2027-06-17,C,340.0,70.15,83.0,71.0,258.0,0.4635,1346.0,43.0,0.6585,0.0025,1.1621,-0.0844,1.2969,70.4365,-2.4,73.5,73.5,68.84,up,69.25,2026-09-02T10:14:20,-3.34961,71.6499977111816,354.53,2026-09-02 15:44:18,2026-09-02 11:45:02
TSLA,TSLA270617C00350000,TSLA,2027-06-17,C,350.0,65.6,50.0,66.3,217.0,0.4636,4064.0,73.0,0.6324,0.0026,1.1924,-0.0874,1.259,65.7724,-0.675,64.38,66.35,63.3,up,66.35,2026-09-02T11:17:28,-1.00709,67.0250015258789,354.53,2026-09-02 15:44:18,2026-09-02 11:45:02
TSLA,TSLA270617C00360000,TSLA,2027-06-17,C,360.0,61.2,64.0,61.6,23.0,0.4621,1584.0,14.0,0.6064,0.0026,1.2167,-0.09,1.2209,61.4157,-2.525,64.83,64.83,60.05,down,60.05,2026-09-02T10:57:10,-4.03516,62.5750007629394,354.53,2026-09-02 15:44:18,2026-09-02 11:45:02
TSLA,TSLA270617C00370000,TSLA,2027-06-17,C,370.0,57.15,121.0,57.45,1.0,0.4624,2971.0,9.0,0.5806,0.0027,1.2354,-0.0921,1.1797,57.3214,-0.85,58.7,58.7,55.41,up,57.55,2026-09-02T10:18:28,-1.45548,58.3999996185303,354.53,2026-09-02 15:44:18,2026-09-02 11:45:02
TSLA,TSLA270617C00380000,TSLA,2027-06-17,C,380.0,53.15,236.0,54.0,102.0,0.4638,2447.0,55.0,0.5554,0.0027,1.2486,-0.0939,1.1381,53.5652,-2.435,55.56,55.56,52.0,no_change,52.09,2026-09-02T10:12:26,-4.46584,54.5249996185303,354.53,2026-09-02 15:44:18,2026-09-02 11:45:02
TSLA,TSLA270617C00390000,TSLA,2027-06-17,C,390.0,49.85,36.0,50.5,62.0,0.4658,2091.0,2.0,0.5307,0.0027,1.2567,-0.0951,1.097,50.0055,-3.255,53.26,53.26,47.87,down,47.87,2026-09-02T09:45:24,-6.36675,51.125,354.53,2026-09-02 15:44:18,2026-09-02 11:45:02
TSLA,TSLA270617C00400000,TSLA,2027-06-17,C,400.0,46.55,60.0,46.9,56.0,0.4653,7474.0,143.0,0.5066,0.0027,1.2598,-0.0959,1.0543,46.6626,-0.775,48.5,48.5,44.5,no_change,47.0,2026-09-02T11:27:39,-1.62219,47.7749996185303,354.53,2026-09-02 15:44:18,2026-09-02 11:45:02
TSLA,TSLA270617C00410000,TSLA,2027-06-17,C,410.0,43.5,47.0,44.1,82.0,0.4679,1987.0,16.0,0.4833,0.0027,1.2587,-0.0964,1.0126,43.6117,-2.015,41.9,42.95,41.9,down,42.36,2026-09-02T11:00:03,-4.54084,44.375,354.53,2026-09-02 15:44:18,2026-09-02 11:45:02
TSLA,TSLA270617C00420000,TSLA,2027-06-17,C,420.0,40.65,57.0,41.15,99.0,0.4687,3209.0,89.0,0.4607,0.0027,1.2538,-0.0966,0.9721,40.7478,-0.35,43.08,43.08,38.95,up,41.0,2026-09-02T11:26:14,-0.846434,41.3500003814697,354.53,2026-09-02 15:44:18,2026-09-02 11:45:02
TSLA,TSLA270617C00430000,TSLA,2027-06-17,C,430.0,38.0,50.0,38.5,61.0,0.4698,4058.0,3.0,0.439,0.0027,1.2448,-0.0964,0.931,38.0878,-0.45,36.52,38.2,36.52,up,38.2,2026-09-02T10:19:18,-1.1643,38.6500015258789,354.53,2026-09-02 15:44:18,2026-09-02 11:45:02
TSLA,TSLA270617C00440000,TSLA,2027-06-17,C,440.0,35.6,1.0,36.1,65.0,0.4714,2591.0,107.0,0.4181,0.0026,1.2328,-0.096,0.8911,35.6204,-0.425,34.7,36.02,34.4,down,35.75,2026-09-02T11:28:22,-1.17485,36.1750011444092,354.53,2026-09-02 15:44:18,2026-09-02 11:45:02
TSLA,TSLA270617C00450000,TSLA,2027-06-17,C,450.0,33.05,129.0,33.55,95.0,0.4715,5009.0,173.0,0.398,0.0026,1.2184,-0.0953,0.8532,33.3297,-0.1,35.69,35.69,31.72,up,33.7,2026-09-02T11:23:40,-0.295856,33.7999992370606,354.53,2026-09-02 15:44:18,2026-09-02 11:45:02
TSLA,TSLA270617C00460000,TSLA,2027-06-17,C,460.0,30.7,304.0,31.8,314.0,0.4727,1251.0,4.0,0.3788,0.0026,1.2013,-0.0944,0.8157,31.2033,0.075,29.75,31.75,29.75,up,31.75,2026-09-02T10:46:08,0.236782,31.6749992370606,354.53,2026-09-02 15:44:18,2026-09-02 11:45:02
TSLA,TSLA270617C00470000,TSLA,2027-06-17,C,470.0,29.15,47.0,29.7,161.0,0.4757,1770.0,68.0,0.3606,0.0025,1.1817,-0.0934,0.7789,29.2321,-0.075,28.25,29.55,28.25,up,29.55,2026-09-02T11:25:10,-0.253165,29.625,354.53,2026-09-02 15:44:18,2026-09-02 11:45:02
TSLA,TSLA270617C00480000,TSLA,2027-06-17,C,480.0,27.35,44.0,27.7,61.0,0.4771,2751.0,4.0,0.3431,0.0024,1.1609,-0.0921,0.7443,27.404,-0.225,27.6,27.65,27.55,down,27.55,2026-09-02T10:26:17,-0.81008,27.7749996185303,354.53,2026-09-02 15:44:18,2026-09-02 11:45:02
TSLA,TSLA270617C00490000,TSLA,2027-06-17,C,490.0,25.55,51.0,26.15,86.0,0.4782,1595.0,0.0,0.3268,0.0024,1.1396,-0.0909,0.7118,25.7602,0.0,0.0,0.0,0.0,down,26.2,2026-09-01T14:00:09,0.0,26.0749998092651,354.53,2026-09-02 15:44:18,2026-09-02 11:45:02
TSLA,TSLA270617C00500000,TSLA,2027-06-17,C,500.0,24.05,47.0,24.55,188.0,0.4803,9845.0,548.0,0.311,0.0023,1.1158,-0.0894,0.6792,24.1788,-0.075,24.65,24.95,22.9,no_change,24.4,2026-09-02T11:27:11,-0.306437,24.4750003814697,354.53,2026-09-02 15:44:18,2026-09-02 11:45:02
TSLA,TSLA270617C00510000,TSLA,2027-06-17,C,510.0,22.2,288.0,23.45,391.0,0.4818,1583.0,1.0,0.2961,0.0023,1.0914,-0.0878,0.6481,22.729,-0.8,22.2,22.2,22.2,down,22.2,2026-09-02T10:54:50,-3.47826,23.0,354.53,2026-09-02 15:44:18,2026-09-02 11:45:02
TSLA,TSLA270617C00520000,TSLA,2027-06-17,C,520.0,21.1,74.0,21.7,127.0,0.4829,1645.0,3.0,0.2819,0.0022,1.0667,-0.0862,0.6191,21.3778,-0.325,21.3,21.3,21.3,down,21.3,2026-09-02T10:22:37,-1.50289,21.625,354.53,2026-09-02 15:44:18,2026-09-02 11:45:02
TSLA,TSLA270617C00530000,TSLA,2027-06-17,C,530.0,19.85,94.0,20.55,123.0,0.4853,2074.0,0.0,0.2685,0.0022,1.042,-0.0845,0.5916,20.1221,0.0,0.0,0.0,0.0,no_change,20.45,2026-09-01T13:59:49,0.0,20.3500003814697,354.53,2026-09-02 15:44:18,2026-09-02 11:45:02
TSLA,TSLA270617C00540000,TSLA,2027-06-17,C,540.0,18.65,84.0,19.4,100.0,0.487,1739.0,0.0,0.2558,0.0021,1.0165,-0.0828,0.5648,18.9553,0.0,0.0,0.0,0.0,no_change,18.87,2026-09-01T15:09:40,0.0,19.1499996185303,354.53,2026-09-02 15:44:18,2026-09-02 11:45:02
TSLA,TSLA270617C00550000,TSLA,2027-06-17,C,550.0,17.7,59.0,18.15,160.0,0.4888,3911.0,17.0,0.2437,0.002,0.9905,-0.081,0.5389,17.872,-0.275,17.56,17.8,17.1,up,17.8,2026-09-02T10:22:13,-1.52144,18.0749998092651,354.53,2026-09-02 15:44:18,2026-09-02 11:45:02
TSLA,TSLA270617C00560000,TSLA,2027-06-17,C,560.0,16.6,91.0,17.3,90.0,0.491,1717.0,0.0,0.2323,0.002,0.9648,-0.0793,0.5147,16.8657,0.0,0.0,0.0,0.0,down,17.2,2026-09-01T12:52:01,0.0,17.0499992370605,354.53,2026-09-02 15:44:18,2026-09-02 11:45:02
TSLA,TSLA270617C00570000,TSLA,2027-06-17,C,570.0,15.4,253.0,16.35,103.0,0.4914,1204.0,0.0,0.2216,0.0019,0.9397,-0.0775,0.4921,15.9297,0.0,0.0,0.0,0.0,down,15.55,2026-09-01T14:46:08,0.0,16.0749998092651,354.53,2026-09-02 15:44:18,2026-09-02 11:45:02
TSLA,TSLA270617C00580000,TSLA,2027-06-17,C,580.0,14.5,261.0,15.5,198.0,0.4933,1335.0,0.0,0.2114,0.0018,0.915,-0.0757,0.4706,15.0584,0.0,0.0,0.0,0.0,down,15.04,2026-09-01T14:37:24,0.0,15.1500000953674,354.53,2026-09-02 15:44:18,2026-09-02 11:45:02
TSLA,TSLA270617C00590000,TSLA,2027-06-17,C,590.0,14.0,169.0,14.8,265.0,0.4977,739.0,0.0,0.2018,0.0018,0.8902,-0.0739,0.4498,14.2474,0.0,0.0,0.0,0.0,down,13.9,2026-09-01T14:47:38,0.0,14.2750000953674,354.53,2026-09-02 15:44:18,2026-09-02 11:45:02
TSLA,TSLA270617C00600000,TSLA,2027-06-17,C,600.0,13.35,149.0,13.75,125.0,0.4986,10340.0,26.0,0.1927,0.0017,0.8655,-0.0722,0.4298,13.4929,-0.175,14.0,14.0,12.87,no_change,13.45,2026-09-02T10:22:12,-1.2844,13.625,354.53,2026-09-02 15:44:18,2026-09-02 11:45:02
TSLA,TSLA270617C00610000,TSLA,2027-06-17,C,610.0,12.4,209.0,13.5,276.0,0.5018,966.0,0.0,0.1841,0.0017,0.8413,-0.0705,0.4111,12.7906,0.0,0.0,0.0,0.0,up,16.0,2026-08-31T14:05:28,0.0,12.8249998092651,354.53,2026-09-02 15:44:18,2026-09-02 11:45:02
TSLA,TSLA270617C00620000,TSLA,2027-06-17,C,620.0,11.65,238.0,12.75,272.0,0.5027,1280.0,0.0,0.176,0.0016,0.8181,-0.0688,0.3937,12.1361,0.0,0.0,0.0,0.0,up,12.75,2026-09-01T09:47:37,0.0,12.2000002861023,354.53,2026-09-02 15:44:18,2026-09-02 11:45:02
TSLA,TSLA270617C00630000,TSLA,2027-06-17,C,630.0,11.0,339.0,12.1,316.0,0.5043,1114.0,13.0,0.1684,0.0016,0.7958,-0.0671,0.3773,11.5254,-0.125,11.0,11.4,11.0,up,11.4,2026-09-02T10:51:19,-1.0846,11.5250000953674,354.53,2026-09-02 15:44:18,2026-09-02 11:45:02
TSLA,TSLA270617C00640000,TSLA,2027-06-17,C,640.0,10.45,244.0,11.6,262.0,0.507,1569.0,0.0,0.1611,0.0015,0.7738,-0.0655,0.3616,10.9553,0.0,0.0,0.0,0.0,down,11.1,2026-09-01T15:20:48,0.0,11.0500001907349,354.53,2026-09-02 15:44:18,2026-09-02 11:45:02
TSLA,TSLA270617C00650000,TSLA,2027-06-17,C,650.0,10.35,69.0,10.65,179.0,0.5092,31397.0,2.0,0.1543,0.0015,0.752,-0.0639,0.3464,10.4234,0.11,10.5,10.61,10.5,up,10.61,2026-09-02T10:48:49,1.04762,10.5,354.53,2026-09-02 15:44:18,2026-09-02 11:45:02
TSLA,TSLA270617C00660000,TSLA,2027-06-17,C,660.0,9.75,191.0,10.15,155.0,0.5105,10631.0,0.0,0.1478,0.0014,0.7307,-0.0624,0.3319,9.927,0.0,0.0,0.0,0.0,down,10.0,2026-09-01T14:02:07,0.0,10.0,354.53,2026-09-02 15:44:18,2026-09-02 11:45:02
TSLA,TSLA270617C00670000,TSLA,2027-06-17,C,670.0,8.95,304.0,9.8,196.0,0.511,639.0,0.0,0.1418,0.0014,0.7102,-0.0608,0.3184,9.4635,0.0,0.0,0.0,0.0,down,10.1,2026-09-01T10:10:06,0.0,9.44999980926514,354.53,2026-09-02 15:44:18,2026-09-02 11:45:02
TSLA,TSLA270617C00680000,TSLA,2027-06-17,C,680.0,8.85,100.0,9.25,54.0,0.5147,22978.0,0.0,0.136,0.0013,0.6906,-0.0594,0.3059,9.03,0.0,0.0,0.0,0.0,down,11.15,2026-08-31T14:21:57,0.0,9.125,354.53,2026-09-02 15:44:18,2026-09-02 11:45:02
TSLA,TSLA270617C00690000,TSLA,2027-06-17,C,690.0,8.25,267.0,8.95,193.0,0.5162,1478.0,0.0,0.1306,0.0013,0.6718,-0.058,0.2941,8.6242,0.0,0.0,0.0,0.0,up,9.09,2026-09-01T10:33:29,0.0,8.72499990463257,354.53,2026-09-02 15:44:18,2026-09-02 11:45:02
TSLA,TSLA270617C00700000,TSLA,2027-06-17,C,700.0,8.05,220.0,8.5,234.0,0.5192,12094.0,29.0,0.1254,0.0012,0.6537,-0.0566,0.2828,8.2441,-0.45,8.35,8.35,7.84,no_change,7.9,2026-09-02T10:02:23,-5.38922,8.34999990463257,354.53,2026-09-02 15:44:18,2026-09-02 11:45:02
TSLA,TSLA270617C00710000,TSLA,2027-06-17,C,710.0,7.55,225.0,8.25,212.0,0.5211,1338.0,0.0,0.1206,0.0012,0.636,-0.0553,0.272,7.8878,0.0,0.0,0.0,0.0,no_change,7.95,2026-09-01T15:31:17,0.0,7.94999980926514,354.53,2026-09-02 15:44:18,2026-09-02 11:45:02
TSLA,TSLA270617C00720000,TSLA,2027-06-17,C,720.0,7.3,177.0,7.85,234.0,0.5234,2100.0,0.0,0.116,0.0012,0.6187,-0.054,0.2616,7.5541,0.0,0.0,0.0,0.0,down,7.55,2026-09-01T09:41:36,0.0,7.60000014305115,354.53,2026-09-02 15:44:18,2026-09-02 11:45:02
TSLA,TSLA270617C00730000,TSLA,2027-06-17,C,730.0,6.9,214.0,7.65,237.0,0.5258,1195.0,0.0,0.1117,0.0011,0.6019,-0.0527,0.2517,7.2412,0.0,0.0,0.0,0.0,up,8.0,2026-09-01T09:30:52,0.0,7.25,354.53,2026-09-02 15:44:18,2026-09-02 11:45:02
TSLA,TSLA270617C00740000,TSLA,2027-06-17,C,740.0,6.7,199.0,7.15,95.0,0.527,1649.0,0.0,0.1076,0.0011,0.5857,-0.0515,0.2425,6.9477,0.0,0.0,0.0,0.0,no_change,7.15,2026-09-01T12:20:55,0.0,7.02500009536743,354.53,2026-09-02 15:44:18,2026-09-02 11:45:02
TSLA,TSLA270617C00750000,TSLA,2027-06-17,C,750.0,6.45,244.0,6.9,203.0,0.5297,4008.0,3.0,0.1037,0.0011,0.5703,-0.0504,0.2338,6.6721,-0.045,6.94,6.94,6.5,up,6.68,2026-09-02T10:17:51,-0.669147,6.72500014305115,354.53,2026-09-02 15:44:18,2026-09-02 11:45:02
TSLA,TSLA270617C00760000,TSLA,2027-06-17,C,760.0,6.1,295.0,6.75,271.0,0.5321,1065.0,2.0,0.1,0.001,0.5557,-0.0492,0.2257,6.4128,-0.025,6.5,6.5,6.5,down,6.5,2026-09-02T10:38:08,-0.383143,6.52500009536743,354.53,2026-09-02 15:44:18,2026-09-02 11:45:02
TSLA,TSLA270617C00770000,TSLA,2027-06-17,C,770.0,5.9,246.0,6.5,300.0,0.5347,700.0,8.0,0.0965,0.001,0.5417,-0.0482,0.218,6.1688,0.025,6.25,6.25,6.25,down,6.25,2026-09-02T10:38:07,0.401608,6.22499990463257,354.53,2026-09-02 15:44:18,2026-09-02 11:45:02
TSLA,TSLA270617C00780000,TSLA,2027-06-17,C,780.0,5.7,200.0,6.1,127.0,0.5356,2762.0,0.0,0.0932,0.001,0.5282,-0.0471,0.2107,5.9389,0.0,0.0,0.0,0.0,down,6.05,2026-09-01T15:53:03,0.0,5.97500014305115,354.53,2026-09-02 15:44:18,2026-09-02 11:45:02
TSLA,TSLA270617C00790000,TSLA,2027-06-17,C,790.0,5.5,235.0,5.9,153.0,0.5381,7734.0,23.0,0.09,0.001,0.5151,-0.0461,0.2036,5.7222,-0.035,5.59,5.75,5.59,down,5.74,2026-09-02T10:24:37,-0.606058,5.77499985694885,354.53,2026-09-02 15:44:18,2026-09-02 11:45:02
TSLA,TSLA270617C00800000,TSLA,2027-06-17,C,800.0,5.3,241.0,5.7,145.0,0.5404,15798.0,15.0,0.0871,0.0009,0.5023,-0.0451,0.1968,5.5181,-0.185,5.45,5.6,5.39,down,5.39,2026-09-02T09:59:54,-3.31838,5.57499980926514,354.53,2026-09-02 15:44:18,2026-09-02 11:45:02
TSLA,TSLA270617C00810000,TSLA,2027-06-17,C,810.0,5.1,205.0,5.55,199.0,0.543,5053.0,9.0,0.0842,0.0009,0.4899,-0.0442,0.1903,5.3256,0.0,5.2,5.4,5.2,up,5.4,2026-09-02T10:38:09,-1.76606e-06,5.40000009536743,354.53,2026-09-02 15:44:18,2026-09-02 11:45:02
TSLA,TSLA270617C00820000,TSLA,2027-06-17,C,820.0,5.0,210.0,5.4,216.0,0.5465,3056.0,1.0,0.0816,0.0009,0.4779,-0.0433,0.1842,5.144,-0.13,5.07,5.07,5.07,down,5.07,2026-09-02T09:56:39,-2.5,5.20000004768372,354.53,2026-09-02 15:44:18,2026-09-02 11:45:02
TSLA,TSLA270617C00830000,TSLA,2027-06-17,C,830.0,4.75,203.0,5.15,152.0,0.547,2389.0,0.0,0.079,0.0008,0.4664,-0.0424,0.1784,4.9724,0.0,0.0,0.0,0.0,down,6.16,2026-08-31T14:35:22,0.0,5.04999995231628,354.53,2026-09-02 15:44:18,2026-09-02 11:45:02
TSLA,TSLA270617C00840000,TSLA,2027-06-17,C,840.0,4.65,212.0,5.0,163.0,0.5501,2734.0,10.0,0.0766,0.0008,0.4555,-0.0416,0.1729,4.8102,-0.175,4.7,4.7,4.7,up,4.7,2026-09-02T10:00:50,-3.58974,4.875,354.53,2026-09-02 15:44:18,2026-09-02 11:45:02
TSLA,TSLA270617C00850000,TSLA,2027-06-17,C,850.0,4.4,250.0,4.95,239.0,0.5525,853.0,0.0,0.0743,0.0008,0.4451,-0.0408,0.1678,4.6566,0.0,0.0,0.0,0.0,up,5.55,2026-08-31T10:44:03,0.0,4.82500004768372,354.53,2026-09-02 15:44:18,2026-09-02 11:45:02
TSLA,TSLA270617C00860000,TSLA,2027-06-17,C,860.0,4.3,245.0,4.7,165.0,0.554,1920.0,0.0,0.0721,0.0008,0.4351,-0.04,0.1629,4.5111,0.0,0.0,0.0,0.0,down,4.67,2026-09-01T13:19:43,0.0,4.64999985694885,354.53,2026-09-02 15:44:18,2026-09-02 11:45:02
TSLA,TSLA270617C00870000,TSLA,2027-06-17,C,870.0,4.05,199.0,4.6,147.0,0.5554,346.0,0.0,0.07,0.0008,0.4256,-0.0393,0.1582,4.373,0.0,0.0,0.0,0.0,down,5.3,2026-08-31T15:33:46,0.0,4.625,354.53,2026-09-02 15:44:18,2026-09-02 11:45:02
TSLA,TSLA270617C00880000,TSLA,2027-06-17,C,880.0,4.1,115.0,4.45,99.0,0.5596,2656.0,0.0,0.068,0.0007,0.4164,-0.0385,0.1538,4.242,0.0,0.0,0.0,0.0,no_change,5.25,2026-08-31T15:59:36,0.0,4.39999985694885,354.53,2026-09-02 15:44:18,2026-09-02 11:45:02
TSLA,TSLA270617C00890000,TSLA,2027-06-17,C,890.0,3.75,370.0,4.5,370.0,0.5612,731.0,0.0,0.0661,0.0007,0.4074,-0.0378,0.1495,4.1176,0.0,0.0,0.0,0.0,down,4.15,2026-09-01T14:14:28,0.0,4.27499985694885,354.53,2026-09-02 15:44:18,2026-09-02 11:45:02
TSLA,TSLA270617C00900000,TSLA,2027-06-17,C,900.0,3.8,225.0,4.2,211.0,0.5633,5459.0,4.0,0.0643,0.0007,0.3987,-0.0372,0.1453,3.9995,0.05,4.55,4.55,4.2,down,4.2,2026-09-02T09:54:46,1.20482,4.14999985694885,354.53,2026-09-02 15:44:18,2026-09-02 11:45:02
TSLA,TSLA270617C00910000,TSLA,2027-06-17,C,910.0,3.55,347.0,4.15,282.0,0.5646,1038.0,0.0,0.0626,0.0007,0.3903,-0.0365,0.1413,3.8872,0.0,0.0,0.0,0.0,up,3.8,2026-08-27T15:56:16,0.0,4.125,354.53,2026-09-02 15:44:18,2026-09-02 11:45:02
TSLA,TSLA270617C00920000,TSLA,2027-06-17,C,920.0,3.45,202.0,4.2,155.0,0.569,417.0,0.0,0.0609,0.0007,0.3821,-0.0359,0.1375,3.7805,0.0,0.0,0.0,0.0,up,3.06,2026-07-31T11:08:42,0.0,4.0,354.53,2026-09-02 15:44:18,2026-09-02 11:45:02
TSLA,TSLA270617C00930000,TSLA,2027-06-17,C,930.0,3.55,178.0,3.9,251.0,0.5713,1901.0,0.0,0.0593,0.0006,0.3742,-0.0353,0.1338,3.6789,0.0,0.0,0.0,0.0,no_change,3.8,2026-09-01T15:45:34,0.0,3.79999995231628,354.53,2026-09-02 15:44:18,2026-09-02 11:45:02
TSLA,TSLA270617C00940000,TSLA,2027-06-17,C,940.0,3.45,217.0,3.8,115.0,0.5735,4362.0,0.0,0.0578,0.0006,0.3665,-0.0347,0.1304,3.5821,0.0,0.0,0.0,0.0,no_change,3.7,2026-09-01T15:45:34,0.0,3.72500002384186,354.53,2026-09-02 15:44:18,2026-09-02 11:45:02
TSLA,TSLA270617C00950000,TSLA,2027-06-17,C,950.0,3.15,357.0,3.9,343.0,0.5755,813.0,0.0,0.0564,0.0006,0.3592,-0.0342,0.1271,3.4899,0.0,0.0,0.0,0.0,no_change,4.2,2026-08-31T15:37:49,0.0,3.69999992847443,354.53,2026-09-02 15:44:18,2026-09-02 11:45:02
TSLA,TSLA270617C00960000,TSLA,2027-06-17,C,960.0,3.25,276.0,3.6,210.0,0.5774,2587.0,1.0,0.055,0.0006,0.3522,-0.0336,0.1239,3.4018,-0.1,3.45,3.45,3.45,down,3.45,2026-09-02T10:38:13,-2.8169,3.54999995231628,354.53,2026-09-02 15:44:18,2026-09-02 11:45:02
TSLA,TSLA270617C00970000,TSLA,2027-06-17,C,970.0,3.1,306.0,3.6,239.0,0.5799,1200.0,0.0,0.0537,0.0006,0.3455,-0.0331,0.121,3.3177,0.0,0.0,0.0,0.0,up,3.85,2026-08-31T12:04:52,0.0,3.5,354.53,2026-09-02 15:44:18,2026-09-02 11:45:02
TSLA,TSLA270617C00980000,TSLA,2027-06-17,C,980.0,3.05,285.0,3.4,171.0,0.5808,2454.0,1.0,0.0524,0.0006,0.3391,-0.0326,0.1181,3.2373,-0.1,3.25,3.25,3.25,down,3.25,2026-09-02T10:49:55,-2.98508,3.35000002384186,354.53,2026-09-02 15:44:18,2026-09-02 11:45:02
TSLA,TSLA270617C00990000,TSLA,2027-06-17,C,990.0,3.1,216.0,3.2,400.0,0.583,26225.0,331.0,0.0512,0.0006,0.3329,-0.0321,0.1154,3.1603,-0.05,3.16,3.24,3.1,up,3.2,2026-09-02T11:27:11,-1.53846,3.25,354.53,2026-09-02 15:44:18,2026-09-02 11:45:02
TSLA,TSLA270617P00005000,TSLA,2027-06-17,P,5.0,0.0,0.0,0.02,24.0,1.5428,2857.0,0.0,-0.0002,0.0,0.0019,-0.0005,-0.0006,0.0301,0.0,0.0,0.0,0.0,no_change,0.01,2026-08-26T11:48:42,0.0,0.00999999977648258,354.53,2026-09-02 15:44:18,2026-09-02 11:45:02
TSLA,TSLA270617P00010000,TSLA,2027-06-17,P,10.0,0.0,0.0,0.08,36.0,1.4311,2433.0,0.0,-0.0003,0.0,0.0036,-0.0009,-0.0012,0.0504,0.0,0.0,0.0,0.0,down,0.01,2026-08-31T09:56:28,0.0,0.0399999991059303,354.53,2026-09-02 15:44:18,2026-09-02 11:45:02
TSLA,TSLA270617P00015000,TSLA,2027-06-17,P,15.0,0.0,0.0,0.25,26.0,1.411,876.0,0.0,-0.0005,0.0,0.0053,-0.0012,-0.0018,0.07,0.0,0.0,0.0,0.0,no_change,0.05,2026-08-12T09:30:10,0.0,0.125,354.53,2026-09-02 15:44:18,2026-09-02 11:45:02
TSLA,TSLA270617P00020000,TSLA,2027-06-17,P,20.0,0.01,5.0,0.25,26.0,1.2786,728.0,0.0,-0.0007,0.0,0.0072,-0.0015,-0.0024,0.0902,0.0,0.0,0.0,0.0,down,0.02,2026-08-26T09:30:00,0.0,0.129999999888241,354.53,2026-09-02 15:44:18,2026-09-02 11:45:02
TSLA,TSLA270617P00025000,TSLA,2027-06-17,P,25.0,0.01,25.0,0.35,26.0,1.2179,569.0,0.0,-0.0009,0.0,0.0093,-0.0018,-0.0031,0.1112,0.0,0.0,0.0,0.0,down,0.1,2026-08-27T13:37:43,0.0,0.174999997019768,354.53,2026-09-02 15:44:18,2026-09-02 11:45:02
TSLA,TSLA270617P00030000,TSLA,2027-06-17,P,30.0,0.01,25.0,0.41,26.0,1.151,419.0,0.0,-0.0011,0.0,0.0115,-0.0021,-0.0039,0.1334,0.0,0.0,0.0,0.0,down,0.12,2026-08-31T12:58:27,0.0,0.229999993927777,354.53,2026-09-02 15:44:18,2026-09-02 11:45:02
TSLA,TSLA270617P00035000,TSLA,2027-06-17,P,35.0,0.01,120.0,0.43,26.0,1.0828,3743.0,0.0,-0.0013,0.0,0.0139,-0.0024,-0.0048,0.157,0.0,0.0,0.0,0.0,down,0.12,2026-09-01T12:49:42,0.0,0.139999999664724,354.53,2026-09-02 15:44:18,2026-09-02 11:45:02
TSLA,TSLA270617P00040000,TSLA,2027-06-17,P,40.0,0.06,25.0,0.37,24.0,1.0163,121.0,0.0,-0.0016,0.0,0.0166,-0.0027,-0.0057,0.1821,0.0,0.0,0.0,0.0,down,0.14,2026-08-26T11:38:34,0.0,0.109999999403954,354.53,2026-09-02 15:44:18,2026-09-02 11:45:02
TSLA,TSLA270617P00045000,TSLA,2027-06-17,P,45.0,0.01,25.0,0.39,24.0,0.9529,204.0,0.0,-0.0019,0.0,0.0193,-0.0031,-0.0067,0.2092,0.0,0.0,0.0,0.0,down,0.2,2026-08-19T11:20:22,0.0,0.0850000008940697,354.53,2026-09-02 15:44:18,2026-09-02 11:45:02
TSLA,TSLA270617P00050000,TSLA,2027-06-17,P,50.0,0.1,41.0,0.3,95.0,0.9042,1133.0,0.0,-0.0022,0.0,0.0223,-0.0034,-0.0078,0.2381,0.0,0.0,0.0,0.0,down,0.18,2026-09-01T12:54:27,0.0,0.220000006258488,354.53,2026-09-02 15:44:18,2026-09-02 11:45:02
TSLA,TSLA270617P00055000,TSLA,2027-06-17,P,55.0,0.02,100.0,0.3,25.0,0.8392,126.0,0.0,-0.0026,0.0,0.0256,-0.0038,-0.009,0.2691,0.0,0.0,0.0,0.0,down,0.31,2026-08-14T12:47:19,0.0,0.160000005736947,354.53,2026-09-02 15:44:18,2026-09-02 11:45:02
TSLA,TSLA270617P00060000,TSLA,2027-06-17,P,60.0,0.14,26.0,0.35,25.0,0.8407,257.0,0.0,-0.003,0.0,0.0292,-0.0042,-0.0103,0.3025,0.0,0.0,0.0,0.0,no_change,0.31,2026-08-31T10:48:28,0.0,0.325000006705523,354.53,2026-09-02 15:44:18,2026-09-02 11:45:02
TSLA,TSLA270617P00065000,TSLA,2027-06-17,P,65.0,0.12,130.0,0.52,78.0,0.8303,120.0,0.0,-0.0035,0.0,0.0332,-0.0046,-0.0117,0.3385,0.0,0.0,0.0,0.0,down,0.35,2026-08-28T11:11:23,0.0,0.349999986588955,354.53,2026-09-02 15:44:18,2026-09-02 11:45:02
TSLA,TSLA270617P00070000,TSLA,2027-06-17,P,70.0,0.28,178.0,0.5,390.0,0.8152,207.0,32.0,-0.0039,0.0,0.0372,-0.005,-0.0133,0.3775,-0.075,0.29,0.33,0.29,no_change,0.32,2026-09-02T11:10:32,-18.9873,0.394999995827675,354.53,2026-09-02 15:44:18,2026-09-02 11:45:02
TSLA,TSLA270617P00075000,TSLA,2027-06-17,P,75.0,0.22,298.0,0.47,308.0,0.7695,385.0,0.0,-0.0045,0.0,0.0416,-0.0054,-0.015,0.4194,0.0,0.0,0.0,0.0,down,0.75,2026-07-02T12:55:07,0.0,0.445000007748604,354.53,2026-09-02 15:44:18,2026-09-02 11:45:02
TSLA,TSLA270617P00080000,TSLA,2027-06-17,P,80.0,0.23,140.0,0.74,191.0,0.7725,573.0,0.0,-0.005,0.0001,0.0464,-0.0059,-0.0168,0.4646,0.0,0.0,0.0,0.0,up,0.54,2026-08-31T13:05:50,0.0,0.475000008940697,354.53,2026-09-02 15:44:18,2026-09-02 11:45:02
TSLA,TSLA270617P00085000,TSLA,2027-06-17,P,85.0,0.27,299.0,0.61,257.0,0.7328,918.0,0.0,-0.0057,0.0001,0.0516,-0.0064,-0.0189,0.5135,0.0,0.0,0.0,0.0,no_change,0.61,2026-08-18T11:21:58,0.0,0.535000011324882,354.53,2026-09-02 15:44:18,2026-09-02 11:45:02
TSLA,TSLA270617P00090000,TSLA,2027-06-17,P,90.0,0.38,508.0,0.61,223.0,0.7163,252.0,10.0,-0.0064,0.0001,0.0573,-0.0069,-0.0211,0.5665,-0.04,0.55,0.55,0.55,down,0.55,2026-09-02T11:18:08,-6.77966,0.590000003576279,354.53,2026-09-02 15:44:18,2026-09-02 11:45:02
TSLA,TSLA270617P00095000,TSLA,2027-06-17,P,95.0,0.35,250.0,0.95,231.0,0.7165,1577.0,0.0,-0.0071,0.0001,0.0633,-0.0074,-0.0235,0.6242,0.0,0.0,0.0,0.0,no_change,0.62,2026-08-27T12:09:37,0.0,0.640000015497208,354.53,2026-09-02 15:44:18,2026-09-02 11:45:02
TSLA,TSLA270617P00100000,TSLA,2027-06-17,P,100.0,0.59,102.0,0.84,120.0,0.7,2575.0,0.0,-0.008,0.0001,0.0696,-0.008,-0.0261,0.6869,0.0,0.0,0.0,0.0,no_change,0.73,2026-08-31T13:06:45,0.0,0.694999992847443,354.53,2026-09-02 15:44:18,2026-09-02 11:45:02
TSLA,TSLA270617P00105000,TSLA,2027-06-17,P,105.0,0.45,70.0,1.1,83.0,0.683,364.0,0.0,-0.0089,0.0001,0.0765,-0.0086,-0.029,0.755,0.0,0.0,0.0,0.0,no_change,0.84,2026-08-21T11:04:18,0.0,0.784999996423721,354.53,2026-09-02 15:44:18,2026-09-02 11:45:02
TSLA,TSLA270617P00110000,TSLA,2027-06-17,P,110.0,0.71,75.0,0.99,62.0,0.6682,1678.0,0.0,-0.0099,0.0001,0.0841,-0.0093,-0.0321,0.8294,0.0,0.0,0.0,0.0,down,0.84,2026-08-31T13:56:42,0.0,0.825000017881394,354.53,2026-09-02 15:44:18,2026-09-02 11:45:02
TSLA,TSLA270617P00115000,TSLA,2027-06-17,P,115.0,0.59,267.0,1.27,187.0,0.6539,608.0,0.0,-0.011,0.0001,0.0923,-0.01,-0.0356,0.911,0.0,0.0,0.0,0.0,no_change,0.88,2026-09-01T10:16:07,0.0,0.96000000834465,354.53,2026-09-02 15:44:18,2026-09-02 11:45:02
TSLA,TSLA270617P00120000,TSLA,2027-06-17,P,120.0,0.91,151.0,1.18,194.0,0.6432,535.0,0.0,-0.0122,0.0002,0.1013,-0.0107,-0.0395,1.0009,0.0,0.0,0.0,0.0,no_change,1.02,2026-09-01T10:16:07,0.0,0.995000004768372,354.53,2026-09-02 15:44:18,2026-09-02 11:45:02
TSLA,TSLA270617P00125000,TSLA,2027-06-17,P,125.0,0.85,185.0,1.36,168.0,0.6268,675.0,0.0,-0.0135,0.0002,0.1104,-0.0115,-0.0436,1.1003,0.0,0.0,0.0,0.0,no_change,1.1,2026-08-31T12:08:50,0.0,1.14999997615814,354.53,2026-09-02 15:44:18,2026-09-02 11:45:02
TSLA,TSLA270617P00130000,TSLA,2027-06-17,P,130.0,0.86,200.0,1.56,209.0,0.6148,290.0,0.0,-0.015,0.0002,0.1205,-0.0123,-0.0481,1.2097,0.0,0.0,0.0,0.0,down,1.19,2026-09-01T10:52:17,0.0,1.18999999761581,354.53,2026-09-02 15:44:18,2026-09-02 11:45:02
TSLA,TSLA270617P00135000,TSLA,2027-06-17,P,135.0,0.97,168.0,1.68,150.0,0.6033,124.0,0.0,-0.0166,0.0002,0.1317,-0.0132,-0.0532,1.3309,0.0,0.0,0.0,0.0,down,1.33,2026-08-31T12:38:48,0.0,1.30500000715256,354.53,2026-09-02 15:44:18,2026-09-02 11:45:02
TSLA,TSLA270617P00140000,TSLA,2027-06-17,P,140.0,1.08,153.0,1.81,135.0,0.592,267.0,0.0,-0.0184,0.0002,0.1438,-0.0142,-0.0588,1.4656,0.0,0.0,0.0,0.0,down,1.45,2026-08-31T15:32:26,0.0,1.43500000238419,354.53,2026-09-02 15:44:18,2026-09-02 11:45:02
TSLA,TSLA270617P00145000,TSLA,2027-06-17,P,145.0,1.25,367.0,1.96,345.0,0.5831,151.0,0.0,-0.0204,0.0003,0.1571,-0.0152,-0.065,1.6159,0.0,0.0,0.0,0.0,down,1.82,2026-08-26T12:50:16,0.0,1.5799999833107,354.53,2026-09-02 15:44:18,2026-09-02 11:45:02
TSLA,TSLA270617P00150000,TSLA,2027-06-17,P,150.0,1.62,138.0,1.93,137.0,0.5742,3147.0,0.0,-0.0225,0.0003,0.1706,-0.0164,-0.0717,1.7832,0.0,0.0,0.0,0.0,down,1.74,2026-08-31T15:33:31,0.0,1.77999997138977,354.53,2026-09-02 15:44:18,2026-09-02 11:45:02
TSLA,TSLA270617P00155000,TSLA,2027-06-17,P,155.0,1.59,236.0,2.33,221.0,0.5658,468.0,0.0,-0.0249,0.0003,0.1855,-0.0176,-0.0792,1.969,0.0,0.0,0.0,0.0,down,2.14,2026-08-27T14:36:34,0.0,1.93500006198883,354.53,2026-09-02 15:44:18,2026-09-02 11:45:02
TSLA,TSLA270617P00160000,TSLA,2027-06-17,P,160.0,1.82,182.0,2.55,219.0,0.5588,604.0,0.0,-0.0275,0.0004,0.2019,-0.0188,-0.0875,2.1757,0.0,0.0,0.0,0.0,down,2.13,2026-09-01T12:47:23,0.0,2.13499999046326,354.53,2026-09-02 15:44:18,2026-09-02 11:45:02
TSLA,TSLA270617P00165000,TSLA,2027-06-17,P,165.0,2.05,202.0,2.8,195.0,0.5518,383.0,0.0,-0.0304,0.0004,0.2202,-0.0202,-0.0965,2.406,0.0,0.0,0.0,0.0,down,2.24,2026-09-01T15:07:11,0.0,2.35000002384186,354.53,2026-09-02 15:44:18,2026-09-02 11:45:02
TSLA,TSLA270617P00170000,TSLA,2027-06-17,P,170.0,2.54,217.0,2.85,365.0,0.5454,1034.0,10.0,-0.0336,0.0004,0.2382,-0.0217,-0.1064,2.663,0.095,2.75,2.75,2.75,up,2.75,2026-09-02T09:52:24,3.57816,2.65499997138977,354.53,2026-09-02 15:44:18,2026-09-02 11:45:02
TSLA,TSLA270617P00175000,TSLA,2027-06-17,P,175.0,2.88,88.0,3.1,198.0,0.5392,3142.0,0.0,-0.0371,0.0005,0.2577,-0.0232,-0.1172,2.9471,0.0,0.0,0.0,0.0,no_change,2.91,2026-09-01T12:09:05,0.0,2.94999992847443,354.53,2026-09-02 15:44:18,2026-09-02 11:45:02
TSLA,TSLA270617P00180000,TSLA,2027-06-17,P,180.0,3.15,189.0,3.45,279.0,0.533,1973.0,11.0,-0.0409,0.0005,0.2792,-0.0249,-0.1289,3.2612,0.075,3.32,3.32,3.3,down,3.3,2026-09-02T09:56:27,2.32558,3.22499990463257,354.53,2026-09-02 15:44:18,2026-09-02 11:45:02
TSLA,TSLA270617P00185000,TSLA,2027-06-17,P,185.0,3.25,178.0,4.1,224.0,0.5282,638.0,0.0,-0.045,0.0006,0.3024,-0.0267,-0.142,3.6088,0.0,0.0,0.0,0.0,up,3.6,2026-09-01T10:13:43,0.0,3.60000002384186,354.53,2026-09-02 15:44:18,2026-09-02 11:45:02
TSLA,TSLA270617P00190000,TSLA,2027-06-17,P,190.0,3.85,217.0,4.2,236.0,0.5217,1139.0,12.0,-0.0495,0.0006,0.3257,-0.0285,-0.1558,3.9937,0.095,4.1,4.12,4.07,up,4.12,2026-09-02T10:49:20,2.36025,4.02499997615814,354.53,2026-09-02 15:44:18,2026-09-02 11:45:02
TSLA,TSLA270617P00195000,TSLA,2027-06-17,P,195.0,4.25,145.0,4.65,142.0,0.5169,1041.0,0.0,-0.0544,0.0007,0.3499,-0.0304,-0.1707,4.4159,0.0,0.0,0.0,0.0,no_change,4.22,2026-08-31T15:55:14,0.0,4.42500019073486,354.53,2026-09-02 15:44:18,2026-09-02 11:45:02
TSLA,TSLA270617P00200000,TSLA,2027-06-17,P,200.0,4.8,160.0,5.1,204.0,0.5133,17121.0,5.0,-0.0596,0.0007,0.3764,-0.0325,-0.1869,4.8784,0.1,4.9,5.0,4.9,up,5.0,2026-09-02T10:29:45,2.04081,4.90000009536743,354.53,2026-09-02 15:44:18,2026-09-02 11:45:02
TSLA,TSLA270617P00205000,TSLA,2027-06-17,P,205.0,5.3,130.0,5.6,177.0,0.5088,2422.0,1.0,-0.0652,0.0008,0.4042,-0.0346,-0.2041,5.3851,0.025,5.45,5.45,5.45,up,5.45,2026-09-02T10:41:02,0.460826,5.42500019073486,354.53,2026-09-02 15:44:18,2026-09-02 11:45:02
TSLA,TSLA270617P00210000,TSLA,2027-06-17,P,210.0,5.85,80.0,6.15,110.0,0.5047,1206.0,0.0,-0.0712,0.0009,0.4325,-0.0368,-0.223,5.9403,0.0,0.0,0.0,0.0,no_change,6.0,2026-09-01T14:42:42,0.0,6.02500009536743,354.53,2026-09-02 15:44:18,2026-09-02 11:45:02
TSLA,TSLA270617P00215000,TSLA,2027-06-17,P,215.0,6.45,77.0,6.7,51.0,0.5003,238.0,0.0,-0.0777,0.0009,0.4608,-0.039,-0.2427,6.5435,0.0,0.0,0.0,0.0,down,6.43,2026-09-01T10:15:43,0.0,6.5,354.53,2026-09-02 15:44:18,2026-09-02 11:45:02
TSLA,TSLA270617P00220000,TSLA,2027-06-17,P,220.0,7.1,125.0,7.45,244.0,0.4978,3684.0,4.0,-0.0845,0.001,0.4913,-0.0413,-0.2638,7.1975,0.07,7.27,7.27,7.27,no_change,7.27,2026-09-02T10:53:12,0.972222,7.20000004768372,354.53,2026-09-02 15:44:18,2026-09-02 11:45:02
TSLA,TSLA270617P00225000,TSLA,2027-06-17,P,225.0,7.8,75.0,8.35,181.0,0.4963,471.0,0.0,-0.0918,0.0011,0.5229,-0.0437,-0.2857,7.9067,0.0,0.0,0.0,0.0,down,7.95,2026-09-01T15:47:39,0.0,7.97499990463257,354.53,2026-09-02 15:44:18,2026-09-02 11:45:02
TSLA,TSLA270617P00230000,TSLA,2027-06-17,P,230.0,8.5,179.0,8.9,108.0,0.4906,3656.0,0.0,-0.0995,0.0011,0.5547,-0.0461,-0.3099,8.6755,0.0,0.0,0.0,0.0,down,8.48,2026-09-01T12:22:37,0.0,8.65000009536743,354.53,2026-09-02 15:44:18,2026-09-02 11:45:02
TSLA,TSLA270617P00235000,TSLA,2027-06-17,P,235.0,9.05,285.0,10.05,291.0,0.4882,274.0,0.0,-0.1077,0.0012,0.586,-0.0486,-0.3345,9.5026,0.0,0.0,0.0,0.0,up,9.23,2026-08-31T12:24:10,0.0,9.625,354.53,2026-09-02 15:44:18,2026-09-02 11:45:02
TSLA,TSLA270617P00240000,TSLA,2027-06-17,P,240.0,10.2,226.0,10.55,74.0,0.4846,9039.0,1.0,-0.1162,0.0013,0.6185,-0.051,-0.3605,10.3904,0.12,10.42,10.42,10.42,up,10.42,2026-09-02T11:26:24,1.16505,10.3000001907349,354.53,2026-09-02 15:44:18,2026-09-02 11:45:02
TSLA,TSLA270617P00245000,TSLA,2027-06-17,P,245.0,11.1,147.0,11.65,60.0,0.4829,662.0,0.0,-0.1252,0.0014,0.6521,-0.0536,-0.3874,11.3437,0.0,0.0,0.0,0.0,up,11.38,2026-09-01T14:39:06,0.0,11.3500003814697,354.53,2026-09-02 15:44:18,2026-09-02 11:45:02
TSLA,TSLA270617P00250000,TSLA,2027-06-17,P,250.0,12.15,282.0,12.5,49.0,0.4796,8107.0,3.0,-0.1346,0.0014,0.686,-0.0561,-0.4163,12.3664,0.245,12.73,12.73,12.52,no_change,12.52,2026-09-02T10:16:24,1.99593,12.2750000953674,354.53,2026-09-02 15:44:18,2026-09-02 11:45:02
TSLA,TSLA270617P00255000,TSLA,2027-06-17,P,255.0,13.1,268.0,13.85,266.0,0.4785,805.0,0.0,-0.1444,0.0015,0.718,-0.0586,-0.4452,13.4573,0.0,0.0,0.0,0.0,up,13.3,2026-09-01T14:04:57,0.0,13.3249998092651,354.53,2026-09-02 15:44:18,2026-09-02 11:45:02
TSLA,TSLA270617P00260000,TSLA,2027-06-17,P,260.0,14.4,323.0,14.75,73.0,0.4758,6937.0,8.0,-0.1546,0.0016,0.7509,-0.0611,-0.4758,14.6172,0.5,15.25,15.3,15.0,down,15.0,2026-09-02T09:50:37,3.44828,14.5,354.53,2026-09-02 15:44:18,2026-09-02 11:45:02
TSLA,TSLA270617P00270000,TSLA,2027-06-17,P,270.0,16.9,309.0,17.35,72.0,0.4725,6425.0,1.0,-0.1762,0.0018,0.8184,-0.0661,-0.5416,17.1622,0.975,18.0,18.0,18.0,up,18.0,2026-09-02T09:45:56,5.72687,17.0249996185303,354.53,2026-09-02 15:44:18,2026-09-02 11:45:02
TSLA,TSLA270617P00280000,TSLA,2027-06-17,P,280.0,19.75,378.0,20.2,77.0,0.4697,5142.0,761.0,-0.1991,0.0019,0.8797,-0.0709,-0.6061,20.0143,0.625,19.65,20.6,19.5,up,20.5,2026-09-02T11:02:48,3.14465,19.875,354.53,2026-09-02 15:44:18,2026-09-02 11:45:02
TSLA,TSLA270617P00290000,TSLA,2027-06-17,P,290.0,23.0,92.0,23.3,32.0,0.4675,3174.0,17.0,-0.2233,0.0021,0.941,-0.0755,-0.6768,23.1835,0.07,24.05,24.05,23.07,down,23.07,2026-09-02T11:27:22,0.304348,23.0,354.53,2026-09-02 15:44:18,2026-09-02 11:45:02
TSLA,TSLA270617P00300000,TSLA,2027-06-17,P,300.0,26.4,188.0,26.85,48.0,0.4654,11046.0,4.0,-0.2486,0.0022,0.9962,-0.0798,-0.7488,26.6829,0.225,27.5,27.5,26.7,down,26.7,2026-09-02T10:29:47,0.849857,26.4750003814697,354.53,2026-09-02 15:44:18,2026-09-02 11:45:02
TSLA,TSLA270617P00310000,TSLA,2027-06-17,P,310.0,30.1,266.0,30.75,29.0,0.4638,1764.0,3.0,-0.2748,0.0024,1.0479,-0.0838,-0.8205,30.5048,0.23,30.52,31.2,30.48,down,30.48,2026-09-02T11:16:50,0.760331,30.25,354.53,2026-09-02 15:44:18,2026-09-02 11:45:02
TSLA,TSLA270617P00320000,TSLA,2027-06-17,P,320.0,34.35,102.0,34.85,39.0,0.4627,5700.0,0.0,-0.3017,0.0025,1.0942,-0.0874,-0.894,34.6776,0.0,0.0,0.0,0.0,no_change,35.1,2026-09-01T14:48:42,0.0,34.3999996185303,354.53,2026-09-02 15:44:18,2026-09-02 11:45:02
TSLA,TSLA270617P00330000,TSLA,2027-06-17,P,330.0,38.8,232.0,39.3,38.0,0.4614,4134.0,63.0,-0.3291,0.0026,1.1345,-0.0907,-0.9674,39.1707,0.725,39.38,40.2,39.38,down,39.55,2026-09-02T11:09:35,1.86736,38.8249988555908,354.53,2026-09-02 15:44:18,2026-09-02 11:45:02
TSLA,TSLA270617P00340000,TSLA,2027-06-17,P,340.0,43.6,104.0,44.15,46.0,0.4608,2285.0,0.0,-0.3569,0.0027,1.1689,-0.0934,-1.0415,44.0017,0.0,0.0,0.0,0.0,up,43.2,2026-09-01T14:00:11,0.0,43.5749988555908,354.53,2026-09-02 15:44:18,2026-09-02 11:45:02
TSLA,TSLA270617P00350000,TSLA,2027-06-17,P,350.0,48.7,198.0,49.25,39.0,0.4607,5281.0,0.0,-0.3847,0.0028,1.1957,-0.0958,-1.1073,49.1512,0.0,0.0,0.0,0.0,up,49.0,2026-09-01T14:21:49,0.0,48.6499996185303,354.53,2026-09-02 15:44:18,2026-09-02 11:45:02
TSLA,TSLA270617P00360000,TSLA,2027-06-17,P,360.0,53.8,369.0,54.9,47.0,0.4601,1464.0,2.0,-0.4126,0.0028,1.2166,-0.0978,-1.1738,54.6149,1.18,55.8,55.8,55.18,down,55.18,2026-09-02T10:14:39,2.18519,54.0,354.53,2026-09-02 15:44:18,2026-09-02 11:45:02
TSLA,TSLA270617P00370000,TSLA,2027-06-17,P,370.0,59.85,84.0,60.6,53.0,0.4613,8879.0,0.0,-0.4402,0.0029,1.2314,-0.0992,-1.2374,60.389,0.0,0.0,0.0,0.0,down,59.45,2026-09-01T15:27:29,0.0,59.7250003814697,354.53,2026-09-02 15:44:18,2026-09-02 11:45:02
TSLA,TSLA270617P00380000,TSLA,2027-06-17,P,380.0,65.85,35.0,66.65,23.0,0.4614,1944.0,0.0,-0.4672,0.0029,1.2396,-0.1004,-1.2983,66.4871,0.0,0.0,0.0,0.0,down,65.6,2026-09-01T15:48:47,0.0,65.7750015258789,354.53,2026-09-02 15:44:18,2026-09-02 11:45:02
TSLA,TSLA270617P00390000,TSLA,2027-06-17,P,390.0,72.15,37.0,73.15,35.0,0.4628,1732.0,0.0,-0.4942,0.003,1.2412,-0.101,-1.3509,72.7858,0.0,0.0,0.0,0.0,down,72.0,2026-09-01T15:41:56,0.0,71.8499984741211,354.53,2026-09-02 15:44:18,2026-09-02 11:45:02
TSLA,TSLA270617P00400000,TSLA,2027-06-17,P,400.0,78.75,90.0,79.5,34.0,0.4627,3590.0,0.0,-0.5203,0.003,1.2387,-0.1014,-1.3967,79.4127,0.0,0.0,0.0,0.0,down,78.14,2026-09-01T15:48:08,0.0,78.3999977111816,354.53,2026-09-02 15:44:18,2026-09-02 11:45:02
TSLA,TSLA270617P00410000,TSLA,2027-06-17,P,410.0,85.4,256.0,87.1,134.0,0.4668,1535.0,0.0,-0.5459,0.003,1.2302,-0.1013,-1.4449,86.2526,0.0,0.0,0.0,0.0,up,84.41,2026-09-01T09:49:46,0.0,85.2000007629394,354.53,2026-09-02 15:44:18,2026-09-02 11:45:02
TSLA,TSLA270617P00420000,TSLA,2027-06-17,P,420.0,92.15,225.0,94.05,223.0,0.4651,1295.0,0.0,-0.5709,0.003,1.2154,-0.101,-1.481,93.3333,0.0,0.0,0.0,0.0,down,87.15,2026-08-31T15:33:10,0.0,92.3499984741211,354.53,2026-09-02 15:44:18,2026-09-02 11:45:02
TSLA,TSLA270617P00430000,TSLA,2027-06-17,P,430.0,99.8,81.0,100.85,58.0,0.4656,1689.0,0.0,-0.595,0.003,1.1985,-0.1003,-1.5082,100.6411,0.0,0.0,0.0,0.0,down,101.05,2026-09-01T14:48:57,0.0,99.4500007629394,354.53,2026-09-02 15:44:18,2026-09-02 11:45:02
TSLA,TSLA270617P00440000,TSLA,2027-06-17,P,440.0,107.3,75.0,108.45,34.0,0.467,1991.0,0.0,-0.6185,0.003,1.177,-0.0994,-1.5339,108.1504,0.0,0.0,0.0,0.0,down,107.76,2026-09-01T14:37:42,0.0,106.849998474121,354.53,2026-09-02 15:44:18,2026-09-02 11:45:02
TSLA,TSLA270617P00450000,TSLA,2027-06-17,P,450.0,114.55,193.0,115.8,8.0,0.4655,1149.0,0.0,-0.6411,0.003,1.1513,-0.0983,-1.5516,115.8894,0.0,0.0,0.0,0.0,down,115.75,2026-09-01T14:42:10,0.0,114.649997711182,354.53,2026-09-02 15:44:18,2026-09-02 11:45:02
TSLA,TSLA270617P00460000,TSLA,2027-06-17,P,460.0,121.3,256.0,123.75,2.0,0.4612,627.0,0.0,-0.6628,0.0029,1.1192,-0.097,-1.5653,123.7954,0.0,0.0,0.0,0.0,up,123.33,2026-09-01T14:38:35,0.0,122.600002288818,354.53,2026-09-02 15:44:18,2026-09-02 11:45:02
TSLA,TSLA270617P00470000,TSLA,2027-06-17,P,470.0,129.45,360.0,132.75,242.0,0.4671,608.0,1.0,-0.6838,0.0029,1.0901,-0.0954,-1.5658,131.8645,2.955,133.58,133.58,133.58,down,133.58,2026-09-02T10:01:04,2.2622,130.625,354.53,2026-09-02 15:44:18,2026-09-02 11:45:02
TSLA,TSLA270617P00480000,TSLA,2027-06-17,P,480.0,138.35,215.0,141.85,208.0,0.4759,492.0,0.0,-0.704,0.0029,1.0569,-0.0938,-1.569,140.0919,0.0,0.0,0.0,0.0,down,134.45,2026-08-31T11:00:28,0.0,138.799995422363,354.53,2026-09-02 15:44:18,2026-09-02 11:45:02
TSLA,TSLA270617P00490000,TSLA,2027-06-17,P,490.0,145.9,211.0,149.05,5.0,0.4692,232.0,0.0,-0.7232,0.0028,1.0203,-0.0919,-1.5576,148.4576,0.0,0.0,0.0,0.0,down,148.0,2026-09-01T14:38:13,0.0,147.125,354.53,2026-09-02 15:44:18,2026-09-02 11:45:02
TSLA,TSLA270617P00500000,TSLA,2027-06-17,P,500.0,155.1,219.0,157.1,19.0,0.47,1095.0,0.0,-0.7418,0.0028,0.9782,-0.0901,-1.5457,156.9803,0.0,0.0,0.0,0.0,down,150.48,2026-08-21T15:10:08,0.0,155.524993896484,354.53,2026-09-02 15:44:18,2026-09-02 11:45:02
TSLA,TSLA270617P00510000,TSLA,2027-06-17,P,510.0,163.05,211.0,166.8,144.0,0.4733,494.0,0.0,-0.7595,0.0027,0.9418,-0.0879,-1.5185,165.625,0.0,0.0,0.0,0.0,down,158.66,2026-08-31T12:05:00,0.0,164.199996948242,354.53,2026-09-02 15:44:18,2026-09-02 11:45:02
TSLA,TSLA270617P00520000,TSLA,2027-06-17,P,520.0,171.85,220.0,175.7,171.0,0.4757,170.0,0.0,-0.7767,0.0027,0.8991,-0.086,-1.4964,174.3914,0.0,0.0,0.0,0.0,down,167.16,2026-08-31T12:05:00,0.0,172.924995422363,354.53,2026-09-02 15:44:18,2026-09-02 11:45:02
TSLA,TSLA270617P00530000,TSLA,2027-06-17,P,530.0,180.75,104.0,184.55,56.0,0.4771,196.0,0.0,-0.793,0.0026,0.8593,-0.084,-1.4752,183.2681,0.0,0.0,0.0,0.0,up,182.77,2026-09-01T14:38:55,0.0,181.675003051758,354.53,2026-09-02 15:44:18,2026-09-02 11:45:02
TSLA,TSLA270617P00540000,TSLA,2027-06-17,P,540.0,189.75,125.0,193.5,47.0,0.4783,362.0,0.0,-0.8085,0.0026,0.809,-0.0817,-1.4082,192.2556,0.0,0.0,0.0,0.0,down,205.05,2026-08-17T12:54:46,0.0,190.700004577637,354.53,2026-09-02 15:44:18,2026-09-02 11:45:02
TSLA,TSLA270617P00550000,TSLA,2027-06-17,P,550.0,198.85,131.0,202.5,43.0,0.4793,1032.0,0.0,-0.8237,0.0026,0.7694,-0.0799,-1.384,201.338,0.0,0.0,0.0,0.0,no_change,200.94,2026-09-01T14:40:12,0.0,199.5,354.53,2026-09-02 15:44:18,2026-09-02 11:45:02
TSLA,TSLA270617P00560000,TSLA,2027-06-17,P,560.0,208.05,125.0,211.75,60.0,0.4813,507.0,0.0,-0.838,0.0025,0.7283,-0.0775,-1.3255,210.5042,0.0,0.0,0.0,0.0,down,217.96,2026-08-19T11:03:18,0.0,209.0,354.53,2026-09-02 15:44:18,2026-09-02 11:45:02
TSLA,TSLA270617P00570000,TSLA,2027-06-17,P,570.0,218.25,25.0,220.95,22.0,0.4896,79.0,0.0,-0.8517,0.0025,0.6749,-0.075,-1.2771,219.7633,0.0,0.0,0.0,0.0,down,225.66,2026-08-21T09:39:02,0.0,218.074996948242,354.53,2026-09-02 15:44:18,2026-09-02 11:45:02
TSLA,TSLA270617P00580000,TSLA,2027-06-17,P,580.0,226.7,92.0,230.25,52.0,0.4837,235.0,0.0,-0.8648,0.0024,0.6409,-0.0723,-1.2418,229.0898,0.0,0.0,0.0,0.0,down,229.83,2026-09-01T14:48:57,0.0,227.25,354.53,2026-09-02 15:44:18,2026-09-02 11:45:02
TSLA,TSLA270617P00590000,TSLA,2027-06-17,P,590.0,236.15,103.0,239.65,55.0,0.4848,269.0,0.0,-0.877,0.0024,0.5906,-0.0689,-1.1042,238.4933,0.0,0.0,0.0,0.0,no_change,236.62,2026-09-01T15:12:41,0.0,236.724998474121,354.53,2026-09-02 15:44:18,2026-09-02 11:45:02
TSLA,TSLA270617P00600000,TSLA,2027-06-17,P,600.0,244.9,154.0,250.45,97.0,0.4919,429.0,0.0,-0.8892,0.0023,0.5291,-0.0679,-1.0626,247.9811,0.0,0.0,0.0,0.0,up,248.08,2026-09-01T14:42:10,0.0,246.400001525879,354.53,2026-09-02 15:44:18,2026-09-02 11:45:02
TSLA,TSLA270617P00610000,TSLA,2027-06-17,P,610.0,254.25,112.0,258.9,78.0,0.4778,148.0,0.0,-0.9004,0.0023,0.5002,-0.0668,-1.012,257.5151,0.0,0.0,0.0,0.0,down,246.95,2026-08-31T15:49:02,0.0,255.875,354.53,2026-09-02 15:44:18,2026-09-02 11:45:02
TSLA,TSLA270617P00620000,TSLA,2027-06-17,P,620.0,263.7,118.0,268.45,80.0,0.4733,174.0,0.0,-0.9107,0.0022,0.4529,-0.0641,-0.9228,267.1094,0.0,0.0,0.0,0.0,no_change,264.11,2026-08-21T10:06:46,0.0,265.75,354.53,2026-09-02 15:44:18,2026-09-02 11:45:02
TSLA,TSLA270617P00630000,TSLA,2027-06-17,P,630.0,273.65,136.0,278.15,74.0,0.4767,447.0,1.0,-0.9222,0.0022,0.4121,-0.0602,-0.8479,276.7537,4.725,280.05,280.05,280.05,up,280.05,2026-09-02T09:44:53,1.71615,275.324996948242,354.53,2026-09-02 15:44:18,2026-09-02 11:45:02
TSLA,TSLA270617P00640000,TSLA,2027-06-17,P,640.0,282.4,23.0,288.3,23.0,0.0,0.0,0.0,-0.9331,0.0022,0.3686,-0.0609,-0.8034,286.4491,0.0,0.0,0.0,0.0,down,319.33,2026-08-06T10:38:39,0.0,284.900009155273,354.53,2026-09-02 15:44:18,2026-09-02 11:45:02
TSLA,TSLA270617P00650000,TSLA,2027-06-17,P,650.0,294.1,23.0,299.5,23.0,0.5259,0.0,0.0,-0.9429,0.0022,0.3298,-0.0606,-0.6419,296.1858,0.0,0.0,0.0,0.0,no_change,323.27,2026-08-07T15:38:11,0.0,294.724990844727,354.53,2026-09-02 15:44:18,2026-09-02 11:45:02
TSLA,TSLA270617P00660000,TSLA,2027-06-17,P,660.0,302.65,22.0,309.0,25.0,0.5035,16.0,0.0,-0.9513,0.0022,0.268,-0.0527,-0.5887,305.985,0.0,0.0,0.0,0.0,no_change,314.32,2026-08-26T15:59:49,0.0,305.100006103516,354.53,2026-09-02 15:44:18,2026-09-02 11:45:02
TSLA,TSLA270617P00670000,TSLA,2027-06-17,P,670.0,312.4,18.0,318.8,21.0,0.5029,2.0,0.0,-0.9591,0.0021,0.2411,-0.0445,-0.5835,315.8047,0.0,0.0,0.0,0.0,no_change,324.26,2026-08-26T15:59:49,0.0,314.574996948242,354.53,2026-09-02 15:44:18,2026-09-02 11:45:02
TSLA,TSLA270617P00680000,TSLA,2027-06-17,P,680.0,322.25,17.0,328.95,16.0,0.5124,1.0,0.0,-0.9661,0.002,0.225,-0.0367,-0.5202,325.6417,0.0,0.0,0.0,0.0,up,314.7,2026-08-31T14:47:27,0.0,324.350006103516,354.53,2026-09-02 15:44:18,2026-09-02 11:45:02
TSLA,TSLA270617P00690000,TSLA,2027-06-17,P,690.0,332.2,20.0,338.75,16.0,0.0,1.0,0.0,-0.9721,0.0018,0.1738,-0.0337,0.0,335.5288,0.0,0.0,0.0,0.0,down,326.64,2026-08-21T12:54:33,0.0,334.25,354.53,2026-09-02 15:44:18,2026-09-02 11:45:02
TSLA,TSLA270617P00700000,TSLA,2027-06-17,P,700.0,342.1,20.0,348.75,16.0,0.0,5.0,0.0,-0.9776,0.0015,0.0335,-0.0517,0.0,345.5288,0.0,0.0,0.0,0.0,down,339.54,2026-08-31T09:52:45,0.0,344.225006103516,354.53,2026-09-02 15:44:18,2026-09-02 11:45:02
TSLA,TSLA270617P00710000,TSLA,2027-06-17,P,710.0,352.05,16.0,358.85,20.0,0.0,0.0,0.0,-0.9823,0.0012,0.0,-0.0517,0.0,355.5288,0.0,0.0,0.0,0.0,up,357.34,2026-08-27T12:24:35,0.0,354.199996948242,354.53,2026-09-02 15:44:18,2026-09-02 11:45:02
TSLA,TSLA270617P00720000,TSLA,2027-06-17,P,720.0,362.0,17.0,368.65,16.0,0.0,0.0,0.0,-0.9865,0.0009,0.0,-0.0517,0.0,365.5288,0.0,0.0,0.0,0.0,down,403.38,2026-07-23T15:49:44,0.0,364.275009155273,354.53,2026-09-02 15:44:18,2026-09-02 11:45:02
TSLA,TSLA270617P00730000,TSLA,2027-06-17,P,730.0,372.0,16.0,378.65,16.0,0.0,0.0,0.0,-0.9898,0.0007,0.0,-0.0517,0.0,375.5288,0.0,0.0,0.0,0.0,up,405.55,2026-07-23T14:42:45,0.0,374.275009155273,354.53,2026-09-02 15:44:18,2026-09-02 11:45:02
TSLA,TSLA270617P00740000,TSLA,2027-06-17,P,740.0,382.0,20.0,389.1,16.0,0.5632,0.0,0.0,-0.9927,0.0005,0.0,-0.0517,0.0,385.5288,0.0,0.0,0.0,0.0,up,415.6,2026-07-23T14:42:35,0.0,384.150009155273,354.53,2026-09-02 15:44:18,2026-09-02 11:45:02
TSLA,TSLA270617P00750000,TSLA,2027-06-17,P,750.0,391.85,16.0,398.8,16.0,0.0,0.0,0.0,-0.9954,0.0003,0.0,-0.0517,0.0,395.5288,0.0,0.0,0.0,0.0,up,356.36,2026-05-19T12:12:51,0.0,394.175003051758,354.53,2026-09-02 15:44:18,2026-09-02 11:45:02
TSLA,TSLA270617P00760000,TSLA,2027-06-17,P,760.0,402.0,1.0,409.3,16.0,0.5854,0.0,0.0,-0.9978,0.0001,0.0,-0.0517,0.0,405.5288,0.0,0.0,0.0,0.0,up,395.35,2026-04-14T13:13:20,0.0,404.150009155273,354.53,2026-09-02 15:44:18,2026-09-02 11:45:02
TSLA,TSLA270617P00770000,TSLA,2027-06-17,P,770.0,412.0,16.0,419.2,20.0,0.591,0.0,0.0,-0.9998,0.0,0.0,-0.0517,0.0,415.5288,0.0,0.0,0.0,0.0,up,445.5,2026-07-23T14:41:59,0.0,414.225006103516,354.53,2026-09-02 15:44:18,2026-09-02 11:45:02
TSLA,TSLA270617P00780000,TSLA,2027-06-17,P,780.0,422.1,16.0,429.55,17.0,0.6109,0.0,0.0,-1.0,0.0,0.0,-0.0517,0.0,425.5288,0.0,0.0,0.0,0.0,up,414.2,2026-08-31T14:47:27,0.0,424.225006103516,354.53,2026-09-02 15:44:18,2026-09-02 11:45:02
TSLA,TSLA270617P00790000,TSLA,2027-06-17,P,790.0,431.8,1.0,439.55,16.0,0.6121,0.0,0.0,-1.0,0.0,0.0,-0.0517,0.0,435.5288,0.0,0.0,0.0,0.0,down,427.85,2026-08-21T12:14:26,0.0,434.199996948242,354.53,2026-09-02 15:44:18,2026-09-02 11:45:02
TSLA,TSLA270617P00800000,TSLA,2027-06-17,P,800.0,442.05,20.0,448.85,20.0,0.0,0.0,0.0,-1.0,0.0,0.0,-0.0517,0.0,445.5288,0.0,0.0,0.0,0.0,up,482.68,2026-07-23T15:39:50,0.0,444.199996948242,354.53,2026-09-02 15:44:18,2026-09-02 11:45:02
TSLA,TSLA270617P00810000,TSLA,2027-06-17,P,810.0,452.0,20.0,459.35,20.0,0.6267,0.0,0.0,-1.0,0.0,0.0,-0.0517,0.0,455.5288,0.0,0.0,0.0,0.0,down,398.45,2026-05-20T13:30:00,0.0,454.275009155273,354.53,2026-09-02 15:44:18,2026-09-02 11:45:02
TSLA,TSLA270617P00820000,TSLA,2027-06-17,P,820.0,462.0,1.0,469.3,16.0,0.6332,0.0,0.0,-1.0,0.0,0.0,-0.0517,0.0,465.5288,0.0,0.0,0.0,0.0,down,399.89,2026-05-21T09:31:50,0.0,464.175003051758,354.53,2026-09-02 15:44:18,2026-09-02 11:45:02
TSLA,TSLA270617P00830000,TSLA,2027-06-17,P,830.0,472.05,16.0,479.3,20.0,0.6421,1.0,0.0,-1.0,0.0,0.0,-0.0517,0.0,475.5288,0.0,0.0,0.0,0.0,down,405.83,2026-05-22T10:40:51,0.0,474.150009155273,354.53,2026-09-02 15:44:18,2026-09-02 11:45:02
TSLA,TSLA270617P00840000,TSLA,2027-06-17,P,840.0,482.0,20.0,489.2,20.0,0.6457,0.0,0.0,-1.0,0.0,0.0,-0.0517,0.0,485.5288,0.0,0.0,0.0,0.0,up,431.4,2026-06-22T11:04:45,0.0,484.150009155273,354.53,2026-09-02 15:44:18,2026-09-02 11:45:02
TSLA,TSLA270617P00850000,TSLA,2027-06-17,P,850.0,492.05,20.0,499.3,20.0,0.6571,0.0,0.0,-1.0,0.0,0.0,-0.0517,0.0,495.5288,0.0,0.0,0.0,0.0,no_change,436.28,2026-07-02T09:46:38,0.0,494.175003051758,354.53,2026-09-02 15:44:18,2026-09-02 11:45:02
TSLA,TSLA270617P00860000,TSLA,2027-06-17,P,860.0,502.0,16.0,509.5,17.0,0.6679,0.0,0.0,-1.0,0.0,0.0,-0.0517,0.0,505.5288,0.0,0.0,0.0,0.0,up,435.36,2026-06-01T09:43:37,0.0,504.150009155273,354.53,2026-09-02 15:44:18,2026-09-02 11:45:02
TSLA,TSLA270617P00870000,TSLA,2027-06-17,P,870.0,511.75,16.0,519.5,17.0,0.6691,0.0,0.0,-1.0,0.0,0.0,-0.0517,0.0,515.5288,0.0,0.0,0.0,0.0,up,454.43,2026-06-01T15:54:50,0.0,514.149993896484,354.53,2026-09-02 15:44:18,2026-09-02 11:45:02
TSLA,TSLA270617P00880000,TSLA,2027-06-17,P,880.0,522.0,16.0,529.55,17.0,0.6846,0.0,0.0,-1.0,0.0,0.0,-0.0517,0.0,525.5288,0.0,0.0,0.0,0.0,up,471.5,2026-05-18T15:42:30,0.0,524.149993896484,354.53,2026-09-02 15:44:18,2026-09-02 11:45:02
TSLA,TSLA270617P00890000,TSLA,2027-06-17,P,890.0,531.65,20.0,539.3,20.0,0.0,0.0,0.0,-1.0,0.0,0.0,-0.0517,0.0,535.5288,0.0,0.0,0.0,0.0,up,470.5,2026-06-01T14:13:41,0.0,534.149993896484,354.53,2026-09-02 15:44:18,2026-09-02 11:45:02
TSLA,TSLA270617P00900000,TSLA,2027-06-17,P,900.0,541.65,20.0,549.35,20.0,0.0,0.0,0.0,-1.0,0.0,0.0,-0.0517,0.0,545.5288,0.0,0.0,0.0,0.0,down,478.93,2026-06-03T13:54:35,0.0,544.274993896484,354.53,2026-09-02 15:44:18,2026-09-02 11:45:02
TSLA,TSLA270617P00910000,TSLA,2027-06-17,P,910.0,552.05,20.0,559.25,20.0,0.6986,0.0,0.0,-1.0,0.0,0.0,-0.0517,0.0,555.5288,0.0,0.0,0.0,0.0,up,491.0,2026-06-01T14:12:26,0.0,554.149993896484,354.53,2026-09-02 15:44:18,2026-09-02 11:45:02
TSLA,TSLA270617P00920000,TSLA,2027-06-17,P,920.0,561.65,16.0,569.3,17.0,0.0,0.0,0.0,-1.0,0.0,0.0,-0.0517,0.0,565.5288,0.0,0.0,0.0,0.0,down,472.5,2026-05-13T11:19:13,0.0,564.199981689453,354.53,2026-09-02 15:44:18,2026-09-02 11:45:02
TSLA,TSLA270617P00930000,TSLA,2027-06-17,P,930.0,571.75,16.0,579.55,17.0,0.7123,0.0,0.0,-1.0,0.0,0.0,-0.0517,0.0,575.5288,0.0,0.0,0.0,0.0,no_change,536.65,2026-03-03T13:29:16,0.0,574.224975585938,354.53,2026-09-02 15:44:18,2026-09-02 11:45:02
TSLA,TSLA270617P00940000,TSLA,2027-06-17,P,940.0,581.65,16.0,589.5,17.0,0.715,0.0,0.0,-1.0,0.0,0.0,-0.0517,0.0,585.5288,0.0,0.0,0.0,0.0,up,510.0,2026-01-09T09:30:07,0.0,584.149993896484,354.53,2026-09-02 15:44:18,2026-09-02 11:45:02
TSLA,TSLA270617P00950000,TSLA,2027-06-17,P,950.0,592.0,20.0,599.4,20.0,0.7282,0.0,0.0,-1.0,0.0,0.0,-0.0517,0.0,595.5288,0.0,0.0,0.0,0.0,down,532.17,2026-06-30T14:04:24,0.0,594.149993896484,354.53,2026-09-02 15:44:18,2026-09-02 11:45:02
TSLA,TSLA270617P00960000,TSLA,2027-06-17,P,960.0,602.0,20.0,608.9,20.0,0.0,0.0,0.0,-1.0,0.0,0.0,-0.0517,0.0,605.5288,0.0,0.0,0.0,0.0,no_change,511.85,2026-05-13T11:19:36,0.0,604.149993896484,354.53,2026-09-02 15:44:18,2026-09-02 11:45:02
TSLA,TSLA270617P00970000,TSLA,2027-06-17,P,970.0,611.65,20.0,619.3,20.0,0.0,0.0,0.0,-1.0,0.0,0.0,-0.0517,0.0,615.5288,0.0,0.0,0.0,0.0,no_change,520.12,2026-05-13T11:20:24,0.0,614.149993896484,354.53,2026-09-02 15:44:18,2026-09-02 11:45:02
TSLA,TSLA270617P00980000,TSLA,2027-06-17,P,980.0,622.05,20.0,629.25,20.0,0.7451,0.0,0.0,-1.0,0.0,0.0,-0.0517,0.0,625.5288,0.0,0.0,0.0,0.0,down,535.22,2026-05-13T10:34:44,0.0,624.325012207031,354.53,2026-09-02 15:44:18,2026-09-02 11:45:02
TSLA,TSLA270617P00990000,TSLA,2027-06-17,P,990.0,632.05,20.0,639.25,20.0,0.7515,0.0,0.0,-1.0,0.0,0.0,-0.0517,0.0,635.5288,0.0,0.0,0.0,0.0,down,632.85,2026-08-24T11:41:59,0.0,634.274993896484,354.53,2026-09-02 15:44:18,2026-09-02 11:45:02
TSLA,TSLA270917C00100000,TSLA,2027-09-17,C,100.0,257.3,20.0,264.9,20.0,0.622,20.0,0.0,0.993,0.0001,0.0995,0.0,0.9482,261.3258,0.0,0.0,0.0,0.0,no_change,262.57,2026-09-01T15:12:06,0.0,263.300003051758,354.53,2026-09-02 15:44:18,2026-09-02 11:45:02
TSLA,TSLA270917C00105000,TSLA,2027-09-17,C,105.0,252.65,20.0,260.25,20.0,0.6126,0.0,0.0,0.9918,0.0001,0.1098,0.0,0.9924,256.6712,0.0,0.0,0.0,0.0,no_change,0.0,,0.0,257.600006103516,354.53,2026-09-02 15:44:18,2026-09-02 11:45:02
TSLA,TSLA270917C00110000,TSLA,2027-09-17,C,110.0,247.7,16.0,255.6,17.0,0.5873,2.0,0.0,0.9904,0.0001,0.1209,0.0,1.036,252.0279,0.0,0.0,0.0,0.0,up,231.75,2026-08-11T11:03:37,0.0,253.375,354.53,2026-09-02 15:44:18,2026-09-02 11:45:02
TSLA,TSLA270917C00115000,TSLA,2027-09-17,C,115.0,243.05,17.0,251.0,16.0,0.5806,63.0,0.0,0.989,0.0002,0.1327,0.0,1.0791,247.3971,0.0,0.0,0.0,0.0,up,305.15,2026-05-18T13:12:35,0.0,248.349998474121,354.53,2026-09-02 15:44:18,2026-09-02 11:45:02
TSLA,TSLA270917C00120000,TSLA,2027-09-17,C,120.0,238.75,20.0,246.35,20.0,0.585,81.0,0.0,0.9873,0.0002,0.1455,0.0,1.1215,242.7801,0.0,0.0,0.0,0.0,no_change,243.38,2026-09-01T15:10:26,0.0,244.850006103516,354.53,2026-09-02 15:44:18,2026-09-02 11:45:02
TSLA,TSLA270917C00125000,TSLA,2027-09-17,C,125.0,234.05,20.0,241.75,20.0,0.5736,11.0,0.0,0.9856,0.0002,0.1595,0.0,1.1631,238.1787,0.0,0.0,0.0,0.0,up,238.71,2026-09-01T15:10:48,0.0,239.150001525879,354.53,2026-09-02 15:44:18,2026-09-02 11:45:02
TSLA,TSLA270917C00130000,TSLA,2027-09-17,C,130.0,229.25,29.0,237.2,10.0,0.5604,12.0,0.0,0.9836,0.0002,0.1744,0.0,1.2037,233.5948,0.0,0.0,0.0,0.0,down,229.59,2026-08-28T11:40:30,0.0,234.599998474121,354.53,2026-09-02 15:44:18,2026-09-02 11:45:02
TSLA,TSLA270917C00135000,TSLA,2027-09-17,C,135.0,224.7,16.0,232.65,10.0,0.5551,3.0,0.0,0.9815,0.0002,0.1902,0.0,1.2436,229.03,0.0,0.0,0.0,0.0,down,187.33,2026-07-24T15:32:05,0.0,230.024993896484,354.53,2026-09-02 15:44:18,2026-09-02 11:45:02
TSLA,TSLA270917C00140000,TSLA,2027-09-17,C,140.0,221.15,37.0,227.6,37.0,0.562,26.0,0.0,0.9792,0.0003,0.2072,0.0,1.2827,224.486,0.0,0.0,0.0,0.0,down,223.42,2026-08-27T12:57:20,0.0,225.825004577637,354.53,2026-09-02 15:44:18,2026-09-02 11:45:02
TSLA,TSLA270917C00145000,TSLA,2027-09-17,C,145.0,216.65,31.0,223.5,36.0,0.5653,4.0,0.0,0.9766,0.0003,0.2254,0.0,1.3206,219.9648,0.0,0.0,0.0,0.0,up,262.2,2026-06-05T15:47:45,0.0,221.599998474121,354.53,2026-09-02 15:44:18,2026-09-02 11:45:02
TSLA,TSLA270917C00150000,TSLA,2027-09-17,C,150.0,212.15,126.0,217.0,126.0,0.5123,166.0,0.0,0.9738,0.0003,0.2451,0.0,1.3572,215.4687,0.0,0.0,0.0,0.0,no_change,219.9,2026-09-01T10:15:21,0.0,216.449996948242,354.53,2026-09-02 15:44:18,2026-09-02 11:45:02
TSLA,TSLA270917C00155000,TSLA,2027-09-17,C,155.0,207.7,38.0,214.25,43.0,0.5464,22.0,0.0,0.9708,0.0004,0.2657,0.0,1.3927,210.9999,0.0,0.0,0.0,0.0,up,211.83,2026-09-01T15:09:15,0.0,212.625,354.53,2026-09-02 15:44:18,2026-09-02 11:45:02
TSLA,TSLA270917C00160000,TSLA,2027-09-17,C,160.0,203.25,35.0,209.6,33.0,0.5366,6.0,0.0,0.9675,0.0004,0.2873,0.0,1.4272,206.5604,0.0,0.0,0.0,0.0,up,185.13,2026-08-10T10:29:19,0.0,208.275001525879,354.53,2026-09-02 15:44:18,2026-09-02 11:45:02
TSLA,TSLA270917C00165000,TSLA,2027-09-17,C,165.0,198.25,36.0,205.8,34.0,0.5318,9.0,0.0,0.964,0.0004,0.3102,0.0,1.4603,202.152,0.0,0.0,0.0,0.0,up,173.2,2026-08-04T09:30:03,0.0,204.050003051758,354.53,2026-09-02 15:44:18,2026-09-02 11:45:02
TSLA,TSLA270917C00170000,TSLA,2027-09-17,C,170.0,195.55,46.0,200.3,40.0,0.5354,22.0,0.0,0.9602,0.0005,0.3346,0.0,1.4919,197.7773,0.0,0.0,0.0,0.0,up,210.77,2026-08-31T14:06:35,0.0,199.650001525879,354.53,2026-09-02 15:44:18,2026-09-02 11:45:02
TSLA,TSLA270917C00175000,TSLA,2027-09-17,C,175.0,190.9,37.0,196.35,41.0,0.5315,25.0,0.0,0.9561,0.0005,0.3601,-0.0017,1.5219,193.4387,0.0,0.0,0.0,0.0,up,196.65,2026-09-01T11:08:29,0.0,194.724998474121,354.53,2026-09-02 15:44:18,2026-09-02 11:45:02
TSLA,TSLA270917C00180000,TSLA,2027-09-17,C,180.0,186.5,37.0,191.45,37.0,0.5175,15.0,0.0,0.9517,0.0006,0.3864,-0.0038,1.5506,189.1385,0.0,0.0,0.0,0.0,down,161.67,2026-07-23T13:04:08,0.0,190.325004577637,354.53,2026-09-02 15:44:18,2026-09-02 11:45:02
TSLA,TSLA270917C00185000,TSLA,2027-09-17,C,185.0,183.6,22.0,186.5,34.0,0.522,5.0,0.0,0.947,0.0006,0.4137,-0.006,1.578,184.8782,0.0,0.0,0.0,0.0,down,184.92,2026-09-01T15:04:56,0.0,185.975006103516,354.53,2026-09-02 15:44:18,2026-09-02 11:45:02
TSLA,TSLA270917C00190000,TSLA,2027-09-17,C,190.0,178.8,42.0,182.25,43.0,0.5109,18.0,2.0,0.942,0.0006,0.4424,-0.0082,1.6035,180.6601,1.6,184.46,184.46,183.55,down,183.55,2026-09-02T09:30:23,0.879364,181.949996948242,354.53,2026-09-02 15:44:18,2026-09-02 11:45:02
TSLA,TSLA270917C00195000,TSLA,2027-09-17,C,195.0,175.0,31.0,178.05,38.0,0.5112,34.0,0.0,0.9366,0.0007,0.4721,-0.0105,1.6272,176.487,0.0,0.0,0.0,0.0,down,172.5,2026-08-14T10:02:34,0.0,178.0,354.53,2026-09-02 15:44:18,2026-09-02 11:45:02
TSLA,TSLA270917C00200000,TSLA,2027-09-17,C,200.0,171.25,32.0,173.95,157.0,0.5119,225.0,0.0,0.931,0.0008,0.5024,-0.0128,1.6493,172.361,0.0,0.0,0.0,0.0,down,173.35,2026-09-01T15:52:50,0.0,173.475006103516,354.53,2026-09-02 15:44:18,2026-09-02 11:45:02
TSLA,TSLA270917C00210000,TSLA,2027-09-17,C,210.0,163.2,15.0,165.85,49.0,0.5059,64.0,0.0,0.9187,0.0008,0.565,-0.0175,1.6891,164.2565,0.0,0.0,0.0,0.0,up,173.53,2026-08-31T11:00:34,0.0,165.5,354.53,2026-09-02 15:44:18,2026-09-02 11:45:02
TSLA,TSLA270917C00220000,TSLA,2027-09-17,C,220.0,155.3,11.0,157.95,48.0,0.5001,60.0,0.0,0.9052,0.001,0.6308,-0.0223,1.721,156.3628,0.0,0.0,0.0,0.0,up,161.2,2026-08-31T09:56:12,0.0,157.875,354.53,2026-09-02 15:44:18,2026-09-02 11:45:02
TSLA,TSLA270917C00230000,TSLA,2027-09-17,C,230.0,147.3,26.0,150.15,110.0,0.4921,92.0,0.0,0.8904,0.0011,0.6972,-0.0273,1.7469,148.6767,0.0,0.0,0.0,0.0,down,152.48,2026-09-01T10:38:27,0.0,150.224998474121,354.53,2026-09-02 15:44:18,2026-09-02 11:45:02
TSLA,TSLA270917C00240000,TSLA,2027-09-17,C,240.0,139.75,38.0,142.55,79.0,0.4863,37.0,0.0,0.8745,0.0012,0.7653,-0.0322,1.7649,141.2458,0.0,0.0,0.0,0.0,down,143.15,2026-09-01T13:46:55,0.0,142.449996948242,354.53,2026-09-02 15:44:18,2026-09-02 11:45:02
TSLA,TSLA270917C00250000,TSLA,2027-09-17,C,250.0,132.65,74.0,135.35,161.0,0.4834,140.0,1.0,0.8574,0.0013,0.8325,-0.037,1.7767,134.0637,-2.825,132.5,132.5,132.5,down,132.5,2026-09-02T09:38:46,-2.08756,135.324996948242,354.53,2026-09-02 15:44:18,2026-09-02 11:45:02
TSLA,TSLA270917C00260000,TSLA,2027-09-17,C,260.0,125.75,73.0,128.55,121.0,0.4814,62.0,0.0,0.8393,0.0014,0.899,-0.0418,1.7819,127.1404,0.0,0.0,0.0,0.0,up,137.0,2026-08-31T11:21:37,0.0,128.349998474121,354.53,2026-09-02 15:44:18,2026-09-02 11:45:02
TSLA,TSLA270917C00270000,TSLA,2027-09-17,C,270.0,119.75,69.0,121.1,134.0,0.4782,81.0,5.0,0.8203,0.0015,0.9639,-0.0464,1.7801,120.487,-2.05,118.97,119.75,118.97,up,119.75,2026-09-02T10:39:45,-1.68309,121.800003051758,354.53,2026-09-02 15:44:18,2026-09-02 11:45:02
TSLA,TSLA270917C00280000,TSLA,2027-09-17,C,280.0,113.25,85.0,114.75,127.0,0.4756,95.0,10.0,0.8004,0.0016,1.0256,-0.0509,1.7738,114.1187,0.9,111.49,116.35,111.49,up,116.35,2026-09-02T10:39:45,0.779558,115.450000762939,354.53,2026-09-02 15:44:18,2026-09-02 11:45:02
TSLA,TSLA270917C00290000,TSLA,2027-09-17,C,290.0,107.2,72.0,109.5,208.0,0.4784,63.0,0.0,0.7799,0.0017,1.0851,-0.0551,1.7604,108.0101,0.0,0.0,0.0,0.0,down,110.48,2026-09-01T10:58:02,0.0,109.275001525879,354.53,2026-09-02 15:44:18,2026-09-02 11:45:02
TSLA,TSLA270917C00300000,TSLA,2027-09-17,C,300.0,101.35,130.0,103.65,299.0,0.4767,640.0,1.0,0.7588,0.0018,1.1403,-0.0591,1.743,102.1776,-2.375,101.0,101.0,101.0,down,101.0,2026-09-02T09:52:02,-2.29746,103.375,354.53,2026-09-02 15:44:18,2026-09-02 11:45:02
TSLA,TSLA270917C00310000,TSLA,2027-09-17,C,310.0,95.8,79.0,97.85,217.0,0.4743,242.0,0.0,0.7372,0.0019,1.1913,-0.0629,1.7211,96.617,0.0,0.0,0.0,0.0,down,96.67,2026-09-01T09:41:44,0.0,97.875,354.53,2026-09-02 15:44:18,2026-09-02 11:45:02
TSLA,TSLA270917C00320000,TSLA,2027-09-17,C,320.0,90.55,96.0,92.6,209.0,0.4737,275.0,0.0,0.7153,0.002,1.2384,-0.0663,1.6939,91.3323,0.0,0.0,0.0,0.0,down,91.25,2026-09-01T14:51:18,0.0,92.5,354.53,2026-09-02 15:44:18,2026-09-02 11:45:02
TSLA,TSLA270917C00330000,TSLA,2027-09-17,C,330.0,85.75,60.0,87.3,199.0,0.4728,399.0,0.0,0.6933,0.0021,1.2802,-0.0694,1.6649,86.3165,0.0,0.0,0.0,0.0,down,89.3,2026-09-01T11:02:41,0.0,87.5,354.53,2026-09-02 15:44:18,2026-09-02 11:45:02
TSLA,TSLA270917C00340000,TSLA,2027-09-17,C,340.0,80.85,106.0,82.6,280.0,0.4722,277.0,3.0,0.6711,0.0021,1.3174,-0.0723,1.6322,81.5625,-0.675,81.85,82.45,81.85,down,81.9,2026-09-02T10:29:20,-0.81744,82.5750007629394,354.53,2026-09-02 15:44:18,2026-09-02 11:45:02
TSLA,TSLA270917C00350000,TSLA,2027-09-17,C,350.0,76.15,218.0,78.1,277.0,0.4711,955.0,5.0,0.649,0.0022,1.3497,-0.0748,1.5958,77.0488,-0.89,74.75,77.46,74.75,up,77.46,2026-09-02T10:34:16,-1.13593,78.3499984741211,354.53,2026-09-02 15:44:18,2026-09-02 11:45:02
TSLA,TSLA270917C00360000,TSLA,2027-09-17,C,360.0,72.5,74.0,73.35,120.0,0.4715,1032.0,37.0,0.6271,0.0022,1.3771,-0.077,1.5595,72.8142,-1.53,75.88,75.88,70.42,down,72.47,2026-09-02T11:10:22,-2.06757,74.0,354.53,2026-09-02 15:44:18,2026-09-02 11:45:02
TSLA,TSLA270917C00370000,TSLA,2027-09-17,C,370.0,68.45,45.0,69.9,309.0,0.4737,280.0,8.0,0.6054,0.0023,1.3997,-0.0789,1.5207,68.7998,-2.575,67.45,68.0,67.25,down,67.25,2026-09-02T10:57:45,-3.68779,69.8250007629394,354.53,2026-09-02 15:44:18,2026-09-02 11:45:02
TSLA,TSLA270917C00380000,TSLA,2027-09-17,C,380.0,64.75,56.0,65.9,306.0,0.4732,318.0,6.0,0.584,0.0023,1.4177,-0.0805,1.4795,65.0158,-0.98,64.07,65.17,63.65,up,65.17,2026-09-02T10:49:35,-1.48148,66.1499977111816,354.53,2026-09-02 15:44:18,2026-09-02 11:45:02
TSLA,TSLA270917C00390000,TSLA,2027-09-17,C,390.0,61.2,49.0,62.5,235.0,0.4742,431.0,1.0,0.563,0.0023,1.4314,-0.0819,1.439,61.451,-2.91,59.64,59.64,59.64,down,59.64,2026-09-02T10:07:16,-4.65228,62.5499992370606,354.53,2026-09-02 15:44:18,2026-09-02 11:45:02
TSLA,TSLA270917C00400000,TSLA,2027-09-17,C,400.0,58.05,46.0,58.6,79.0,0.4737,1118.0,5.0,0.5424,0.0023,1.4409,-0.0829,1.398,58.0922,-0.725,58.73,58.73,58.35,down,58.35,2026-09-02T11:22:35,-1.22725,59.0750007629394,354.53,2026-09-02 15:44:18,2026-09-02 11:45:02
TSLA,TSLA270917C00410000,TSLA,2027-09-17,C,410.0,54.9,45.0,55.45,65.0,0.4744,3885.0,0.0,0.5223,0.0023,1.4463,-0.0838,1.3553,54.932,0.0,0.0,0.0,0.0,up,56.05,2026-09-01T15:51:26,0.0,55.9499988555908,354.53,2026-09-02 15:44:18,2026-09-02 11:45:02
TSLA,TSLA270917C00420000,TSLA,2027-09-17,C,420.0,51.9,60.0,52.5,115.0,0.4748,3452.0,11.0,0.5028,0.0023,1.4482,-0.0843,1.3132,51.9611,-1.325,50.76,51.65,50.76,up,51.65,2026-09-02T11:06:48,-2.50118,52.9750003814697,354.53,2026-09-02 15:44:18,2026-09-02 11:45:02
TSLA,TSLA270917C00430000,TSLA,2027-09-17,C,430.0,48.75,182.0,50.25,265.0,0.4763,459.0,0.0,0.4837,0.0023,1.447,-0.0847,1.2725,49.1666,0.0,0.0,0.0,0.0,no_change,50.4,2026-09-01T13:40:33,0.0,50.1000003814697,354.53,2026-09-02 15:44:18,2026-09-02 11:45:02
TSLA,TSLA270917C00440000,TSLA,2027-09-17,C,440.0,46.4,28.0,47.4,311.0,0.4773,253.0,1.0,0.4653,0.0023,1.4425,-0.0848,1.2314,46.5383,-0.85,46.6,46.6,46.6,down,46.6,2026-09-02T10:50:53,-1.79136,47.4500007629394,354.53,2026-09-02 15:44:18,2026-09-02 11:45:02
TSLA,TSLA270917C00450000,TSLA,2027-09-17,C,450.0,43.6,151.0,44.95,291.0,0.4772,908.0,2.0,0.4475,0.0023,1.4349,-0.0848,1.1898,44.0694,-2.3,42.5,42.55,42.5,up,42.55,2026-09-02T09:44:16,-5.12821,44.8500003814697,354.53,2026-09-02 15:44:18,2026-09-02 11:45:02
TSLA,TSLA270917C00460000,TSLA,2027-09-17,C,460.0,41.3,197.0,42.75,229.0,0.4786,205.0,0.0,0.4302,0.0023,1.4252,-0.0846,1.1499,41.7505,0.0,0.0,0.0,0.0,down,42.8,2026-09-01T13:33:46,0.0,42.375,354.53,2026-09-02 15:44:18,2026-09-02 11:45:02
TSLA,TSLA270917C00470000,TSLA,2027-09-17,C,470.0,39.1,52.0,40.35,237.0,0.4788,184.0,1.0,0.4136,0.0022,1.4136,-0.0843,1.1116,39.5704,-1.88,38.27,38.27,38.27,down,38.27,2026-09-02T09:44:22,-4.68244,40.1499996185303,354.53,2026-09-02 15:44:18,2026-09-02 11:45:02
TSLA,TSLA270917C00480000,TSLA,2027-09-17,C,480.0,37.05,187.0,38.55,269.0,0.4808,227.0,0.0,0.3976,0.0022,1.3997,-0.0838,1.0735,37.5208,0.0,0.0,0.0,0.0,no_change,39.55,2026-09-01T10:33:26,0.0,38.2000007629394,354.53,2026-09-02 15:44:18,2026-09-02 11:45:02
TSLA,TSLA270917C00490000,TSLA,2027-09-17,C,490.0,35.15,194.0,36.3,233.0,0.4808,141.0,0.0,0.3821,0.0022,1.3837,-0.0832,1.0355,35.5956,0.0,0.0,0.0,0.0,down,35.68,2026-09-01T14:26:05,0.0,36.1000003814697,354.53,2026-09-02 15:44:18,2026-09-02 11:45:02
TSLA,TSLA270917C00500000,TSLA,2027-09-17,C,500.0,33.65,74.0,34.25,178.0,0.482,991.0,25.0,0.3673,0.0022,1.3663,-0.0824,0.999,33.7876,-0.705,34.58,34.58,32.83,up,33.67,2026-09-02T11:07:54,-2.05091,34.375,354.53,2026-09-02 15:44:18,2026-09-02 11:45:02
TSLA,TSLA270917C00510000,TSLA,2027-09-17,C,510.0,31.65,105.0,32.9,216.0,0.4835,173.0,1.0,0.3531,0.0021,1.3481,-0.0816,0.9644,32.088,-0.72,31.98,31.98,31.98,down,31.98,2026-09-02T10:22:13,-2.20184,32.7000007629394,354.53,2026-09-02 15:44:18,2026-09-02 11:45:02
TSLA,TSLA270917C00520000,TSLA,2027-09-17,C,520.0,30.0,208.0,31.15,200.0,0.484,432.0,8.0,0.3394,0.0021,1.3289,-0.0807,0.9308,30.4891,-0.2,30.0,30.75,30.0,up,30.75,2026-09-02T10:27:13,-0.646203,30.9499998092651,354.53,2026-09-02 15:44:18,2026-09-02 11:45:02
TSLA,TSLA270917C00530000,TSLA,2027-09-17,C,530.0,28.5,272.0,29.95,312.0,0.4864,157.0,0.0,0.3263,0.002,1.3083,-0.0798,0.8976,28.9858,0.0,0.0,0.0,0.0,no_change,29.75,2026-09-01T13:39:58,0.0,29.4499998092651,354.53,2026-09-02 15:44:18,2026-09-02 11:45:02
TSLA,TSLA270917C00540000,TSLA,2027-09-17,C,540.0,27.1,255.0,28.55,284.0,0.4878,97.0,0.0,0.3138,0.002,1.2866,-0.0787,0.865,27.573,0.0,0.0,0.0,0.0,up,28.0,2026-09-01T15:41:46,0.0,28.1750001907349,354.53,2026-09-02 15:44:18,2026-09-02 11:45:02
TSLA,TSLA270917C00550000,TSLA,2027-09-17,C,550.0,25.8,282.0,27.2,409.0,0.4891,526.0,33.0,0.3017,0.002,1.2646,-0.0777,0.8342,26.2448,-0.495,26.78,26.8,26.18,down,26.18,2026-09-02T10:50:08,-1.85567,26.6750001907349,354.53,2026-09-02 15:44:18,2026-09-02 11:45:02
TSLA,TSLA270917C00560000,TSLA,2027-09-17,C,560.0,24.55,272.0,25.95,266.0,0.4904,127.0,0.0,0.2902,0.0019,1.2427,-0.0765,0.805,24.995,0.0,0.0,0.0,0.0,down,25.65,2026-09-01T13:39:58,0.0,25.4250001907349,354.53,2026-09-02 15:44:18,2026-09-02 11:45:02
TSLA,TSLA270917C00570000,TSLA,2027-09-17,C,570.0,23.75,49.0,24.45,188.0,0.492,161.0,0.0,0.2792,0.0019,1.2204,-0.0754,0.777,23.8178,0.0,0.0,0.0,0.0,up,24.5,2026-09-01T13:39:49,0.0,24.25,354.53,2026-09-02 15:44:18,2026-09-02 11:45:02
TSLA,TSLA270917C00580000,TSLA,2027-09-17,C,580.0,22.25,262.0,23.7,291.0,0.4933,146.0,0.0,0.2686,0.0018,1.1973,-0.0742,0.7491,22.6988,0.0,0.0,0.0,0.0,no_change,23.35,2026-09-01T13:37:16,0.0,23.0750007629395,354.53,2026-09-02 15:44:18,2026-09-02 11:45:02
TSLA,TSLA270917C00590000,TSLA,2027-09-17,C,590.0,21.2,247.0,22.65,246.0,0.4945,157.0,0.0,0.2586,0.0018,1.1742,-0.073,0.7224,21.6663,0.0,0.0,0.0,0.0,no_change,22.3,2026-09-01T13:39:16,0.0,22.0249996185303,354.53,2026-09-02 15:44:18,2026-09-02 11:45:02
TSLA,TSLA270917C00600000,TSLA,2027-09-17,C,600.0,20.3,228.0,21.4,226.0,0.4951,1141.0,0.0,0.249,0.0018,1.1508,-0.0718,0.6966,20.6845,0.0,0.0,0.0,0.0,up,21.4,2026-09-01T15:17:26,0.0,21.0500001907349,354.53,2026-09-02 15:44:18,2026-09-02 11:45:02
TSLA,TSLA270917C00610000,TSLA,2027-09-17,C,610.0,19.4,204.0,20.7,285.0,0.4976,95.0,0.0,0.2398,0.0017,1.1278,-0.0706,0.6724,19.7595,0.0,0.0,0.0,0.0,no_change,20.3,2026-09-01T13:39:57,0.0,20.1000003814697,354.53,2026-09-02 15:44:18,2026-09-02 11:45:02
TSLA,TSLA270917C00620000,TSLA,2027-09-17,C,620.0,18.45,229.0,19.55,210.0,0.4975,85.0,0.0,0.231,0.0017,1.1053,-0.0694,0.6494,18.8872,0.0,0.0,0.0,0.0,down,20.09,2026-09-01T10:44:09,0.0,19.25,354.53,2026-09-02 15:44:18,2026-09-02 11:45:02
TSLA,TSLA270917C00630000,TSLA,2027-09-17,C,630.0,18.05,14.0,18.7,200.0,0.5007,108.0,0.0,0.2226,0.0016,1.083,-0.0681,0.6273,18.0642,0.0,0.0,0.0,0.0,down,19.35,2026-09-01T09:56:25,0.0,18.4250001907349,354.53,2026-09-02 15:44:18,2026-09-02 11:45:02
TSLA,TSLA270917C00640000,TSLA,2027-09-17,C,640.0,16.85,225.0,18.25,284.0,0.5018,69.0,0.0,0.2146,0.0016,1.0605,-0.0669,0.6056,17.2877,0.0,0.0,0.0,0.0,no_change,17.45,2026-09-01T15:19:19,0.0,17.6000003814697,354.53,2026-09-02 15:44:18,2026-09-02 11:45:02
TSLA,TSLA270917C00650000,TSLA,2027-09-17,C,650.0,16.5,40.0,17.1,128.0,0.5031,314.0,0.0,0.207,0.0016,1.038,-0.0657,0.5846,16.5553,0.0,0.0,0.0,0.0,down,16.96,2026-09-01T13:42:05,0.0,16.875,354.53,2026-09-02 15:44:18,2026-09-02 11:45:02
TSLA,TSLA270917C00660000,TSLA,2027-09-17,C,660.0,15.4,133.0,16.8,149.0,0.5045,75.0,0.0,0.1997,0.0015,1.0156,-0.0645,0.5644,15.8646,0.0,0.0,0.0,0.0,up,19.05,2026-08-31T13:09:48,0.0,16.1749997138977,354.53,2026-09-02 15:44:18,2026-09-02 11:45:02
TSLA,TSLA270917C00670000,TSLA,2027-09-17,C,670.0,14.8,132.0,16.05,140.0,0.5058,115.0,0.0,0.1927,0.0015,0.9939,-0.0633,0.5454,15.2125,0.0,0.0,0.0,0.0,up,18.4,2026-08-31T15:49:59,0.0,15.5499997138977,354.53,2026-09-02 15:44:18,2026-09-02 11:45:02
TSLA,TSLA270917C00680000,TSLA,2027-09-17,C,680.0,14.15,236.0,15.4,256.0,0.5069,74.0,0.0,0.186,0.0015,0.9728,-0.0621,0.5275,14.5964,0.0,0.0,0.0,0.0,down,16.54,2026-09-01T09:30:04,0.0,14.8249998092651,354.53,2026-09-02 15:44:18,2026-09-02 11:45:02
TSLA,TSLA270917C00690000,TSLA,2027-09-17,C,690.0,13.6,219.0,14.6,222.0,0.5075,43.0,0.0,0.1797,0.0014,0.9524,-0.061,0.5104,14.0137,0.0,0.0,0.0,0.0,down,15.0,2026-09-01T09:50:39,0.0,14.5249996185303,354.53,2026-09-02 15:44:18,2026-09-02 11:45:02
TSLA,TSLA270917C00700000,TSLA,2027-09-17,C,700.0,13.4,120.0,13.85,43.0,0.5098,207.0,28.0,0.1736,0.0014,0.9323,-0.0598,0.4939,13.4624,0.0,13.05,13.75,13.05,up,13.75,2026-09-02T10:38:08,0.0,13.75,354.53,2026-09-02 15:44:18,2026-09-02 11:45:02
TSLA,TSLA270917C00710000,TSLA,2027-09-17,C,710.0,12.5,397.0,13.45,104.0,0.5099,78.0,1.0,0.1678,0.0014,0.9124,-0.0587,0.4778,12.941,-0.75,12.55,12.55,12.55,down,12.55,2026-09-02T10:03:31,-5.6391,13.2999997138977,354.53,2026-09-02 15:44:18,2026-09-02 11:45:02
TSLA,TSLA270917C00720000,TSLA,2027-09-17,C,720.0,12.05,303.0,12.95,268.0,0.5116,103.0,1.0,0.1622,0.0013,0.8926,-0.0576,0.4623,12.4477,0.025,12.7,12.7,12.7,down,12.7,2026-09-02T10:38:07,0.197237,12.6750001907349,354.53,2026-09-02 15:44:18,2026-09-02 11:45:02
TSLA,TSLA270917C00730000,TSLA,2027-09-17,C,730.0,11.55,322.0,12.45,234.0,0.5128,159.0,1.0,0.157,0.0013,0.8732,-0.0565,0.4473,11.981,-0.625,11.6,11.6,11.6,no_change,11.6,2026-09-02T10:03:32,-5.11247,12.2249999046326,354.53,2026-09-02 15:44:18,2026-09-02 11:45:02
TSLA,TSLA270917C00740000,TSLA,2027-09-17,C,740.0,11.1,251.0,12.05,200.0,0.5145,156.0,0.0,0.1519,0.0012,0.8543,-0.0555,0.4331,11.5393,0.0,0.0,0.0,0.0,down,10.75,2026-08-26T11:01:56,0.0,11.7749996185303,354.53,2026-09-02 15:44:18,2026-09-02 11:45:02
TSLA,TSLA270917C00750000,TSLA,2027-09-17,C,750.0,10.7,147.0,11.9,162.0,0.5178,241.0,0.0,0.1471,0.0012,0.8361,-0.0544,0.4198,11.1208,0.0,0.0,0.0,0.0,down,13.05,2026-08-31T14:37:44,0.0,11.3499999046326,354.53,2026-09-02 15:44:18,2026-09-02 11:45:02
TSLA,TSLA270917C00760000,TSLA,2027-09-17,C,760.0,10.4,208.0,11.25,169.0,0.5184,173.0,0.0,0.1425,0.0012,0.8185,-0.0534,0.4071,10.7239,0.0,0.0,0.0,0.0,down,10.88,2026-09-01T15:09:35,0.0,10.9250001907349,354.53,2026-09-02 15:44:18,2026-09-02 11:45:02
TSLA,TSLA270917C00770000,TSLA,2027-09-17,C,770.0,9.9,153.0,10.85,139.0,0.5191,314.0,0.0,0.138,0.0012,0.8016,-0.0525,0.395,10.3473,0.0,0.0,0.0,0.0,down,9.8,2026-08-28T12:34:03,0.0,10.5749998092651,354.53,2026-09-02 15:44:18,2026-09-02 11:45:02
TSLA,TSLA270917C00780000,TSLA,2027-09-17,C,780.0,9.55,154.0,10.5,150.0,0.5208,619.0,0.0,0.1338,0.0011,0.785,-0.0515,0.3833,9.9897,0.0,0.0,0.0,0.0,no_change,11.43,2026-08-31T10:05:04,0.0,10.2000002861023,354.53,2026-09-02 15:44:18,2026-09-02 11:45:02
TSLA,TSLA270917C00790000,TSLA,2027-09-17,C,790.0,9.2,157.0,10.2,94.0,0.5225,552.0,0.0,0.1298,0.0011,0.7688,-0.0506,0.372,9.6502,0.0,0.0,0.0,0.0,down,11.57,2026-08-31T15:06:33,0.0,9.84999990463257,354.53,2026-09-02 15:44:18,2026-09-02 11:45:02
TSLA,TSLA270917C00800000,TSLA,2027-09-17,C,800.0,9.05,194.0,9.85,251.0,0.5251,877.0,0.0,0.1259,0.0011,0.7529,-0.0497,0.361,9.3278,0.0,0.0,0.0,0.0,down,9.72,2026-09-01T12:56:38,0.0,9.5,354.53,2026-09-02 15:44:18,2026-09-02 11:45:02
TSLA,TSLA270917C00810000,TSLA,2027-09-17,C,810.0,8.75,211.0,9.55,238.0,0.5268,76.0,0.0,0.1222,0.0011,0.7372,-0.0488,0.3504,9.0216,0.0,0.0,0.0,0.0,down,9.4,2026-09-01T12:56:38,0.0,9.19999980926514,354.53,2026-09-02 15:44:18,2026-09-02 11:45:02
TSLA,TSLA270917C00820000,TSLA,2027-09-17,C,820.0,8.3,145.0,9.1,121.0,0.5262,38.0,0.0,0.1187,0.001,0.7219,-0.0479,0.3402,8.7307,0.0,0.0,0.0,0.0,up,10.55,2026-08-31T11:50:51,0.0,8.9249997138977,354.53,2026-09-02 15:44:18,2026-09-02 11:45:02
TSLA,TSLA270917C00830000,TSLA,2027-09-17,C,830.0,8.1,151.0,8.95,153.0,0.5292,134.0,0.0,0.1153,0.001,0.707,-0.0471,0.3306,8.4542,0.0,0.0,0.0,0.0,up,10.2,2026-08-31T11:50:50,0.0,8.67500019073486,354.53,2026-09-02 15:44:18,2026-09-02 11:45:02
TSLA,TSLA270917C00840000,TSLA,2027-09-17,C,840.0,7.75,149.0,8.7,166.0,0.5303,43.0,0.0,0.1121,0.001,0.6928,-0.0462,0.3214,8.1911,0.0,0.0,0.0,0.0,up,10.05,2026-08-31T13:16:31,0.0,8.42499995231628,354.53,2026-09-02 15:44:18,2026-09-02 11:45:02
TSLA,TSLA270917C00850000,TSLA,2027-09-17,C,850.0,7.5,161.0,8.45,141.0,0.5319,207.0,0.0,0.109,0.001,0.679,-0.0455,0.3128,7.9406,0.0,0.0,0.0,0.0,up,10.0,2026-08-21T15:08:58,0.0,8.15000009536743,354.53,2026-09-02 15:44:18,2026-09-02 11:45:02
TSLA,TSLA270917C00860000,TSLA,2027-09-17,C,860.0,7.4,204.0,8.2,254.0,0.5345,131.0,0.0,0.106,0.0009,0.6659,-0.0447,0.3045,7.7019,0.0,0.0,0.0,0.0,down,9.25,2026-08-31T12:44:09,0.0,7.85000014305115,354.53,2026-09-02 15:44:18,2026-09-02 11:45:02
TSLA,TSLA270917C00870000,TSLA,2027-09-17,C,870.0,7.2,187.0,7.8,237.0,0.535,43.0,2.0,0.1032,0.0009,0.6531,-0.0439,0.2966,7.4743,-0.085,7.59,7.59,7.59,no_change,7.59,2026-09-02T10:50:30,-1.10749,7.67499995231628,354.53,2026-09-02 15:44:18,2026-09-02 11:45:02
TSLA,TSLA270917C00880000,TSLA,2027-09-17,C,880.0,7.05,198.0,7.55,225.0,0.5369,425.0,4.0,0.1004,0.0009,0.6407,-0.0432,0.2889,7.2571,-0.025,7.2,7.36,7.2,down,7.35,2026-09-02T10:50:30,-0.338983,7.375,354.53,2026-09-02 15:44:18,2026-09-02 11:45:02
TSLA,TSLA270917P00100000,TSLA,2027-09-17,P,100.0,0.7,372.0,1.1,353.0,0.6366,1277.0,7.0,-0.0103,0.0001,0.1008,-0.0082,-0.0454,1.0008,-0.035,0.93,0.96,0.83,down,0.91,2026-09-02T11:01:32,-3.70371,0.945000022649765,354.53,2026-09-02 15:44:18,2026-09-02 11:45:02
TSLA,TSLA270917P00105000,TSLA,2027-09-17,P,105.0,0.78,165.0,1.39,191.0,0.6324,39.0,0.0,-0.0116,0.0001,0.111,-0.0088,-0.0507,1.111,0.0,0.0,0.0,0.0,no_change,1.07,2026-08-31T11:03:01,0.0,1.04000002145767,354.53,2026-09-02 15:44:18,2026-09-02 11:45:02
TSLA,TSLA270917P00110000,TSLA,2027-09-17,P,110.0,0.89,179.0,1.52,220.0,0.6208,36.0,0.0,-0.0129,0.0001,0.1219,-0.0096,-0.0565,1.2324,0.0,0.0,0.0,0.0,down,1.95,2026-08-04T11:01:25,0.0,1.16000002622604,354.53,2026-09-02 15:44:18,2026-09-02 11:45:02
TSLA,TSLA270917P00115000,TSLA,2027-09-17,P,115.0,1.03,139.0,1.66,165.0,0.6106,4.0,0.0,-0.0144,0.0002,0.1341,-0.0103,-0.0628,1.3663,0.0,0.0,0.0,0.0,down,2.05,2026-07-20T11:28:57,0.0,1.31499999761581,354.53,2026-09-02 15:44:18,2026-09-02 11:45:02
TSLA,TSLA270917P00120000,TSLA,2027-09-17,P,120.0,1.17,218.0,1.82,250.0,0.6007,113.0,0.0,-0.016,0.0002,0.1471,-0.0112,-0.0697,1.5146,0.0,0.0,0.0,0.0,up,1.59,2026-08-27T15:04:55,0.0,1.40000003576279,354.53,2026-09-02 15:44:18,2026-09-02 11:45:02
TSLA,TSLA270917P00125000,TSLA,2027-09-17,P,125.0,1.52,44.0,1.98,259.0,0.597,560.0,0.0,-0.0179,0.0002,0.1617,-0.012,-0.0775,1.6788,0.0,0.0,0.0,0.0,no_change,1.65,2026-09-01T13:25:17,0.0,1.60500001907349,354.53,2026-09-02 15:44:18,2026-09-02 11:45:02
TSLA,TSLA270917P00130000,TSLA,2027-09-17,P,130.0,1.48,267.0,2.18,292.0,0.5818,262.0,0.0,-0.0198,0.0002,0.1765,-0.013,-0.086,1.861,0.0,0.0,0.0,0.0,down,1.95,2026-08-28T11:42:04,0.0,1.77500003576279,354.53,2026-09-02 15:44:18,2026-09-02 11:45:02
TSLA,TSLA270917P00135000,TSLA,2027-09-17,P,135.0,1.72,214.0,2.38,265.0,0.5746,217.0,0.0,-0.022,0.0002,0.1922,-0.014,-0.0951,2.0625,0.0,0.0,0.0,0.0,no_change,2.0,2026-09-01T13:11:44,0.0,2.03000003099442,354.53,2026-09-02 15:44:18,2026-09-02 11:45:02
TSLA,TSLA270917P00140000,TSLA,2027-09-17,P,140.0,1.93,180.0,2.63,245.0,0.5673,80.0,0.0,-0.0244,0.0003,0.2098,-0.0151,-0.105,2.2849,0.0,0.0,0.0,0.0,no_change,2.75,2026-08-17T14:04:25,0.0,2.19500005245209,354.53,2026-09-02 15:44:18,2026-09-02 11:45:02
TSLA,TSLA270917P00145000,TSLA,2027-09-17,P,145.0,2.19,125.0,2.89,153.0,0.5607,59.0,0.0,-0.027,0.0003,0.2285,-0.0162,-0.116,2.5309,0.0,0.0,0.0,0.0,up,3.09,2026-08-17T13:46:51,0.0,2.45000004768372,354.53,2026-09-02 15:44:18,2026-09-02 11:45:02
TSLA,TSLA270917P00150000,TSLA,2027-09-17,P,150.0,2.46,198.0,3.2,249.0,0.5547,873.0,0.0,-0.0298,0.0003,0.2483,-0.0174,-0.1285,2.8031,0.0,0.0,0.0,0.0,down,3.05,2026-08-26T11:27:08,0.0,2.68499994277954,354.53,2026-09-02 15:44:18,2026-09-02 11:45:02
TSLA,TSLA270917P00155000,TSLA,2027-09-17,P,155.0,2.77,176.0,3.5,231.0,0.5485,71.0,0.0,-0.033,0.0004,0.2688,-0.0187,-0.1414,3.1038,0.0,0.0,0.0,0.0,down,3.37,2026-08-27T10:22:18,0.0,3.02999997138977,354.53,2026-09-02 15:44:18,2026-09-02 11:45:02
TSLA,TSLA270917P00160000,TSLA,2027-09-17,P,160.0,3.1,179.0,3.85,217.0,0.5429,126.0,0.0,-0.0363,0.0004,0.2913,-0.02,-0.1553,3.4328,0.0,0.0,0.0,0.0,no_change,3.4,2026-08-31T13:51:42,0.0,3.34999990463257,354.53,2026-09-02 15:44:18,2026-09-02 11:45:02
TSLA,TSLA270917P00165000,TSLA,2027-09-17,P,165.0,3.45,211.0,4.2,212.0,0.5371,102.0,0.0,-0.0399,0.0004,0.3144,-0.0214,-0.1704,3.7935,0.0,0.0,0.0,0.0,no_change,3.72,2026-09-01T14:09:19,0.0,3.69999992847443,354.53,2026-09-02 15:44:18,2026-09-02 11:45:02
TSLA,TSLA270917P00170000,TSLA,2027-09-17,P,170.0,3.85,275.0,4.45,295.0,0.5298,363.0,4.0,-0.0438,0.0005,0.3399,-0.0229,-0.1872,4.1896,0.075,4.15,4.37,4.15,down,4.2,2026-09-02T10:43:20,1.81818,4.125,354.53,2026-09-02 15:44:18,2026-09-02 11:45:02
TSLA,TSLA270917P00175000,TSLA,2027-09-17,P,175.0,4.3,163.0,5.05,259.0,0.5277,226.0,0.0,-0.048,0.0005,0.3652,-0.0245,-0.2053,4.6233,0.0,0.0,0.0,0.0,up,5.35,2026-08-24T15:53:22,0.0,4.47500014305115,354.53,2026-09-02 15:44:18,2026-09-02 11:45:02
TSLA,TSLA270917P00180000,TSLA,2027-09-17,P,180.0,4.8,115.0,5.55,220.0,0.524,225.0,0.0,-0.0526,0.0006,0.3918,-0.0261,-0.2238,5.0952,0.0,0.0,0.0,0.0,down,4.93,2026-09-01T12:09:12,0.0,5.02499985694885,354.53,2026-09-02 15:44:18,2026-09-02 11:45:02
TSLA,TSLA270917P00185000,TSLA,2027-09-17,P,185.0,5.4,103.0,5.95,225.0,0.5194,334.0,0.0,-0.0574,0.0006,0.4199,-0.0278,-0.2439,5.6085,0.0,0.0,0.0,0.0,down,5.65,2026-08-31T10:46:06,0.0,5.52499985694885,354.53,2026-09-02 15:44:18,2026-09-02 11:45:02
TSLA,TSLA270917P00190000,TSLA,2027-09-17,P,190.0,5.9,161.0,6.3,130.0,0.5124,965.0,0.0,-0.0626,0.0007,0.4498,-0.0295,-0.2658,6.1666,0.0,0.0,0.0,0.0,down,5.99,2026-09-01T12:09:12,0.0,6.07500004768372,354.53,2026-09-02 15:44:18,2026-09-02 11:45:02
TSLA,TSLA270917P00195000,TSLA,2027-09-17,P,195.0,6.55,26.0,6.95,177.0,0.51,139.0,0.0,-0.068,0.0007,0.4794,-0.0313,-0.2891,6.7696,0.0,0.0,0.0,0.0,up,6.4,2026-08-31T15:57:56,0.0,6.67499995231628,354.53,2026-09-02 15:44:18,2026-09-02 11:45:02
TSLA,TSLA270917P00200000,TSLA,2027-09-17,P,200.0,7.15,178.0,7.55,103.0,0.5057,1060.0,3.0,-0.0739,0.0008,0.5094,-0.0331,-0.3131,7.4211,0.35,7.5,7.7,7.5,up,7.7,2026-09-02T09:56:36,4.7619,7.35000014305115,354.53,2026-09-02 15:44:18,2026-09-02 11:45:02
TSLA,TSLA270917P00210000,TSLA,2027-09-17,P,210.0,8.65,34.0,9.0,88.0,0.5002,382.0,0.0,-0.0865,0.0009,0.5742,-0.0369,-0.3647,8.8763,0.0,0.0,0.0,0.0,down,8.58,2026-08-31T14:01:20,0.0,8.80000019073486,354.53,2026-09-02 15:44:18,2026-09-02 11:45:02
TSLA,TSLA270917P00220000,TSLA,2027-09-17,P,220.0,10.3,98.0,10.95,280.0,0.4971,188.0,1.0,-0.1005,0.001,0.6403,-0.0409,-0.424,10.551,0.25,10.65,10.65,10.65,up,10.65,2026-09-02T10:22:50,2.40385,10.4000000953674,354.53,2026-09-02 15:44:18,2026-09-02 11:45:02
TSLA,TSLA270917P00230000,TSLA,2027-09-17,P,230.0,12.2,21.0,12.65,174.0,0.491,297.0,0.0,-0.1158,0.0011,0.7085,-0.0449,-0.4856,12.4573,0.0,0.0,0.0,0.0,down,12.2,2026-09-01T12:20:12,0.0,12.3249998092651,354.53,2026-09-02 15:44:18,2026-09-02 11:45:02
TSLA,TSLA270917P00240000,TSLA,2027-09-17,P,240.0,14.2,48.0,14.85,170.0,0.4864,677.0,0.0,-0.1324,0.0012,0.778,-0.049,-0.555,14.6113,0.0,0.0,0.0,0.0,up,14.37,2026-09-01T13:54:48,0.0,14.5250000953674,354.53,2026-09-02 15:44:18,2026-09-02 11:45:02
TSLA,TSLA270917P00250000,TSLA,2027-09-17,P,250.0,16.7,48.0,17.35,240.0,0.4842,318.0,0.0,-0.1502,0.0014,0.8464,-0.053,-0.6247,17.0238,0.0,0.0,0.0,0.0,down,16.87,2026-09-01T14:34:45,0.0,16.8999996185303,354.53,2026-09-02 15:44:18,2026-09-02 11:45:02
TSLA,TSLA270917P00260000,TSLA,2027-09-17,P,260.0,19.3,186.0,20.0,140.0,0.4807,356.0,4.0,-0.1691,0.0015,0.9144,-0.057,-0.7038,19.7069,0.415,19.4,19.99,19.4,up,19.99,2026-09-02T10:14:48,2.12005,19.5749998092651,354.53,2026-09-02 15:44:18,2026-09-02 11:45:02
TSLA,TSLA270917P00270000,TSLA,2027-09-17,P,270.0,22.35,117.0,23.25,262.0,0.4802,851.0,0.0,-0.1891,0.0016,0.9784,-0.0608,-0.7808,22.6678,0.0,0.0,0.0,0.0,up,22.29,2026-09-01T13:14:50,0.0,22.4500007629395,354.53,2026-09-02 15:44:18,2026-09-02 11:45:02
TSLA,TSLA270917P00280000,TSLA,2027-09-17,P,280.0,25.5,165.0,26.55,347.0,0.4778,874.0,4.0,-0.21,0.0017,1.0411,-0.0646,-0.8618,25.9147,0.4,26.0,26.05,26.0,no_change,26.05,2026-09-02T10:18:25,1.55946,25.6499996185303,354.53,2026-09-02 15:44:18,2026-09-02 11:45:02
TSLA,TSLA270917P00290000,TSLA,2027-09-17,P,290.0,28.8,237.0,29.95,260.0,0.4744,695.0,0.0,-0.2317,0.0018,1.1011,-0.0681,-0.9484,29.4498,0.0,0.0,0.0,0.0,down,28.7,2026-09-01T12:13:58,0.0,29.1499996185303,354.53,2026-09-02 15:44:18,2026-09-02 11:45:02
TSLA,TSLA270917P00300000,TSLA,2027-09-17,P,300.0,32.85,105.0,33.35,37.0,0.4722,3344.0,25.0,-0.254,0.0019,1.1561,-0.0714,-1.0291,33.2754,0.24,34.1,34.1,33.24,down,33.24,2026-09-02T11:13:58,0.727273,33.0,354.53,2026-09-02 15:44:18,2026-09-02 11:45:02
TSLA,TSLA270917P00310000,TSLA,2027-09-17,P,310.0,36.8,133.0,38.1,242.0,0.473,472.0,0.0,-0.277,0.002,1.2066,-0.0745,-1.1178,37.3937,0.0,0.0,0.0,0.0,down,36.8,2026-09-01T13:43:55,0.0,37.0,354.53,2026-09-02 15:44:18,2026-09-02 11:45:02
TSLA,TSLA270917P00320000,TSLA,2027-09-17,P,320.0,41.3,264.0,41.95,16.0,0.4703,381.0,36.0,-0.3003,0.0021,1.2516,-0.0773,-1.2042,41.8004,0.59,42.5,43.0,41.5,up,41.94,2026-09-02T10:50:08,1.42684,41.3500003814697,354.53,2026-09-02 15:44:18,2026-09-02 11:45:02
TSLA,TSLA270917P00330000,TSLA,2027-09-17,P,330.0,45.8,327.0,47.05,97.0,0.4706,661.0,1.0,-0.324,0.0022,1.2922,-0.0799,-1.2831,46.4951,0.925,47.0,47.0,47.0,up,47.0,2026-09-02T09:37:22,2.00759,46.0750007629394,354.53,2026-09-02 15:44:18,2026-09-02 11:45:02
TSLA,TSLA270917P00340000,TSLA,2027-09-17,P,340.0,50.55,219.0,52.15,242.0,0.4699,619.0,0.0,-0.3478,0.0023,1.3271,-0.0822,-1.3688,51.4686,0.0,0.0,0.0,0.0,down,48.02,2026-08-31T15:54:25,0.0,51.0249996185303,354.53,2026-09-02 15:44:18,2026-09-02 11:45:02
TSLA,TSLA270917P00350000,TSLA,2027-09-17,P,350.0,56.25,204.0,57.1,84.0,0.4702,852.0,3.0,-0.3717,0.0024,1.356,-0.0841,-1.449,56.7225,0.375,57.74,57.74,56.46,up,56.55,2026-09-02T11:28:31,0.667558,56.1749992370606,354.53,2026-09-02 15:44:18,2026-09-02 11:45:02
TSLA,TSLA270917P00360000,TSLA,2027-09-17,P,360.0,61.6,271.0,62.95,302.0,0.4709,517.0,4.0,-0.3955,0.0024,1.3794,-0.0858,-1.5195,62.231,0.6,63.2,63.2,62.2,down,62.2,2026-09-02T10:23:15,0.974025,61.6000003814697,354.53,2026-09-02 15:44:18,2026-09-02 11:45:02
TSLA,TSLA270917P00370000,TSLA,2027-09-17,P,370.0,66.75,274.0,68.7,243.0,0.4685,209.0,0.0,-0.4193,0.0025,1.3975,-0.0872,-1.5975,68.0018,0.0,0.0,0.0,0.0,up,64.12,2026-08-31T14:23:24,0.0,67.5,354.53,2026-09-02 15:44:18,2026-09-02 11:45:02
TSLA,TSLA270917P00380000,TSLA,2027-09-17,P,380.0,72.75,281.0,74.75,177.0,0.4691,475.0,0.0,-0.4428,0.0025,1.4106,-0.0884,-1.6683,74.0195,0.0,0.0,0.0,0.0,up,72.5,2026-09-01T10:03:48,0.0,73.2749977111816,354.53,2026-09-02 15:44:18,2026-09-02 11:45:02
TSLA,TSLA270917P00390000,TSLA,2027-09-17,P,390.0,79.45,93.0,81.0,213.0,0.471,297.0,0.0,-0.466,0.0026,1.4163,-0.0892,-1.7249,80.2787,0.0,0.0,0.0,0.0,up,79.77,2026-09-01T14:26:05,0.0,79.4500007629394,354.53,2026-09-02 15:44:18,2026-09-02 11:45:02
TSLA,TSLA270917P00400000,TSLA,2027-09-17,P,400.0,85.95,54.0,87.5,221.0,0.4716,531.0,0.0,-0.4889,0.0026,1.4196,-0.0899,-1.7867,86.7659,0.0,0.0,0.0,0.0,up,82.0,2026-08-31T15:26:11,0.0,85.875,354.53,2026-09-02 15:44:18,2026-09-02 11:45:02
TSLA,TSLA270917P00410000,TSLA,2027-09-17,P,410.0,92.8,71.0,93.8,156.0,0.4713,3731.0,0.0,-0.5114,0.0026,1.4171,-0.0903,-1.8416,93.4689,0.0,0.0,0.0,0.0,down,92.55,2026-09-01T15:36:19,0.0,92.4749984741211,354.53,2026-09-02 15:44:18,2026-09-02 11:45:02
TSLA,TSLA270917P00420000,TSLA,2027-09-17,P,420.0,99.75,150.0,100.7,90.0,0.4721,3149.0,19.0,-0.5334,0.0026,1.4106,-0.0905,-1.881,100.3787,0.725,99.6,99.9,99.6,no_change,99.9,2026-09-02T10:46:03,0.731032,99.1749992370606,354.53,2026-09-02 15:44:18,2026-09-02 11:45:02
TSLA,TSLA270917P00430000,TSLA,2027-09-17,P,430.0,106.45,232.0,108.2,190.0,0.4728,248.0,0.0,-0.555,0.0026,1.398,-0.0904,-1.9266,107.4934,0.0,0.0,0.0,0.0,no_change,108.5,2026-08-31T09:38:20,0.0,106.450000762939,354.53,2026-09-02 15:44:18,2026-09-02 11:45:02
TSLA,TSLA270917P00440000,TSLA,2027-09-17,P,440.0,113.7,237.0,115.25,161.0,0.4725,75.0,0.0,-0.5761,0.0026,1.383,-0.0902,-1.965,114.7902,0.0,0.0,0.0,0.0,down,114.1,2026-08-21T11:01:12,0.0,113.674999237061,354.53,2026-09-02 15:44:18,2026-09-02 11:45:02
TSLA,TSLA270917P00450000,TSLA,2027-09-17,P,450.0,121.2,240.0,122.95,207.0,0.4743,444.0,1.0,-0.5966,0.0027,1.365,-0.0898,-1.995,122.2632,0.965,122.04,122.04,122.04,up,122.04,2026-09-02T10:52:11,0.797026,121.075000762939,354.53,2026-09-02 15:44:18,2026-09-02 11:45:02
TSLA,TSLA270917P00460000,TSLA,2027-09-17,P,460.0,128.3,180.0,130.6,162.0,0.4732,17.0,0.0,-0.6167,0.0027,1.3416,-0.0893,-2.0037,129.9071,0.0,0.0,0.0,0.0,down,130.8,2026-08-31T09:31:46,0.0,128.75,354.53,2026-09-02 15:44:18,2026-09-02 11:45:02
TSLA,TSLA270917P00470000,TSLA,2027-09-17,P,470.0,136.05,198.0,138.4,132.0,0.4737,87.0,0.0,-0.6363,0.0026,1.3154,-0.0886,-2.0288,137.7454,0.0,0.0,0.0,0.0,no_change,141.85,2026-08-28T12:53:33,0.0,136.25,354.53,2026-09-02 15:44:18,2026-09-02 11:45:02
TSLA,TSLA270917P00480000,TSLA,2027-09-17,P,480.0,143.8,206.0,146.9,153.0,0.4761,29.0,0.0,-0.6552,0.0026,1.2866,-0.0878,-2.0373,145.6866,0.0,0.0,0.0,0.0,down,153.68,2026-08-26T11:02:24,0.0,144.349998474121,354.53,2026-09-02 15:44:18,2026-09-02 11:45:02
TSLA,TSLA270917P00490000,TSLA,2027-09-17,P,490.0,151.85,203.0,154.7,84.0,0.4759,20.0,0.0,-0.6735,0.0026,1.2596,-0.0869,-2.0458,153.7681,0.0,0.0,0.0,0.0,down,172.74,2026-08-07T11:26:59,0.0,152.399993896484,354.53,2026-09-02 15:44:18,2026-09-02 11:45:02
TSLA,TSLA270917P00500000,TSLA,2027-09-17,P,500.0,159.6,222.0,163.45,217.0,0.4771,188.0,2.0,-0.6913,0.0026,1.2246,-0.0858,-2.0333,161.998,2.425,163.0,163.0,163.0,up,163.0,2026-09-02T09:54:44,1.5102,160.574996948242,354.53,2026-09-02 15:44:18,2026-09-02 11:45:02
TSLA,TSLA270917P00510000,TSLA,2027-09-17,P,510.0,167.8,230.0,171.9,172.0,0.4777,55.0,0.0,-0.7088,0.0026,1.1828,-0.085,-2.0227,170.3661,0.0,0.0,0.0,0.0,down,195.86,2026-08-05T10:26:29,0.0,168.675003051758,354.53,2026-09-02 15:44:18,2026-09-02 11:45:02
TSLA,TSLA270917P00520000,TSLA,2027-09-17,P,520.0,176.25,201.0,180.4,123.0,0.4787,116.0,0.0,-0.7255,0.0026,1.1515,-0.0838,-2.007,178.8472,0.0,0.0,0.0,0.0,up,180.55,2026-08-31T09:34:36,0.0,177.475006103516,354.53,2026-09-02 15:44:18,2026-09-02 11:45:02
TSLA,TSLA270917P00530000,TSLA,2027-09-17,P,530.0,184.85,174.0,189.0,145.0,0.4796,2.0,0.0,-0.7418,0.0026,1.1076,-0.0823,-1.9836,187.4606,0.0,0.0,0.0,0.0,down,187.35,2026-09-01T14:43:50,0.0,185.849998474121,354.53,2026-09-02 15:44:18,2026-09-02 11:45:02
TSLA,TSLA270917P00540000,TSLA,2027-09-17,P,540.0,193.55,221.0,197.7,183.0,0.4809,111.0,0.0,-0.7575,0.0026,1.0735,-0.0812,-1.9575,196.1425,0.0,0.0,0.0,0.0,up,194.09,2026-09-01T15:23:41,0.0,194.5,354.53,2026-09-02 15:44:18,2026-09-02 11:45:02
TSLA,TSLA270917P00550000,TSLA,2027-09-17,P,550.0,202.35,239.0,206.5,194.0,0.4819,229.0,0.0,-0.7728,0.0025,1.0293,-0.0798,-1.898,204.9427,0.0,0.0,0.0,0.0,up,202.97,2026-09-01T15:24:16,0.0,203.125,354.53,2026-09-02 15:44:18,2026-09-02 11:45:02
TSLA,TSLA270917P00560000,TSLA,2027-09-17,P,560.0,212.05,45.0,215.75,52.0,0.4888,3.0,0.0,-0.7876,0.0025,0.9727,-0.0784,-1.851,213.8553,0.0,0.0,0.0,0.0,no_change,185.2,2026-06-22T09:56:52,0.0,212.574996948242,354.53,2026-09-02 15:44:18,2026-09-02 11:45:02
TSLA,TSLA270917P00570000,TSLA,2027-09-17,P,570.0,220.3,66.0,224.4,54.0,0.4842,2.0,0.0,-0.8019,0.0025,0.9376,-0.0772,-1.8332,222.8489,0.0,0.0,0.0,0.0,down,220.17,2026-09-01T15:29:26,0.0,221.275001525879,354.53,2026-09-02 15:44:18,2026-09-02 11:45:02
TSLA,TSLA270917P00580000,TSLA,2027-09-17,P,580.0,229.35,70.0,233.4,56.0,0.4846,29.0,0.0,-0.8155,0.0024,0.8935,-0.0756,-1.7678,231.9227,0.0,0.0,0.0,0.0,up,229.98,2026-09-01T15:21:14,0.0,230.050003051758,354.53,2026-09-02 15:44:18,2026-09-02 11:45:02
TSLA,TSLA270917P00590000,TSLA,2027-09-17,P,590.0,238.55,70.0,242.6,66.0,0.4862,7.0,0.0,-0.829,0.0024,0.8505,-0.074,-1.6946,241.0753,0.0,0.0,0.0,0.0,down,238.53,2026-09-01T15:27:08,0.0,239.575004577637,354.53,2026-09-02 15:44:18,2026-09-02 11:45:02
TSLA,TSLA270917P00600000,TSLA,2027-09-17,P,600.0,247.9,75.0,251.85,73.0,0.4881,41.0,0.0,-0.8423,0.0024,0.8017,-0.0731,-1.6595,250.305,0.0,0.0,0.0,0.0,up,248.75,2026-09-01T15:36:19,0.0,248.349998474121,354.53,2026-09-02 15:44:18,2026-09-02 11:45:02
TSLA,TSLA270917P00610000,TSLA,2027-09-17,P,610.0,257.15,75.0,261.15,52.0,0.4885,4.0,0.0,-0.8548,0.0024,0.7523,-0.0713,-1.5194,259.607,0.0,0.0,0.0,0.0,up,259.96,2026-09-01T14:44:28,0.0,258.024993896484,354.53,2026-09-02 15:44:18,2026-09-02 11:45:02
TSLA,TSLA270917P00620000,TSLA,2027-09-17,P,620.0,266.55,28.0,270.5,27.0,0.4894,3.0,0.0,-0.8666,0.0024,0.6899,-0.0687,-1.4618,268.9918,0.0,0.0,0.0,0.0,down,289.75,2026-08-11T09:51:41,0.0,267.599990844727,354.53,2026-09-02 15:44:18,2026-09-02 11:45:02
TSLA,TSLA270917P00630000,TSLA,2027-09-17,P,630.0,276.0,22.0,280.3,22.0,0.4935,1.0,0.0,-0.8778,0.0023,0.6544,-0.0659,-1.4438,278.4272,0.0,0.0,0.0,0.0,up,323.58,2026-07-28T14:50:22,0.0,277.149993896484,354.53,2026-09-02 15:44:18,2026-09-02 11:45:02
TSLA,TSLA270917P00640000,TSLA,2027-09-17,P,640.0,284.05,24.0,291.5,27.0,0.497,5.0,0.0,-0.8885,0.0023,0.6217,-0.063,-1.3319,287.9075,0.0,0.0,0.0,0.0,up,248.9,2026-05-18T13:18:30,0.0,286.125,354.53,2026-09-02 15:44:18,2026-09-02 11:45:02
TSLA,TSLA270917P00650000,TSLA,2027-09-17,P,650.0,293.75,23.0,300.4,23.0,0.4927,9.0,0.0,-0.8995,0.0022,0.5607,-0.0626,-1.1322,297.4564,0.0,0.0,0.0,0.0,up,343.61,2026-07-28T14:51:16,0.0,296.300003051758,354.53,2026-09-02 15:44:18,2026-09-02 11:45:02
TSLA,TSLA270917P00660000,TSLA,2027-09-17,P,660.0,302.95,24.0,309.8,24.0,0.4855,1.0,0.0,-0.9114,0.0023,0.481,-0.0629,-1.0722,307.084,0.0,0.0,0.0,0.0,down,294.87,2026-08-31T14:17:15,0.0,305.199996948242,354.53,2026-09-02 15:44:18,2026-09-02 11:45:02
TSLA,TSLA270917P00670000,TSLA,2027-09-17,P,670.0,313.05,21.0,319.4,22.0,0.4903,0.0,0.0,-0.9223,0.0023,0.4503,-0.0622,-1.0237,316.7441,0.0,0.0,0.0,0.0,up,322.88,2026-08-28T15:52:32,0.0,315.149993896484,354.53,2026-09-02 15:44:18,2026-09-02 11:45:02
TSLA,TSLA270917P00680000,TSLA,2027-09-17,P,680.0,322.35,17.0,329.3,18.0,0.4871,0.0,0.0,-0.9322,0.0022,0.4125,-0.0606,-0.9201,326.4445,0.0,0.0,0.0,0.0,down,281.55,2026-06-29T15:02:16,0.0,324.75,354.53,2026-09-02 15:44:18,2026-09-02 11:45:02
TSLA,TSLA270917P00690000,TSLA,2027-09-17,P,690.0,332.1,24.0,339.05,24.0,0.4858,0.0,0.0,-0.941,0.0022,0.3684,-0.0576,-0.8703,336.1852,0.0,0.0,0.0,0.0,up,380.85,2026-07-24T14:54:29,0.0,334.574996948242,354.53,2026-09-02 15:44:18,2026-09-02 11:45:02
TSLA,TSLA270917P00700000,TSLA,2027-09-17,P,700.0,341.9,23.0,348.85,24.0,0.0,1.0,0.0,-0.9492,0.0022,0.3392,-0.0537,-0.8608,345.9507,0.0,0.0,0.0,0.0,down,348.17,2026-08-31T09:36:07,0.0,344.725006103516,354.53,2026-09-02 15:44:18,2026-09-02 11:45:02
TSLA,TSLA270917P00710000,TSLA,2027-09-17,P,710.0,351.75,24.0,358.65,24.0,0.0,0.0,0.0,-0.9569,0.0021,0.3229,-0.0499,-0.6376,355.732,0.0,0.0,0.0,0.0,no_change,0.0,,0.0,354.350006103516,354.53,2026-09-02 15:44:18,2026-09-02 11:45:02
TSLA,TSLA270917P00720000,TSLA,2027-09-17,P,720.0,361.65,20.0,368.5,16.0,0.0,0.0,0.0,-0.9637,0.002,0.2523,-0.0503,-0.5418,365.5835,0.0,0.0,0.0,0.0,no_change,0.0,,0.0,364.25,354.53,2026-09-02 15:44:18,2026-09-02 11:45:02
TSLA,TSLA270917P00730000,TSLA,2027-09-17,P,730.0,371.65,20.0,378.3,16.0,0.0,0.0,0.0,-0.9696,0.0018,0.1298,-0.0474,0.0,375.5288,0.0,0.0,0.0,0.0,no_change,0.0,,0.0,374.25,354.53,2026-09-02 15:44:18,2026-09-02 11:45:02
TSLA,TSLA270917P00740000,TSLA,2027-09-17,P,740.0,381.65,20.0,388.3,16.0,0.0,0.0,0.0,-0.9747,0.0014,0.0,-0.0474,0.0,385.5288,0.0,0.0,0.0,0.0,up,431.62,2026-07-24T14:47:33,0.0,383.875,354.53,2026-09-02 15:44:18,2026-09-02 11:45:02
TSLA,TSLA270917P00750000,TSLA,2027-09-17,P,750.0,391.6,16.0,398.15,16.0,0.0,0.0,0.0,-0.9794,0.0012,0.0,-0.0474,0.0,395.5288,0.0,0.0,0.0,0.0,up,422.25,2026-08-12T15:58:54,0.0,393.875,354.53,2026-09-02 15:44:18,2026-09-02 11:45:02
TSLA,TSLA270917P00760000,TSLA,2027-09-17,P,760.0,402.85,16.0,408.0,16.0,0.0,0.0,0.0,-0.9836,0.0009,0.0,-0.0474,0.0,405.5288,0.0,0.0,0.0,0.0,no_change,0.0,,0.0,404.25,354.53,2026-09-02 15:44:18,2026-09-02 11:45:02
TSLA,TSLA270917P00770000,TSLA,2027-09-17,P,770.0,411.6,16.0,418.2,16.0,0.0,0.0,0.0,-0.9874,0.0007,0.0,-0.0474,0.0,415.5288,0.0,0.0,0.0,0.0,up,379.28,2026-06-08T09:33:49,0.0,414.25,354.53,2026-09-02 15:44:18,2026-09-02 11:45:02
TSLA,TSLA270917P00780000,TSLA,2027-09-17,P,780.0,421.6,16.0,428.2,16.0,0.0,0.0,0.0,-0.9907,0.0005,0.0,-0.0474,0.0,425.5288,0.0,0.0,0.0,0.0,no_change,0.0,,0.0,423.875,354.53,2026-09-02 15:44:18,2026-09-02 11:45:02
TSLA,TSLA270917P00790000,TSLA,2027-09-17,P,790.0,432.6,16.0,439.15,16.0,0.5765,0.0,0.0,-0.9938,0.0004,0.0,-0.0474,0.0,435.5288,0.0,0.0,0.0,0.0,up,395.52,2026-05-19T12:00:17,0.0,433.875,354.53,2026-09-02 15:44:18,2026-09-02 11:45:02
TSLA,TSLA270917P00800000,TSLA,2027-09-17,P,800.0,441.6,16.0,449.55,16.0,0.5718,0.0,0.0,-0.9967,0.0002,0.0,-0.0474,0.0,445.5288,0.0,0.0,0.0,0.0,no_change,0.0,,0.0,444.050003051758,354.53,2026-09-02 15:44:18,2026-09-02 11:45:02
TSLA,TSLA270917P00810000,TSLA,2027-09-17,P,810.0,451.6,16.0,459.55,16.0,0.5802,0.0,0.0,-0.9987,0.0001,0.0,-0.0474,0.0,455.5288,0.0,0.0,0.0,0.0,no_change,0.0,,0.0,453.875,354.53,2026-09-02 15:44:18,2026-09-02 11:45:02
TSLA,TSLA270917P00820000,TSLA,2027-09-17,P,820.0,461.6,16.0,469.55,16.0,0.5873,0.0,0.0,-1.0,0.0,0.0,-0.0474,0.0,465.5288,0.0,0.0,0.0,0.0,down,411.33,2026-05-20T11:25:46,0.0,464.25,354.53,2026-09-02 15:44:18,2026-09-02 11:45:02
TSLA,TSLA270917P00830000,TSLA,2027-09-17,P,830.0,471.6,16.0,479.55,16.0,0.5943,0.0,0.0,-1.0,0.0,0.0,-0.0474,0.0,475.5288,0.0,0.0,0.0,0.0,down,411.36,2026-05-21T09:31:45,0.0,473.875,354.53,2026-09-02 15:44:18,2026-09-02 11:45:02
TSLA,TSLA270917P00840000,TSLA,2027-09-17,P,840.0,481.6,16.0,489.55,16.0,0.6012,0.0,0.0,-1.0,0.0,0.0,-0.0474,0.0,485.5288,0.0,0.0,0.0,0.0,no_change,0.0,,0.0,483.875,354.53,2026-09-02 15:44:18,2026-09-02 11:45:02
TSLA,TSLA270917P00850000,TSLA,2027-09-17,P,850.0,491.6,16.0,499.55,16.0,0.608,0.0,0.0,-1.0,0.0,0.0,-0.0474,0.0,495.5288,0.0,0.0,0.0,0.0,no_change,0.0,,0.0,493.875,354.53,2026-09-02 15:44:18,2026-09-02 11:45:02
TSLA,TSLA270917P00860000,TSLA,2027-09-17,P,860.0,501.65,20.0,509.2,20.0,0.0,0.0,0.0,-1.0,0.0,0.0,-0.0474,0.0,505.5288,0.0,0.0,0.0,0.0,up,459.54,2026-06-05T11:21:34,0.0,503.875,354.53,2026-09-02 15:44:18,2026-09-02 11:45:02
TSLA,TSLA270917P00870000,TSLA,2027-09-17,P,870.0,511.65,20.0,519.2,20.0,0.0,0.0,0.0,-1.0,0.0,0.0,-0.0474,0.0,515.5288,0.0,0.0,0.0,0.0,no_change,0.0,,0.0,514.249984741211,354.53,2026-09-02 15:44:18,2026-09-02 11:45:02
TSLA,TSLA270917P00880000,TSLA,2027-09-17,P,880.0,521.65,20.0,529.2,20.0,0.0,0.0,0.0,-1.0,0.0,0.0,-0.0474,0.0,525.5288,0.0,0.0,0.0,0.0,no_change,0.0,,0.0,524.25,354.53,2026-09-02 15:44:18,2026-09-02 11:45:02
TSLA,TSLA271217C00005000,TSLA,2027-12-17,C,5.0,348.9,42.0,354.45,93.0,0.0,40168.0,81.0,1.0,0.0,0.0026,0.0,0.0598,351.2202,-5.205,351.85,351.85,346.17,up,347.62,2026-09-02T09:52:36,-1.47523,352.824996948242,354.53,2026-09-02 15:44:18,2026-09-02 11:45:02
TSLA,TSLA271217C00010000,TSLA,2027-12-17,C,10.0,341.85,17.0,349.75,1.0,0.0,3302.0,0.0,1.0,0.0,0.0051,0.0,0.1197,346.5404,0.0,0.0,0.0,0.0,up,346.02,2026-08-28T10:54:01,0.0,347.149993896484,354.53,2026-09-02 15:44:18,2026-09-02 11:45:02
TSLA,TSLA271217C00015000,TSLA,2027-12-17,C,15.0,337.15,16.0,345.1,16.0,0.0,586.0,0.0,1.0,0.0,0.0079,0.0,0.1795,341.8619,0.0,0.0,0.0,0.0,down,393.38,2026-03-04T15:59:08,0.0,342.449996948242,354.53,2026-09-02 15:44:18,2026-09-02 11:45:02
TSLA,TSLA271217C00020000,TSLA,2027-12-17,C,20.0,332.5,16.0,340.45,16.0,0.0,134.0,0.0,1.0,0.0,0.0111,0.0,0.239,337.1858,0.0,0.0,0.0,0.0,down,356.38,2026-06-25T12:43:59,0.0,338.175003051758,354.53,2026-09-02 15:44:18,2026-09-02 11:45:02
TSLA,TSLA271217C00025000,TSLA,2027-12-17,C,25.0,327.85,16.0,335.8,16.0,0.0,2088.0,0.0,1.0,0.0,0.0146,0.0,0.2984,332.5125,0.0,0.0,0.0,0.0,down,353.47,2026-06-24T15:20:50,0.0,333.25,354.53,2026-09-02 15:44:18,2026-09-02 11:45:02
TSLA,TSLA271217C00030000,TSLA,2027-12-17,C,30.0,323.15,16.0,331.15,16.0,0.0,4782.0,0.0,1.0,0.0,0.0184,0.0,0.3576,327.8426,0.0,0.0,0.0,0.0,down,423.66,2025-12-31T15:54:09,0.0,328.449996948242,354.53,2026-09-02 15:44:18,2026-09-02 11:45:02
TSLA,TSLA271217C00035000,TSLA,2027-12-17,C,35.0,318.55,16.0,326.5,16.0,0.0,931.0,0.0,1.0,0.0,0.0227,0.0,0.4165,323.1765,0.0,0.0,0.0,0.0,up,322.37,2026-08-25T10:06:56,0.0,323.850006103516,354.53,2026-09-02 15:44:18,2026-09-02 11:45:02
TSLA,TSLA271217C00040000,TSLA,2027-12-17,C,40.0,313.9,16.0,318.6,1.0,0.0,57.0,0.0,1.0,0.0,0.0274,0.0,0.4752,318.5145,0.0,0.0,0.0,0.0,up,329.4,2026-08-31T13:02:11,0.0,319.574996948242,354.53,2026-09-02 15:44:18,2026-09-02 11:45:02
TSLA,TSLA271217C00045000,TSLA,2027-12-17,C,45.0,309.25,17.0,317.2,16.0,0.0,43.0,0.0,1.0,0.0,0.0326,0.0,0.5335,313.8571,0.0,0.0,0.0,0.0,down,320.55,2026-03-27T14:57:07,0.0,314.925003051758,354.53,2026-09-02 15:44:18,2026-09-02 11:45:02
TSLA,TSLA271217C00050000,TSLA,2027-12-17,C,50.0,304.65,17.0,312.6,16.0,0.0,2405.0,0.0,1.0,0.0,0.0384,0.0,0.5916,309.2049,0.0,0.0,0.0,0.0,no_change,294.8,2026-08-17T13:39:26,0.0,310.475006103516,354.53,2026-09-02 15:44:18,2026-09-02 11:45:02
TSLA,TSLA271217C00055000,TSLA,2027-12-17,C,55.0,300.35,20.0,307.9,20.0,0.0,46.0,0.0,1.0,0.0,0.0446,0.0,0.6493,304.5583,0.0,0.0,0.0,0.0,down,341.28,2026-04-15T12:04:21,0.0,305.625,354.53,2026-09-02 15:44:18,2026-09-02 11:45:02
TSLA,TSLA271217C00060000,TSLA,2027-12-17,C,60.0,295.4,16.0,303.35,16.0,0.0,2568.0,0.0,0.9997,0.0,0.0513,0.0,0.7067,299.9178,0.0,0.0,0.0,0.0,down,254.5,2026-08-03T09:30:00,0.0,300.650009155273,354.53,2026-09-02 15:44:18,2026-09-02 11:45:02
TSLA,TSLA271217C00065000,TSLA,2027-12-17,C,65.0,290.75,18.0,298.7,16.0,0.0,55.0,0.0,0.999,0.0,0.0588,0.0,0.7636,295.2842,0.0,0.0,0.0,0.0,down,262.38,2026-07-23T15:58:13,0.0,296.400009155273,354.53,2026-09-02 15:44:18,2026-09-02 11:45:02
TSLA,TSLA271217C00070000,TSLA,2027-12-17,C,70.0,286.15,16.0,294.1,16.0,0.6102,72.0,0.0,0.9983,0.0001,0.067,0.0,0.82,290.6581,0.0,0.0,0.0,0.0,down,269.99,2026-07-23T09:45:41,0.0,291.824996948242,354.53,2026-09-02 15:44:18,2026-09-02 11:45:02
TSLA,TSLA271217C00075000,TSLA,2027-12-17,C,75.0,281.5,18.0,289.45,17.0,0.5632,1617.0,0.0,0.9974,0.0001,0.0757,0.0,0.876,286.0404,0.0,0.0,0.0,0.0,up,306.55,2026-06-24T14:49:01,0.0,287.149993896484,354.53,2026-09-02 15:44:18,2026-09-02 11:45:02
TSLA,TSLA271217C00080000,TSLA,2027-12-17,C,80.0,276.95,18.0,284.85,17.0,0.5782,441.0,0.0,0.9965,0.0001,0.0851,0.0,0.9316,281.4318,0.0,0.0,0.0,0.0,no_change,268.76,2026-08-20T10:24:14,0.0,282.550003051758,354.53,2026-09-02 15:44:18,2026-09-02 11:45:02
TSLA,TSLA271217C00085000,TSLA,2027-12-17,C,85.0,272.35,18.0,280.3,16.0,0.5823,1221.0,0.0,0.9954,0.0001,0.0954,0.0,0.9865,276.8334,0.0,0.0,0.0,0.0,no_change,229.06,2026-07-31T11:27:37,0.0,277.975006103516,354.53,2026-09-02 15:44:18,2026-09-02 11:45:02
TSLA,TSLA271217C00090000,TSLA,2027-12-17,C,90.0,267.75,17.0,275.7,17.0,0.5774,363.0,0.0,0.9943,0.0001,0.1067,0.0,1.0406,272.2464,0.0,0.0,0.0,0.0,no_change,259.86,2026-08-20T10:24:14,0.0,273.375,354.53,2026-09-02 15:44:18,2026-09-02 11:45:02
TSLA,TSLA271217C00095000,TSLA,2027-12-17,C,95.0,263.2,18.0,271.15,17.0,0.5768,366.0,0.0,0.993,0.0001,0.1188,0.0,1.0941,267.6721,0.0,0.0,0.0,0.0,no_change,255.19,2026-08-20T10:24:14,0.0,268.824996948242,354.53,2026-09-02 15:44:18,2026-09-02 11:45:02
TSLA,TSLA271217C00100000,TSLA,2027-12-17,C,100.0,259.5,20.0,266.45,23.0,0.6055,1870.0,0.0,0.9916,0.0001,0.1316,0.0,1.147,263.1117,0.0,0.0,0.0,0.0,down,264.0,2026-09-01T14:13:08,0.0,264.375,354.53,2026-09-02 15:44:18,2026-09-02 11:45:02
TSLA,TSLA271217C00105000,TSLA,2027-12-17,C,105.0,254.1,18.0,262.05,16.0,0.5678,321.0,0.0,0.99,0.0001,0.1455,0.0,1.199,258.5665,0.0,0.0,0.0,0.0,no_change,246.34,2026-08-20T10:24:14,0.0,259.725006103516,354.53,2026-09-02 15:44:18,2026-09-02 11:45:02
TSLA,TSLA271217C00110000,TSLA,2027-12-17,C,110.0,249.6,18.0,257.5,17.0,0.563,173.0,0.0,0.9884,0.0002,0.1606,0.0,1.25,254.038,0.0,0.0,0.0,0.0,up,238.95,2026-08-13T15:24:28,0.0,255.099998474121,354.53,2026-09-02 15:44:18,2026-09-02 11:45:02
TSLA,TSLA271217C00115000,TSLA,2027-12-17,C,115.0,245.1,18.0,253.0,17.0,0.5586,92.0,0.0,0.9865,0.0002,0.1768,0.0,1.2999,249.5283,0.0,0.0,0.0,0.0,up,275.65,2026-04-30T12:43:20,0.0,250.400001525879,354.53,2026-09-02 15:44:18,2026-09-02 11:45:02
TSLA,TSLA271217C00120000,TSLA,2027-12-17,C,120.0,240.6,25.0,248.55,10.0,0.5545,327.0,0.0,0.9845,0.0002,0.1939,0.0,1.3489,245.0389,0.0,0.0,0.0,0.0,down,266.45,2026-07-22T15:46:36,0.0,246.300003051758,354.53,2026-09-02 15:44:18,2026-09-02 11:45:02
TSLA,TSLA271217C00125000,TSLA,2027-12-17,C,125.0,236.1,23.0,244.05,10.0,0.5478,1517.0,0.0,0.9823,0.0002,0.2121,0.0,1.3969,240.5714,0.0,0.0,0.0,0.0,up,225.44,2026-08-14T12:57:54,0.0,241.724998474121,354.53,2026-09-02 15:44:18,2026-09-02 11:45:02
TSLA,TSLA271217C00130000,TSLA,2027-12-17,C,130.0,232.65,42.0,239.25,53.0,0.5585,132.0,0.0,0.9799,0.0002,0.2316,0.0,1.4437,236.1274,0.0,0.0,0.0,0.0,up,227.6,2026-08-26T15:15:38,0.0,237.349998474121,354.53,2026-09-02 15:44:18,2026-09-02 11:45:02
TSLA,TSLA271217C00135000,TSLA,2027-12-17,C,135.0,229.4,82.0,233.75,47.0,0.5545,2203.0,0.0,0.9773,0.0003,0.2525,0.0,1.4889,231.7092,0.0,0.0,0.0,0.0,down,222.9,2026-08-26T15:16:17,0.0,232.875,354.53,2026-09-02 15:44:18,2026-09-02 11:45:02
TSLA,TSLA271217C00140000,TSLA,2027-12-17,C,140.0,223.9,39.0,230.75,47.0,0.5542,250.0,0.0,0.9745,0.0003,0.2744,0.0,1.5329,227.3189,0.0,0.0,0.0,0.0,down,251.17,2026-06-24T15:02:59,0.0,228.525001525879,354.53,2026-09-02 15:44:18,2026-09-02 11:45:02
TSLA,TSLA271217C00145000,TSLA,2027-12-17,C,145.0,219.5,37.0,226.15,50.0,0.5438,216.0,0.0,0.9714,0.0003,0.2972,0.0,1.5757,222.9581,0.0,0.0,0.0,0.0,down,214.45,2026-08-26T15:16:11,0.0,224.450004577637,354.53,2026-09-02 15:44:18,2026-09-02 11:45:02
TSLA,TSLA271217C00150000,TSLA,2027-12-17,C,150.0,216.05,227.0,220.65,108.0,0.5342,2835.0,0.0,0.9682,0.0004,0.3212,0.0,1.617,218.6283,0.0,0.0,0.0,0.0,down,209.85,2026-08-26T15:18:33,0.0,219.850006103516,354.53,2026-09-02 15:44:18,2026-09-02 11:45:02
TSLA,TSLA271217C00155000,TSLA,2027-12-17,C,155.0,210.9,38.0,216.3,41.0,0.5159,49.0,0.0,0.9647,0.0004,0.3467,0.0,1.6566,214.3318,0.0,0.0,0.0,0.0,down,200.0,2026-08-18T11:48:28,0.0,215.324996948242,354.53,2026-09-02 15:44:18,2026-09-02 11:45:02
TSLA,TSLA271217C00160000,TSLA,2027-12-17,C,160.0,206.65,127.0,213.05,109.0,0.5278,186.0,0.0,0.9609,0.0004,0.3734,0.0,1.6945,210.0709,0.0,0.0,0.0,0.0,up,194.7,2026-08-17T15:56:26,0.0,210.700004577637,354.53,2026-09-02 15:44:18,2026-09-02 11:45:02
TSLA,TSLA271217C00165000,TSLA,2027-12-17,C,165.0,202.7,141.0,208.35,114.0,0.5213,199.0,0.0,0.9569,0.0005,0.4008,0.0,1.7309,205.8473,0.0,0.0,0.0,0.0,down,165.25,2026-07-27T11:21:31,0.0,207.150001525879,354.53,2026-09-02 15:44:18,2026-09-02 11:45:02
TSLA,TSLA271217C00170000,TSLA,2027-12-17,C,170.0,199.2,40.0,203.65,41.0,0.52,97.0,0.0,0.9527,0.0005,0.429,-0.0012,1.7659,201.6625,0.0,0.0,0.0,0.0,up,198.25,2026-08-25T15:56:17,0.0,203.025001525879,354.53,2026-09-02 15:44:18,2026-09-02 11:45:02
TSLA,TSLA271217C00175000,TSLA,2027-12-17,C,175.0,196.25,20.0,198.3,36.0,0.5165,3593.0,0.0,0.9482,0.0005,0.4584,-0.0032,1.7991,197.5181,0.0,0.0,0.0,0.0,up,184.9,2026-08-14T13:42:35,0.0,198.900001525879,354.53,2026-09-02 15:44:18,2026-09-02 11:45:02
TSLA,TSLA271217C00180000,TSLA,2027-12-17,C,180.0,191.9,18.0,195.25,56.0,0.5218,603.0,0.0,0.9434,0.0006,0.489,-0.0051,1.8301,193.4164,0.0,0.0,0.0,0.0,down,193.35,2026-08-25T12:11:39,0.0,194.900001525879,354.53,2026-09-02 15:44:18,2026-09-02 11:45:02
TSLA,TSLA271217C00185000,TSLA,2027-12-17,C,185.0,187.85,38.0,190.85,118.0,0.5151,152.0,0.0,0.9384,0.0006,0.5203,-0.0071,1.8594,189.3596,0.0,0.0,0.0,0.0,up,191.25,2026-09-01T09:46:20,0.0,190.675003051758,354.53,2026-09-02 15:44:18,2026-09-02 11:45:02
TSLA,TSLA271217C00190000,TSLA,2027-12-17,C,190.0,183.9,29.0,186.85,83.0,0.5128,553.0,0.0,0.933,0.0007,0.5519,-0.0091,1.8872,185.3488,0.0,0.0,0.0,0.0,up,183.99,2026-08-27T10:26:02,0.0,186.800003051758,354.53,2026-09-02 15:44:18,2026-09-02 11:45:02
TSLA,TSLA271217C00195000,TSLA,2027-12-17,C,195.0,179.95,38.0,183.2,121.0,0.5127,108.0,0.0,0.9275,0.0007,0.5842,-0.0112,1.9134,181.3851,0.0,0.0,0.0,0.0,up,191.2,2026-08-21T15:21:31,0.0,182.774993896484,354.53,2026-09-02 15:44:18,2026-09-02 11:45:02
TSLA,TSLA271217C00200000,TSLA,2027-12-17,C,200.0,176.35,18.0,178.9,131.0,0.5093,1684.0,0.0,0.9217,0.0007,0.6175,-0.0132,1.9373,177.4703,0.0,0.0,0.0,0.0,down,176.5,2026-09-01T14:47:53,0.0,178.949996948242,354.53,2026-09-02 15:44:18,2026-09-02 11:45:02
TSLA,TSLA271217C00210000,TSLA,2027-12-17,C,210.0,168.4,18.0,171.3,107.0,0.5028,601.0,0.0,0.9093,0.0008,0.6855,-0.0174,1.9792,169.7953,0.0,0.0,0.0,0.0,no_change,177.35,2026-08-31T10:21:11,0.0,171.325004577637,354.53,2026-09-02 15:44:18,2026-09-02 11:45:02
TSLA,TSLA271217C00220000,TSLA,2027-12-17,C,220.0,160.95,19.0,163.75,102.0,0.498,1172.0,0.0,0.8959,0.0009,0.7538,-0.0216,2.0149,162.3335,0.0,0.0,0.0,0.0,down,165.0,2026-09-01T10:57:25,0.0,163.800003051758,354.53,2026-09-02 15:44:18,2026-09-02 11:45:02
TSLA,TSLA271217C00230000,TSLA,2027-12-17,C,230.0,153.3,108.0,156.45,96.0,0.4914,620.0,0.0,0.8815,0.001,0.8236,-0.0258,2.0421,155.0944,0.0,0.0,0.0,0.0,up,155.7,2026-08-27T15:42:13,0.0,156.599998474121,354.53,2026-09-02 15:44:18,2026-09-02 11:45:02
TSLA,TSLA271217C00240000,TSLA,2027-12-17,C,240.0,146.2,123.0,148.95,56.0,0.4851,1345.0,0.0,0.8663,0.0011,0.8925,-0.0299,2.0628,148.0885,0.0,0.0,0.0,0.0,up,160.83,2026-08-31T15:52:09,0.0,149.625,354.53,2026-09-02 15:44:18,2026-09-02 11:45:02
TSLA,TSLA271217C00250000,TSLA,2027-12-17,C,250.0,140.5,26.0,142.0,16.0,0.4874,4373.0,1.0,0.8502,0.0012,0.9606,-0.034,2.0769,141.3192,-3.575,139.25,139.25,139.25,down,139.25,2026-09-02T09:56:38,-2.50306,142.824996948242,354.53,2026-09-02 15:44:18,2026-09-02 11:45:02
TSLA,TSLA271217C00260000,TSLA,2027-12-17,C,260.0,133.7,45.0,136.15,114.0,0.487,683.0,0.0,0.8334,0.0013,1.0276,-0.038,2.0831,134.7948,0.0,0.0,0.0,0.0,down,135.6,2026-09-01T15:13:17,0.0,136.375,354.53,2026-09-02 15:44:18,2026-09-02 11:45:02
TSLA,TSLA271217C00270000,TSLA,2027-12-17,C,270.0,127.8,26.0,130.0,105.0,0.4873,1450.0,2.0,0.8159,0.0014,1.0916,-0.0418,2.0847,128.4986,-2.9,127.2,127.2,127.1,down,127.1,2026-09-02T10:15:26,-2.23077,130.0,354.53,2026-09-02 15:44:18,2026-09-02 11:45:02
TSLA,TSLA271217C00280000,TSLA,2027-12-17,C,280.0,121.35,41.0,124.25,109.0,0.4848,813.0,0.0,0.7979,0.0015,1.1535,-0.0455,2.0795,122.4696,0.0,0.0,0.0,0.0,down,122.08,2026-09-01T14:55:28,0.0,123.950000762939,354.53,2026-09-02 15:44:18,2026-09-02 11:45:02
TSLA,TSLA271217C00290000,TSLA,2027-12-17,C,290.0,115.95,81.0,117.4,119.0,0.4804,1923.0,0.0,0.7795,0.0015,1.2122,-0.049,2.0684,116.6921,0.0,0.0,0.0,0.0,down,116.98,2026-09-01T14:16:38,0.0,118.125,354.53,2026-09-02 15:44:18,2026-09-02 11:45:02
TSLA,TSLA271217C00300000,TSLA,2027-12-17,C,300.0,110.45,54.0,111.7,82.0,0.4785,5581.0,25.0,0.7607,0.0016,1.2667,-0.0523,2.0543,111.1802,-0.325,108.43,112.25,108.4,up,112.25,2026-09-02T10:46:34,-0.288694,112.574996948242,354.53,2026-09-02 15:44:18,2026-09-02 11:45:02
TSLA,TSLA271217C00310000,TSLA,2027-12-17,C,310.0,104.7,154.0,107.4,158.0,0.4797,1526.0,0.0,0.7416,0.0017,1.318,-0.0554,2.034,105.8758,0.0,0.0,0.0,0.0,down,109.95,2026-09-01T10:46:47,0.0,107.299999237061,354.53,2026-09-02 15:44:18,2026-09-02 11:45:02
TSLA,TSLA271217C00320000,TSLA,2027-12-17,C,320.0,99.4,128.0,102.35,168.0,0.478,1087.0,0.0,0.7223,0.0018,1.3652,-0.0583,2.0096,100.8333,0.0,0.0,0.0,0.0,down,100.0,2026-09-01T14:45:00,0.0,102.224998474121,354.53,2026-09-02 15:44:18,2026-09-02 11:45:02
TSLA,TSLA271217C00330000,TSLA,2027-12-17,C,330.0,94.85,29.0,97.2,208.0,0.4771,1339.0,2.0,0.7029,0.0018,1.4078,-0.0609,1.9834,96.0264,-2.35,96.4,96.4,95.0,down,95.0,2026-09-02T09:37:45,-2.41397,97.3499984741211,354.53,2026-09-02 15:44:18,2026-09-02 11:45:02
TSLA,TSLA271217C00340000,TSLA,2027-12-17,C,340.0,90.3,106.0,92.65,193.0,0.477,1080.0,1.0,0.6835,0.0019,1.4463,-0.0634,1.9531,91.4478,-3.575,89.2,89.2,89.2,down,89.2,2026-09-02T10:00:02,-3.85341,92.7749977111816,354.53,2026-09-02 15:44:18,2026-09-02 11:45:02
TSLA,TSLA271217C00350000,TSLA,2027-12-17,C,350.0,86.65,87.0,87.6,46.0,0.4767,5660.0,1.0,0.6643,0.0019,1.4806,-0.0656,1.9194,87.1103,-3.175,85.2,85.2,85.2,down,85.2,2026-09-02T09:56:48,-3.59264,88.375,354.53,2026-09-02 15:44:18,2026-09-02 11:45:02
TSLA,TSLA271217C00360000,TSLA,2027-12-17,C,360.0,82.5,71.0,84.2,184.0,0.4791,1297.0,1.0,0.645,0.0019,1.5105,-0.0675,1.8848,82.9572,-3.365,80.86,80.86,80.86,down,80.86,2026-09-02T10:00:02,-3.99525,84.2249984741211,354.53,2026-09-02 15:44:18,2026-09-02 11:45:02
TSLA,TSLA271217C00370000,TSLA,2027-12-17,C,370.0,78.7,21.0,79.6,48.0,0.4774,3028.0,12.0,0.626,0.002,1.5362,-0.0693,1.8487,79.0257,-1.25,77.0,79.0,76.5,up,79.0,2026-09-02T11:11:18,-1.55763,80.25,354.53,2026-09-02 15:44:18,2026-09-02 11:45:02
TSLA,TSLA271217C00380000,TSLA,2027-12-17,C,380.0,74.75,144.0,76.55,181.0,0.479,779.0,1.0,0.6073,0.002,1.558,-0.0708,1.8094,75.2943,-0.75,75.7,75.7,75.7,up,75.7,2026-09-02T10:28:49,-0.981034,76.4500007629394,354.53,2026-09-02 15:44:18,2026-09-02 11:45:02
TSLA,TSLA271217C00390000,TSLA,2027-12-17,C,390.0,71.2,172.0,72.8,244.0,0.4785,845.0,0.0,0.5889,0.002,1.5758,-0.0722,1.7695,71.7561,0.0,0.0,0.0,0.0,no_change,71.6,2026-09-01T15:01:28,0.0,72.8499984741211,354.53,2026-09-02 15:44:18,2026-09-02 11:45:02
TSLA,TSLA271217C00400000,TSLA,2027-12-17,C,400.0,68.25,76.0,68.9,54.0,0.4786,6198.0,36.0,0.5707,0.002,1.59,-0.0733,1.7303,68.3999,-0.9,71.0,71.0,66.54,down,68.6,2026-09-02T11:28:03,-1.29496,69.5,354.53,2026-09-02 15:44:18,2026-09-02 11:45:02
TSLA,TSLA271217C00410000,TSLA,2027-12-17,C,410.0,65.0,66.0,65.75,98.0,0.4788,1281.0,7.0,0.553,0.002,1.6007,-0.0743,1.6898,65.2164,-2.2,64.05,64.05,64.05,down,64.05,2026-09-02T11:03:35,-3.32075,66.25,354.53,2026-09-02 15:44:18,2026-09-02 11:45:02
TSLA,TSLA271217C00420000,TSLA,2027-12-17,C,420.0,61.6,203.0,63.3,187.0,0.4798,1073.0,0.0,0.5356,0.0021,1.6079,-0.0751,1.6476,62.2,0.0,0.0,0.0,0.0,down,62.01,2026-09-01T14:43:24,0.0,63.375,354.53,2026-09-02 15:44:18,2026-09-02 11:45:02
TSLA,TSLA271217C00430000,TSLA,2027-12-17,C,430.0,59.2,49.0,59.9,132.0,0.4801,2034.0,1.0,0.5187,0.0021,1.612,-0.0757,1.6059,59.3431,-2.63,57.72,57.72,57.72,down,57.72,2026-09-02T10:05:30,-4.35791,60.3500003814697,354.53,2026-09-02 15:44:18,2026-09-02 11:45:02
TSLA,TSLA271217C00440000,TSLA,2027-12-17,C,440.0,56.45,51.0,57.5,206.0,0.4815,1008.0,1.0,0.5022,0.0021,1.6137,-0.0761,1.5658,56.6476,-1.4,56.3,56.3,56.3,down,56.3,2026-09-02T10:53:07,-2.42634,57.6999988555908,354.53,2026-09-02 15:44:18,2026-09-02 11:45:02
TSLA,TSLA271217C00450000,TSLA,2027-12-17,C,450.0,53.85,80.0,54.6,134.0,0.4811,6080.0,3.0,0.4861,0.0021,1.6125,-0.0764,1.5251,54.0706,0.075,53.0,55.2,53.0,down,55.15,2026-09-02T10:46:36,0.136177,55.0750007629394,354.53,2026-09-02 15:44:18,2026-09-02 11:45:02
TSLA,TSLA271217C00460000,TSLA,2027-12-17,C,460.0,51.45,109.0,52.2,64.0,0.482,2287.0,3.0,0.4704,0.002,1.6086,-0.0766,1.4837,51.6374,-0.7,51.8,51.8,51.8,up,51.8,2026-09-02T10:20:30,-1.33333,52.5,354.53,2026-09-02 15:44:18,2026-09-02 11:45:02
TSLA,TSLA271217C00470000,TSLA,2027-12-17,C,470.0,48.65,207.0,50.25,243.0,0.4823,1313.0,0.0,0.4553,0.002,1.6024,-0.0766,1.4427,49.3352,0.0,0.0,0.0,0.0,no_change,53.9,2026-08-31T10:06:08,0.0,50.1499996185303,354.53,2026-09-02 15:44:18,2026-09-02 11:45:02
TSLA,TSLA271217C00480000,TSLA,2027-12-17,C,480.0,46.85,178.0,47.7,152.0,0.4832,7043.0,0.0,0.4405,0.002,1.5944,-0.0766,1.4031,47.1461,0.0,0.0,0.0,0.0,down,48.25,2026-09-01T13:39:54,0.0,47.8500003814697,354.53,2026-09-02 15:44:18,2026-09-02 11:45:02
TSLA,TSLA271217C00490000,TSLA,2027-12-17,C,490.0,44.4,238.0,45.95,221.0,0.4838,529.0,0.0,0.4263,0.002,1.5849,-0.0764,1.3651,45.0789,0.0,0.0,0.0,0.0,no_change,45.5,2026-09-01T15:09:28,0.0,45.8500003814697,354.53,2026-09-02 15:44:18,2026-09-02 11:45:02
TSLA,TSLA271217C00500000,TSLA,2027-12-17,C,500.0,42.8,205.0,43.6,128.0,0.4847,7610.0,12.0,0.4125,0.002,1.5736,-0.0761,1.327,43.1189,-0.325,43.2,43.5,42.0,up,43.5,2026-09-02T11:13:12,-0.741588,43.8250007629394,354.53,2026-09-02 15:44:18,2026-09-02 11:45:02
TSLA,TSLA271217C00510000,TSLA,2027-12-17,C,510.0,40.9,210.0,41.8,104.0,0.4855,1434.0,0.0,0.3991,0.002,1.5604,-0.0758,1.2888,41.2618,0.0,0.0,0.0,0.0,down,42.4,2026-09-01T09:46:10,0.0,42.0,354.53,2026-09-02 15:44:18,2026-09-02 11:45:02
TSLA,TSLA271217C00520000,TSLA,2027-12-17,C,520.0,39.2,192.0,40.0,166.0,0.4864,870.0,0.0,0.3862,0.002,1.5458,-0.0754,1.2514,39.5025,0.0,0.0,0.0,0.0,down,40.5,2026-09-01T09:45:34,0.0,40.2999992370606,354.53,2026-09-02 15:44:18,2026-09-02 11:45:02
TSLA,TSLA271217C00530000,TSLA,2027-12-17,C,530.0,37.75,51.0,38.35,54.0,0.4882,1511.0,1.0,0.3738,0.0019,1.5304,-0.0749,1.2158,37.8349,-1.55,36.95,36.95,36.95,down,36.95,2026-09-02T09:39:15,-4.02597,38.5,354.53,2026-09-02 15:44:18,2026-09-02 11:45:02
TSLA,TSLA271217C00540000,TSLA,2027-12-17,C,540.0,35.55,214.0,37.4,279.0,0.4892,496.0,0.0,0.3618,0.0019,1.5143,-0.0743,1.1816,36.2529,0.0,0.0,0.0,0.0,no_change,36.25,2026-09-01T14:37:24,0.0,36.8999996185303,354.53,2026-09-02 15:44:18,2026-09-02 11:45:02
TSLA,TSLA271217C00550000,TSLA,2027-12-17,C,550.0,34.7,49.0,35.25,131.0,0.4901,1333.0,0.0,0.3502,0.0019,1.4975,-0.0737,1.1482,34.7578,0.0,0.0,0.0,0.0,no_change,34.75,2026-09-01T14:37:20,0.0,35.2749996185303,354.53,2026-09-02 15:44:18,2026-09-02 11:45:02
TSLA,TSLA271217C00560000,TSLA,2027-12-17,C,560.0,32.65,193.0,33.9,170.0,0.4893,510.0,0.0,0.339,0.0018,1.4791,-0.073,1.1146,33.3268,0.0,0.0,0.0,0.0,up,33.85,2026-09-01T15:31:48,0.0,33.6749992370606,354.53,2026-09-02 15:44:18,2026-09-02 11:45:02
TSLA,TSLA271217C00570000,TSLA,2027-12-17,C,570.0,31.25,283.0,33.15,352.0,0.4921,419.0,0.0,0.3282,0.0018,1.46,-0.0723,1.0817,31.9757,0.0,0.0,0.0,0.0,no_change,32.0,2026-09-01T14:37:25,0.0,32.4750003814697,354.53,2026-09-02 15:44:18,2026-09-02 11:45:02
TSLA,TSLA271217C00580000,TSLA,2027-12-17,C,580.0,30.0,239.0,31.45,255.0,0.4918,361.0,0.0,0.3178,0.0018,1.4404,-0.0716,1.05,30.694,0.0,0.0,0.0,0.0,no_change,30.75,2026-09-01T14:36:49,0.0,31.1500005722046,354.53,2026-09-02 15:44:18,2026-09-02 11:45:02
TSLA,TSLA271217C00590000,TSLA,2027-12-17,C,590.0,29.35,76.0,30.0,100.0,0.494,455.0,59.0,0.3078,0.0018,1.4208,-0.0708,1.02,29.4773,-0.745,28.88,29.18,28.88,up,29.18,2026-09-02T11:04:57,-2.48956,29.9250001907349,354.53,2026-09-02 15:44:18,2026-09-02 11:45:02
TSLA,TSLA271217C00600000,TSLA,2027-12-17,C,600.0,28.3,38.0,28.85,126.0,0.4955,7791.0,2.0,0.2981,0.0017,1.4011,-0.07,0.9912,28.3211,-0.425,27.35,28.3,27.35,up,28.3,2026-09-02T11:21:44,-1.47955,28.7249994277954,354.53,2026-09-02 15:44:18,2026-09-02 11:45:02
TSLA,TSLA271217C00610000,TSLA,2027-12-17,C,610.0,26.55,206.0,27.85,200.0,0.4945,519.0,0.0,0.2888,0.0017,1.3812,-0.0691,0.9631,27.2221,0.0,0.0,0.0,0.0,no_change,27.9,2026-09-01T13:38:37,0.0,27.6500005722046,354.53,2026-09-02 15:44:18,2026-09-02 11:45:02
TSLA,TSLA271217C00620000,TSLA,2027-12-17,C,620.0,26.1,66.0,26.7,184.0,0.4974,3171.0,0.0,0.2799,0.0017,1.3607,-0.0683,0.9354,26.1777,0.0,0.0,0.0,0.0,no_change,26.85,2026-09-01T13:38:51,0.0,26.5999994277954,354.53,2026-09-02 15:44:18,2026-09-02 11:45:02
TSLA,TSLA271217C00630000,TSLA,2027-12-17,C,630.0,24.5,261.0,26.3,283.0,0.4984,781.0,0.0,0.2713,0.0016,1.3396,-0.0674,0.9081,25.1854,0.0,0.0,0.0,0.0,no_change,25.75,2026-09-01T13:40:47,0.0,25.5999994277954,354.53,2026-09-02 15:44:18,2026-09-02 11:45:02
TSLA,TSLA271217C00640000,TSLA,2027-12-17,C,640.0,23.55,216.0,24.75,139.0,0.4972,458.0,0.0,0.263,0.0016,1.3185,-0.0666,0.8817,24.2425,0.0,0.0,0.0,0.0,no_change,24.8,2026-09-01T13:40:49,0.0,24.6500005722046,354.53,2026-09-02 15:44:18,2026-09-02 11:45:02
TSLA,TSLA271217C00650000,TSLA,2027-12-17,C,650.0,23.25,66.0,23.85,222.0,0.5006,6079.0,3.0,0.255,0.0016,1.2975,-0.0657,0.8566,23.3461,-0.8,22.8,22.95,22.8,up,22.95,2026-09-02T10:03:37,-3.36842,23.75,354.53,2026-09-02 15:44:18,2026-09-02 11:45:02
TSLA,TSLA271217C00660000,TSLA,2027-12-17,C,660.0,21.8,248.0,23.05,177.0,0.4995,1045.0,0.0,0.2474,0.0016,1.277,-0.0648,0.8327,22.4931,0.0,0.0,0.0,0.0,down,23.0,2026-09-01T13:39:29,0.0,22.8499994277954,354.53,2026-09-02 15:44:18,2026-09-02 11:45:02
TSLA,TSLA271217C00670000,TSLA,2027-12-17,C,670.0,21.0,267.0,22.7,327.0,0.5025,536.0,0.0,0.24,0.0015,1.2567,-0.0639,0.8098,21.6809,0.0,0.0,0.0,0.0,down,20.4,2026-08-26T11:15:14,0.0,22.0500001907349,354.53,2026-09-02 15:44:18,2026-09-02 11:45:02
TSLA,TSLA271217C00680000,TSLA,2027-12-17,C,680.0,20.5,206.0,21.65,220.0,0.5036,490.0,8.0,0.2329,0.0015,1.2366,-0.063,0.7875,20.9072,-0.975,20.25,20.25,20.25,down,20.25,2026-09-02T09:43:16,-4.59364,21.2250003814697,354.53,2026-09-02 15:44:18,2026-09-02 11:45:02
TSLA,TSLA271217C00690000,TSLA,2027-12-17,C,690.0,19.5,249.0,20.7,82.0,0.5028,1048.0,2.0,0.226,0.0015,1.2163,-0.0621,0.7657,20.1702,-1.025,19.65,19.65,19.45,down,19.45,2026-09-02T09:44:00,-5.00611,20.4750003814697,354.53,2026-09-02 15:44:18,2026-09-02 11:45:02
TSLA,TSLA271217C00700000,TSLA,2027-12-17,C,700.0,19.35,92.0,19.95,193.0,0.506,9068.0,1.0,0.2195,0.0014,1.1958,-0.0612,0.7442,19.4684,-0.13,19.67,19.67,19.67,down,19.67,2026-09-02T10:32:00,-0.656567,19.8000001907349,354.53,2026-09-02 15:44:18,2026-09-02 11:45:02
TSLA,TSLA271217C00710000,TSLA,2027-12-17,C,710.0,18.15,219.0,19.35,110.0,0.5052,350.0,7.0,0.2131,0.0014,1.1754,-0.0604,0.7234,18.8,-0.575,18.25,18.3,18.25,no_change,18.3,2026-09-02T09:43:06,-3.04636,18.875,354.53,2026-09-02 15:44:18,2026-09-02 11:45:02
TSLA,TSLA271217C00720000,TSLA,2027-12-17,C,720.0,17.6,224.0,18.65,85.0,0.5064,333.0,0.0,0.2071,0.0014,1.1553,-0.0595,0.7034,18.1633,0.0,0.0,0.0,0.0,up,18.8,2026-08-21T09:50:27,0.0,18.3500003814697,354.53,2026-09-02 15:44:18,2026-09-02 11:45:02
TSLA,TSLA271217C00730000,TSLA,2027-12-17,C,730.0,16.95,228.0,18.1,197.0,0.5076,996.0,0.0,0.2012,0.0014,1.1357,-0.0586,0.6844,17.5562,0.0,0.0,0.0,0.0,no_change,18.4,2026-09-01T10:11:27,0.0,17.8249998092651,354.53,2026-09-02 15:44:18,2026-09-02 11:45:02
TSLA,TSLA271217C00740000,TSLA,2027-12-17,C,740.0,16.3,127.0,17.5,113.0,0.5084,202.0,0.0,0.1956,0.0013,1.1166,-0.0577,0.6664,16.9769,0.0,0.0,0.0,0.0,down,15.9,2026-08-20T10:35:38,0.0,17.0749998092651,354.53,2026-09-02 15:44:18,2026-09-02 11:45:02
TSLA,TSLA271217C00750000,TSLA,2027-12-17,C,750.0,15.8,255.0,16.9,206.0,0.5095,802.0,0.0,0.1901,0.0013,1.098,-0.0569,0.649,16.4239,0.0,0.0,0.0,0.0,down,16.3,2026-09-01T15:06:18,0.0,16.6750001907349,354.53,2026-09-02 15:44:18,2026-09-02 11:45:02
TSLA,TSLA271217C00760000,TSLA,2027-12-17,C,760.0,15.25,159.0,16.45,125.0,0.511,304.0,0.0,0.1849,0.0013,1.0797,-0.056,0.6322,15.8957,0.0,0.0,0.0,0.0,down,15.03,2026-08-26T15:53:16,0.0,16.0500001907349,354.53,2026-09-02 15:44:18,2026-09-02 11:45:02
TSLA,TSLA271217C00770000,TSLA,2027-12-17,C,770.0,14.9,223.0,15.95,197.0,0.5129,310.0,0.0,0.1799,0.0013,1.0615,-0.0552,0.6158,15.3911,0.0,0.0,0.0,0.0,no_change,15.9,2026-09-01T12:38:10,0.0,15.6500000953674,354.53,2026-09-02 15:44:18,2026-09-02 11:45:02
TSLA,TSLA271217C00780000,TSLA,2027-12-17,C,780.0,14.4,216.0,15.45,198.0,0.5139,226.0,0.0,0.175,0.0012,1.0434,-0.0544,0.5997,14.9092,0.0,0.0,0.0,0.0,down,15.15,2026-09-01T15:45:29,0.0,15.375,354.53,2026-09-02 15:44:18,2026-09-02 11:45:02
TSLA,TSLA271217C00790000,TSLA,2027-12-17,C,790.0,14.0,204.0,15.0,194.0,0.5154,936.0,0.0,0.1704,0.0012,1.0255,-0.0536,0.584,14.4488,0.0,0.0,0.0,0.0,down,15.14,2026-09-01T09:46:49,0.0,14.75,354.53,2026-09-02 15:44:18,2026-09-02 11:45:02
TSLA,TSLA271217C00800000,TSLA,2027-12-17,C,800.0,13.55,217.0,14.55,214.0,0.5165,1659.0,0.0,0.1659,0.0012,1.0078,-0.0528,0.5689,14.0091,0.0,0.0,0.0,0.0,down,14.3,2026-09-01T14:13:45,0.0,14.1999998092651,354.53,2026-09-02 15:44:18,2026-09-02 11:45:02
TSLA,TSLA271217C00810000,TSLA,2027-12-17,C,810.0,13.15,206.0,14.15,238.0,0.5178,212.0,0.0,0.1616,0.0012,0.9909,-0.052,0.5547,13.5986,0.0,0.0,0.0,0.0,down,14.32,2026-09-01T11:19:18,0.0,14.0,354.53,2026-09-02 15:44:18,2026-09-02 11:45:02
TSLA,TSLA271217C00820000,TSLA,2027-12-17,C,820.0,12.55,258.0,13.7,183.0,0.5177,317.0,0.0,0.1575,0.0011,0.974,-0.0513,0.5408,13.1963,0.0,0.0,0.0,0.0,no_change,12.32,2026-08-17T09:54:59,0.0,13.6750001907349,354.53,2026-09-02 15:44:18,2026-09-02 11:45:02
TSLA,TSLA271217C00830000,TSLA,2027-12-17,C,830.0,12.35,234.0,13.4,221.0,0.5203,164.0,1.0,0.1535,0.0011,0.9576,-0.0505,0.5276,12.8113,-0.6,12.45,12.45,12.45,down,12.45,2026-09-02T10:01:58,-4.5977,13.0500001907349,354.53,2026-09-02 15:44:18,2026-09-02 11:45:02
TSLA,TSLA271217C00840000,TSLA,2027-12-17,C,840.0,11.95,246.0,13.05,215.0,0.5214,436.0,1.0,0.1496,0.0011,0.9418,-0.0498,0.5149,12.4427,-0.475,12.15,12.15,12.15,down,12.15,2026-09-02T10:01:37,-3.76238,12.625,354.53,2026-09-02 15:44:18,2026-09-02 11:45:02
TSLA,TSLA271217C00850000,TSLA,2027-12-17,C,850.0,11.6,221.0,12.7,190.0,0.5227,981.0,1.0,0.1459,0.0011,0.9263,-0.0491,0.5027,12.0894,-0.125,12.15,12.15,12.15,down,12.15,2026-09-02T10:16:19,-1.01833,12.2750000953674,354.53,2026-09-02 15:44:18,2026-09-02 11:45:02
TSLA,TSLA271217C00860000,TSLA,2027-12-17,C,860.0,11.25,275.0,12.3,249.0,0.5235,562.0,0.0,0.1423,0.0011,0.9112,-0.0483,0.4909,11.7509,0.0,0.0,0.0,0.0,no_change,12.3,2026-09-01T10:11:26,0.0,11.9249997138977,354.53,2026-09-02 15:44:18,2026-09-02 11:45:02
TSLA,TSLA271217C00870000,TSLA,2027-12-17,C,870.0,10.95,144.0,12.0,129.0,0.525,379.0,0.0,0.1388,0.001,0.8963,-0.0476,0.4793,11.4263,0.0,0.0,0.0,0.0,down,10.7,2026-08-28T12:07:06,0.0,11.75,354.53,2026-09-02 15:44:18,2026-09-02 11:45:02
TSLA,TSLA271217C00880000,TSLA,2027-12-17,C,880.0,10.5,146.0,11.9,157.0,0.5266,348.0,0.0,0.1355,0.001,0.8816,-0.047,0.468,11.1152,0.0,0.0,0.0,0.0,up,13.43,2026-08-31T14:00:18,0.0,11.4250001907349,354.53,2026-09-02 15:44:18,2026-09-02 11:45:02
TSLA,TSLA271217C00890000,TSLA,2027-12-17,C,890.0,10.35,250.0,11.4,238.0,0.5275,1281.0,0.0,0.1323,0.001,0.8671,-0.0463,0.457,10.817,0.0,0.0,0.0,0.0,up,11.25,2026-08-27T13:11:00,0.0,11.0749998092651,354.53,2026-09-02 15:44:18,2026-09-02 11:45:02
TSLA,TSLA271217C00900000,TSLA,2027-12-17,C,900.0,10.4,138.0,10.85,217.0,0.5291,4147.0,4.0,0.1291,0.001,0.8528,-0.0456,0.4463,10.531,-0.5,10.27,10.4,10.27,down,10.3,2026-09-02T10:00:10,-4.62963,10.7999997138977,354.53,2026-09-02 15:44:18,2026-09-02 11:45:02
TSLA,TSLA271217C00910000,TSLA,2027-12-17,C,910.0,9.75,246.0,10.75,213.0,0.5292,709.0,0.0,0.1262,0.001,0.8388,-0.045,0.436,10.2567,0.0,0.0,0.0,0.0,up,10.95,2026-08-25T11:18:54,0.0,10.4500002861023,354.53,2026-09-02 15:44:18,2026-09-02 11:45:02
TSLA,TSLA271217C00920000,TSLA,2027-12-17,C,920.0,9.35,178.0,10.65,185.0,0.5305,786.0,0.0,0.1233,0.001,0.8251,-0.0444,0.426,9.9934,0.0,0.0,0.0,0.0,up,10.25,2026-08-19T11:58:46,0.0,10.1749997138977,354.53,2026-09-02 15:44:18,2026-09-02 11:45:02
TSLA,TSLA271217C00930000,TSLA,2027-12-17,C,930.0,9.25,218.0,10.2,225.0,0.5315,1641.0,0.0,0.1205,0.0009,0.8118,-0.0438,0.4165,9.7407,0.0,0.0,0.0,0.0,up,10.04,2026-09-01T13:38:47,0.0,9.9249997138977,354.53,2026-09-02 15:44:18,2026-09-02 11:45:02
TSLA,TSLA271217C00940000,TSLA,2027-12-17,C,940.0,9.1,246.0,9.85,229.0,0.5326,1736.0,5.0,0.1178,0.0009,0.7989,-0.0432,0.4074,9.4979,-0.32,9.25,9.33,9.25,up,9.33,2026-09-02T10:15:41,-3.31606,9.65000009536743,354.53,2026-09-02 15:44:18,2026-09-02 11:45:02
TSLA,TSLA271217C00950000,TSLA,2027-12-17,C,950.0,8.95,194.0,9.5,206.0,0.5336,1226.0,0.0,0.1152,0.0009,0.7865,-0.0426,0.3987,9.2646,0.0,0.0,0.0,0.0,up,10.92,2026-08-31T15:20:53,0.0,9.44999980926514,354.53,2026-09-02 15:44:18,2026-09-02 11:45:02
TSLA,TSLA271217C00960000,TSLA,2027-12-17,C,960.0,8.65,224.0,9.4,234.0,0.5351,506.0,1.0,0.1127,0.0009,0.7744,-0.042,0.3903,9.0401,-0.4,8.8,8.8,8.8,down,8.8,2026-09-02T09:49:45,-4.34782,9.19999980926514,354.53,2026-09-02 15:44:18,2026-09-02 11:45:02
TSLA,TSLA271217C00970000,TSLA,2027-12-17,C,970.0,8.45,220.0,9.15,240.0,0.5362,392.0,0.0,0.1102,0.0009,0.7626,-0.0414,0.3822,8.8241,0.0,0.0,0.0,0.0,down,10.4,2026-08-31T15:18:51,0.0,9.0,354.53,2026-09-02 15:44:18,2026-09-02 11:45:02
TSLA,TSLA271217C00980000,TSLA,2027-12-17,C,980.0,8.1,270.0,8.95,197.0,0.5365,1009.0,0.0,0.1079,0.0008,0.7511,-0.0409,0.3743,8.6162,0.0,0.0,0.0,0.0,down,10.15,2026-08-31T11:50:43,0.0,8.75,354.53,2026-09-02 15:44:18,2026-09-02 11:45:02
TSLA,TSLA271217C00990000,TSLA,2027-12-17,C,990.0,8.2,180.0,8.8,269.0,0.5401,3832.0,2.0,0.1056,0.0008,0.7399,-0.0403,0.3666,8.4161,-0.2,8.4,8.4,8.4,down,8.4,2026-09-02T10:21:51,-2.32559,8.60000038146973,354.53,2026-09-02 15:44:18,2026-09-02 11:45:02
TSLA,TSLA271217P00005000,TSLA,2027-12-17,P,5.0,0.01,2.0,0.03,1.0,1.288,8675.0,0.0,-0.0002,0.0,0.0026,-0.0004,-0.0012,0.0335,0.0,0.0,0.0,0.0,no_change,0.02,2026-08-27T13:30:29,0.0,0.0199999995529652,354.53,2026-09-02 15:44:18,2026-09-02 11:45:02
TSLA,TSLA271217P00010000,TSLA,2027-12-17,P,10.0,0.0,0.0,0.5,10.0,1.3866,2507.0,0.0,-0.0004,0.0,0.0052,-0.0006,-0.0023,0.0598,0.0,0.0,0.0,0.0,no_change,0.05,2026-08-13T15:43:21,0.0,0.245000004768372,354.53,2026-09-02 15:44:18,2026-09-02 11:45:02
TSLA,TSLA271217P00015000,TSLA,2027-12-17,P,15.0,0.0,0.0,0.16,2.0,1.0601,1600.0,0.0,-0.0006,0.0,0.008,-0.0009,-0.0035,0.0876,0.0,0.0,0.0,0.0,down,0.06,2026-08-25T10:13:16,0.0,0.0799999982118606,354.53,2026-09-02 15:44:18,2026-09-02 11:45:02
TSLA,TSLA271217P00020000,TSLA,2027-12-17,P,20.0,0.01,34.0,0.61,80.0,1.1209,2947.0,0.0,-0.0008,0.0,0.0111,-0.0011,-0.0049,0.1177,0.0,0.0,0.0,0.0,down,0.1,2026-08-31T13:00:07,0.0,0.179999996908009,354.53,2026-09-02 15:44:18,2026-09-02 11:45:02
TSLA,TSLA271217P00025000,TSLA,2027-12-17,P,25.0,0.0,0.0,0.55,1.0,1.0124,1647.0,0.0,-0.0011,0.0,0.0146,-0.0014,-0.0065,0.1507,0.0,0.0,0.0,0.0,no_change,0.09,2026-08-26T11:47:07,0.0,0.290000005625188,354.53,2026-09-02 15:44:18,2026-09-02 11:45:02
TSLA,TSLA271217P00030000,TSLA,2027-12-17,P,30.0,0.01,3.0,0.29,3.0,0.8748,1604.0,0.0,-0.0014,0.0,0.0186,-0.0017,-0.0084,0.1872,0.0,0.0,0.0,0.0,down,0.12,2026-08-27T10:28:08,0.0,0.160000000149012,354.53,2026-09-02 15:44:18,2026-09-02 11:45:02
TSLA,TSLA271217P00035000,TSLA,2027-12-17,P,35.0,0.0,0.0,0.43,20.0,0.8536,904.0,0.0,-0.0018,0.0,0.0229,-0.002,-0.0104,0.2275,0.0,0.0,0.0,0.0,up,0.19,2026-09-01T10:42:48,0.0,0.170000001788139,354.53,2026-09-02 15:44:18,2026-09-02 11:45:02
TSLA,TSLA271217P00040000,TSLA,2027-12-17,P,40.0,0.1,3.0,0.5,41.0,0.837,636.0,0.0,-0.0022,0.0,0.0276,-0.0023,-0.0126,0.2719,0.0,0.0,0.0,0.0,down,0.21,2026-08-25T15:48:23,0.0,0.234999999403954,354.53,2026-09-02 15:44:18,2026-09-02 11:45:02
TSLA,TSLA271217P00045000,TSLA,2027-12-17,P,45.0,0.1,10.0,0.57,38.0,0.8027,282.0,0.0,-0.0026,0.0,0.033,-0.0026,-0.0152,0.3211,0.0,0.0,0.0,0.0,down,0.35,2026-08-19T11:45:20,0.0,0.384999997913837,354.53,2026-09-02 15:44:18,2026-09-02 11:45:02
TSLA,TSLA271217P00050000,TSLA,2027-12-17,P,50.0,0.12,265.0,0.63,209.0,0.7731,1039.0,1.0,-0.0031,0.0,0.0387,-0.003,-0.0181,0.3756,-0.085,0.32,0.32,0.32,up,0.32,2026-09-02T11:02:43,-20.9877,0.405000001192093,354.53,2026-09-02 15:44:18,2026-09-02 11:45:02
TSLA,TSLA271217P00055000,TSLA,2027-12-17,P,55.0,0.35,2.0,0.6,133.0,0.7594,210.0,0.0,-0.0037,0.0,0.0449,-0.0034,-0.0212,0.4357,0.0,0.0,0.0,0.0,down,0.4,2026-08-24T14:45:48,0.0,0.475000008940697,354.53,2026-09-02 15:44:18,2026-09-02 11:45:02
TSLA,TSLA271217P00060000,TSLA,2027-12-17,P,60.0,0.25,180.0,0.78,168.0,0.7327,492.0,0.0,-0.0043,0.0,0.0519,-0.0038,-0.0247,0.5021,0.0,0.0,0.0,0.0,down,0.5,2026-08-31T11:17:05,0.0,0.515000000596046,354.53,2026-09-02 15:44:18,2026-09-02 11:45:02
TSLA,TSLA271217P00065000,TSLA,2027-12-17,P,65.0,0.31,174.0,0.88,127.0,0.7149,124.0,0.0,-0.005,0.0,0.0595,-0.0043,-0.0286,0.5754,0.0,0.0,0.0,0.0,down,0.53,2026-08-24T13:12:08,0.0,0.594999998807907,354.53,2026-09-02 15:44:18,2026-09-02 11:45:02
TSLA,TSLA271217P00070000,TSLA,2027-12-17,P,70.0,0.5,10.0,0.71,7.0,0.6865,205.0,0.0,-0.0058,0.0001,0.0677,-0.0047,-0.033,0.6565,0.0,0.0,0.0,0.0,up,0.73,2026-08-20T10:32:24,0.0,0.740000009536743,354.53,2026-09-02 15:44:18,2026-09-02 11:45:02
TSLA,TSLA271217P00075000,TSLA,2027-12-17,P,75.0,0.44,109.0,1.08,119.0,0.6807,1318.0,0.0,-0.0067,0.0001,0.0765,-0.0052,-0.0377,0.7461,0.0,0.0,0.0,0.0,down,0.79,2026-08-19T11:35:41,0.0,0.754999995231628,354.53,2026-09-02 15:44:18,2026-09-02 11:45:02
TSLA,TSLA271217P00080000,TSLA,2027-12-17,P,80.0,0.73,1.0,1.2,165.0,0.6782,349.0,0.0,-0.0076,0.0001,0.0862,-0.0058,-0.0429,0.8449,0.0,0.0,0.0,0.0,no_change,0.82,2026-09-01T11:56:36,0.0,0.860000014305115,354.53,2026-09-02 15:44:18,2026-09-02 11:45:02
TSLA,TSLA271217P00085000,TSLA,2027-12-17,P,85.0,0.63,277.0,1.33,235.0,0.6538,532.0,0.0,-0.0087,0.0001,0.0964,-0.0064,-0.0488,0.9543,0.0,0.0,0.0,0.0,no_change,0.93,2026-09-01T11:56:36,0.0,0.965000003576279,354.53,2026-09-02 15:44:18,2026-09-02 11:45:02
TSLA,TSLA271217P00090000,TSLA,2027-12-17,P,90.0,0.74,254.0,1.46,205.0,0.641,622.0,0.0,-0.0099,0.0001,0.1081,-0.007,-0.0554,1.0751,0.0,0.0,0.0,0.0,no_change,1.04,2026-09-01T11:56:36,0.0,1.06499999761581,354.53,2026-09-02 15:44:18,2026-09-02 11:45:02
TSLA,TSLA271217P00095000,TSLA,2027-12-17,P,95.0,0.93,201.0,1.35,191.0,0.6211,370.0,0.0,-0.0112,0.0001,0.1202,-0.0076,-0.0624,1.2092,0.0,0.0,0.0,0.0,no_change,1.18,2026-09-01T11:56:36,0.0,1.19999998807907,354.53,2026-09-02 15:44:18,2026-09-02 11:45:02
TSLA,TSLA271217P00100000,TSLA,2027-12-17,P,100.0,1.21,36.0,1.51,129.0,0.6167,3282.0,0.0,-0.0126,0.0001,0.1333,-0.0083,-0.07,1.3572,0.0,0.0,0.0,0.0,up,1.5,2026-08-26T10:30:43,0.0,1.35500001907349,354.53,2026-09-02 15:44:18,2026-09-02 11:45:02
TSLA,TSLA271217P00105000,TSLA,2027-12-17,P,105.0,1.19,229.0,1.66,152.0,0.5998,264.0,0.0,-0.0142,0.0001,0.1474,-0.0091,-0.0785,1.5208,0.0,0.0,0.0,0.0,down,1.51,2026-08-31T10:34:29,0.0,1.51499998569489,354.53,2026-09-02 15:44:18,2026-09-02 11:45:02
TSLA,TSLA271217P00110000,TSLA,2027-12-17,P,110.0,1.4,171.0,1.82,146.0,0.5915,1339.0,0.0,-0.0159,0.0002,0.1631,-0.0099,-0.0878,1.7015,0.0,0.0,0.0,0.0,no_change,1.7,2026-09-01T12:41:28,0.0,1.66499996185303,354.53,2026-09-02 15:44:18,2026-09-02 11:45:02
TSLA,TSLA271217P00115000,TSLA,2027-12-17,P,115.0,1.61,188.0,2.03,110.0,0.584,171.0,0.0,-0.0178,0.0002,0.1793,-0.0107,-0.0982,1.9018,0.0,0.0,0.0,0.0,down,1.96,2026-08-25T15:48:28,0.0,1.87999993562698,354.53,2026-09-02 15:44:18,2026-09-02 11:45:02
TSLA,TSLA271217P00120000,TSLA,2027-12-17,P,120.0,1.98,85.0,2.29,147.0,0.5814,787.0,0.0,-0.0199,0.0002,0.1967,-0.0116,-0.1092,2.1225,0.0,0.0,0.0,0.0,no_change,2.27,2026-08-27T12:10:49,0.0,2.06500005722046,354.53,2026-09-02 15:44:18,2026-09-02 11:45:02
TSLA,TSLA271217P00125000,TSLA,2027-12-17,P,125.0,1.97,222.0,2.69,187.0,0.5717,1264.0,0.0,-0.0221,0.0002,0.2154,-0.0126,-0.1213,2.3656,0.0,0.0,0.0,0.0,down,2.61,2026-08-21T15:38:26,0.0,2.35000002384186,354.53,2026-09-02 15:44:18,2026-09-02 11:45:02
TSLA,TSLA271217P00130000,TSLA,2027-12-17,P,130.0,2.35,137.0,2.96,166.0,0.5674,231.0,0.0,-0.0246,0.0002,0.2348,-0.0136,-0.1346,2.6331,0.0,0.0,0.0,0.0,no_change,2.7,2026-08-31T13:46:31,0.0,2.59999990463257,354.53,2026-09-02 15:44:18,2026-09-02 11:45:02
TSLA,TSLA271217P00135000,TSLA,2027-12-17,P,135.0,2.65,126.0,3.1,144.0,0.5579,280.0,0.0,-0.0273,0.0003,0.2566,-0.0146,-0.1495,2.9269,0.0,0.0,0.0,0.0,down,2.92,2026-09-01T12:16:17,0.0,2.94999992847443,354.53,2026-09-02 15:44:18,2026-09-02 11:45:02
TSLA,TSLA271217P00140000,TSLA,2027-12-17,P,140.0,3.1,76.0,3.6,186.0,0.5577,364.0,0.0,-0.0302,0.0003,0.2786,-0.0158,-0.1646,3.2496,0.0,0.0,0.0,0.0,up,3.35,2026-08-31T14:28:34,0.0,3.22499990463257,354.53,2026-09-02 15:44:18,2026-09-02 11:45:02
TSLA,TSLA271217P00145000,TSLA,2027-12-17,P,145.0,3.5,152.0,3.9,235.0,0.5517,392.0,0.0,-0.0333,0.0003,0.302,-0.017,-0.1812,3.6024,0.0,0.0,0.0,0.0,no_change,3.6,2026-09-01T13:01:30,0.0,3.60000002384186,354.53,2026-09-02 15:44:18,2026-09-02 11:45:02
TSLA,TSLA271217P00150000,TSLA,2027-12-17,P,150.0,3.9,86.0,4.2,208.0,0.5452,10594.0,0.0,-0.0366,0.0004,0.3261,-0.0182,-0.1993,3.9874,0.0,0.0,0.0,0.0,up,4.1,2026-09-01T09:45:22,0.0,3.97500002384186,354.53,2026-09-02 15:44:18,2026-09-02 11:45:02
TSLA,TSLA271217P00155000,TSLA,2027-12-17,P,155.0,4.0,192.0,4.5,19.0,0.5338,711.0,1.0,-0.0402,0.0004,0.3532,-0.0195,-0.2191,4.4057,0.0,4.4,4.4,4.4,down,4.4,2026-09-02T11:22:15,-2.16744e-06,4.40000009536743,354.53,2026-09-02 15:44:18,2026-09-02 11:45:02
TSLA,TSLA271217P00160000,TSLA,2027-12-17,P,160.0,4.6,240.0,5.1,166.0,0.5335,4142.0,0.0,-0.0441,0.0004,0.3799,-0.0208,-0.2399,4.8621,0.0,0.0,0.0,0.0,down,4.9,2026-09-01T12:52:04,0.0,4.875,354.53,2026-09-02 15:44:18,2026-09-02 11:45:02
TSLA,TSLA271217P00165000,TSLA,2027-12-17,P,165.0,5.25,146.0,5.5,29.0,0.5301,5577.0,0.0,-0.0482,0.0005,0.4079,-0.0222,-0.2613,5.3564,0.0,0.0,0.0,0.0,up,5.41,2026-09-01T14:36:00,0.0,5.40000009536743,354.53,2026-09-02 15:44:18,2026-09-02 11:45:02
TSLA,TSLA271217P00170000,TSLA,2027-12-17,P,170.0,5.8,88.0,6.1,122.0,0.527,4627.0,1.0,-0.0526,0.0005,0.4369,-0.0236,-0.2851,5.8908,0.105,6.03,6.03,6.03,up,6.03,2026-09-02T10:01:22,1.77215,5.92499995231628,354.53,2026-09-02 15:44:18,2026-09-02 11:45:02
TSLA,TSLA271217P00175000,TSLA,2027-12-17,P,175.0,6.35,144.0,6.75,199.0,0.5238,3595.0,0.0,-0.0573,0.0006,0.4661,-0.0251,-0.3096,6.4667,0.0,0.0,0.0,0.0,down,7.36,2026-08-26T15:41:39,0.0,6.5,354.53,2026-09-02 15:44:18,2026-09-02 11:45:02
TSLA,TSLA271217P00180000,TSLA,2027-12-17,P,180.0,6.95,103.0,7.7,220.0,0.5233,1171.0,0.0,-0.0622,0.0006,0.4981,-0.0266,-0.3367,7.0873,0.0,0.0,0.0,0.0,up,7.7,2026-08-28T13:20:46,0.0,7.09999990463257,354.53,2026-09-02 15:44:18,2026-09-02 11:45:02
TSLA,TSLA271217P00185000,TSLA,2027-12-17,P,185.0,7.55,112.0,8.25,216.0,0.5183,551.0,0.0,-0.0674,0.0006,0.5293,-0.0282,-0.3631,7.7466,0.0,0.0,0.0,0.0,down,7.8,2026-08-31T11:47:46,0.0,7.77499985694885,354.53,2026-09-02 15:44:18,2026-09-02 11:45:02
TSLA,TSLA271217P00190000,TSLA,2027-12-17,P,190.0,8.35,146.0,8.75,158.0,0.5139,1790.0,0.0,-0.0729,0.0007,0.5617,-0.0298,-0.3923,8.4604,0.0,0.0,0.0,0.0,up,8.48,2026-09-01T15:47:39,0.0,8.5,354.53,2026-09-02 15:44:18,2026-09-02 11:45:02
TSLA,TSLA271217P00195000,TSLA,2027-12-17,P,195.0,9.1,82.0,9.55,209.0,0.5113,358.0,1.0,-0.0787,0.0007,0.5947,-0.0314,-0.4235,9.2424,0.07,9.32,9.32,9.32,up,9.32,2026-09-02T11:08:59,0.756757,9.25,354.53,2026-09-02 15:44:18,2026-09-02 11:45:02
TSLA,TSLA271217P00200000,TSLA,2027-12-17,P,200.0,9.95,207.0,10.3,140.0,0.5081,7333.0,0.0,-0.0848,0.0008,0.6301,-0.033,-0.4561,10.0436,0.0,0.0,0.0,0.0,up,10.25,2026-09-01T15:31:35,0.0,10.0499997138977,354.53,2026-09-02 15:44:18,2026-09-02 11:45:02
TSLA,TSLA271217P00210000,TSLA,2027-12-17,P,210.0,11.5,136.0,12.35,210.0,0.5035,1388.0,0.0,-0.0976,0.0009,0.6991,-0.0364,-0.5218,11.8443,0.0,0.0,0.0,0.0,no_change,11.84,2026-09-01T15:04:29,0.0,11.8499999046326,354.53,2026-09-02 15:44:18,2026-09-02 11:45:02
TSLA,TSLA271217P00220000,TSLA,2027-12-17,P,220.0,13.65,50.0,14.1,148.0,0.4984,11457.0,2.0,-0.1116,0.001,0.7675,-0.0398,-0.5968,13.855,-0.125,14.1,14.1,13.7,down,13.7,2026-09-02T10:43:40,-0.904161,13.8250002861023,354.53,2026-09-02 15:44:18,2026-09-02 11:45:02
TSLA,TSLA271217P00230000,TSLA,2027-12-17,P,230.0,15.9,149.0,16.3,95.0,0.4945,4092.0,0.0,-0.1266,0.0011,0.8409,-0.0432,-0.674,16.0973,0.0,0.0,0.0,0.0,down,15.5,2026-08-31T15:34:50,0.0,16.0,354.53,2026-09-02 15:44:18,2026-09-02 11:45:02
TSLA,TSLA271217P00240000,TSLA,2027-12-17,P,240.0,18.35,118.0,19.1,242.0,0.4928,1618.0,0.0,-0.1427,0.0012,0.9106,-0.0466,-0.7565,18.5858,0.0,0.0,0.0,0.0,down,18.35,2026-09-01T11:19:18,0.0,18.5,354.53,2026-09-02 15:44:18,2026-09-02 11:45:02
TSLA,TSLA271217P00250000,TSLA,2027-12-17,P,250.0,21.05,123.0,21.5,50.0,0.488,9053.0,2.0,-0.1595,0.0013,0.9803,-0.05,-0.8438,21.3187,0.65,21.95,21.95,21.9,down,21.9,2026-09-02T10:03:44,3.05882,21.25,354.53,2026-09-02 15:44:18,2026-09-02 11:45:02
TSLA,TSLA271217P00260000,TSLA,2027-12-17,P,260.0,23.8,253.0,25.05,285.0,0.4866,1625.0,0.0,-0.1776,0.0014,1.0476,-0.0532,-0.9291,24.3259,0.0,0.0,0.0,0.0,up,24.35,2026-09-01T14:37:05,0.0,24.1750001907349,354.53,2026-09-02 15:44:18,2026-09-02 11:45:02
TSLA,TSLA271217P00270000,TSLA,2027-12-17,P,270.0,27.3,95.0,28.4,259.0,0.4861,1519.0,1.0,-0.196,0.0015,1.1116,-0.0564,-1.0256,27.576,0.72,28.12,28.12,28.12,up,28.12,2026-09-02T10:02:18,2.62774,27.4000005722046,354.53,2026-09-02 15:44:18,2026-09-02 11:45:02
TSLA,TSLA271217P00280000,TSLA,2027-12-17,P,280.0,31.0,19.0,31.3,75.0,0.4822,6643.0,2.0,-0.2152,0.0016,1.1747,-0.0594,-1.1203,31.094,0.25,31.2,31.2,31.2,up,31.2,2026-09-02T10:33:24,0.807755,30.9499998092651,354.53,2026-09-02 15:44:18,2026-09-02 11:45:02
TSLA,TSLA271217P00290000,TSLA,2027-12-17,P,290.0,34.7,77.0,35.1,72.0,0.4806,6092.0,4.0,-0.235,0.0016,1.2338,-0.0624,-1.2128,34.8872,0.19,34.89,34.89,34.89,up,34.89,2026-09-02T10:50:56,0.547548,34.7000007629394,354.53,2026-09-02 15:44:18,2026-09-02 11:45:02
TSLA,TSLA271217P00300000,TSLA,2027-12-17,P,300.0,38.8,60.0,39.15,56.0,0.4794,9288.0,7.0,-0.2552,0.0017,1.2869,-0.0651,-1.3112,38.946,0.175,39.6,39.93,38.9,down,38.9,2026-09-02T11:11:30,0.451903,38.7250003814697,354.53,2026-09-02 15:44:18,2026-09-02 11:45:02
TSLA,TSLA271217P00310000,TSLA,2027-12-17,P,310.0,43.05,63.0,43.45,45.0,0.478,1857.0,1.0,-0.2759,0.0018,1.3379,-0.0676,-1.4053,43.2703,0.775,43.7,43.7,43.7,up,43.7,2026-09-02T10:15:17,1.80548,42.9249992370606,354.53,2026-09-02 15:44:18,2026-09-02 11:45:02
TSLA,TSLA271217P00320000,TSLA,2027-12-17,P,320.0,47.35,189.0,48.0,42.0,0.4765,5095.0,1.0,-0.2967,0.0019,1.3839,-0.07,-1.4998,47.8334,0.29,47.74,47.74,47.74,down,47.74,2026-09-02T11:11:53,0.611168,47.4500007629394,354.53,2026-09-02 15:44:18,2026-09-02 11:45:02
TSLA,TSLA271217P00330000,TSLA,2027-12-17,P,330.0,52.15,167.0,52.75,34.0,0.4756,2863.0,1.0,-0.3178,0.002,1.4238,-0.0721,-1.5977,52.6628,-0.25,52.0,52.0,52.0,down,52.0,2026-09-02T09:30:05,-0.478469,52.25,354.53,2026-09-02 15:44:18,2026-09-02 11:45:02
TSLA,TSLA271217P00340000,TSLA,2027-12-17,P,340.0,57.2,172.0,58.0,74.0,0.4758,2351.0,3.0,-0.339,0.002,1.46,-0.0741,-1.687,57.7369,0.355,56.25,57.58,56.25,up,57.58,2026-09-02T11:11:53,0.620361,57.2249984741211,354.53,2026-09-02 15:44:18,2026-09-02 11:45:02
TSLA,TSLA271217P00350000,TSLA,2027-12-17,P,350.0,62.5,164.0,63.2,52.0,0.4751,5768.0,0.0,-0.3602,0.0021,1.4901,-0.0758,-1.7677,63.0688,0.0,0.0,0.0,0.0,down,62.33,2026-09-01T15:15:39,0.0,62.5249996185303,354.53,2026-09-02 15:44:18,2026-09-02 11:45:02
TSLA,TSLA271217P00360000,TSLA,2027-12-17,P,360.0,68.05,137.0,68.9,71.0,0.4754,1791.0,1.0,-0.3815,0.0022,1.5167,-0.0774,-1.8613,68.638,1.675,69.75,69.75,69.75,up,69.75,2026-09-02T10:01:58,2.46052,68.0750007629394,354.53,2026-09-02 15:44:18,2026-09-02 11:45:02
TSLA,TSLA271217P00370000,TSLA,2027-12-17,P,370.0,73.8,115.0,74.5,31.0,0.4749,1926.0,0.0,-0.4026,0.0022,1.5374,-0.0787,-1.9399,74.4071,0.0,0.0,0.0,0.0,up,72.7,2026-09-01T11:45:03,0.0,73.7999992370606,354.53,2026-09-02 15:44:18,2026-09-02 11:45:02
TSLA,TSLA271217P00380000,TSLA,2027-12-17,P,380.0,78.8,234.0,81.4,192.0,0.4747,1120.0,0.0,-0.4236,0.0022,1.5515,-0.0799,-2.0134,80.42,0.0,0.0,0.0,0.0,up,79.5,2026-09-01T15:48:47,0.0,79.6749992370606,354.53,2026-09-02 15:44:18,2026-09-02 11:45:02
TSLA,TSLA271217P00390000,TSLA,2027-12-17,P,390.0,85.5,210.0,87.65,222.0,0.4765,1071.0,0.0,-0.4443,0.0023,1.5636,-0.0808,-2.0921,86.6495,0.0,0.0,0.0,0.0,no_change,84.8,2026-09-01T10:02:02,0.0,85.8499984741211,354.53,2026-09-02 15:44:18,2026-09-02 11:45:02
TSLA,TSLA271217P00400000,TSLA,2027-12-17,P,400.0,92.25,142.0,93.1,33.0,0.4748,7105.0,0.0,-0.4649,0.0023,1.5704,-0.0816,-2.1571,93.0715,0.0,0.0,0.0,0.0,down,91.89,2026-09-01T15:48:08,0.0,92.1999969482422,354.53,2026-09-02 15:44:18,2026-09-02 11:45:02
TSLA,TSLA271217P00410000,TSLA,2027-12-17,P,410.0,98.85,173.0,99.7,29.0,0.4751,1623.0,0.0,-0.4852,0.0024,1.5727,-0.0822,-2.2171,99.6965,0.0,0.0,0.0,0.0,down,98.05,2026-09-01T12:06:54,0.0,98.75,354.53,2026-09-02 15:44:18,2026-09-02 11:45:02
TSLA,TSLA271217P00420000,TSLA,2027-12-17,P,420.0,105.6,144.0,106.55,35.0,0.4754,3899.0,0.0,-0.5052,0.0024,1.5675,-0.0826,-2.2728,106.5241,0.0,0.0,0.0,0.0,up,104.13,2026-09-01T12:07:19,0.0,105.525001525879,354.53,2026-09-02 15:44:18,2026-09-02 11:45:02
TSLA,TSLA271217P00430000,TSLA,2027-12-17,P,430.0,111.55,287.0,114.5,207.0,0.4757,1166.0,0.0,-0.5248,0.0024,1.5628,-0.0829,-2.327,113.5213,0.0,0.0,0.0,0.0,up,114.12,2026-09-01T09:40:26,0.0,112.424999237061,354.53,2026-09-02 15:44:18,2026-09-02 11:45:02
TSLA,TSLA271217P00440000,TSLA,2027-12-17,P,440.0,119.7,259.0,120.55,28.0,0.4758,1458.0,0.0,-0.5441,0.0024,1.5539,-0.0831,-2.3594,120.6897,0.0,0.0,0.0,0.0,down,115.3,2026-08-31T13:35:08,0.0,119.5,354.53,2026-09-02 15:44:18,2026-09-02 11:45:02
TSLA,TSLA271217P00450000,TSLA,2027-12-17,P,450.0,126.95,256.0,127.85,25.0,0.4763,2823.0,0.0,-0.563,0.0024,1.5442,-0.0831,-2.4123,127.993,0.0,0.0,0.0,0.0,no_change,122.75,2026-08-31T11:47:07,0.0,126.75,354.53,2026-09-02 15:44:18,2026-09-02 11:45:02
TSLA,TSLA271217P00460000,TSLA,2027-12-17,P,460.0,134.0,275.0,136.15,200.0,0.4782,1068.0,0.0,-0.5815,0.0024,1.5225,-0.083,-2.4315,135.4752,0.0,0.0,0.0,0.0,down,134.6,2026-09-01T09:46:05,0.0,134.150001525879,354.53,2026-09-02 15:44:18,2026-09-02 11:45:02
TSLA,TSLA271217P00470000,TSLA,2027-12-17,P,470.0,141.5,209.0,144.1,153.0,0.4795,426.0,0.0,-0.5996,0.0025,1.5017,-0.0828,-2.46,143.1112,0.0,0.0,0.0,0.0,up,141.8,2026-09-01T09:46:20,0.0,141.800003051758,354.53,2026-09-02 15:44:18,2026-09-02 11:45:02
TSLA,TSLA271217P00480000,TSLA,2027-12-17,P,480.0,148.85,101.0,151.9,36.0,0.4789,1118.0,0.0,-0.6174,0.0025,1.4819,-0.0825,-2.4883,150.8823,0.0,0.0,0.0,0.0,down,146.4,2026-08-31T10:56:56,0.0,149.449996948242,354.53,2026-09-02 15:44:18,2026-09-02 11:45:02
TSLA,TSLA271217P00490000,TSLA,2027-12-17,P,490.0,157.5,201.0,158.85,20.0,0.4789,5403.0,0.0,-0.6348,0.0025,1.4527,-0.082,-2.4837,158.8009,0.0,0.0,0.0,0.0,up,159.55,2026-08-31T09:37:27,0.0,157.375,354.53,2026-09-02 15:44:18,2026-09-02 11:45:02
TSLA,TSLA271217P00500000,TSLA,2027-12-17,P,500.0,164.6,247.0,167.25,185.0,0.4778,1006.0,0.0,-0.6516,0.0025,1.4302,-0.0815,-2.5012,166.8105,0.0,0.0,0.0,0.0,down,164.55,2026-09-01T13:09:39,0.0,165.5,354.53,2026-09-02 15:44:18,2026-09-02 11:45:02
TSLA,TSLA271217P00510000,TSLA,2027-12-17,P,510.0,172.35,235.0,176.2,213.0,0.4798,790.0,0.0,-0.6682,0.0025,1.3905,-0.0811,-2.4758,174.9745,0.0,0.0,0.0,0.0,down,171.0,2026-09-01T09:30:19,0.0,173.375,354.53,2026-09-02 15:44:18,2026-09-02 11:45:02
TSLA,TSLA271217P00520000,TSLA,2027-12-17,P,520.0,180.6,204.0,184.45,134.0,0.4805,299.0,0.0,-0.6844,0.0025,1.3601,-0.0806,-2.4895,183.239,0.0,0.0,0.0,0.0,down,178.8,2026-08-31T10:23:06,0.0,181.75,354.53,2026-09-02 15:44:18,2026-09-02 11:45:02
TSLA,TSLA271217P00530000,TSLA,2027-12-17,P,530.0,188.95,195.0,192.85,83.0,0.4811,201.0,0.0,-0.7002,0.0025,1.326,-0.0798,-2.4762,191.6407,0.0,0.0,0.0,0.0,down,194.9,2026-08-25T11:15:00,0.0,190.25,354.53,2026-09-02 15:44:18,2026-09-02 11:45:02
TSLA,TSLA271217P00540000,TSLA,2027-12-17,P,540.0,196.9,197.0,202.1,195.0,0.4827,245.0,0.0,-0.7154,0.0024,1.2899,-0.0788,-2.4329,200.1273,0.0,0.0,0.0,0.0,no_change,238.9,2026-07-28T12:58:43,0.0,198.550003051758,354.53,2026-09-02 15:44:18,2026-09-02 11:45:02
TSLA,TSLA271217P00550000,TSLA,2027-12-17,P,550.0,206.2,76.0,210.45,46.0,0.4855,403.0,0.0,-0.7304,0.0024,1.2548,-0.0777,-2.4535,208.7126,0.0,0.0,0.0,0.0,down,209.73,2026-08-24T13:46:42,0.0,207.050003051758,354.53,2026-09-02 15:44:18,2026-09-02 11:45:02
TSLA,TSLA271217P00560000,TSLA,2027-12-17,P,560.0,213.95,77.0,219.3,48.0,0.4832,191.0,0.0,-0.7449,0.0024,1.2118,-0.0768,-2.3514,217.3771,0.0,0.0,0.0,0.0,down,218.85,2026-08-24T14:02:16,0.0,215.849998474121,354.53,2026-09-02 15:44:18,2026-09-02 11:45:02
TSLA,TSLA271217P00570000,TSLA,2027-12-17,P,570.0,222.75,69.0,228.15,58.0,0.484,142.0,0.0,-0.7594,0.0024,1.1499,-0.0762,-2.3126,226.1899,0.0,0.0,0.0,0.0,down,245.78,2026-08-11T13:15:23,0.0,224.825004577637,354.53,2026-09-02 15:44:18,2026-09-02 11:45:02
TSLA,TSLA271217P00580000,TSLA,2027-12-17,P,580.0,231.6,248.0,237.0,169.0,0.4848,218.0,0.0,-0.7735,0.0024,1.121,-0.0757,-2.2849,235.0447,0.0,0.0,0.0,0.0,no_change,198.0,2026-06-01T12:41:00,0.0,233.125,354.53,2026-09-02 15:44:18,2026-09-02 11:45:02
TSLA,TSLA271217P00590000,TSLA,2027-12-17,P,590.0,240.6,84.0,245.75,77.0,0.4848,147.0,0.0,-0.787,0.0024,1.0809,-0.0747,-2.2557,243.9918,0.0,0.0,0.0,0.0,down,247.17,2026-08-25T15:48:23,0.0,242.5,354.53,2026-09-02 15:44:18,2026-09-02 11:45:02
TSLA,TSLA271217P00600000,TSLA,2027-12-17,P,600.0,249.65,130.0,254.95,71.0,0.4865,722.0,0.0,-0.8,0.0024,1.0425,-0.0734,-2.1625,253.0086,0.0,0.0,0.0,0.0,down,256.55,2026-08-25T15:48:28,0.0,251.050003051758,354.53,2026-09-02 15:44:18,2026-09-02 11:45:02
TSLA,TSLA271217P00610000,TSLA,2027-12-17,P,610.0,258.75,109.0,264.2,92.0,0.4881,116.0,0.0,-0.8131,0.0024,0.9886,-0.0729,-2.1245,262.1071,0.0,0.0,0.0,0.0,down,284.12,2026-08-10T10:54:00,0.0,260.200012207031,354.53,2026-09-02 15:44:18,2026-09-02 11:45:02
TSLA,TSLA271217P00620000,TSLA,2027-12-17,P,620.0,267.95,30.0,273.35,28.0,0.4888,442.0,0.0,-0.8258,0.0024,0.9486,-0.0722,-2.0658,271.2686,0.0,0.0,0.0,0.0,down,290.34,2026-08-13T10:30:19,0.0,269.399993896484,354.53,2026-09-02 15:44:18,2026-09-02 11:45:02
TSLA,TSLA271217P00630000,TSLA,2027-12-17,P,630.0,277.25,31.0,282.45,29.0,0.4886,178.0,0.0,-0.8379,0.0024,0.8826,-0.0707,-1.8401,280.5171,0.0,0.0,0.0,0.0,down,288.35,2026-08-14T09:40:52,0.0,279.025009155273,354.53,2026-09-02 15:44:18,2026-09-02 11:45:02
TSLA,TSLA271217P00640000,TSLA,2027-12-17,P,640.0,286.55,103.0,291.85,86.0,0.4894,240.0,0.0,-0.8497,0.0024,0.8078,-0.0692,-1.7873,289.8539,0.0,0.0,0.0,0.0,down,295.85,2026-08-21T09:38:57,0.0,288.074996948242,354.53,2026-09-02 15:44:18,2026-09-02 11:45:02
TSLA,TSLA271217P00650000,TSLA,2027-12-17,P,650.0,295.95,93.0,301.25,80.0,0.4904,275.0,0.0,-0.8611,0.0023,0.7739,-0.0688,-1.7513,299.2357,0.0,0.0,0.0,0.0,down,305.27,2026-08-21T09:38:46,0.0,297.949996948242,354.53,2026-09-02 15:44:18,2026-09-02 11:45:02
TSLA,TSLA271217P00660000,TSLA,2027-12-17,P,660.0,305.45,139.0,310.65,90.0,0.4914,577.0,0.0,-0.8723,0.0023,0.7414,-0.068,-1.7321,308.66,0.0,0.0,0.0,0.0,down,298.52,2026-08-31T15:47:59,0.0,306.824996948242,354.53,2026-09-02 15:44:18,2026-09-02 11:45:02
TSLA,TSLA271217P00670000,TSLA,2027-12-17,P,670.0,313.85,108.0,321.15,87.0,0.491,124.0,0.0,-0.8831,0.0023,0.7117,-0.0669,-1.6439,318.1223,0.0,0.0,0.0,0.0,down,320.3,2026-08-31T09:35:37,0.0,316.75,354.53,2026-09-02 15:44:18,2026-09-02 11:45:02
TSLA,TSLA271217P00680000,TSLA,2027-12-17,P,680.0,323.4,94.0,330.7,98.0,0.4912,158.0,0.0,-0.8942,0.0023,0.6356,-0.0669,-1.4007,327.6652,0.0,0.0,0.0,0.0,down,328.25,2026-08-24T14:05:59,0.0,326.425003051758,354.53,2026-09-02 15:44:18,2026-09-02 11:45:02
TSLA,TSLA271217P00690000,TSLA,2027-12-17,P,690.0,333.0,87.0,340.15,89.0,0.4896,162.0,0.0,-0.9056,0.0023,0.5705,-0.0674,-1.3661,337.2605,0.0,0.0,0.0,0.0,down,326.33,2026-08-31T15:46:42,0.0,336.0,354.53,2026-09-02 15:44:18,2026-09-02 11:45:02
TSLA,TSLA271217P00700000,TSLA,2027-12-17,P,700.0,344.0,111.0,349.95,96.0,0.5061,226.0,6.0,-0.9162,0.0023,0.537,-0.067,-1.2394,346.8912,1.0,341.15,350.0,341.15,down,346.0,2026-09-02T10:23:17,0.289855,345.0,354.53,2026-09-02 15:44:18,2026-09-02 11:45:02
TSLA,TSLA271217P00710000,TSLA,2027-12-17,P,710.0,352.4,24.0,359.6,21.0,0.4906,1.0,0.0,-0.9256,0.0023,0.4752,-0.0646,-1.1015,356.5809,0.0,0.0,0.0,0.0,down,378.0,2026-08-07T11:26:08,0.0,355.050003051758,354.53,2026-09-02 15:44:18,2026-09-02 11:45:02
TSLA,TSLA271217P00720000,TSLA,2027-12-17,P,720.0,362.15,20.0,369.35,25.0,0.4898,0.0,0.0,-0.9342,0.0022,0.4116,-0.0593,-0.9925,366.3157,0.0,0.0,0.0,0.0,down,342.6,2026-04-30T15:00:44,0.0,364.449996948242,354.53,2026-09-02 15:44:18,2026-09-02 11:45:02
TSLA,TSLA271217P00730000,TSLA,2027-12-17,P,730.0,371.95,22.0,379.25,22.0,0.4917,0.0,0.0,-0.9423,0.0022,0.376,-0.0527,-0.9751,376.0754,0.0,0.0,0.0,0.0,up,354.0,2026-07-22T10:00:19,0.0,374.549987792969,354.53,2026-09-02 15:44:18,2026-09-02 11:45:02
TSLA,TSLA271217P00740000,TSLA,2027-12-17,P,740.0,381.8,22.0,388.9,22.0,0.0,0.0,0.0,-0.9498,0.0021,0.3422,-0.0488,-0.7613,385.8695,0.0,0.0,0.0,0.0,down,353.5,2026-05-05T10:39:37,0.0,384.449996948242,354.53,2026-09-02 15:44:18,2026-09-02 11:45:02
TSLA,TSLA271217P00750000,TSLA,2027-12-17,P,750.0,391.65,16.0,398.95,16.0,0.0,0.0,0.0,-0.9569,0.002,0.2846,-0.0483,-0.7485,395.7004,0.0,0.0,0.0,0.0,up,434.2,2026-07-23T15:31:52,0.0,394.25,354.53,2026-09-02 15:44:18,2026-09-02 11:45:02
TSLA,TSLA271217P00760000,TSLA,2027-12-17,P,760.0,401.6,16.0,409.05,16.0,0.0,0.0,0.0,-0.9635,0.0019,0.262,-0.0472,-0.1753,405.5463,0.0,0.0,0.0,0.0,up,443.55,2026-07-23T14:42:39,0.0,404.25,354.53,2026-09-02 15:44:18,2026-09-02 11:45:02
TSLA,TSLA271217P00770000,TSLA,2027-12-17,P,770.0,411.75,16.0,419.55,17.0,0.5226,0.0,0.0,-0.969,0.0016,0.1188,-0.0449,0.0,415.5288,0.0,0.0,0.0,0.0,up,445.5,2026-07-23T14:42:26,0.0,414.25,354.53,2026-09-02 15:44:18,2026-09-02 11:45:02
TSLA,TSLA271217P00780000,TSLA,2027-12-17,P,780.0,421.65,17.0,428.9,16.0,0.0,0.0,0.0,-0.974,0.0013,0.0,-0.0449,0.0,425.5288,0.0,0.0,0.0,0.0,up,455.55,2026-07-23T14:42:45,0.0,424.25,354.53,2026-09-02 15:44:18,2026-09-02 11:45:02
TSLA,TSLA271217P00790000,TSLA,2027-12-17,P,790.0,431.6,17.0,438.8,16.0,0.0,0.0,0.0,-0.9787,0.0011,0.0,-0.0449,0.0,435.5288,0.0,0.0,0.0,0.0,up,465.6,2026-07-23T14:42:39,0.0,434.125,354.53,2026-09-02 15:44:18,2026-09-02 11:45:02
TSLA,TSLA271217P00800000,TSLA,2027-12-17,P,800.0,441.6,16.0,448.85,16.0,0.0,0.0,0.0,-0.9828,0.0009,0.0,-0.0449,0.0,445.5288,0.0,0.0,0.0,0.0,down,452.1,2026-08-19T13:29:33,0.0,443.875,354.53,2026-09-02 15:44:18,2026-09-02 11:45:02
TSLA,TSLA271217P00810000,TSLA,2027-12-17,P,810.0,451.85,16.0,459.55,17.0,0.552,0.0,0.0,-0.9863,0.0007,0.0,-0.0449,0.0,455.5288,0.0,0.0,0.0,0.0,up,493.55,2026-07-23T14:42:54,0.0,453.875,354.53,2026-09-02 15:44:18,2026-09-02 11:45:02
TSLA,TSLA271217P00820000,TSLA,2027-12-17,P,820.0,461.85,16.0,469.25,20.0,0.5527,0.0,0.0,-0.9894,0.0005,0.0,-0.0449,0.0,465.5288,0.0,0.0,0.0,0.0,up,440.05,2026-03-23T15:23:01,0.0,464.25,354.53,2026-09-02 15:44:18,2026-09-02 11:45:02
TSLA,TSLA271217P00830000,TSLA,2027-12-17,P,830.0,471.95,16.0,479.55,17.0,0.5671,0.0,0.0,-0.9923,0.0004,0.0,-0.0449,0.0,475.5288,0.0,0.0,0.0,0.0,down,413.95,2026-05-08T09:36:41,0.0,473.875,354.53,2026-09-02 15:44:18,2026-09-02 11:45:02
TSLA,TSLA271217P00840000,TSLA,2027-12-17,P,840.0,481.6,16.0,489.55,17.0,0.5668,0.0,0.0,-0.9948,0.0003,0.0,-0.0449,0.0,485.5288,0.0,0.0,0.0,0.0,no_change,407.95,2026-05-27T12:49:55,0.0,483.875,354.53,2026-09-02 15:44:18,2026-09-02 11:45:02
TSLA,TSLA271217P00850000,TSLA,2027-12-17,P,850.0,491.65,20.0,499.2,20.0,0.0,0.0,0.0,-0.9969,0.0002,0.0,-0.0449,0.0,495.5288,0.0,0.0,0.0,0.0,up,525.69,2026-07-23T14:42:45,0.0,494.25,354.53,2026-09-02 15:44:18,2026-09-02 11:45:02
TSLA,TSLA271217P00860000,TSLA,2027-12-17,P,860.0,501.6,16.0,509.55,16.0,0.5806,0.0,0.0,-0.9989,0.0001,0.0,-0.0449,0.0,505.5288,0.0,0.0,0.0,0.0,down,426.6,2026-05-27T12:50:20,0.0,503.875,354.53,2026-09-02 15:44:18,2026-09-02 11:45:02
TSLA,TSLA271217P00870000,TSLA,2027-12-17,P,870.0,511.6,16.0,519.55,17.0,0.5868,0.0,0.0,-1.0,0.0,0.0,-0.0449,0.0,515.5288,0.0,0.0,0.0,0.0,down,453.75,2026-06-02T10:20:04,0.0,514.249984741211,354.53,2026-09-02 15:44:18,2026-09-02 11:45:02
TSLA,TSLA271217P00880000,TSLA,2027-12-17,P,880.0,521.6,16.0,529.55,17.0,0.5968,0.0,0.0,-1.0,0.0,0.0,-0.0449,0.0,525.5288,0.0,0.0,0.0,0.0,up,496.29,2026-06-23T13:46:44,0.0,523.974975585938,354.53,2026-09-02 15:44:18,2026-09-02 11:45:02
TSLA,TSLA271217P00890000,TSLA,2027-12-17,P,890.0,531.65,20.0,539.2,20.0,0.0,0.0,0.0,-1.0,0.0,0.0,-0.0449,0.0,535.5288,0.0,0.0,0.0,0.0,down,475.92,2026-06-30T11:29:17,0.0,534.25,354.53,2026-09-02 15:44:18,2026-09-02 11:45:02
TSLA,TSLA271217P00900000,TSLA,2027-12-17,P,900.0,541.65,20.0,549.35,20.0,0.0,0.0,0.0,-1.0,0.0,0.0,-0.0449,0.0,545.5288,0.0,0.0,0.0,0.0,down,497.27,2026-06-17T13:19:46,0.0,544.25,354.53,2026-09-02 15:44:18,2026-09-02 11:45:02
TSLA,TSLA271217P00910000,TSLA,2027-12-17,P,910.0,551.65,20.0,558.85,20.0,0.0,0.0,0.0,-1.0,0.0,0.0,-0.0449,0.0,555.5288,0.0,0.0,0.0,0.0,down,489.58,2026-06-02T14:03:12,0.0,554.25,354.53,2026-09-02 15:44:18,2026-09-02 11:45:02
TSLA,TSLA271217P00920000,TSLA,2027-12-17,P,920.0,561.6,16.0,569.55,17.0,0.6209,0.0,0.0,-1.0,0.0,0.0,-0.0449,0.0,565.5288,0.0,0.0,0.0,0.0,up,514.15,2026-06-16T12:09:40,0.0,564.25,354.53,2026-09-02 15:44:18,2026-09-02 11:45:02
TSLA,TSLA271217P00930000,TSLA,2027-12-17,P,930.0,571.65,20.0,579.2,20.0,0.0,0.0,0.0,-1.0,0.0,0.0,-0.0449,0.0,575.5288,0.0,0.0,0.0,0.0,down,575.95,2026-08-24T14:05:59,0.0,574.25,354.53,2026-09-02 15:44:18,2026-09-02 11:45:02
TSLA,TSLA271217P00940000,TSLA,2027-12-17,P,940.0,581.65,20.0,588.85,20.0,0.0,0.0,0.0,-1.0,0.0,0.0,-0.0449,0.0,585.5288,0.0,0.0,0.0,0.0,up,545.7,2026-04-17T09:47:52,0.0,584.25,354.53,2026-09-02 15:44:18,2026-09-02 11:45:02
TSLA,TSLA271217P00950000,TSLA,2027-12-17,P,950.0,591.65,20.0,599.2,20.0,0.0,0.0,0.0,-1.0,0.0,0.0,-0.0449,0.0,595.5288,0.0,0.0,0.0,0.0,up,546.8,2026-06-08T10:56:43,0.0,594.25,354.53,2026-09-02 15:44:18,2026-09-02 11:45:02
TSLA,TSLA271217P00960000,TSLA,2027-12-17,P,960.0,601.65,20.0,609.2,20.0,0.0,0.0,0.0,-1.0,0.0,0.0,-0.0449,0.0,605.5288,0.0,0.0,0.0,0.0,up,540.58,2026-06-01T14:14:31,0.0,603.875,354.53,2026-09-02 15:44:18,2026-09-02 11:45:02
TSLA,TSLA271217P00970000,TSLA,2027-12-17,P,970.0,611.65,20.0,619.2,20.0,0.0,0.0,0.0,-1.0,0.0,0.0,-0.0449,0.0,615.5288,0.0,0.0,0.0,0.0,down,527.8,2026-05-14T10:53:57,0.0,613.875,354.53,2026-09-02 15:44:18,2026-09-02 11:45:02
TSLA,TSLA271217P00980000,TSLA,2027-12-17,P,980.0,621.65,20.0,629.2,20.0,0.0,0.0,0.0,-1.0,0.0,0.0,-0.0449,0.0,625.5288,0.0,0.0,0.0,0.0,no_change,537.34,2026-05-14T10:53:56,0.0,623.875,354.53,2026-09-02 15:44:18,2026-09-02 11:45:02
TSLA,TSLA271217P00990000,TSLA,2027-12-17,P,990.0,631.65,20.0,639.2,20.0,0.0,0.0,0.0,-1.0,0.0,0.0,-0.0449,0.0,635.5288,0.0,0.0,0.0,0.0,up,667.73,2026-08-04T09:57:19,0.0,633.875,354.53,2026-09-02 15:44:18,2026-09-02 11:45:02
TSLA,TSLA280121C00005000,TSLA,2028-01-21,C,5.0,347.3,38.0,353.4,39.0,0.0,5792.0,98.0,1.0,0.0,0.0026,0.0,0.064,351.3461,-4.2,346.9,349.25,346.9,no_change,349.25,2026-09-02T10:15:57,-1.18829,353.449996948242,354.53,2026-09-02 15:44:18,2026-09-02 11:45:02
TSLA,TSLA280121C00010000,TSLA,2028-01-21,C,10.0,341.95,16.0,349.9,16.0,0.0,214.0,0.0,1.0,0.0,0.0051,0.0,0.1281,346.6874,0.0,0.0,0.0,0.0,up,357.66,2026-08-31T13:26:57,0.0,347.625,354.53,2026-09-02 15:44:18,2026-09-02 11:45:02
TSLA,TSLA280121C00015000,TSLA,2028-01-21,C,15.0,337.3,16.0,345.25,16.0,0.0,8.0,0.0,1.0,0.0,0.008,0.0,0.1919,342.0307,0.0,0.0,0.0,0.0,down,335.62,2026-08-24T15:46:49,0.0,342.975006103516,354.53,2026-09-02 15:44:18,2026-09-02 11:45:02
TSLA,TSLA280121C00020000,TSLA,2028-01-21,C,20.0,332.65,16.0,340.65,16.0,0.0,16.0,0.0,1.0,0.0,0.0113,0.0,0.2556,337.3769,0.0,0.0,0.0,0.0,down,324.15,2026-04-10T12:52:45,0.0,338.350006103516,354.53,2026-09-02 15:44:18,2026-09-02 11:45:02
TSLA,TSLA280121C00025000,TSLA,2028-01-21,C,25.0,328.05,16.0,336.0,16.0,0.0,40.0,0.0,1.0,0.0,0.015,0.0,0.319,332.7266,0.0,0.0,0.0,0.0,up,304.84,2026-08-04T13:10:05,0.0,333.725006103516,354.53,2026-09-02 15:44:18,2026-09-02 11:45:02
TSLA,TSLA280121C00030000,TSLA,2028-01-21,C,30.0,323.4,16.0,331.35,16.0,0.0,51.0,0.0,1.0,0.0,0.0192,0.0,0.3821,328.0802,0.0,0.0,0.0,0.0,down,300.39,2026-08-04T13:10:05,0.0,329.074996948242,354.53,2026-09-02 15:44:18,2026-09-02 11:45:02
TSLA,TSLA280121C00035000,TSLA,2028-01-21,C,35.0,318.75,16.0,326.75,16.0,0.0,12.0,0.0,1.0,0.0,0.0238,0.0,0.445,323.4384,0.0,0.0,0.0,0.0,no_change,312.5,2026-04-10T12:51:28,0.0,324.450012207031,354.53,2026-09-02 15:44:18,2026-09-02 11:45:02
TSLA,TSLA280121C00040000,TSLA,2028-01-21,C,40.0,314.15,16.0,322.15,16.0,0.0,16.0,0.0,1.0,0.0,0.0289,0.0,0.5075,318.8013,0.0,0.0,0.0,0.0,up,276.05,2026-07-31T15:18:27,0.0,319.850006103516,354.53,2026-09-02 15:44:18,2026-09-02 11:45:02
TSLA,TSLA280121C00045000,TSLA,2028-01-21,C,45.0,309.55,16.0,317.5,16.0,0.0,20.0,0.0,1.0,0.0,0.0346,0.0,0.5697,314.1698,0.0,0.0,0.0,0.0,down,353.08,2026-03-13T14:07:22,0.0,315.225006103516,354.53,2026-09-02 15:44:18,2026-09-02 11:45:02
TSLA,TSLA280121C00050000,TSLA,2028-01-21,C,50.0,304.95,16.0,312.9,16.0,0.0,193.0,0.0,1.0,0.0,0.0408,0.0,0.6315,309.5442,0.0,0.0,0.0,0.0,up,302.84,2026-08-19T15:47:27,0.0,310.625,354.53,2026-09-02 15:44:18,2026-09-02 11:45:02
TSLA,TSLA280121C00060000,TSLA,2028-01-21,C,60.0,295.75,16.0,303.7,16.0,0.0,356.0,0.0,0.9999,0.0,0.0551,0.0,0.754,300.3135,0.0,0.0,0.0,0.0,down,252.12,2026-07-28T15:40:37,0.0,301.275009155273,354.53,2026-09-02 15:44:18,2026-09-02 11:45:02
TSLA,TSLA280121C00070000,TSLA,2028-01-21,C,70.0,286.55,16.0,294.55,16.0,0.4812,5.0,0.0,0.9983,0.0001,0.0724,0.0,0.8743,291.1149,0.0,0.0,0.0,0.0,down,259.45,2026-07-23T13:18:08,0.0,292.174987792969,354.53,2026-09-02 15:44:18,2026-09-02 11:45:02
TSLA,TSLA280121C00080000,TSLA,2028-01-21,C,80.0,277.45,16.0,285.4,16.0,0.5749,7.0,0.0,0.9964,0.0001,0.0925,0.0,0.9925,281.9551,0.0,0.0,0.0,0.0,up,270.0,2026-08-20T10:11:17,0.0,283.125,354.53,2026-09-02 15:44:18,2026-09-02 11:45:02
TSLA,TSLA280121C00090000,TSLA,2028-01-21,C,90.0,268.7,20.0,276.3,20.0,0.5936,6.0,0.0,0.994,0.0001,0.1164,0.0,1.1077,272.8427,0.0,0.0,0.0,0.0,down,285.12,2026-08-31T13:46:33,0.0,274.0,354.53,2026-09-02 15:44:18,2026-09-02 11:45:02
TSLA,TSLA280121C00100000,TSLA,2028-01-21,C,100.0,260.05,127.0,267.1,72.0,0.591,1695.0,12.0,0.9911,0.0001,0.1438,0.0,1.2198,263.7878,-2.55,261.0,262.5,260.25,no_change,262.5,2026-09-02T10:53:36,-0.962084,265.050003051758,354.53,2026-09-02 15:44:18,2026-09-02 11:45:02
TSLA,TSLA280121C00110000,TSLA,2028-01-21,C,110.0,251.05,20.0,258.25,20.0,0.5802,51.0,0.0,0.9876,0.0002,0.1759,0.0,1.3279,254.8016,0.0,0.0,0.0,0.0,down,278.94,2026-07-21T15:00:58,0.0,256.049995422363,354.53,2026-09-02 15:44:18,2026-09-02 11:45:02
TSLA,TSLA280121C00120000,TSLA,2028-01-21,C,120.0,242.15,28.0,249.35,27.0,0.5668,65.0,0.0,0.9835,0.0002,0.212,0.0,1.4318,245.8975,0.0,0.0,0.0,0.0,down,205.85,2026-07-24T10:18:57,0.0,246.899993896484,354.53,2026-09-02 15:44:18,2026-09-02 11:45:02
TSLA,TSLA280121C00130000,TSLA,2028-01-21,C,130.0,233.6,61.0,239.85,44.0,0.5457,98.0,0.0,0.9786,0.0002,0.2531,0.0,1.5305,237.0884,0.0,0.0,0.0,0.0,down,229.22,2026-08-19T11:59:18,0.0,238.275001525879,354.53,2026-09-02 15:44:18,2026-09-02 11:45:02
TSLA,TSLA280121C00140000,TSLA,2028-01-21,C,140.0,224.95,157.0,231.6,108.0,0.5455,344.0,0.0,0.973,0.0003,0.2986,0.0,1.6237,228.3899,0.0,0.0,0.0,0.0,down,230.38,2026-09-01T14:11:09,0.0,229.275001525879,354.53,2026-09-02 15:44:18,2026-09-02 11:45:02
TSLA,TSLA280121C00150000,TSLA,2028-01-21,C,150.0,216.35,128.0,222.65,116.0,0.5301,106.0,0.0,0.9664,0.0004,0.3488,0.0,1.711,219.8151,0.0,0.0,0.0,0.0,down,221.72,2026-09-01T14:11:09,0.0,221.025001525879,354.53,2026-09-02 15:44:18,2026-09-02 11:45:02
TSLA,TSLA280121C00155000,TSLA,2028-01-21,C,155.0,212.15,36.0,218.6,35.0,0.5294,2.0,0.0,0.9628,0.0004,0.3758,0.0,1.7519,215.5791,0.0,0.0,0.0,0.0,no_change,217.75,2026-08-24T11:32:50,0.0,217.025001525879,354.53,2026-09-02 15:44:18,2026-09-02 11:45:02
TSLA,TSLA280121C00160000,TSLA,2028-01-21,C,160.0,207.95,56.0,214.55,40.0,0.5274,96.0,0.0,0.9589,0.0004,0.4035,0.0,1.7913,211.38,0.0,0.0,0.0,0.0,up,197.59,2026-08-17T11:20:48,0.0,212.650001525879,354.53,2026-09-02 15:44:18,2026-09-02 11:45:02
TSLA,TSLA280121C00165000,TSLA,2028-01-21,C,165.0,204.3,36.0,209.85,40.0,0.5234,0.0,0.0,0.9548,0.0005,0.432,0.0,1.8293,207.2191,0.0,0.0,0.0,0.0,no_change,0.0,,0.0,208.525001525879,354.53,2026-09-02 15:44:18,2026-09-02 11:45:02
TSLA,TSLA280121C00170000,TSLA,2028-01-21,C,170.0,200.9,58.0,205.6,107.0,0.5264,155.0,0.0,0.9505,0.0005,0.4616,0.0,1.8654,203.0977,0.0,0.0,0.0,0.0,up,213.01,2026-08-21T11:52:02,0.0,204.400001525879,354.53,2026-09-02 15:44:18,2026-09-02 11:45:02
TSLA,TSLA280121C00175000,TSLA,2028-01-21,C,175.0,197.35,19.0,201.0,34.0,0.5229,20.0,0.0,0.9459,0.0005,0.4925,-0.0015,1.8994,199.0181,0.0,0.0,0.0,0.0,up,165.0,2026-08-03T09:35:44,0.0,200.449996948242,354.53,2026-09-02 15:44:18,2026-09-02 11:45:02
TSLA,TSLA280121C00180000,TSLA,2028-01-21,C,180.0,192.6,119.0,196.95,99.0,0.5124,111.0,0.0,0.941,0.0006,0.5241,-0.0034,1.9314,194.9823,0.0,0.0,0.0,0.0,down,203.55,2026-08-24T09:30:01,0.0,196.199996948242,354.53,2026-09-02 15:44:18,2026-09-02 11:45:02
TSLA,TSLA280121C00185000,TSLA,2028-01-21,C,185.0,189.35,18.0,193.0,34.0,0.5167,31.0,0.0,0.936,0.0006,0.5561,-0.0054,1.962,190.9916,0.0,0.0,0.0,0.0,up,192.35,2026-09-01T15:57:20,0.0,192.424995422363,354.53,2026-09-02 15:44:18,2026-09-02 11:45:02
TSLA,TSLA280121C00190000,TSLA,2028-01-21,C,190.0,184.6,29.0,189.05,42.0,0.5067,42.0,0.0,0.9306,0.0006,0.5886,-0.0073,1.9909,187.0471,0.0,0.0,0.0,0.0,up,193.25,2026-08-31T10:00:51,0.0,188.400001525879,354.53,2026-09-02 15:44:18,2026-09-02 11:45:02
TSLA,TSLA280121C00195000,TSLA,2028-01-21,C,195.0,180.75,31.0,185.1,42.0,0.5042,45.0,0.0,0.925,0.0007,0.622,-0.0093,2.0178,183.15,0.0,0.0,0.0,0.0,up,196.5,2026-08-31T15:52:30,0.0,184.724998474121,354.53,2026-09-02 15:44:18,2026-09-02 11:45:02
TSLA,TSLA280121C00200000,TSLA,2028-01-21,C,200.0,177.35,162.0,181.3,109.0,0.5057,691.0,0.0,0.9192,0.0007,0.6562,-0.0113,2.0422,179.3026,0.0,0.0,0.0,0.0,down,182.9,2026-09-01T11:16:18,0.0,180.699996948242,354.53,2026-09-02 15:44:18,2026-09-02 11:45:02
TSLA,TSLA280121C00210000,TSLA,2028-01-21,C,210.0,170.15,16.0,173.8,45.0,0.5038,59.0,0.0,0.9069,0.0008,0.725,-0.0154,2.086,171.7625,0.0,0.0,0.0,0.0,up,182.6,2026-08-21T13:03:19,0.0,173.25,354.53,2026-09-02 15:44:18,2026-09-02 11:45:02
TSLA,TSLA280121C00220000,TSLA,2028-01-21,C,220.0,162.65,25.0,166.45,139.0,0.4983,172.0,1.0,0.8936,0.0009,0.7946,-0.0194,2.123,164.4337,0.8,166.65,166.65,166.65,down,166.65,2026-09-02T09:33:33,0.482365,165.849998474121,354.53,2026-09-02 15:44:18,2026-09-02 11:45:02
TSLA,TSLA280121C00230000,TSLA,2028-01-21,C,230.0,156.05,11.0,159.0,101.0,0.4956,118.0,0.0,0.8795,0.001,0.8652,-0.0234,2.1511,157.327,0.0,0.0,0.0,0.0,up,165.5,2026-08-21T10:28:42,0.0,158.724998474121,354.53,2026-09-02 15:44:18,2026-09-02 11:45:02
TSLA,TSLA280121C00240000,TSLA,2028-01-21,C,240.0,148.45,89.0,152.15,95.0,0.4887,259.0,0.0,0.8645,0.0011,0.9343,-0.0274,2.1735,150.4495,0.0,0.0,0.0,0.0,up,156.57,2026-08-31T10:04:19,0.0,152.024993896484,354.53,2026-09-02 15:44:18,2026-09-02 11:45:02
TSLA,TSLA280121C00250000,TSLA,2028-01-21,C,250.0,142.6,14.0,145.4,101.0,0.4896,1137.0,0.0,0.8488,0.0012,1.003,-0.0313,2.1882,143.8046,0.0,0.0,0.0,0.0,down,145.84,2026-09-01T13:25:44,0.0,145.324996948242,354.53,2026-09-02 15:44:18,2026-09-02 11:45:02
TSLA,TSLA280121C00260000,TSLA,2028-01-21,C,260.0,136.1,16.0,139.15,85.0,0.4876,126.0,0.0,0.8324,0.0013,1.0702,-0.0351,2.1956,137.3829,0.0,0.0,0.0,0.0,up,147.5,2026-08-31T14:38:18,0.0,138.800003051758,354.53,2026-09-02 15:44:18,2026-09-02 11:45:02
TSLA,TSLA280121C00270000,TSLA,2028-01-21,C,270.0,129.9,25.0,133.0,96.0,0.4853,165.0,0.0,0.8155,0.0013,1.1341,-0.0387,2.1985,131.2359,0.0,0.0,0.0,0.0,up,132.8,2026-09-01T15:25:57,0.0,132.625,354.53,2026-09-02 15:44:18,2026-09-02 11:45:02
TSLA,TSLA280121C00280000,TSLA,2028-01-21,C,280.0,123.3,126.0,126.8,114.0,0.4796,405.0,0.0,0.7981,0.0014,1.1963,-0.0422,2.194,125.3126,0.0,0.0,0.0,0.0,up,129.05,2026-09-01T10:03:31,0.0,126.625,354.53,2026-09-02 15:44:18,2026-09-02 11:45:02
TSLA,TSLA280121C00290000,TSLA,2028-01-21,C,290.0,118.75,25.0,120.3,32.0,0.4796,2075.0,0.0,0.7803,0.0015,1.255,-0.0456,2.1841,119.633,0.0,0.0,0.0,0.0,down,121.0,2026-09-01T14:01:50,0.0,121.099998474121,354.53,2026-09-02 15:44:18,2026-09-02 11:45:02
TSLA,TSLA280121C00300000,TSLA,2028-01-21,C,300.0,113.55,42.0,114.9,21.0,0.4796,4654.0,26.0,0.7621,0.0016,1.3097,-0.0487,2.1709,114.1917,-1.68,112.08,114.0,112.08,no_change,113.97,2026-09-02T10:24:30,-1.45266,115.649997711182,354.53,2026-09-02 15:44:18,2026-09-02 11:45:02
TSLA,TSLA280121C00310000,TSLA,2028-01-21,C,310.0,107.65,151.0,110.85,223.0,0.4805,436.0,1.0,0.7437,0.0016,1.3613,-0.0517,2.1514,108.9675,0.625,110.95,110.95,110.95,down,110.95,2026-09-02T09:31:27,0.566507,110.325000762939,354.53,2026-09-02 15:44:18,2026-09-02 11:45:02
TSLA,TSLA280121C00320000,TSLA,2028-01-21,C,320.0,103.15,167.0,105.75,157.0,0.4809,1221.0,1.0,0.7252,0.0017,1.4089,-0.0545,2.128,103.9962,-3.65,101.85,101.85,101.85,down,101.85,2026-09-02T11:02:21,-3.45972,105.5,354.53,2026-09-02 15:44:18,2026-09-02 11:45:02
TSLA,TSLA280121C00330000,TSLA,2028-01-21,C,330.0,98.0,123.0,100.5,24.0,0.4772,1454.0,5.0,0.7066,0.0017,1.4519,-0.057,2.1028,99.2509,-1.75,98.85,98.85,98.85,down,98.85,2026-09-02T11:08:22,-1.73956,100.600002288818,354.53,2026-09-02 15:44:18,2026-09-02 11:45:02
TSLA,TSLA280121C00340000,TSLA,2028-01-21,C,340.0,94.05,126.0,95.3,73.0,0.4764,543.0,28.0,0.688,0.0018,1.491,-0.0594,2.0737,94.7414,-2.25,94.92,94.92,93.75,down,93.75,2026-09-02T10:25:20,-2.34375,96.0,354.53,2026-09-02 15:44:18,2026-09-02 11:45:02
TSLA,TSLA280121C00350000,TSLA,2028-01-21,C,350.0,89.95,70.0,90.95,22.0,0.4768,2836.0,84.0,0.6695,0.0018,1.5262,-0.0615,2.0403,90.4138,-1.08,91.5,91.9,90.62,no_change,90.62,2026-09-02T10:20:13,-1.17775,91.7000007629394,354.53,2026-09-02 15:44:18,2026-09-02 11:45:02
TSLA,TSLA280121C00360000,TSLA,2028-01-21,C,360.0,85.45,37.0,87.6,166.0,0.4778,562.0,0.0,0.6511,0.0019,1.5571,-0.0635,2.0067,86.3266,0.0,0.0,0.0,0.0,down,87.46,2026-09-01T15:58:47,0.0,87.5249977111816,354.53,2026-09-02 15:44:18,2026-09-02 11:45:02
TSLA,TSLA280121C00370000,TSLA,2028-01-21,C,370.0,81.75,39.0,83.7,211.0,0.4784,529.0,0.0,0.6329,0.0019,1.5839,-0.0652,1.9716,82.4201,0.0,0.0,0.0,0.0,down,83.28,2026-09-01T15:37:37,0.0,83.6000022888184,354.53,2026-09-02 15:44:18,2026-09-02 11:45:02
TSLA,TSLA280121C00380000,TSLA,2028-01-21,C,380.0,77.75,24.0,80.0,38.0,0.4777,1292.0,4.0,0.6149,0.0019,1.6069,-0.0668,1.9331,78.7049,-3.275,76.4,76.6,76.4,up,76.6,2026-09-02T09:45:47,-4.10016,79.875,354.53,2026-09-02 15:44:18,2026-09-02 11:45:02
TSLA,TSLA280121C00390000,TSLA,2028-01-21,C,390.0,74.25,149.0,76.5,75.0,0.4781,669.0,9.0,0.5972,0.002,1.6262,-0.0681,1.8933,75.1751,-1.805,73.85,75.75,73.75,down,74.47,2026-09-02T10:55:43,-2.36643,76.2749977111816,354.53,2026-09-02 15:44:18,2026-09-02 11:45:02
TSLA,TSLA280121C00400000,TSLA,2028-01-21,C,400.0,71.5,114.0,72.35,54.0,0.4776,5949.0,24.0,0.5797,0.002,1.6419,-0.0693,1.8543,71.8209,-0.975,73.0,73.0,69.45,no_change,72.0,2026-09-02T11:12:58,-1.33608,72.9750022888184,354.53,2026-09-02 15:44:18,2026-09-02 11:45:02
TSLA,TSLA280121C00410000,TSLA,2028-01-21,C,410.0,68.5,10.0,69.6,42.0,0.48,855.0,9.0,0.5626,0.002,1.6541,-0.0703,1.8144,68.6188,-0.55,66.5,69.25,66.5,up,69.25,2026-09-02T11:25:11,-0.787965,69.7999992370606,354.53,2026-09-02 15:44:18,2026-09-02 11:45:02
TSLA,TSLA280121C00420000,TSLA,2028-01-21,C,420.0,65.5,53.0,66.1,51.0,0.4792,2323.0,11.0,0.5458,0.002,1.6631,-0.0711,1.7727,65.5908,-1.275,64.65,65.55,64.65,up,65.5,2026-09-02T11:08:51,-1.9094,66.7750015258789,354.53,2026-09-02 15:44:18,2026-09-02 11:45:02
TSLA,TSLA280121C00430000,TSLA,2028-01-21,C,430.0,62.55,23.0,63.75,123.0,0.481,1418.0,0.0,0.5295,0.002,1.6689,-0.0718,1.7306,62.7169,0.0,0.0,0.0,0.0,no_change,62.0,2026-09-01T14:44:59,0.0,63.8249988555908,354.53,2026-09-02 15:44:18,2026-09-02 11:45:02
TSLA,TSLA280121C00440000,TSLA,2028-01-21,C,440.0,59.4,48.0,60.9,122.0,0.4799,1244.0,0.0,0.5135,0.002,1.6722,-0.0724,1.69,60.0009,0.0,0.0,0.0,0.0,no_change,61.2,2026-09-01T15:52:33,0.0,60.9500007629394,354.53,2026-09-02 15:44:18,2026-09-02 11:45:02
TSLA,TSLA280121C00450000,TSLA,2028-01-21,C,450.0,57.3,53.0,57.95,65.0,0.4809,3403.0,12.0,0.4979,0.002,1.673,-0.0728,1.6496,57.3961,-2.25,56.6,57.6,56.0,down,56.0,2026-09-02T10:58:45,-3.86266,58.25,354.53,2026-09-02 15:44:18,2026-09-02 11:45:02
TSLA,TSLA280121C00460000,TSLA,2028-01-21,C,460.0,54.6,46.0,55.9,170.0,0.4821,990.0,0.0,0.4828,0.002,1.6711,-0.073,1.6086,54.9339,0.0,0.0,0.0,0.0,down,56.85,2026-09-01T10:21:15,0.0,55.7749996185303,354.53,2026-09-02 15:44:18,2026-09-02 11:45:02
TSLA,TSLA280121C00470000,TSLA,2028-01-21,C,470.0,51.8,245.0,53.55,119.0,0.4813,716.0,2.0,0.468,0.002,1.6667,-0.0732,1.567,52.5969,-1.55,50.9,51.75,50.9,up,51.75,2026-09-02T09:54:00,-2.90807,53.3000011444092,354.53,2026-09-02 15:44:18,2026-09-02 11:45:02
TSLA,TSLA280121C00480000,TSLA,2028-01-21,C,480.0,49.6,236.0,51.6,276.0,0.4829,1481.0,2.0,0.4537,0.002,1.6604,-0.0733,1.5265,50.3789,-0.05,48.7,51.0,48.7,up,51.0,2026-09-02T10:27:30,-0.0979454,51.0500011444092,354.53,2026-09-02 15:44:18,2026-09-02 11:45:02
TSLA,TSLA280121C00490000,TSLA,2028-01-21,C,490.0,47.45,227.0,49.3,251.0,0.4829,924.0,0.0,0.4398,0.002,1.6527,-0.0732,1.4876,48.2723,0.0,0.0,0.0,0.0,no_change,54.75,2026-08-31T15:45:24,0.0,48.8999996185303,354.53,2026-09-02 15:44:18,2026-09-02 11:45:02
TSLA,TSLA280121C00500000,TSLA,2028-01-21,C,500.0,46.0,86.0,46.8,198.0,0.4838,6482.0,78.0,0.4264,0.0019,1.6434,-0.0731,1.4495,46.2703,0.025,45.48,47.0,44.7,up,47.0,2026-09-02T10:48:28,0.053219,46.9750003814697,354.53,2026-09-02 15:44:18,2026-09-02 11:45:02
TSLA,TSLA280121C00510000,TSLA,2028-01-21,C,510.0,44.0,161.0,44.95,90.0,0.4845,3456.0,0.0,0.4133,0.0019,1.6322,-0.0729,1.4112,44.3679,0.0,0.0,0.0,0.0,down,44.95,2026-09-01T15:53:31,0.0,44.9750003814697,354.53,2026-09-02 15:44:18,2026-09-02 11:45:02
TSLA,TSLA280121C00520000,TSLA,2028-01-21,C,520.0,42.1,94.0,43.1,74.0,0.4848,1947.0,3.0,0.4007,0.0019,1.6194,-0.0726,1.3731,42.5709,-1.5,41.49,41.6,41.49,up,41.6,2026-09-02T10:09:37,-3.48028,43.1000003814697,354.53,2026-09-02 15:44:18,2026-09-02 11:45:02
TSLA,TSLA280121C00530000,TSLA,2028-01-21,C,530.0,40.05,255.0,41.55,180.0,0.4852,475.0,1.0,0.3884,0.0019,1.6051,-0.0722,1.3356,40.8456,-0.84,40.51,40.51,40.51,down,40.51,2026-09-02T09:37:13,-2.03144,41.3500003814697,354.53,2026-09-02 15:44:18,2026-09-02 11:45:02
TSLA,TSLA280121C00540000,TSLA,2028-01-21,C,540.0,38.4,237.0,39.9,133.0,0.486,619.0,0.0,0.3766,0.0019,1.5902,-0.0718,1.2998,39.2083,0.0,0.0,0.0,0.0,no_change,39.45,2026-09-01T14:18:15,0.0,39.7749996185303,354.53,2026-09-02 15:44:18,2026-09-02 11:45:02
TSLA,TSLA280121C00550000,TSLA,2028-01-21,C,550.0,37.55,74.0,38.2,91.0,0.4886,2502.0,16.0,0.3651,0.0018,1.5748,-0.0713,1.2655,37.6579,-0.7,39.25,39.3,37.1,no_change,37.5,2026-09-02T10:20:44,-1.83246,38.2000007629394,354.53,2026-09-02 15:44:18,2026-09-02 11:45:02
TSLA,TSLA280121C00560000,TSLA,2028-01-21,C,560.0,35.8,55.0,37.05,223.0,0.4896,527.0,0.0,0.3541,0.0018,1.5584,-0.0708,1.2318,36.1828,0.0,0.0,0.0,0.0,down,37.69,2026-09-01T09:35:48,0.0,36.7000007629394,354.53,2026-09-02 15:44:18,2026-09-02 11:45:02
TSLA,TSLA280121C00570000,TSLA,2028-01-21,C,570.0,34.65,109.0,35.3,85.0,0.4902,1707.0,23.0,0.3434,0.0018,1.5409,-0.0702,1.1981,34.7799,-0.1,33.97,35.25,33.97,no_change,35.2,2026-09-02T10:37:12,-0.283289,35.3000011444092,354.53,2026-09-02 15:44:18,2026-09-02 11:45:02
TSLA,TSLA280121C00580000,TSLA,2028-01-21,C,580.0,33.4,16.0,34.4,182.0,0.4929,583.0,0.0,0.3331,0.0018,1.5225,-0.0696,1.1649,33.4461,0.0,0.0,0.0,0.0,up,33.23,2026-09-01T14:53:41,0.0,34.125,354.53,2026-09-02 15:44:18,2026-09-02 11:45:02
TSLA,TSLA280121C00590000,TSLA,2028-01-21,C,590.0,31.4,239.0,33.15,248.0,0.4915,513.0,0.0,0.3231,0.0017,1.5036,-0.0689,1.1328,32.1777,0.0,0.0,0.0,0.0,up,32.7,2026-09-01T15:45:33,0.0,32.8500003814697,354.53,2026-09-02 15:44:18,2026-09-02 11:45:02
TSLA,TSLA280121C00600000,TSLA,2028-01-21,C,600.0,31.0,2.0,31.5,89.0,0.4936,4007.0,8.0,0.3135,0.0017,1.4846,-0.0683,1.1023,30.9707,-0.125,32.55,32.55,29.8,up,31.4,2026-09-02T10:51:02,-0.396509,31.5249996185303,354.53,2026-09-02 15:44:18,2026-09-02 11:45:02
TSLA,TSLA280121C00610000,TSLA,2028-01-21,C,610.0,29.05,237.0,31.0,284.0,0.4941,920.0,8.0,0.3042,0.0017,1.4656,-0.0676,1.0731,29.8211,-0.445,31.25,31.25,28.83,up,29.83,2026-09-02T10:18:16,-1.46986,30.2750005722046,354.53,2026-09-02 15:44:18,2026-09-02 11:45:02
TSLA,TSLA280121C00620000,TSLA,2028-01-21,C,620.0,27.95,230.0,29.7,213.0,0.4944,337.0,0.0,0.2953,0.0017,1.4464,-0.0668,1.0447,28.7257,0.0,0.0,0.0,0.0,down,29.26,2026-09-01T15:54:08,0.0,29.1000003814697,354.53,2026-09-02 15:44:18,2026-09-02 11:45:02
TSLA,TSLA280121C00630000,TSLA,2028-01-21,C,630.0,26.9,126.0,28.65,128.0,0.4953,673.0,0.0,0.2866,0.0016,1.4267,-0.0661,1.0166,27.682,0.0,0.0,0.0,0.0,up,31.8,2026-08-31T14:51:02,0.0,28.1999998092651,354.53,2026-09-02 15:44:18,2026-09-02 11:45:02
TSLA,TSLA280121C00640000,TSLA,2028-01-21,C,640.0,25.95,254.0,27.35,76.0,0.4953,557.0,0.0,0.2783,0.0016,1.4065,-0.0653,0.9889,26.6877,0.0,0.0,0.0,0.0,up,27.0,2026-09-01T15:41:30,0.0,27.0500001907349,354.53,2026-09-02 15:44:18,2026-09-02 11:45:02
TSLA,TSLA280121C00650000,TSLA,2028-01-21,C,650.0,25.6,86.0,26.3,59.0,0.4981,1458.0,0.0,0.2703,0.0016,1.3859,-0.0646,0.9618,25.7407,0.0,0.0,0.0,0.0,no_change,26.02,2026-09-01T15:19:13,0.0,26.1749992370605,354.53,2026-09-02 15:44:18,2026-09-02 11:45:02
TSLA,TSLA280121C00660000,TSLA,2028-01-21,C,660.0,24.1,102.0,25.8,115.0,0.4984,476.0,0.0,0.2626,0.0016,1.3654,-0.0638,0.9359,24.8383,0.0,0.0,0.0,0.0,up,29.01,2026-08-31T13:22:07,0.0,25.3000001907349,354.53,2026-09-02 15:44:18,2026-09-02 11:45:02
TSLA,TSLA280121C00670000,TSLA,2028-01-21,C,670.0,23.25,115.0,25.0,103.0,0.4997,585.0,0.0,0.2551,0.0015,1.3452,-0.063,0.9112,23.9778,0.0,0.0,0.0,0.0,up,27.73,2026-08-31T14:57:19,0.0,24.375,354.53,2026-09-02 15:44:18,2026-09-02 11:45:02
TSLA,TSLA280121C00680000,TSLA,2028-01-21,C,680.0,22.4,237.0,24.15,267.0,0.5005,551.0,0.0,0.2479,0.0015,1.3254,-0.0622,0.8875,23.1567,0.0,0.0,0.0,0.0,up,23.6,2026-09-01T13:13:21,0.0,23.5750007629395,354.53,2026-09-02 15:44:18,2026-09-02 11:45:02
TSLA,TSLA280121C00690000,TSLA,2028-01-21,C,690.0,21.65,197.0,23.25,218.0,0.5012,1291.0,0.0,0.241,0.0015,1.3058,-0.0614,0.8647,22.3726,0.0,0.0,0.0,0.0,up,25.0,2026-08-31T10:06:15,0.0,22.7249994277954,354.53,2026-09-02 15:44:18,2026-09-02 11:45:02
TSLA,TSLA280121C00700000,TSLA,2028-01-21,C,700.0,21.5,110.0,22.05,74.0,0.5028,4536.0,2.0,0.2343,0.0015,1.2862,-0.0606,0.8424,21.6239,-0.155,21.25,21.82,21.25,up,21.82,2026-09-02T10:32:00,-0.705344,21.9749994277954,354.53,2026-09-02 15:44:18,2026-09-02 11:45:02
TSLA,TSLA280121C00710000,TSLA,2028-01-21,C,710.0,20.2,273.0,21.85,227.0,0.5036,506.0,0.0,0.2278,0.0014,1.2664,-0.0598,0.8204,20.9089,0.0,0.0,0.0,0.0,up,19.63,2026-08-26T12:24:05,0.0,21.25,354.53,2026-09-02 15:44:18,2026-09-02 11:45:02
TSLA,TSLA280121C00720000,TSLA,2028-01-21,C,720.0,19.55,259.0,20.95,210.0,0.5039,841.0,0.0,0.2216,0.0014,1.2465,-0.059,0.7989,20.2262,0.0,0.0,0.0,0.0,up,23.85,2026-08-31T13:41:28,0.0,20.5749998092651,354.53,2026-09-02 15:44:18,2026-09-02 11:45:02
TSLA,TSLA280121C00730000,TSLA,2028-01-21,C,730.0,19.3,160.0,20.0,44.0,0.5054,2431.0,6.0,0.2156,0.0014,1.2267,-0.0582,0.778,19.5743,-0.225,19.2,19.8,19.2,down,19.7,2026-09-02T11:25:05,-1.12924,19.9250001907349,354.53,2026-09-02 15:44:18,2026-09-02 11:45:02
TSLA,TSLA280121C00740000,TSLA,2028-01-21,C,740.0,18.75,42.0,19.5,99.0,0.5072,1887.0,0.0,0.2099,0.0014,1.2071,-0.0575,0.7579,18.9516,0.0,0.0,0.0,0.0,down,22.03,2026-08-21T11:33:11,0.0,19.25,354.53,2026-09-02 15:44:18,2026-09-02 11:45:02
TSLA,TSLA280121C00750000,TSLA,2028-01-21,C,750.0,18.15,90.0,18.9,57.0,0.5083,1814.0,5.0,0.2043,0.0013,1.188,-0.0567,0.7388,18.3564,-0.675,18.0,18.0,18.0,down,18.0,2026-09-02T09:56:59,-3.61446,18.6750001907349,354.53,2026-09-02 15:44:18,2026-09-02 11:45:02
TSLA,TSLA280121C00760000,TSLA,2028-01-21,C,760.0,17.2,245.0,18.5,184.0,0.5084,480.0,0.0,0.1989,0.0013,1.1694,-0.0559,0.7205,17.787,0.0,0.0,0.0,0.0,down,18.1,2026-09-01T13:54:04,0.0,18.0749998092651,354.53,2026-09-02 15:44:18,2026-09-02 11:45:02
TSLA,TSLA280121C00770000,TSLA,2028-01-21,C,770.0,16.65,233.0,17.95,222.0,0.5095,393.0,0.0,0.1938,0.0013,1.1512,-0.0551,0.703,17.242,0.0,0.0,0.0,0.0,down,19.0,2026-09-01T09:30:46,0.0,17.625,354.53,2026-09-02 15:44:18,2026-09-02 11:45:02
TSLA,TSLA280121C00780000,TSLA,2028-01-21,C,780.0,16.15,233.0,17.35,181.0,0.5103,379.0,0.0,0.1888,0.0013,1.1333,-0.0544,0.686,16.7202,0.0,0.0,0.0,0.0,up,17.96,2026-09-01T09:31:40,0.0,17.0249996185303,354.53,2026-09-02 15:44:18,2026-09-02 11:45:02
TSLA,TSLA280121C00790000,TSLA,2028-01-21,C,790.0,16.05,94.0,16.6,47.0,0.512,4135.0,0.0,0.1839,0.0012,1.1156,-0.0536,0.6693,16.2204,0.0,0.0,0.0,0.0,no_change,16.7,2026-08-24T15:05:34,0.0,16.4749994277954,354.53,2026-09-02 15:44:18,2026-09-02 11:45:02
TSLA,TSLA280121C00800000,TSLA,2028-01-21,C,800.0,15.55,166.0,16.2,48.0,0.5134,7691.0,34.0,0.1793,0.0012,1.098,-0.0529,0.653,15.7418,-0.07,16.18,16.18,15.45,no_change,15.88,2026-09-02T11:26:48,-0.43887,15.9499998092651,354.53,2026-09-02 15:44:18,2026-09-02 11:45:02
TSLA,TSLA280121C00810000,TSLA,2028-01-21,C,810.0,15.0,142.0,15.8,128.0,0.5143,2256.0,0.0,0.1748,0.0012,1.0805,-0.0522,0.6371,15.2835,0.0,0.0,0.0,0.0,down,15.7,2026-09-01T12:57:16,0.0,15.5250000953674,354.53,2026-09-02 15:44:18,2026-09-02 11:45:02
TSLA,TSLA280121C00820000,TSLA,2028-01-21,C,820.0,14.35,140.0,15.45,112.0,0.5148,308.0,0.0,0.1704,0.0012,1.0631,-0.0514,0.6216,14.8446,0.0,0.0,0.0,0.0,up,17.18,2026-08-31T10:57:53,0.0,14.9749999046326,354.53,2026-09-02 15:44:18,2026-09-02 11:45:02
TSLA,TSLA280121C00830000,TSLA,2028-01-21,C,830.0,14.15,92.0,14.95,121.0,0.5166,2125.0,0.0,0.1663,0.0012,1.046,-0.0508,0.6066,14.424,0.0,0.0,0.0,0.0,up,17.05,2026-08-31T13:24:15,0.0,14.625,354.53,2026-09-02 15:44:18,2026-09-02 11:45:02
TSLA,TSLA280121C00840000,TSLA,2028-01-21,C,840.0,13.5,256.0,14.65,187.0,0.517,1745.0,0.0,0.1622,0.0011,1.0293,-0.05,0.5923,14.0209,0.0,0.0,0.0,0.0,down,14.35,2026-09-01T14:08:57,0.0,14.2249999046326,354.53,2026-09-02 15:44:18,2026-09-02 11:45:02
TSLA,TSLA280121C00850000,TSLA,2028-01-21,C,850.0,13.45,150.0,14.0,65.0,0.5184,6000.0,1.0,0.1584,0.0011,1.0135,-0.0494,0.5789,13.6439,-0.45,13.4,13.4,13.4,down,13.4,2026-09-02T09:58:05,-3.2491,13.8499999046326,354.53,2026-09-02 15:44:18,2026-09-02 11:45:02
TSLA,TSLA280121C00860000,TSLA,2028-01-21,C,860.0,12.75,241.0,13.9,122.0,0.5192,376.0,1.0,0.1547,0.0011,0.9977,-0.0487,0.5658,13.2726,-0.4,13.05,13.05,13.05,down,13.05,2026-09-02T09:58:17,-2.97398,13.4500002861023,354.53,2026-09-02 15:44:18,2026-09-02 11:45:02
TSLA,TSLA280121C00870000,TSLA,2028-01-21,C,870.0,12.35,199.0,13.55,208.0,0.5201,219.0,0.0,0.151,0.0011,0.9824,-0.0481,0.5532,12.916,0.0,0.0,0.0,0.0,down,12.2,2026-08-28T11:54:30,0.0,13.0,354.53,2026-09-02 15:44:18,2026-09-02 11:45:02
TSLA,TSLA280121C00880000,TSLA,2028-01-21,C,880.0,12.05,226.0,13.2,233.0,0.5214,923.0,0.0,0.1475,0.001,0.9674,-0.0474,0.541,12.5735,0.0,0.0,0.0,0.0,no_change,13.1,2026-09-01T10:55:30,0.0,12.75,354.53,2026-09-02 15:44:18,2026-09-02 11:45:02
TSLA,TSLA280121C00890000,TSLA,2028-01-21,C,890.0,11.75,132.0,12.85,163.0,0.5226,1298.0,0.0,0.1441,0.001,0.9528,-0.0468,0.5291,12.2443,0.0,0.0,0.0,0.0,up,14.7,2026-08-21T10:32:06,0.0,12.4499998092651,354.53,2026-09-02 15:44:18,2026-09-02 11:45:02
TSLA,TSLA280121C00900000,TSLA,2028-01-21,C,900.0,11.75,152.0,12.25,119.0,0.5238,6228.0,0.0,0.1408,0.001,0.9383,-0.0461,0.5174,11.928,0.0,0.0,0.0,0.0,down,12.11,2026-09-01T15:14:46,0.0,12.0999999046326,354.53,2026-09-02 15:44:18,2026-09-02 11:45:02
TSLA,TSLA280121C00910000,TSLA,2028-01-21,C,910.0,11.35,93.0,12.25,230.0,0.5261,1267.0,0.0,0.1377,0.001,0.924,-0.0455,0.5061,11.624,0.0,0.0,0.0,0.0,down,11.92,2026-09-01T12:44:36,0.0,11.8000001907349,354.53,2026-09-02 15:44:18,2026-09-02 11:45:02
TSLA,TSLA280121C00920000,TSLA,2028-01-21,C,920.0,10.8,239.0,11.95,146.0,0.5258,1551.0,1.0,0.1346,0.001,0.9098,-0.0449,0.4949,11.3317,-0.3,11.2,11.2,11.2,down,11.2,2026-09-02T10:21:13,-2.6087,11.5,354.53,2026-09-02 15:44:18,2026-09-02 11:45:02
TSLA,TSLA280121C00930000,TSLA,2028-01-21,C,930.0,10.65,219.0,11.7,238.0,0.5278,1483.0,0.0,0.1317,0.001,0.8958,-0.0443,0.4841,11.0508,0.0,0.0,0.0,0.0,down,11.25,2026-09-01T15:28:02,0.0,11.1999998092651,354.53,2026-09-02 15:44:18,2026-09-02 11:45:02
TSLA,TSLA280121C00940000,TSLA,2028-01-21,C,940.0,10.6,79.0,11.05,49.0,0.528,5033.0,0.0,0.1288,0.001,0.8821,-0.0438,0.4736,10.7807,0.0,0.0,0.0,0.0,no_change,10.85,2026-09-01T14:19:34,0.0,10.8999996185303,354.53,2026-09-02 15:44:18,2026-09-02 11:45:02
TSLA,TSLA280121C00950000,TSLA,2028-01-21,C,950.0,10.25,161.0,10.95,192.0,0.5295,2268.0,0.0,0.126,0.0009,0.8687,-0.0432,0.4635,10.5209,0.0,0.0,0.0,0.0,down,10.8,2026-09-01T13:52:51,0.0,10.6999998092651,354.53,2026-09-02 15:44:18,2026-09-02 11:45:02
TSLA,TSLA280121C00960000,TSLA,2028-01-21,C,960.0,9.55,189.0,10.9,157.0,0.5292,476.0,0.0,0.1234,0.0009,0.8556,-0.0426,0.4538,10.2708,0.0,0.0,0.0,0.0,up,11.9,2026-08-31T11:43:15,0.0,10.4499998092651,354.53,2026-09-02 15:44:18,2026-09-02 11:45:02
TSLA,TSLA280121C00970000,TSLA,2028-01-21,C,970.0,9.6,155.0,10.65,139.0,0.532,778.0,0.0,0.1208,0.0009,0.8429,-0.0421,0.4445,10.03,0.0,0.0,0.0,0.0,down,11.6,2026-08-31T11:43:14,0.0,10.125,354.53,2026-09-02 15:44:18,2026-09-02 11:45:02
TSLA,TSLA280121C00980000,TSLA,2028-01-21,C,980.0,9.4,189.0,10.1,178.0,0.5313,712.0,0.0,0.1183,0.0009,0.8306,-0.0415,0.4356,9.798,0.0,0.0,0.0,0.0,up,11.25,2026-08-31T11:39:47,0.0,9.875,354.53,2026-09-02 15:44:18,2026-09-02 11:45:02
TSLA,TSLA280121C00990000,TSLA,2028-01-21,C,990.0,9.3,107.0,10.05,141.0,0.5343,6102.0,15.0,0.1158,0.0009,0.8186,-0.041,0.427,9.5743,-0.05,9.4,9.6,9.15,up,9.6,2026-09-02T11:21:22,-0.518131,9.64999961853027,354.53,2026-09-02 15:44:18,2026-09-02 11:45:02
TSLA,TSLA280121P00005000,TSLA,2028-01-21,P,5.0,0.0,0.0,0.03,58.0,1.2135,3072.0,0.0,-0.0002,0.0,0.0026,-0.0003,-0.0012,0.0313,0.0,0.0,0.0,0.0,down,0.01,2026-08-27T09:30:04,0.0,0.0149999996647239,354.53,2026-09-02 15:44:18,2026-09-02 11:45:02
TSLA,TSLA280121P00010000,TSLA,2028-01-21,P,10.0,0.0,0.0,0.16,10.0,1.1687,438.0,0.0,-0.0003,0.0,0.0052,-0.0005,-0.0023,0.0571,0.0,0.0,0.0,0.0,down,0.06,2026-07-23T11:57:03,0.0,0.0799999982118606,354.53,2026-09-02 15:44:18,2026-09-02 11:45:02
TSLA,TSLA280121P00015000,TSLA,2028-01-21,P,15.0,0.01,4.0,0.18,1.0,1.0434,50.0,0.0,-0.0005,0.0,0.0081,-0.0008,-0.0037,0.085,0.0,0.0,0.0,0.0,up,0.09,2026-07-27T13:32:29,0.0,0.09500000346452,354.53,2026-09-02 15:44:18,2026-09-02 11:45:02
TSLA,TSLA280121P00020000,TSLA,2028-01-21,P,20.0,0.0,0.0,0.18,10.0,0.9374,379.0,0.0,-0.0008,0.0,0.0114,-0.001,-0.0052,0.1158,0.0,0.0,0.0,0.0,up,0.09,2026-09-01T10:24:48,0.0,0.0900000035762787,354.53,2026-09-02 15:44:18,2026-09-02 11:45:02
TSLA,TSLA280121P00025000,TSLA,2028-01-21,P,25.0,0.0,0.0,0.18,1.0,0.8618,422.0,0.0,-0.0011,0.0,0.0151,-0.0013,-0.007,0.1501,0.0,0.0,0.0,0.0,up,0.23,2026-07-24T15:21:23,0.0,0.0900000035762787,354.53,2026-09-02 15:44:18,2026-09-02 11:45:02
TSLA,TSLA280121P00030000,TSLA,2028-01-21,P,30.0,0.01,10.0,0.45,10.0,0.8864,228.0,0.0,-0.0014,0.0,0.0193,-0.0016,-0.009,0.1886,0.0,0.0,0.0,0.0,no_change,0.13,2026-09-01T10:21:52,0.0,0.160000000149012,354.53,2026-09-02 15:44:18,2026-09-02 11:45:02
TSLA,TSLA280121P00035000,TSLA,2028-01-21,P,35.0,0.0,0.0,0.45,22.0,0.83,412.0,0.0,-0.0018,0.0,0.0239,-0.0019,-0.0113,0.2314,0.0,0.0,0.0,0.0,up,0.2,2026-09-01T09:55:40,0.0,0.199999995529652,354.53,2026-09-02 15:44:18,2026-09-02 11:45:02
TSLA,TSLA280121P00040000,TSLA,2028-01-21,P,40.0,0.0,0.0,0.27,3.0,0.7377,613.0,0.0,-0.0022,0.0,0.0291,-0.0022,-0.0138,0.2792,0.0,0.0,0.0,0.0,up,0.3,2026-08-12T15:05:21,0.0,0.225000001490116,354.53,2026-09-02 15:44:18,2026-09-02 11:45:02
TSLA,TSLA280121P00045000,TSLA,2028-01-21,P,45.0,0.1,10.0,0.6,41.0,0.7777,68.0,0.0,-0.0027,0.0,0.035,-0.0025,-0.0168,0.3328,0.0,0.0,0.0,0.0,up,0.5,2026-07-29T11:02:11,0.0,0.395000010728836,354.53,2026-09-02 15:44:18,2026-09-02 11:45:02
TSLA,TSLA280121P00050000,TSLA,2028-01-21,P,50.0,0.28,10.0,0.4,1.0,0.7386,2188.0,0.0,-0.0032,0.0,0.0412,-0.0029,-0.02,0.3922,0.0,0.0,0.0,0.0,down,0.39,2026-09-01T09:46:04,0.0,0.344999998807907,354.53,2026-09-02 15:44:18,2026-09-02 11:45:02
TSLA,TSLA280121P00060000,TSLA,2028-01-21,P,60.0,0.25,103.0,0.83,103.0,0.7137,294.0,0.0,-0.0045,0.0,0.0557,-0.0037,-0.0277,0.5317,0.0,0.0,0.0,0.0,down,0.52,2026-08-27T09:45:33,0.0,0.53999999165535,354.53,2026-09-02 15:44:18,2026-09-02 11:45:02
TSLA,TSLA280121P00070000,TSLA,2028-01-21,P,70.0,0.63,1.0,0.89,49.0,0.6868,388.0,0.0,-0.0061,0.0001,0.0731,-0.0046,-0.0372,0.7042,0.0,0.0,0.0,0.0,no_change,0.73,2026-08-26T13:40:50,0.0,0.769999980926514,354.53,2026-09-02 15:44:18,2026-09-02 11:45:02
TSLA,TSLA280121P00080000,TSLA,2028-01-21,P,80.0,0.57,94.0,1.32,101.0,0.6542,276.0,0.0,-0.0081,0.0001,0.0936,-0.0057,-0.049,0.9165,0.0,0.0,0.0,0.0,down,1.19,2026-08-11T10:03:27,0.0,0.945000022649765,354.53,2026-09-02 15:44:18,2026-09-02 11:45:02
TSLA,TSLA280121P00090000,TSLA,2028-01-21,P,90.0,1.0,142.0,1.54,438.0,0.6355,154.0,0.0,-0.0105,0.0001,0.1178,-0.007,-0.0632,1.1764,0.0,0.0,0.0,0.0,no_change,1.25,2026-08-28T11:15:25,0.0,1.30500000715256,354.53,2026-09-02 15:44:18,2026-09-02 11:45:02
TSLA,TSLA280121P00100000,TSLA,2028-01-21,P,100.0,1.35,65.0,1.64,162.0,0.6071,2895.0,0.0,-0.0134,0.0001,0.1456,-0.0083,-0.0804,1.495,0.0,0.0,0.0,0.0,down,1.49,2026-09-01T09:30:00,0.0,1.56000000238419,354.53,2026-09-02 15:44:18,2026-09-02 11:45:02
TSLA,TSLA280121P00110000,TSLA,2028-01-21,P,110.0,1.67,199.0,2.05,278.0,0.5881,737.0,5.0,-0.017,0.0002,0.1783,-0.0099,-0.1014,1.8844,0.035,1.92,1.92,1.92,no_change,1.92,2026-09-02T10:16:06,1.85676,1.88499999046326,354.53,2026-09-02 15:44:18,2026-09-02 11:45:02
TSLA,TSLA280121P00120000,TSLA,2028-01-21,P,120.0,2.17,120.0,2.49,68.0,0.573,543.0,0.0,-0.0212,0.0002,0.2148,-0.0117,-0.1258,2.3572,0.0,0.0,0.0,0.0,no_change,2.38,2026-08-31T14:41:40,0.0,2.34500002861023,354.53,2026-09-02 15:44:18,2026-09-02 11:45:02
TSLA,TSLA280121P00130000,TSLA,2028-01-21,P,130.0,2.85,19.0,3.1,112.0,0.5629,608.0,10.0,-0.0262,0.0003,0.2572,-0.0137,-0.1555,2.9278,-0.03,2.97,2.97,2.96,down,2.96,2026-09-02T10:54:16,-1.00334,2.99000000953674,354.53,2026-09-02 15:44:18,2026-09-02 11:45:02
TSLA,TSLA280121P00140000,TSLA,2028-01-21,P,140.0,3.45,130.0,3.85,147.0,0.5509,278.0,0.0,-0.032,0.0003,0.303,-0.0158,-0.1891,3.6118,0.0,0.0,0.0,0.0,down,3.64,2026-09-01T11:44:17,0.0,3.60000002384186,354.53,2026-09-02 15:44:18,2026-09-02 11:45:02
TSLA,TSLA280121P00150000,TSLA,2028-01-21,P,150.0,4.1,292.0,4.8,273.0,0.5402,808.0,0.0,-0.0388,0.0004,0.3552,-0.0182,-0.2285,4.426,0.0,0.0,0.0,0.0,no_change,4.4,2026-09-01T11:43:28,0.0,4.42499995231628,354.53,2026-09-02 15:44:18,2026-09-02 11:45:02
TSLA,TSLA280121P00155000,TSLA,2028-01-21,P,155.0,4.4,174.0,5.5,204.0,0.5365,14.0,0.0,-0.0426,0.0004,0.3827,-0.0195,-0.2505,4.892,0.0,0.0,0.0,0.0,down,5.27,2026-08-27T15:02:04,0.0,4.84999990463257,354.53,2026-09-02 15:44:18,2026-09-02 11:45:02
TSLA,TSLA280121P00160000,TSLA,2028-01-21,P,160.0,5.25,97.0,5.65,96.0,0.5322,1703.0,0.0,-0.0466,0.0004,0.4106,-0.0208,-0.2732,5.39,0.0,0.0,0.0,0.0,down,5.33,2026-08-31T14:34:17,0.0,5.40000009536743,354.53,2026-09-02 15:44:18,2026-09-02 11:45:02
TSLA,TSLA280121P00165000,TSLA,2028-01-21,P,165.0,5.4,183.0,6.55,202.0,0.5279,2.0,0.0,-0.0508,0.0005,0.4397,-0.0221,-0.2977,5.9265,0.0,0.0,0.0,0.0,down,8.08,2026-08-11T14:03:51,0.0,5.90000009536743,354.53,2026-09-02 15:44:18,2026-09-02 11:45:02
TSLA,TSLA280121P00170000,TSLA,2028-01-21,P,170.0,6.3,109.0,6.8,190.0,0.5241,431.0,0.0,-0.0553,0.0005,0.4714,-0.0235,-0.3237,6.504,0.0,0.0,0.0,0.0,down,6.7,2026-08-31T10:03:09,0.0,6.55000019073486,354.53,2026-09-02 15:44:18,2026-09-02 11:45:02
TSLA,TSLA280121P00175000,TSLA,2028-01-21,P,175.0,6.8,185.0,7.35,43.0,0.5186,61.0,1.0,-0.0601,0.0006,0.5026,-0.025,-0.3522,7.1269,0.15,7.25,7.25,7.25,up,7.25,2026-09-02T11:00:45,2.11268,7.09999990463257,354.53,2026-09-02 15:44:18,2026-09-02 11:45:02
TSLA,TSLA280121P00180000,TSLA,2028-01-21,P,180.0,7.65,48.0,8.25,197.0,0.5193,853.0,0.0,-0.0651,0.0006,0.5344,-0.0264,-0.3801,7.7948,0.0,0.0,0.0,0.0,up,7.79,2026-08-31T12:56:31,0.0,7.82500004768372,354.53,2026-09-02 15:44:18,2026-09-02 11:45:02
TSLA,TSLA280121P00185000,TSLA,2028-01-21,P,185.0,8.3,96.0,9.05,132.0,0.5163,68.0,0.0,-0.0704,0.0006,0.5667,-0.0279,-0.4109,8.5084,0.0,0.0,0.0,0.0,up,9.33,2026-08-24T13:24:29,0.0,8.4500002861023,354.53,2026-09-02 15:44:18,2026-09-02 11:45:02
TSLA,TSLA280121P00190000,TSLA,2028-01-21,P,190.0,8.95,198.0,9.8,275.0,0.5123,336.0,0.0,-0.076,0.0007,0.5998,-0.0294,-0.4429,9.2694,0.0,0.0,0.0,0.0,down,10.38,2026-08-26T09:46:38,0.0,9.2000002861023,354.53,2026-09-02 15:44:18,2026-09-02 11:45:02
TSLA,TSLA280121P00195000,TSLA,2028-01-21,P,195.0,9.45,367.0,10.65,324.0,0.5074,241.0,1.0,-0.0818,0.0007,0.6352,-0.031,-0.4759,10.0812,0.125,10.2,10.2,10.2,down,10.2,2026-09-02T10:15:03,1.24069,10.0750002861023,354.53,2026-09-02 15:44:18,2026-09-02 11:45:02
TSLA,TSLA280121P00200000,TSLA,2028-01-21,P,200.0,10.8,43.0,11.15,32.0,0.5058,4270.0,2.0,-0.0878,0.0008,0.6701,-0.0325,-0.5107,10.9459,0.12,11.15,11.15,11.07,down,11.07,2026-09-02T10:59:33,1.09589,10.9499998092651,354.53,2026-09-02 15:44:18,2026-09-02 11:45:02
TSLA,TSLA280121P00210000,TSLA,2028-01-21,P,210.0,12.5,179.0,13.2,59.0,0.501,718.0,0.0,-0.1008,0.0009,0.7392,-0.0357,-0.583,12.8343,0.0,0.0,0.0,0.0,up,12.85,2026-09-01T14:58:44,0.0,12.8250002861023,354.53,2026-09-02 15:44:18,2026-09-02 11:45:02
TSLA,TSLA280121P00220000,TSLA,2028-01-21,P,220.0,14.7,85.0,15.5,219.0,0.4988,1049.0,0.0,-0.1147,0.001,0.8118,-0.0389,-0.6622,14.9433,0.0,0.0,0.0,0.0,down,14.94,2026-09-01T15:38:05,0.0,14.9250001907349,354.53,2026-09-02 15:44:18,2026-09-02 11:45:02
TSLA,TSLA280121P00230000,TSLA,2028-01-21,P,230.0,16.85,273.0,17.8,109.0,0.4937,687.0,5.0,-0.1296,0.001,0.883,-0.0421,-0.7444,17.2918,0.15,17.65,17.65,17.35,down,17.35,2026-09-02T11:14:42,0.872094,17.1999998092651,354.53,2026-09-02 15:44:18,2026-09-02 11:45:02
TSLA,TSLA280121P00240000,TSLA,2028-01-21,P,240.0,19.45,130.0,20.7,316.0,0.4924,883.0,0.0,-0.1454,0.0012,0.9536,-0.0453,-0.8328,19.8705,0.0,0.0,0.0,0.0,up,23.8,2026-08-18T14:30:39,0.0,19.8249998092651,354.53,2026-09-02 15:44:18,2026-09-02 11:45:02
TSLA,TSLA280121P00250000,TSLA,2028-01-21,P,250.0,22.4,123.0,22.9,59.0,0.4871,3593.0,10.0,-0.162,0.0012,1.025,-0.0484,-0.9254,22.7062,0.62,23.24,23.24,23.17,no_change,23.17,2026-09-02T10:12:38,2.74944,22.5500001907349,354.53,2026-09-02 15:44:18,2026-09-02 11:45:02
TSLA,TSLA280121P00260000,TSLA,2028-01-21,P,260.0,25.1,201.0,26.65,367.0,0.4861,1191.0,3.0,-0.1795,0.0013,1.0924,-0.0514,-1.0185,25.7954,0.175,26.05,26.2,25.8,down,25.8,2026-09-02T10:26:20,0.682927,25.625,354.53,2026-09-02 15:44:18,2026-09-02 11:45:02
TSLA,TSLA280121P00270000,TSLA,2028-01-21,P,270.0,28.55,105.0,29.95,317.0,0.4845,1462.0,7.0,-0.1975,0.0014,1.1576,-0.0544,-1.1136,29.1255,0.835,28.93,29.95,28.93,down,29.76,2026-09-02T09:52:53,2.88678,28.9250001907349,354.53,2026-09-02 15:44:18,2026-09-02 11:45:02
TSLA,TSLA280121P00280000,TSLA,2028-01-21,P,280.0,32.25,108.0,33.15,86.0,0.4815,1732.0,1.0,-0.2162,0.0015,1.2202,-0.0572,-1.2141,32.7319,0.7,33.2,33.2,33.2,up,33.2,2026-09-02T09:59:01,2.15385,32.5,354.53,2026-09-02 15:44:18,2026-09-02 11:45:02
TSLA,TSLA280121P00290000,TSLA,2028-01-21,P,290.0,36.0,98.0,36.85,87.0,0.479,2119.0,0.0,-0.2353,0.0016,1.2783,-0.0599,-1.3117,36.5785,0.0,0.0,0.0,0.0,no_change,35.3,2026-08-31T14:56:17,0.0,36.3000011444092,354.53,2026-09-02 15:44:18,2026-09-02 11:45:02
TSLA,TSLA280121P00300000,TSLA,2028-01-21,P,300.0,40.4,72.0,40.9,51.0,0.4787,7317.0,315.0,-0.255,0.0017,1.3331,-0.0624,-1.4108,40.7012,0.0,41.8,41.8,40.4,down,40.4,2026-09-02T11:13:26,9.44232e-07,40.3999996185303,354.53,2026-09-02 15:44:18,2026-09-02 11:45:02
TSLA,TSLA280121P00310000,TSLA,2028-01-21,P,310.0,44.4,117.0,45.95,237.0,0.479,1444.0,1.0,-0.275,0.0018,1.3837,-0.0647,-1.5134,45.0741,0.515,45.24,45.24,45.24,up,45.24,2026-09-02T10:22:31,1.15148,44.7250003814697,354.53,2026-09-02 15:44:18,2026-09-02 11:45:02
TSLA,TSLA280121P00320000,TSLA,2028-01-21,P,320.0,49.15,124.0,49.9,88.0,0.4766,2250.0,0.0,-0.2951,0.0018,1.4293,-0.0669,-1.6104,49.6891,0.0,0.0,0.0,0.0,down,47.6,2026-08-31T13:47:26,0.0,49.25,354.53,2026-09-02 15:44:18,2026-09-02 11:45:02
TSLA,TSLA280121P00330000,TSLA,2028-01-21,P,330.0,54.05,103.0,54.75,50.0,0.4761,1931.0,0.0,-0.3156,0.0019,1.4697,-0.0689,-1.7074,54.56,0.0,0.0,0.0,0.0,up,54.6,2026-09-01T14:57:25,0.0,54.25,354.53,2026-09-02 15:44:18,2026-09-02 11:45:02
TSLA,TSLA280121P00340000,TSLA,2028-01-21,P,340.0,59.1,113.0,60.0,78.0,0.4761,973.0,20.0,-0.336,0.002,1.5069,-0.0707,-1.8087,59.6617,0.325,60.48,60.48,59.5,down,59.5,2026-09-02T11:17:21,0.549216,59.1750011444092,354.53,2026-09-02 15:44:18,2026-09-02 11:45:02
TSLA,TSLA280121P00350000,TSLA,2028-01-21,P,350.0,64.45,52.0,65.15,44.0,0.4753,4650.0,0.0,-0.3565,0.002,1.5377,-0.0724,-1.8955,64.9979,0.0,0.0,0.0,0.0,down,64.71,2026-09-01T15:06:58,0.0,64.4000015258789,354.53,2026-09-02 15:44:18,2026-09-02 11:45:02
TSLA,TSLA280121P00360000,TSLA,2028-01-21,P,360.0,70.0,78.0,70.7,56.0,0.4751,1380.0,0.0,-0.377,0.0021,1.564,-0.0738,-1.9823,70.575,0.0,0.0,0.0,0.0,down,69.1,2026-09-01T12:17:27,0.0,69.9000015258789,354.53,2026-09-02 15:44:18,2026-09-02 11:45:02
TSLA,TSLA280121P00370000,TSLA,2028-01-21,P,370.0,75.75,120.0,76.85,87.0,0.4762,3917.0,0.0,-0.3974,0.0021,1.5856,-0.0751,-2.0692,76.3518,0.0,0.0,0.0,0.0,down,74.8,2026-09-01T12:17:27,0.0,75.625,354.53,2026-09-02 15:44:18,2026-09-02 11:45:02
TSLA,TSLA280121P00380000,TSLA,2028-01-21,P,380.0,81.7,64.0,82.45,35.0,0.4748,1051.0,0.0,-0.4178,0.0022,1.6024,-0.0762,-2.1467,82.3663,0.0,0.0,0.0,0.0,down,81.3,2026-09-01T12:29:27,0.0,81.5999984741211,354.53,2026-09-02 15:44:18,2026-09-02 11:45:02
TSLA,TSLA280121P00390000,TSLA,2028-01-21,P,390.0,87.7,68.0,89.75,193.0,0.4778,918.0,0.0,-0.4379,0.0022,1.6162,-0.077,-2.2282,88.5763,0.0,0.0,0.0,0.0,down,84.45,2026-08-31T15:43:07,0.0,87.7750015258789,354.53,2026-09-02 15:44:18,2026-09-02 11:45:02
TSLA,TSLA280121P00400000,TSLA,2028-01-21,P,400.0,94.1,95.0,95.1,50.0,0.4747,3380.0,0.0,-0.4579,0.0022,1.6229,-0.0778,-2.291,95.0016,0.0,0.0,0.0,0.0,up,93.43,2026-09-01T10:54:43,0.0,94.1499977111816,354.53,2026-09-02 15:44:18,2026-09-02 11:45:02
TSLA,TSLA280121P00410000,TSLA,2028-01-21,P,410.0,99.75,287.0,102.2,67.0,0.4738,702.0,0.0,-0.4775,0.0023,1.6251,-0.0784,-2.3572,101.5764,0.0,0.0,0.0,0.0,down,100.15,2026-09-01T12:34:02,0.0,100.649997711182,354.53,2026-09-02 15:44:18,2026-09-02 11:45:02
TSLA,TSLA280121P00420000,TSLA,2028-01-21,P,420.0,107.5,111.0,108.35,31.0,0.4752,2853.0,0.0,-0.497,0.0023,1.6246,-0.0788,-2.4209,108.3774,0.0,0.0,0.0,0.0,up,106.6,2026-09-01T12:43:34,0.0,107.275001525879,354.53,2026-09-02 15:44:18,2026-09-02 11:45:02
TSLA,TSLA280121P00430000,TSLA,2028-01-21,P,430.0,113.4,314.0,116.55,203.0,0.4765,1437.0,0.0,-0.5159,0.0023,1.6217,-0.0791,-2.4772,115.2939,0.0,0.0,0.0,0.0,down,109.34,2026-08-31T15:52:44,0.0,114.25,354.53,2026-09-02 15:44:18,2026-09-02 11:45:02
TSLA,TSLA280121P00440000,TSLA,2028-01-21,P,440.0,120.7,257.0,123.65,229.0,0.4773,823.0,0.0,-0.5348,0.0024,1.6121,-0.0793,-2.5205,122.4394,0.0,0.0,0.0,0.0,down,120.8,2026-09-01T15:45:30,0.0,121.300003051758,354.53,2026-09-02 15:44:18,2026-09-02 11:45:02
TSLA,TSLA280121P00450000,TSLA,2028-01-21,P,450.0,128.75,106.0,129.7,32.0,0.4765,3189.0,0.0,-0.5533,0.0024,1.5995,-0.0794,-2.5564,129.7151,0.0,0.0,0.0,0.0,down,123.5,2026-08-31T13:51:37,0.0,128.500003814697,354.53,2026-09-02 15:44:18,2026-09-02 11:45:02
TSLA,TSLA280121P00460000,TSLA,2028-01-21,P,460.0,135.3,226.0,138.35,159.0,0.4782,606.0,0.0,-0.5714,0.0024,1.5846,-0.0793,-2.6055,137.1492,0.0,0.0,0.0,0.0,no_change,134.45,2026-09-01T09:59:10,0.0,135.900001525879,354.53,2026-09-02 15:44:18,2026-09-02 11:45:02
TSLA,TSLA280121P00470000,TSLA,2028-01-21,P,470.0,142.6,310.0,145.95,166.0,0.478,848.0,0.0,-0.5891,0.0024,1.5637,-0.0792,-2.618,144.7285,0.0,0.0,0.0,0.0,down,155.88,2026-08-14T13:39:01,0.0,143.475006103516,354.53,2026-09-02 15:44:18,2026-09-02 11:45:02
TSLA,TSLA280121P00480000,TSLA,2028-01-21,P,480.0,150.55,231.0,153.65,235.0,0.4794,536.0,0.0,-0.6066,0.0024,1.5466,-0.0789,-2.6314,152.4406,0.0,0.0,0.0,0.0,no_change,149.5,2026-09-01T11:13:32,0.0,151.049995422363,354.53,2026-09-02 15:44:18,2026-09-02 11:45:02
TSLA,TSLA280121P00490000,TSLA,2028-01-21,P,490.0,157.6,249.0,161.55,151.0,0.4775,802.0,0.0,-0.6237,0.0024,1.5208,-0.0786,-2.6427,160.2917,0.0,0.0,0.0,0.0,down,156.7,2026-09-01T11:29:25,0.0,158.925003051758,354.53,2026-09-02 15:44:18,2026-09-02 11:45:02
TSLA,TSLA280121P00500000,TSLA,2028-01-21,P,500.0,167.1,64.0,168.3,40.0,0.4792,4441.0,1.0,-0.6404,0.0024,1.4923,-0.0782,-2.6696,168.266,0.96,167.81,167.81,167.81,up,167.81,2026-09-02T10:18:38,0.575368,166.849998474121,354.53,2026-09-02 15:44:18,2026-09-02 11:45:02
TSLA,TSLA280121P00510000,TSLA,2028-01-21,P,510.0,174.5,219.0,177.65,150.0,0.4818,1266.0,0.0,-0.6566,0.0024,1.4605,-0.0776,-2.6654,176.3687,0.0,0.0,0.0,0.0,up,174.25,2026-09-01T15:45:31,0.0,174.900001525879,354.53,2026-09-02 15:44:18,2026-09-02 11:45:02
TSLA,TSLA280121P00520000,TSLA,2028-01-21,P,520.0,181.75,209.0,186.05,156.0,0.4799,754.0,0.0,-0.6727,0.0024,1.4278,-0.0772,-2.6535,184.5678,0.0,0.0,0.0,0.0,down,181.9,2026-09-01T12:43:34,0.0,183.099998474121,354.53,2026-09-02 15:44:18,2026-09-02 11:45:02
TSLA,TSLA280121P00530000,TSLA,2028-01-21,P,530.0,191.15,215.0,194.75,112.0,0.4859,448.0,0.0,-0.6883,0.0024,1.3988,-0.0765,-2.6406,192.8892,0.0,0.0,0.0,0.0,up,197.5,2026-08-28T12:30:15,0.0,191.275001525879,354.53,2026-09-02 15:44:18,2026-09-02 11:45:02
TSLA,TSLA280121P00540000,TSLA,2028-01-21,P,540.0,198.45,167.0,203.25,136.0,0.4827,146.0,0.0,-0.7036,0.0024,1.3546,-0.0758,-2.6029,201.3379,0.0,0.0,0.0,0.0,up,206.0,2026-08-28T12:30:15,0.0,199.550003051758,354.53,2026-09-02 15:44:18,2026-09-02 11:45:02
TSLA,TSLA280121P00550000,TSLA,2028-01-21,P,550.0,207.45,205.0,212.1,197.0,0.4865,300.0,0.0,-0.7185,0.0024,1.3196,-0.0752,-2.5918,209.8674,0.0,0.0,0.0,0.0,down,238.27,2026-08-04T09:45:45,0.0,208.300003051758,354.53,2026-09-02 15:44:18,2026-09-02 11:45:02
TSLA,TSLA280121P00560000,TSLA,2028-01-21,P,560.0,214.9,177.0,220.75,192.0,0.4829,115.0,0.0,-0.733,0.0024,1.2845,-0.0744,-2.548,218.4732,0.0,0.0,0.0,0.0,up,216.55,2026-08-21T11:21:31,0.0,217.150001525879,354.53,2026-09-02 15:44:18,2026-09-02 11:45:02
TSLA,TSLA280121P00570000,TSLA,2028-01-21,P,570.0,223.65,186.0,229.45,175.0,0.4836,71.0,0.0,-0.7472,0.0024,1.2364,-0.0734,-2.4905,227.1942,0.0,0.0,0.0,0.0,down,222.3,2026-09-01T11:35:20,0.0,225.524993896484,354.53,2026-09-02 15:44:18,2026-09-02 11:45:02
TSLA,TSLA280121P00580000,TSLA,2028-01-21,P,580.0,233.0,212.0,238.25,210.0,0.4866,133.0,0.0,-0.7615,0.0024,1.1887,-0.0729,-2.4669,236.0078,0.0,0.0,0.0,0.0,down,236.9,2026-08-27T13:12:03,0.0,234.25,354.53,2026-09-02 15:44:18,2026-09-02 11:45:02
TSLA,TSLA280121P00590000,TSLA,2028-01-21,P,590.0,241.15,236.0,247.15,255.0,0.4842,195.0,0.0,-0.7751,0.0024,1.1569,-0.0722,-2.4471,244.8923,0.0,0.0,0.0,0.0,down,273.62,2026-07-23T13:31:53,0.0,243.825004577637,354.53,2026-09-02 15:44:18,2026-09-02 11:45:02
TSLA,TSLA280121P00600000,TSLA,2028-01-21,P,600.0,252.1,97.0,254.7,23.0,0.4874,2029.0,0.0,-0.7882,0.0024,1.105,-0.071,-2.3195,253.8583,0.0,0.0,0.0,0.0,down,258.9,2026-08-28T12:30:32,0.0,251.824996948242,354.53,2026-09-02 15:44:18,2026-09-02 11:45:02
TSLA,TSLA280121P00610000,TSLA,2028-01-21,P,610.0,259.25,66.0,265.4,72.0,0.487,34.0,0.0,-0.8011,0.0024,1.0579,-0.0694,-2.2602,262.9031,0.0,0.0,0.0,0.0,up,247.63,2026-07-22T12:53:51,0.0,261.574996948242,354.53,2026-09-02 15:44:18,2026-09-02 11:45:02
TSLA,TSLA280121P00620000,TSLA,2028-01-21,P,620.0,268.4,79.0,274.4,71.0,0.4874,58.0,0.0,-0.8139,0.0024,1.0126,-0.068,-2.2479,272.018,0.0,0.0,0.0,0.0,down,291.95,2026-08-11T15:21:36,0.0,270.875,354.53,2026-09-02 15:44:18,2026-09-02 11:45:02
TSLA,TSLA280121P00630000,TSLA,2028-01-21,P,630.0,277.7,25.0,283.9,27.0,0.4904,70.0,0.0,-0.8261,0.0024,0.9714,-0.067,-2.1537,281.1952,0.0,0.0,0.0,0.0,no_change,282.31,2026-08-24T13:55:58,0.0,280.050003051758,354.53,2026-09-02 15:44:18,2026-09-02 11:45:02
TSLA,TSLA280121P00640000,TSLA,2028-01-21,P,640.0,286.9,25.0,293.1,23.0,0.4901,29.0,0.0,-0.8381,0.0024,0.9027,-0.0662,-1.9235,290.4572,0.0,0.0,0.0,0.0,no_change,270.25,2026-06-18T10:53:30,0.0,289.425003051758,354.53,2026-09-02 15:44:18,2026-09-02 11:45:02
TSLA,TSLA280121P00650000,TSLA,2028-01-21,P,650.0,296.3,32.0,302.45,36.0,0.4914,288.0,0.0,-0.8499,0.0024,0.8323,-0.0659,-1.9185,299.7982,0.0,0.0,0.0,0.0,no_change,342.01,2026-07-24T13:57:29,0.0,298.149993896484,354.53,2026-09-02 15:44:18,2026-09-02 11:45:02
TSLA,TSLA280121P00660000,TSLA,2028-01-21,P,660.0,305.65,33.0,311.85,41.0,0.4921,175.0,0.0,-0.8615,0.0023,0.807,-0.0654,-1.9084,309.1756,0.0,0.0,0.0,0.0,down,340.32,2026-07-24T09:30:04,0.0,307.474990844727,354.53,2026-09-02 15:44:18,2026-09-02 11:45:02
TSLA,TSLA280121P00670000,TSLA,2028-01-21,P,670.0,315.15,29.0,321.2,47.0,0.4926,211.0,0.0,-0.8727,0.0023,0.7687,-0.0642,-1.7872,318.5996,0.0,0.0,0.0,0.0,down,362.73,2026-07-31T11:03:25,0.0,316.949996948242,354.53,2026-09-02 15:44:18,2026-09-02 11:45:02
TSLA,TSLA280121P00680000,TSLA,2028-01-21,P,680.0,323.8,39.0,331.15,36.0,0.49,143.0,0.0,-0.8831,0.0023,0.7165,-0.0624,-1.6528,328.0783,0.0,0.0,0.0,0.0,no_change,375.4,2026-07-29T10:10:27,0.0,326.875,354.53,2026-09-02 15:44:18,2026-09-02 11:45:02
TSLA,TSLA280121P00690000,TSLA,2028-01-21,P,690.0,333.4,29.0,340.55,29.0,0.4893,42.0,0.0,-0.8947,0.0023,0.6479,-0.0635,-1.505,337.6274,0.0,0.0,0.0,0.0,down,375.19,2026-07-24T09:59:27,0.0,336.375,354.53,2026-09-02 15:44:18,2026-09-02 11:45:02
TSLA,TSLA280121P00700000,TSLA,2028-01-21,P,700.0,343.0,92.0,350.3,94.0,0.4911,155.0,0.0,-0.9058,0.0024,0.5913,-0.064,-1.4514,347.2209,0.0,0.0,0.0,0.0,up,394.0,2026-07-30T09:37:15,0.0,346.100006103516,354.53,2026-09-02 15:44:18,2026-09-02 11:45:02
TSLA,TSLA280121P00710000,TSLA,2028-01-21,P,710.0,352.65,30.0,359.95,30.0,0.4904,53.0,0.0,-0.9162,0.0024,0.557,-0.0634,-1.3729,356.8483,0.0,0.0,0.0,0.0,no_change,405.25,2026-07-29T10:10:27,0.0,354.974990844727,354.53,2026-09-02 15:44:18,2026-09-02 11:45:02
TSLA,TSLA280121P00720000,TSLA,2028-01-21,P,720.0,362.35,23.0,369.65,22.0,0.4897,0.0,0.0,-0.9256,0.0023,0.4976,-0.0598,-1.0744,366.5322,0.0,0.0,0.0,0.0,down,346.25,2026-06-24T10:44:54,0.0,364.675003051758,354.53,2026-09-02 15:44:18,2026-09-02 11:45:02
TSLA,TSLA280121P00730000,TSLA,2028-01-21,P,730.0,372.1,21.0,379.4,25.0,0.4886,0.0,0.0,-0.934,0.0023,0.4142,-0.0531,-1.0698,376.2725,0.0,0.0,0.0,0.0,up,345.85,2026-06-09T15:39:08,0.0,374.5,354.53,2026-09-02 15:44:18,2026-09-02 11:45:02
TSLA,TSLA280121P00740000,TSLA,2028-01-21,P,740.0,381.95,21.0,389.15,21.0,0.4884,0.0,0.0,-0.9421,0.0022,0.3785,-0.0489,-0.828,386.0435,0.0,0.0,0.0,0.0,up,432.07,2026-07-24T14:46:58,0.0,384.175003051758,354.53,2026-09-02 15:44:18,2026-09-02 11:45:02
TSLA,TSLA280121P00750000,TSLA,2028-01-21,P,750.0,391.9,25.0,398.75,21.0,0.0,7.0,0.0,-0.9497,0.0021,0.3186,-0.0486,-0.786,395.8565,0.0,0.0,0.0,0.0,down,403.41,2026-08-19T11:06:03,0.0,393.975006103516,354.53,2026-09-02 15:44:18,2026-09-02 11:45:02
TSLA,TSLA280121P00760000,TSLA,2028-01-21,P,760.0,401.65,20.0,409.3,20.0,0.0,0.0,0.0,-0.9566,0.002,0.2893,-0.0479,-0.7568,405.6888,0.0,0.0,0.0,0.0,no_change,441.95,2026-07-23T14:18:00,0.0,403.875,354.53,2026-09-02 15:44:18,2026-09-02 11:45:02
TSLA,TSLA280121P00770000,TSLA,2028-01-21,P,770.0,411.65,16.0,419.4,16.0,0.0,0.0,0.0,-0.963,0.0018,0.2683,-0.0469,-0.0614,415.5349,0.0,0.0,0.0,0.0,up,399.05,2026-06-24T15:10:51,0.0,414.0,354.53,2026-09-02 15:44:18,2026-09-02 11:45:02
TSLA,TSLA280121P00780000,TSLA,2028-01-21,P,780.0,421.6,16.0,429.35,16.0,0.0,0.0,0.0,-0.9685,0.0016,0.1154,-0.0478,0.0,425.5288,0.0,0.0,0.0,0.0,up,463.35,2026-07-23T14:42:26,0.0,424.025009155273,354.53,2026-09-02 15:44:18,2026-09-02 11:45:02
TSLA,TSLA280121P00790000,TSLA,2028-01-21,P,790.0,431.65,20.0,438.85,20.0,0.0,0.0,0.0,-0.9736,0.0013,0.0,-0.0478,0.0,435.5288,0.0,0.0,0.0,0.0,down,410.45,2026-03-19T10:04:33,0.0,433.975006103516,354.53,2026-09-02 15:44:18,2026-09-02 11:45:02
TSLA,TSLA280121P00800000,TSLA,2028-01-21,P,800.0,441.6,16.0,449.55,16.0,0.5308,2.0,0.0,-0.9783,0.0011,0.0,-0.0478,0.0,445.5288,0.0,0.0,0.0,0.0,down,449.0,2026-08-19T15:59:51,0.0,443.875,354.53,2026-09-02 15:44:18,2026-09-02 11:45:02
TSLA,TSLA280121P00810000,TSLA,2028-01-21,P,810.0,451.65,32.0,459.25,34.0,0.0,0.0,0.0,-0.9826,0.0009,0.0,-0.0478,0.0,455.5288,0.0,0.0,0.0,0.0,no_change,430.5,2026-04-01T15:48:06,0.0,453.875,354.53,2026-09-02 15:44:18,2026-09-02 11:45:02
TSLA,TSLA280121P00820000,TSLA,2028-01-21,P,820.0,461.65,16.0,469.15,16.0,0.0,0.0,0.0,-0.9861,0.0007,0.0,-0.0478,0.0,465.5288,0.0,0.0,0.0,0.0,down,429.93,2026-05-05T11:04:11,0.0,464.050003051758,354.53,2026-09-02 15:44:18,2026-09-02 11:45:02
TSLA,TSLA280121P00830000,TSLA,2028-01-21,P,830.0,471.6,16.0,479.55,16.0,0.5503,0.0,0.0,-0.9892,0.0005,0.0,-0.0478,0.0,475.5288,0.0,0.0,0.0,0.0,up,400.05,2026-05-27T12:51:07,0.0,473.875,354.53,2026-09-02 15:44:18,2026-09-02 11:45:02
TSLA,TSLA280121P00840000,TSLA,2028-01-21,P,840.0,481.6,16.0,489.55,16.0,0.5566,0.0,0.0,-0.9921,0.0004,0.0,-0.0478,0.0,485.5288,0.0,0.0,0.0,0.0,up,523.55,2026-07-23T14:42:35,0.0,483.875,354.53,2026-09-02 15:44:18,2026-09-02 11:45:02
TSLA,TSLA280121P00850000,TSLA,2028-01-21,P,850.0,491.65,20.0,499.25,20.0,0.0,0.0,0.0,-0.9944,0.0003,0.0,-0.0478,0.0,495.5288,0.0,0.0,0.0,0.0,up,525.4,2026-07-23T14:42:22,0.0,493.875,354.53,2026-09-02 15:44:18,2026-09-02 11:45:02
TSLA,TSLA280121P00860000,TSLA,2028-01-21,P,860.0,501.6,16.0,509.55,16.0,0.5691,0.0,0.0,-0.9964,0.0002,0.0,-0.0478,0.0,505.5288,0.0,0.0,0.0,0.0,up,543.55,2026-07-23T14:42:35,0.0,503.875,354.53,2026-09-02 15:44:18,2026-09-02 11:45:02
TSLA,TSLA280121P00870000,TSLA,2028-01-21,P,870.0,511.6,16.0,519.55,16.0,0.5752,0.0,0.0,-0.9984,0.0001,0.0,-0.0478,0.0,515.5288,0.0,0.0,0.0,0.0,no_change,435.9,2026-05-14T09:51:28,0.0,513.874984741211,354.53,2026-09-02 15:44:18,2026-09-02 11:45:02
TSLA,TSLA280121P00880000,TSLA,2028-01-21,P,880.0,521.65,16.0,529.5,17.0,0.5812,0.0,0.0,-1.0,0.0,0.0,-0.0478,0.0,525.5288,0.0,0.0,0.0,0.0,up,563.55,2026-07-23T14:42:58,0.0,523.875,354.53,2026-09-02 15:44:18,2026-09-02 11:45:02
TSLA,TSLA280121P00890000,TSLA,2028-01-21,P,890.0,531.65,16.0,539.5,17.0,0.5872,0.0,0.0,-1.0,0.0,0.0,-0.0478,0.0,535.5288,0.0,0.0,0.0,0.0,no_change,455.75,2026-05-27T12:51:11,0.0,533.875,354.53,2026-09-02 15:44:18,2026-09-02 11:45:02
TSLA,TSLA280121P00900000,TSLA,2028-01-21,P,900.0,541.6,16.0,549.55,16.0,0.5941,0.0,0.0,-1.0,0.0,0.0,-0.0478,0.0,545.5288,0.0,0.0,0.0,0.0,no_change,488.12,2026-06-30T11:11:19,0.0,543.974975585938,354.53,2026-09-02 15:44:18,2026-09-02 11:45:02
TSLA,TSLA280121P00910000,TSLA,2028-01-21,P,910.0,551.6,16.0,559.55,16.0,0.5999,0.0,0.0,-1.0,0.0,0.0,-0.0478,0.0,555.5288,0.0,0.0,0.0,0.0,down,489.68,2026-05-21T09:32:10,0.0,553.875,354.53,2026-09-02 15:44:18,2026-09-02 11:45:02
TSLA,TSLA280121P00920000,TSLA,2028-01-21,P,920.0,561.65,20.0,569.2,20.0,0.0,0.0,0.0,-1.0,0.0,0.0,-0.0478,0.0,565.5288,0.0,0.0,0.0,0.0,no_change,506.36,2026-06-30T10:47:05,0.0,563.875,354.53,2026-09-02 15:44:18,2026-09-02 11:45:02
TSLA,TSLA280121P00930000,TSLA,2028-01-21,P,930.0,571.65,20.0,579.35,20.0,0.0,0.0,0.0,-1.0,0.0,0.0,-0.0478,0.0,575.5288,0.0,0.0,0.0,0.0,up,532.63,2026-05-19T11:45:32,0.0,573.875,354.53,2026-09-02 15:44:18,2026-09-02 11:45:02
TSLA,TSLA280121P00940000,TSLA,2028-01-21,P,940.0,581.6,16.0,589.55,16.0,0.6171,0.0,0.0,-1.0,0.0,0.0,-0.0478,0.0,585.5288,0.0,0.0,0.0,0.0,down,542.53,2026-05-19T11:45:32,0.0,584.049987792969,354.53,2026-09-02 15:44:18,2026-09-02 11:45:02
TSLA,TSLA280121P00950000,TSLA,2028-01-21,P,950.0,591.6,16.0,599.55,16.0,0.6264,0.0,0.0,-1.0,0.0,0.0,-0.0478,0.0,595.5288,0.0,0.0,0.0,0.0,down,550.55,2026-06-17T11:35:33,0.0,593.875,354.53,2026-09-02 15:44:18,2026-09-02 11:45:02
TSLA,TSLA280121P00960000,TSLA,2028-01-21,P,960.0,601.6,16.0,609.55,16.0,0.632,0.0,0.0,-1.0,0.0,0.0,-0.0478,0.0,605.5288,0.0,0.0,0.0,0.0,no_change,552.4,2026-02-17T15:22:05,0.0,603.875,354.53,2026-09-02 15:44:18,2026-09-02 11:45:02
TSLA,TSLA280121P00970000,TSLA,2028-01-21,P,970.0,611.6,16.0,619.55,16.0,0.6393,0.0,0.0,-1.0,0.0,0.0,-0.0478,0.0,615.5288,0.0,0.0,0.0,0.0,down,530.55,2026-05-14T09:56:54,0.0,614.0,354.53,2026-09-02 15:44:18,2026-09-02 11:45:02
TSLA,TSLA280121P00980000,TSLA,2028-01-21,P,980.0,621.65,20.0,629.2,20.0,0.0,0.0,0.0,-1.0,0.0,0.0,-0.0478,0.0,625.5288,0.0,0.0,0.0,0.0,down,537.45,2026-05-14T12:51:13,0.0,623.924987792969,354.53,2026-09-02 15:44:18,2026-09-02 11:45:02
TSLA,TSLA280121P00990000,TSLA,2028-01-21,P,990.0,631.65,20.0,639.2,20.0,0.0,0.0,0.0,-1.0,0.0,0.0,-0.0478,0.0,635.5288,0.0,0.0,0.0,0.0,up,668.22,2026-07-23T11:14:23,0.0,633.875,354.53,2026-09-02 15:44:18,2026-09-02 11:45:02
TSLA,TSLA280616C00005000,TSLA,2028-06-16,C,5.0,347.6,16.0,355.0,16.0,0.0,2520.0,0.0,1.0,0.0,0.0028,0.0,0.081,351.8247,0.0,0.0,0.0,0.0,up,345.0,2026-08-14T09:55:41,0.0,352.650009155273,354.53,2026-09-02 15:44:18,2026-09-02 11:45:02
TSLA,TSLA280616C00010000,TSLA,2028-06-16,C,10.0,343.05,16.0,350.45,16.0,0.0,67.0,0.0,1.0,0.0,0.0059,0.0,0.1618,347.2586,0.0,0.0,0.0,0.0,down,357.69,2026-08-31T13:26:57,0.0,348.224990844727,354.53,2026-09-02 15:44:18,2026-09-02 11:45:02
TSLA,TSLA280616C00015000,TSLA,2028-06-16,C,15.0,337.95,16.0,345.9,16.0,0.0,29.0,0.0,1.0,0.0,0.0096,0.0,0.2422,342.697,0.0,0.0,0.0,0.0,no_change,473.3,2025-12-23T15:29:24,0.0,343.675003051758,354.53,2026-09-02 15:44:18,2026-09-02 11:45:02
TSLA,TSLA280616C00020000,TSLA,2028-06-16,C,20.0,333.4,16.0,341.4,16.0,0.0,9.0,0.0,1.0,0.0,0.0138,0.0,0.3222,338.1409,0.0,0.0,0.0,0.0,down,423.95,2025-12-11T09:32:07,0.0,339.125,354.53,2026-09-02 15:44:18,2026-09-02 11:45:02
TSLA,TSLA280616C00025000,TSLA,2028-06-16,C,25.0,328.9,17.0,336.85,16.0,0.0,8.0,0.0,1.0,0.0,0.0188,0.0,0.4018,333.591,0.0,0.0,0.0,0.0,no_change,466.65,2025-12-19T14:04:25,0.0,334.574996948242,354.53,2026-09-02 15:44:18,2026-09-02 11:45:02
TSLA,TSLA280616C00030000,TSLA,2028-06-16,C,30.0,324.35,16.0,332.35,16.0,0.0,93.0,0.0,1.0,0.0,0.0245,0.0,0.4808,329.048,0.0,0.0,0.0,0.0,down,407.76,2026-01-21T15:08:08,0.0,330.049987792969,354.53,2026-09-02 15:44:18,2026-09-02 11:45:02
TSLA,TSLA280616C00035000,TSLA,2028-06-16,C,35.0,319.85,16.0,327.8,16.0,0.0,9.0,0.0,1.0,0.0,0.0309,0.0,0.5594,324.5126,0.0,0.0,0.0,0.0,up,318.75,2026-08-14T09:58:22,0.0,325.524993896484,354.53,2026-09-02 15:44:18,2026-09-02 11:45:02
TSLA,TSLA280616C00040000,TSLA,2028-06-16,C,40.0,315.35,16.0,323.3,16.0,0.0,6.0,0.0,1.0,0.0,0.0382,0.0,0.6373,319.9857,0.0,0.0,0.0,0.0,down,337.81,2026-04-23T14:55:50,0.0,321.024993896484,354.53,2026-09-02 15:44:18,2026-09-02 11:45:02
TSLA,TSLA280616C00045000,TSLA,2028-06-16,C,45.0,310.85,17.0,318.8,16.0,0.0,15.0,0.0,1.0,0.0,0.0462,0.0,0.7146,315.4682,0.0,0.0,0.0,0.0,down,289.78,2026-07-23T09:51:52,0.0,316.525009155273,354.53,2026-09-02 15:44:18,2026-09-02 11:45:02
TSLA,TSLA280616C00050000,TSLA,2028-06-16,C,50.0,306.35,16.0,314.3,16.0,0.0,20.0,0.0,1.0,0.0,0.0551,0.0,0.7912,310.9607,0.0,0.0,0.0,0.0,down,313.2,2026-08-24T11:02:39,0.0,312.050003051758,354.53,2026-09-02 15:44:18,2026-09-02 11:45:02
TSLA,TSLA280616C00055000,TSLA,2028-06-16,C,55.0,301.85,17.0,309.85,17.0,0.0,172.0,0.0,1.0,0.0,0.0651,0.0,0.8669,306.4644,0.0,0.0,0.0,0.0,up,340.75,2026-04-16T13:06:27,0.0,307.549987792969,354.53,2026-09-02 15:44:18,2026-09-02 11:45:02
TSLA,TSLA280616C00060000,TSLA,2028-06-16,C,60.0,297.4,16.0,305.35,16.0,0.5289,283.0,0.0,0.9999,0.0,0.0759,0.0,0.9419,301.9804,0.0,0.0,0.0,0.0,up,343.78,2026-07-09T11:16:38,0.0,303.074996948242,354.53,2026-09-02 15:44:18,2026-09-02 11:45:02
TSLA,TSLA280616C00065000,TSLA,2028-06-16,C,65.0,292.9,16.0,300.9,17.0,0.5474,489.0,0.0,0.9989,0.0001,0.0877,0.0,1.016,297.5097,0.0,0.0,0.0,0.0,up,386.5,2026-01-15T11:37:53,0.0,298.625,354.53,2026-09-02 15:44:18,2026-09-02 11:45:02
TSLA,TSLA280616C00070000,TSLA,2028-06-16,C,70.0,288.5,17.0,296.4,17.0,0.5565,2.0,0.0,0.9978,0.0001,0.1006,0.0,1.0891,293.0535,0.0,0.0,0.0,0.0,up,245.63,2026-07-30T13:33:51,0.0,294.175003051758,354.53,2026-09-02 15:44:18,2026-09-02 11:45:02
TSLA,TSLA280616C00075000,TSLA,2028-06-16,C,75.0,284.1,16.0,292.0,17.0,0.5648,1.0,0.0,0.9966,0.0001,0.1147,0.0,1.1611,288.6132,0.0,0.0,0.0,0.0,down,330.7,2026-03-02T09:59:22,0.0,289.75,354.53,2026-09-02 15:44:18,2026-09-02 11:45:02
TSLA,TSLA280616C00080000,TSLA,2028-06-16,C,80.0,279.65,17.0,287.55,17.0,0.5606,0.0,0.0,0.9953,0.0001,0.1297,0.0,1.2321,284.1902,0.0,0.0,0.0,0.0,no_change,0.0,,0.0,285.324996948242,354.53,2026-09-02 15:44:18,2026-09-02 11:45:02
TSLA,TSLA280616C00085000,TSLA,2028-06-16,C,85.0,275.25,17.0,283.2,17.0,0.5617,28.0,0.0,0.9938,0.0001,0.1458,0.0,1.3019,279.7858,0.0,0.0,0.0,0.0,down,235.56,2026-07-24T13:31:21,0.0,280.925003051758,354.53,2026-09-02 15:44:18,2026-09-02 11:45:02
TSLA,TSLA280616C00090000,TSLA,2028-06-16,C,90.0,270.85,17.0,278.8,17.0,0.5575,105.0,0.0,0.9922,0.0001,0.1633,0.0,1.3704,275.4012,0.0,0.0,0.0,0.0,up,287.3,2026-08-31T11:54:52,0.0,276.550003051758,354.53,2026-09-02 15:44:18,2026-09-02 11:45:02
TSLA,TSLA280616C00095000,TSLA,2028-06-16,C,95.0,266.5,17.0,274.45,17.0,0.5552,50.0,0.0,0.9905,0.0001,0.1821,0.0,1.4375,271.0385,0.0,0.0,0.0,0.0,down,237.7,2026-07-23T15:13:29,0.0,272.199996948242,354.53,2026-09-02 15:44:18,2026-09-02 11:45:02
TSLA,TSLA280616C00100000,TSLA,2028-06-16,C,100.0,262.2,16.0,270.1,17.0,0.5526,207.0,0.0,0.9886,0.0001,0.2018,0.0,1.5032,266.6991,0.0,0.0,0.0,0.0,up,223.57,2026-07-30T15:42:50,0.0,267.849990844727,354.53,2026-09-02 15:44:18,2026-09-02 11:45:02
TSLA,TSLA280616C00110000,TSLA,2028-06-16,C,110.0,253.95,28.0,261.5,31.0,0.5535,18.0,0.0,0.9842,0.0002,0.2448,0.0,1.6304,258.0955,0.0,0.0,0.0,0.0,down,261.39,2026-09-01T12:15:57,0.0,259.025001525879,354.53,2026-09-02 15:44:18,2026-09-02 11:45:02
TSLA,TSLA280616C00120000,TSLA,2028-06-16,C,120.0,246.1,40.0,253.05,35.0,0.5572,24.0,0.0,0.9792,0.0002,0.2929,0.0,1.7505,249.6037,0.0,0.0,0.0,0.0,down,247.8,2026-08-27T12:40:41,0.0,251.150001525879,354.53,2026-09-02 15:44:18,2026-09-02 11:45:02
TSLA,TSLA280616C00130000,TSLA,2028-06-16,C,130.0,237.75,145.0,244.7,108.0,0.548,324.0,0.0,0.9734,0.0003,0.3451,0.0,1.8644,241.2358,0.0,0.0,0.0,0.0,up,245.25,2026-09-01T12:15:08,0.0,242.299995422363,354.53,2026-09-02 15:44:18,2026-09-02 11:45:02
TSLA,TSLA280616C00140000,TSLA,2028-06-16,C,140.0,229.5,38.0,235.6,41.0,0.528,27.0,0.0,0.9668,0.0003,0.4022,0.0,1.97,233.0044,0.0,0.0,0.0,0.0,no_change,184.84,2026-07-29T11:51:07,0.0,234.299995422363,354.53,2026-09-02 15:44:18,2026-09-02 11:45:02
TSLA,TSLA280616C00150000,TSLA,2028-06-16,C,150.0,220.85,37.0,228.1,57.0,0.5222,65.0,0.0,0.9595,0.0004,0.4624,0.0,2.0687,224.9219,0.0,0.0,0.0,0.0,up,225.23,2026-08-24T13:42:09,0.0,226.150001525879,354.53,2026-09-02 15:44:18,2026-09-02 11:45:02
TSLA,TSLA280616C00155000,TSLA,2028-06-16,C,155.0,217.3,33.0,224.45,29.0,0.5274,0.0,0.0,0.9555,0.0004,0.494,0.0,2.115,220.9394,0.0,0.0,0.0,0.0,no_change,0.0,,0.0,222.0,354.53,2026-09-02 15:44:18,2026-09-02 11:45:02
TSLA,TSLA280616C00160000,TSLA,2028-06-16,C,160.0,213.6,35.0,219.85,40.0,0.5202,35.0,0.0,0.9513,0.0004,0.5268,0.0,2.1588,216.9984,0.0,0.0,0.0,0.0,down,270.07,2026-05-19T15:54:49,0.0,218.150001525879,354.53,2026-09-02 15:44:18,2026-09-02 11:45:02
TSLA,TSLA280616C00165000,TSLA,2028-06-16,C,165.0,211.15,10.0,215.4,35.0,0.5256,0.0,0.0,0.9469,0.0005,0.5601,0.0,2.2006,213.1005,0.0,0.0,0.0,0.0,no_change,0.0,,0.0,214.400001525879,354.53,2026-09-02 15:44:18,2026-09-02 11:45:02
TSLA,TSLA280616C00170000,TSLA,2028-06-16,C,170.0,206.5,38.0,211.55,57.0,0.5159,86.0,0.0,0.9424,0.0005,0.5936,0.0,2.2407,209.2468,0.0,0.0,0.0,0.0,down,170.0,2026-07-27T12:05:06,0.0,210.475006103516,354.53,2026-09-02 15:44:18,2026-09-02 11:45:02
TSLA,TSLA280616C00175000,TSLA,2028-06-16,C,175.0,203.5,13.0,207.75,34.0,0.52,4.0,0.0,0.9376,0.0005,0.6277,0.0,2.279,205.4378,0.0,0.0,0.0,0.0,up,186.1,2026-08-13T10:37:30,0.0,207.049995422363,354.53,2026-09-02 15:44:18,2026-09-02 11:45:02
TSLA,TSLA280616C00180000,TSLA,2028-06-16,C,180.0,198.95,81.0,204.0,46.0,0.5115,107.0,0.0,0.9326,0.0006,0.6627,-0.0005,2.315,201.6747,0.0,0.0,0.0,0.0,down,212.1,2026-08-31T14:40:52,0.0,203.049995422363,354.53,2026-09-02 15:44:18,2026-09-02 11:45:02
TSLA,TSLA280616C00185000,TSLA,2028-06-16,C,185.0,196.05,31.0,200.3,37.0,0.5153,34.0,0.0,0.9274,0.0006,0.6984,-0.0022,2.3484,197.9592,0.0,0.0,0.0,0.0,down,178.89,2026-08-11T09:31:51,0.0,199.574996948242,354.53,2026-09-02 15:44:18,2026-09-02 11:45:02
TSLA,TSLA280616C00190000,TSLA,2028-06-16,C,190.0,192.4,33.0,196.65,46.0,0.5132,86.0,0.0,0.9221,0.0006,0.7343,-0.004,2.3796,194.2928,0.0,0.0,0.0,0.0,down,204.96,2026-08-31T14:40:52,0.0,195.725006103516,354.53,2026-09-02 15:44:18,2026-09-02 11:45:02
TSLA,TSLA280616C00195000,TSLA,2028-06-16,C,195.0,188.75,23.0,193.0,52.0,0.5106,56.0,0.0,0.9165,0.0007,0.77,-0.0057,2.4093,190.6759,0.0,0.0,0.0,0.0,down,172.06,2026-08-11T09:31:51,0.0,192.099998474121,354.53,2026-09-02 15:44:18,2026-09-02 11:45:02
TSLA,TSLA280616C00200000,TSLA,2028-06-16,C,200.0,185.2,35.0,189.45,54.0,0.5087,232.0,0.0,0.9108,0.0007,0.8058,-0.0075,2.4373,187.1089,0.0,0.0,0.0,0.0,no_change,187.05,2026-09-01T14:24:44,0.0,188.299995422363,354.53,2026-09-02 15:44:18,2026-09-02 11:45:02
TSLA,TSLA280616C00210000,TSLA,2028-06-16,C,210.0,178.25,32.0,182.4,53.0,0.5048,72.0,0.0,0.8989,0.0008,0.8787,-0.011,2.4863,180.1277,0.0,0.0,0.0,0.0,up,192.52,2026-08-31T14:14:33,0.0,181.549995422363,354.53,2026-09-02 15:44:18,2026-09-02 11:45:02
TSLA,TSLA280616C00220000,TSLA,2028-06-16,C,220.0,171.5,52.0,175.6,100.0,0.5016,69.0,0.0,0.8863,0.0008,0.9515,-0.0144,2.5266,173.3578,0.0,0.0,0.0,0.0,down,167.65,2026-08-28T12:17:40,0.0,174.925003051758,354.53,2026-09-02 15:44:18,2026-09-02 11:45:02
TSLA,TSLA280616C00230000,TSLA,2028-06-16,C,230.0,165.3,14.0,168.45,37.0,0.4976,92.0,0.0,0.8731,0.0009,1.0228,-0.0178,2.5609,166.801,0.0,0.0,0.0,0.0,up,168.68,2026-09-01T15:29:18,0.0,168.125,354.53,2026-09-02 15:44:18,2026-09-02 11:45:02
TSLA,TSLA280616C00240000,TSLA,2028-06-16,C,240.0,158.95,26.0,162.45,41.0,0.4968,111.0,0.0,0.8593,0.001,1.0938,-0.0212,2.5866,160.4591,0.0,0.0,0.0,0.0,up,156.0,2026-08-19T11:00:49,0.0,161.899993896484,354.53,2026-09-02 15:44:18,2026-09-02 11:45:02
TSLA,TSLA280616C00250000,TSLA,2028-06-16,C,250.0,152.9,24.0,156.25,42.0,0.4947,332.0,0.0,0.8451,0.001,1.1629,-0.0244,2.6048,154.3367,0.0,0.0,0.0,0.0,down,159.22,2026-09-01T11:34:35,0.0,155.825004577637,354.53,2026-09-02 15:44:18,2026-09-02 11:45:02
TSLA,TSLA280616C00260000,TSLA,2028-06-16,C,260.0,146.85,42.0,150.05,40.0,0.4911,151.0,0.0,0.8305,0.0011,1.2292,-0.0276,2.6184,148.4312,0.0,0.0,0.0,0.0,up,151.0,2026-08-31T09:45:20,0.0,149.800003051758,354.53,2026-09-02 15:44:18,2026-09-02 11:45:02
TSLA,TSLA280616C00270000,TSLA,2028-06-16,C,270.0,141.15,36.0,144.7,107.0,0.491,173.0,0.0,0.8155,0.0012,1.2936,-0.0306,2.6247,142.7405,0.0,0.0,0.0,0.0,up,144.81,2026-09-01T09:34:14,0.0,144.175003051758,354.53,2026-09-02 15:44:18,2026-09-02 11:45:02
TSLA,TSLA280616C00280000,TSLA,2028-06-16,C,280.0,135.65,44.0,139.15,113.0,0.4893,117.0,0.0,0.8003,0.0012,1.3554,-0.0335,2.6243,137.2659,0.0,0.0,0.0,0.0,no_change,134.64,2026-08-28T11:42:49,0.0,138.575004577637,354.53,2026-09-02 15:44:18,2026-09-02 11:45:02
TSLA,TSLA280616C00290000,TSLA,2028-06-16,C,290.0,130.35,148.0,134.0,210.0,0.4886,196.0,0.0,0.7848,0.0013,1.4135,-0.0363,2.6205,131.986,0.0,0.0,0.0,0.0,no_change,131.77,2026-09-01T15:01:17,0.0,133.349998474121,354.53,2026-09-02 15:44:18,2026-09-02 11:45:02
TSLA,TSLA280616C00300000,TSLA,2028-06-16,C,300.0,125.3,161.0,128.95,244.0,0.4878,780.0,0.0,0.7692,0.0013,1.4685,-0.0389,2.612,126.928,0.0,0.0,0.0,0.0,up,128.15,2026-09-01T15:58:05,0.0,128.274997711182,354.53,2026-09-02 15:44:18,2026-09-02 11:45:02
TSLA,TSLA280616C00310000,TSLA,2028-06-16,C,310.0,120.65,118.0,123.35,70.0,0.4853,166.0,0.0,0.7534,0.0014,1.5205,-0.0414,2.5972,122.0731,0.0,0.0,0.0,0.0,down,123.17,2026-09-01T15:53:31,0.0,123.149997711182,354.53,2026-09-02 15:44:18,2026-09-02 11:45:02
TSLA,TSLA280616C00320000,TSLA,2028-06-16,C,320.0,116.2,36.0,118.65,84.0,0.4853,379.0,2.0,0.7376,0.0014,1.5687,-0.0438,2.5794,117.4173,-4.275,114.5,114.5,114.5,no_change,114.5,2026-09-02T09:45:56,-3.59924,118.774997711182,354.53,2026-09-02 15:44:18,2026-09-02 11:45:02
TSLA,TSLA280616C00330000,TSLA,2028-06-16,C,330.0,111.4,130.0,114.2,50.0,0.484,477.0,0.0,0.7218,0.0015,1.6131,-0.046,2.5597,112.9519,0.0,0.0,0.0,0.0,up,123.5,2026-08-31T14:23:17,0.0,114.175003051758,354.53,2026-09-02 15:44:18,2026-09-02 11:45:02
TSLA,TSLA280616C00340000,TSLA,2028-06-16,C,340.0,107.1,180.0,109.95,63.0,0.4837,467.0,0.0,0.7061,0.0015,1.6542,-0.048,2.5358,108.6708,0.0,0.0,0.0,0.0,down,108.61,2026-09-01T15:09:37,0.0,109.849998474121,354.53,2026-09-02 15:44:18,2026-09-02 11:45:02
TSLA,TSLA280616C00350000,TSLA,2028-06-16,C,350.0,103.85,67.0,105.2,53.0,0.4842,868.0,28.0,0.6904,0.0015,1.6919,-0.0499,2.5077,104.5708,-2.29,104.63,104.63,103.46,down,103.46,2026-09-02T10:25:20,-2.16548,105.75,354.53,2026-09-02 15:44:18,2026-09-02 11:45:02
TSLA,TSLA280616C00360000,TSLA,2028-06-16,C,360.0,99.65,138.0,101.95,56.0,0.4852,445.0,0.0,0.6749,0.0016,1.7259,-0.0517,2.4784,100.6456,0.0,0.0,0.0,0.0,down,104.38,2026-09-01T11:30:55,0.0,101.725002288818,354.53,2026-09-02 15:44:18,2026-09-02 11:45:02
TSLA,TSLA280616C00370000,TSLA,2028-06-16,C,370.0,95.9,83.0,98.2,66.0,0.4852,288.0,0.0,0.6595,0.0016,1.7564,-0.0533,2.4485,96.8863,0.0,0.0,0.0,0.0,up,100.5,2026-09-01T09:54:13,0.0,97.9250030517578,354.53,2026-09-02 15:44:18,2026-09-02 11:45:02
TSLA,TSLA280616C00380000,TSLA,2028-06-16,C,380.0,92.25,124.0,94.6,65.0,0.4852,551.0,0.0,0.6442,0.0016,1.7837,-0.0548,2.4159,93.2862,0.0,0.0,0.0,0.0,down,93.35,2026-09-01T14:24:27,0.0,94.2750015258789,354.53,2026-09-02 15:44:18,2026-09-02 11:45:02
TSLA,TSLA280616C00390000,TSLA,2028-06-16,C,390.0,89.3,15.0,91.15,62.0,0.4865,292.0,8.0,0.6292,0.0016,1.8078,-0.0561,2.3803,89.8412,0.375,91.3,91.3,91.3,no_change,91.3,2026-09-02T09:32:44,0.412429,90.9249992370606,354.53,2026-09-02 15:44:18,2026-09-02 11:45:02
TSLA,TSLA280616C00400000,TSLA,2028-06-16,C,400.0,86.15,5.0,87.05,2.0,0.4847,2281.0,9.0,0.6144,0.0017,1.8288,-0.0573,2.3438,86.5461,-2.225,87.9,87.9,85.3,down,85.3,2026-09-02T09:40:39,-2.54213,87.5250015258789,354.53,2026-09-02 15:44:18,2026-09-02 11:45:02
TSLA,TSLA280616C00410000,TSLA,2028-06-16,C,410.0,82.0,129.0,84.45,52.0,0.4837,429.0,2.0,0.5998,0.0017,1.8468,-0.0584,2.3079,83.3929,-2.275,82.15,82.2,82.15,up,82.2,2026-09-02T09:40:39,-2.6931,84.4749984741211,354.53,2026-09-02 15:44:18,2026-09-02 11:45:02
TSLA,TSLA280616C00420000,TSLA,2028-06-16,C,420.0,79.25,109.0,81.5,55.0,0.4849,445.0,3.0,0.5855,0.0017,1.8622,-0.0594,2.2715,80.374,-3.025,79.2,79.2,78.45,down,78.45,2026-09-02T10:01:19,-3.7128,81.4750022888184,354.53,2026-09-02 15:44:18,2026-09-02 11:45:02
TSLA,TSLA280616C00430000,TSLA,2028-06-16,C,430.0,76.1,49.0,78.6,65.0,0.4845,457.0,2.0,0.5714,0.0017,1.8747,-0.0603,2.2332,77.4847,-2.375,76.3,76.3,76.25,down,76.25,2026-09-02T09:40:39,-3.02067,78.625,354.53,2026-09-02 15:44:18,2026-09-02 11:45:02
TSLA,TSLA280616C00440000,TSLA,2028-06-16,C,440.0,74.2,33.0,75.7,45.0,0.4868,424.0,12.0,0.5576,0.0017,1.8845,-0.061,2.1934,74.721,-2.1,73.6,73.6,73.5,down,73.55,2026-09-02T09:40:39,-2.77594,75.6500015258789,354.53,2026-09-02 15:44:18,2026-09-02 11:45:02
TSLA,TSLA280616C00450000,TSLA,2028-06-16,C,450.0,71.65,47.0,73.25,195.0,0.4882,1564.0,6.0,0.5442,0.0017,1.8921,-0.0617,2.154,72.0891,-2.15,74.45,74.45,70.95,down,70.95,2026-09-02T09:40:39,-2.94117,73.0999984741211,354.53,2026-09-02 15:44:18,2026-09-02 11:45:02
TSLA,TSLA280616C00460000,TSLA,2028-06-16,C,460.0,69.35,20.0,70.5,41.0,0.4887,704.0,0.0,0.5309,0.0017,1.8976,-0.0623,2.1155,69.5479,0.0,0.0,0.0,0.0,down,76.1,2026-08-31T11:00:28,0.0,70.5250015258789,354.53,2026-09-02 15:44:18,2026-09-02 11:45:02
TSLA,TSLA280616C00470000,TSLA,2028-06-16,C,470.0,65.9,45.0,68.3,181.0,0.4867,329.0,1.0,0.518,0.0017,1.9011,-0.0628,2.0775,67.1254,-3.1,65.3,65.3,65.3,down,65.3,2026-09-02T09:59:21,-4.53217,68.4000015258789,354.53,2026-09-02 15:44:18,2026-09-02 11:45:02
TSLA,TSLA280616C00480000,TSLA,2028-06-16,C,480.0,64.0,97.0,66.05,231.0,0.4888,745.0,2.0,0.5054,0.0017,1.9025,-0.0632,2.0387,64.8058,-2.675,65.5,65.5,62.8,down,62.8,2026-09-02T09:59:21,-4.08553,65.4749984741211,354.53,2026-09-02 15:44:18,2026-09-02 11:45:02
TSLA,TSLA280616C00490000,TSLA,2028-06-16,C,490.0,61.5,204.0,63.85,137.0,0.4886,486.0,0.0,0.4931,0.0017,1.9018,-0.0635,1.9989,62.5857,0.0,0.0,0.0,0.0,no_change,70.2,2026-08-31T12:13:24,0.0,63.1249980926514,354.53,2026-09-02 15:44:18,2026-09-02 11:45:02
TSLA,TSLA280616C00500000,TSLA,2028-06-16,C,500.0,59.95,87.0,60.95,36.0,0.4886,3430.0,59.0,0.4811,0.0017,1.8993,-0.0637,1.9592,60.4613,-0.325,60.2,60.9,59.85,no_change,60.9,2026-09-02T11:17:29,-0.53083,61.2250003814697,354.53,2026-09-02 15:44:18,2026-09-02 11:45:02
TSLA,TSLA280616C00510000,TSLA,2028-06-16,C,510.0,57.55,190.0,59.35,55.0,0.4893,484.0,0.0,0.4694,0.0017,1.8954,-0.0639,1.9207,58.4277,0.0,0.0,0.0,0.0,down,65.73,2026-08-31T11:55:55,0.0,59.125,354.53,2026-09-02 15:44:18,2026-09-02 11:45:02
TSLA,TSLA280616C00520000,TSLA,2028-06-16,C,520.0,55.6,53.0,57.35,54.0,0.4897,555.0,0.0,0.458,0.0017,1.8904,-0.064,1.8835,56.4796,0.0,0.0,0.0,0.0,no_change,63.45,2026-08-31T12:12:33,0.0,57.0749988555908,354.53,2026-09-02 15:44:18,2026-09-02 11:45:02
TSLA,TSLA280616C00530000,TSLA,2028-06-16,C,530.0,53.55,178.0,55.6,57.0,0.4901,516.0,0.0,0.4468,0.0017,1.8841,-0.064,1.8469,54.6125,0.0,0.0,0.0,0.0,down,54.65,2026-09-01T14:29:09,0.0,55.25,354.53,2026-09-02 15:44:18,2026-09-02 11:45:02
TSLA,TSLA280616C00540000,TSLA,2028-06-16,C,540.0,51.75,192.0,54.05,109.0,0.4913,293.0,0.0,0.436,0.0017,1.8764,-0.064,1.8101,52.823,0.0,0.0,0.0,0.0,down,58.9,2026-08-31T13:32:01,0.0,53.4500007629394,354.53,2026-09-02 15:44:18,2026-09-02 11:45:02
TSLA,TSLA280616C00550000,TSLA,2028-06-16,C,550.0,50.05,78.0,52.5,237.0,0.4924,1023.0,2.0,0.4255,0.0017,1.8673,-0.064,1.7729,51.1085,-1.1,52.5,52.5,50.6,down,50.6,2026-09-02T09:53:35,-2.12766,51.6999988555908,354.53,2026-09-02 15:44:18,2026-09-02 11:45:02
TSLA,TSLA280616C00560000,TSLA,2028-06-16,C,560.0,48.45,178.0,50.6,118.0,0.4925,275.0,0.0,0.4152,0.0017,1.8569,-0.0639,1.736,49.4661,0.0,0.0,0.0,0.0,no_change,55.95,2026-08-31T12:18:29,0.0,50.125,354.53,2026-09-02 15:44:18,2026-09-02 11:45:02
TSLA,TSLA280616C00570000,TSLA,2028-06-16,C,570.0,46.9,61.0,49.45,224.0,0.4943,380.0,6.0,0.4053,0.0016,1.8457,-0.0637,1.7,47.8924,-1.975,46.32,46.5,46.32,up,46.5,2026-09-02T09:47:28,-4.07427,48.4750003814697,354.53,2026-09-02 15:44:18,2026-09-02 11:45:02
TSLA,TSLA280616C00580000,TSLA,2028-06-16,C,580.0,45.35,167.0,47.9,258.0,0.4948,381.0,0.0,0.3956,0.0016,1.834,-0.0635,1.6655,46.3835,0.0,0.0,0.0,0.0,no_change,46.35,2026-09-01T15:00:56,0.0,46.9499988555908,354.53,2026-09-02 15:44:18,2026-09-02 11:45:02
TSLA,TSLA280616C00590000,TSLA,2028-06-16,C,590.0,43.9,162.0,46.35,278.0,0.4951,294.0,0.0,0.3862,0.0016,1.8218,-0.0633,1.6321,44.9359,0.0,0.0,0.0,0.0,up,50.95,2026-08-31T15:36:28,0.0,45.5499992370606,354.53,2026-09-02 15:44:18,2026-09-02 11:45:02
TSLA,TSLA280616C00600000,TSLA,2028-06-16,C,600.0,43.45,59.0,44.15,38.0,0.4962,1864.0,17.0,0.377,0.0016,1.8089,-0.063,1.5994,43.5465,-0.285,42.54,43.79,42.52,up,43.79,2026-09-02T10:34:25,-0.646627,44.0750007629394,354.53,2026-09-02 15:44:18,2026-09-02 11:45:02
TSLA,TSLA280616C00610000,TSLA,2028-06-16,C,610.0,41.2,262.0,43.6,253.0,0.4965,457.0,0.0,0.3681,0.0016,1.7952,-0.0627,1.5667,42.213,0.0,0.0,0.0,0.0,down,47.09,2026-08-31T10:34:25,0.0,42.7750015258789,354.53,2026-09-02 15:44:18,2026-09-02 11:45:02
TSLA,TSLA280616C00620000,TSLA,2028-06-16,C,620.0,39.95,216.0,42.05,133.0,0.4965,977.0,1.0,0.3594,0.0016,1.7806,-0.0624,1.5339,40.9333,0.825,42.3,42.3,42.3,up,42.3,2026-09-02T09:31:12,1.98915,41.4749984741211,354.53,2026-09-02 15:44:18,2026-09-02 11:45:02
TSLA,TSLA280616C00630000,TSLA,2028-06-16,C,630.0,38.75,181.0,41.1,237.0,0.4981,405.0,0.0,0.351,0.0016,1.7654,-0.0621,1.5016,39.7055,0.0,0.0,0.0,0.0,down,39.55,2026-09-01T15:00:56,0.0,40.1749992370606,354.53,2026-09-02 15:44:18,2026-09-02 11:45:02
TSLA,TSLA280616C00640000,TSLA,2028-06-16,C,640.0,37.55,177.0,39.95,293.0,0.4988,284.0,0.0,0.3429,0.0016,1.7496,-0.0617,1.4701,38.5273,0.0,0.0,0.0,0.0,down,38.6,2026-09-01T15:44:10,0.0,39.25,354.53,2026-09-02 15:44:18,2026-09-02 11:45:02
TSLA,TSLA280616C00650000,TSLA,2028-06-16,C,650.0,36.45,247.0,38.5,106.0,0.4987,539.0,0.0,0.335,0.0015,1.7338,-0.0613,1.4397,37.396,0.0,0.0,0.0,0.0,down,37.45,2026-09-01T15:04:15,0.0,37.875,354.53,2026-09-02 15:44:18,2026-09-02 11:45:02
TSLA,TSLA280616C00660000,TSLA,2028-06-16,C,660.0,35.35,227.0,37.75,203.0,0.5004,356.0,0.0,0.3272,0.0015,1.7179,-0.0609,1.4106,36.3092,0.0,0.0,0.0,0.0,down,36.35,2026-09-01T15:04:15,0.0,36.8250007629394,354.53,2026-09-02 15:44:18,2026-09-02 11:45:02
TSLA,TSLA280616C00670000,TSLA,2028-06-16,C,670.0,35.0,75.0,36.7,260.0,0.503,368.0,0.0,0.3198,0.0015,1.7024,-0.0605,1.3829,35.2789,0.0,0.0,0.0,0.0,down,35.25,2026-09-01T15:04:50,0.0,35.7249984741211,354.53,2026-09-02 15:44:18,2026-09-02 11:45:02
TSLA,TSLA280616C00680000,TSLA,2028-06-16,C,680.0,33.3,287.0,35.55,280.0,0.5013,563.0,1.0,0.3126,0.0015,1.6862,-0.0601,1.3552,34.2739,-0.995,33.78,33.78,33.78,down,33.78,2026-09-02T09:41:27,-2.86126,34.7750015258789,354.53,2026-09-02 15:44:18,2026-09-02 11:45:02
TSLA,TSLA280616C00690000,TSLA,2028-06-16,C,690.0,32.35,242.0,34.7,280.0,0.5024,671.0,0.0,0.3055,0.0015,1.6697,-0.0596,1.3279,33.3075,0.0,0.0,0.0,0.0,down,33.4,2026-09-01T15:04:15,0.0,33.8000011444092,354.53,2026-09-02 15:44:18,2026-09-02 11:45:02
TSLA,TSLA280616C00700000,TSLA,2028-06-16,C,700.0,31.45,284.0,33.5,97.0,0.5025,1226.0,0.0,0.2987,0.0014,1.6528,-0.0592,1.3007,32.3782,0.0,0.0,0.0,0.0,down,30.66,2026-08-26T12:24:37,0.0,32.8250007629394,354.53,2026-09-02 15:44:18,2026-09-02 11:45:02
TSLA,TSLA280616C00710000,TSLA,2028-06-16,C,710.0,30.55,270.0,32.75,154.0,0.5036,190.0,2.0,0.292,0.0014,1.6355,-0.0587,1.2739,31.4848,0.25,32.1,32.1,32.1,down,32.1,2026-09-02T09:31:52,0.784928,31.8500003814697,354.53,2026-09-02 15:44:18,2026-09-02 11:45:02
TSLA,TSLA280616C00720000,TSLA,2028-06-16,C,720.0,29.7,250.0,31.9,172.0,0.5044,514.0,0.0,0.2856,0.0014,1.618,-0.0582,1.2476,30.6257,0.0,0.0,0.0,0.0,no_change,28.25,2026-08-17T13:54:02,0.0,30.9750003814697,354.53,2026-09-02 15:44:18,2026-09-02 11:45:02
TSLA,TSLA280616C00730000,TSLA,2028-06-16,C,730.0,28.9,126.0,30.85,112.0,0.5046,761.0,0.0,0.2793,0.0014,1.6005,-0.0577,1.2222,29.7993,0.0,0.0,0.0,0.0,down,31.7,2026-08-25T13:03:43,0.0,30.25,354.53,2026-09-02 15:44:18,2026-09-02 11:45:02
TSLA,TSLA280616C00740000,TSLA,2028-06-16,C,740.0,28.1,100.0,30.25,110.0,0.506,346.0,0.0,0.2733,0.0014,1.5832,-0.0572,1.1977,29.0041,0.0,0.0,0.0,0.0,down,30.9,2026-08-25T13:07:04,0.0,29.2999992370606,354.53,2026-09-02 15:44:18,2026-09-02 11:45:02
TSLA,TSLA280616C00750000,TSLA,2028-06-16,C,750.0,28.15,64.0,28.9,35.0,0.5075,3286.0,0.0,0.2674,0.0014,1.5661,-0.0567,1.1742,28.2383,0.0,0.0,0.0,0.0,down,28.5,2026-09-01T14:18:40,0.0,28.75,354.53,2026-09-02 15:44:18,2026-09-02 11:45:02
TSLA,TSLA280616C00760000,TSLA,2028-06-16,C,760.0,27.25,57.0,28.25,32.0,0.508,2382.0,0.0,0.2616,0.0014,1.5493,-0.0562,1.1515,27.5006,0.0,0.0,0.0,0.0,up,31.56,2026-08-31T15:30:14,0.0,27.9499998092651,354.53,2026-09-02 15:44:18,2026-09-02 11:45:02
TSLA,TSLA280616C00770000,TSLA,2028-06-16,C,770.0,26.55,55.0,27.55,32.0,0.5089,2140.0,0.0,0.2561,0.0013,1.5326,-0.0557,1.1294,26.7896,0.0,0.0,0.0,0.0,up,30.15,2026-08-31T12:09:08,0.0,27.1999998092651,354.53,2026-09-02 15:44:18,2026-09-02 11:45:02
TSLA,TSLA280616C00780000,TSLA,2028-06-16,C,780.0,25.25,265.0,27.3,107.0,0.5091,718.0,0.0,0.2506,0.0013,1.5158,-0.0552,1.1076,26.1042,0.0,0.0,0.0,0.0,down,26.44,2026-09-01T14:13:06,0.0,26.5500001907349,354.53,2026-09-02 15:44:18,2026-09-02 11:45:02
TSLA,TSLA280616C00790000,TSLA,2028-06-16,C,790.0,24.55,262.0,26.4,88.0,0.509,738.0,0.0,0.2454,0.0013,1.499,-0.0547,1.0862,25.4436,0.0,0.0,0.0,0.0,down,25.75,2026-09-01T15:43:52,0.0,25.875,354.53,2026-09-02 15:44:18,2026-09-02 11:45:02
TSLA,TSLA280616C00800000,TSLA,2028-06-16,C,800.0,24.6,87.0,25.6,99.0,0.5115,2442.0,1.0,0.2403,0.0013,1.482,-0.0542,1.0649,24.8069,-0.95,24.25,24.25,24.25,down,24.25,2026-09-02T10:03:09,-3.76984,25.1999998092651,354.53,2026-09-02 15:44:18,2026-09-02 11:45:02
TSLA,TSLA280616C00810000,TSLA,2028-06-16,C,810.0,23.35,239.0,25.05,77.0,0.5104,117.0,0.0,0.2354,0.0013,1.465,-0.0537,1.044,24.1931,0.0,0.0,0.0,0.0,up,27.6,2026-08-31T12:09:48,0.0,24.625,354.53,2026-09-02 15:44:18,2026-09-02 11:45:02
TSLA,TSLA280616C00820000,TSLA,2028-06-16,C,820.0,23.35,88.0,24.35,52.0,0.5128,2382.0,0.0,0.2305,0.0012,1.448,-0.0532,1.0236,23.6014,0.0,0.0,0.0,0.0,up,24.6,2026-08-25T15:22:55,0.0,24.0,354.53,2026-09-02 15:44:18,2026-09-02 11:45:02
TSLA,TSLA280616C00830000,TSLA,2028-06-16,C,830.0,22.9,108.0,23.7,91.0,0.5138,2825.0,3.0,0.2259,0.0012,1.4311,-0.0527,1.0039,23.0307,-0.175,23.25,23.25,23.2,up,23.25,2026-09-02T11:11:44,-0.747062,23.4249992370605,354.53,2026-09-02 15:44:18,2026-09-02 11:45:02
TSLA,TSLA280616C00840000,TSLA,2028-06-16,C,840.0,21.65,244.0,23.55,258.0,0.5135,409.0,0.0,0.2213,0.0012,1.4145,-0.0522,0.9848,22.4803,0.0,0.0,0.0,0.0,no_change,23.2,2026-09-01T12:22:23,0.0,22.875,354.53,2026-09-02 15:44:18,2026-09-02 11:45:02
TSLA,TSLA280616C00850000,TSLA,2028-06-16,C,850.0,21.1,244.0,22.8,117.0,0.5135,1113.0,0.0,0.2169,0.0012,1.3982,-0.0517,0.9664,21.9489,0.0,0.0,0.0,0.0,up,25.9,2026-08-31T15:52:30,0.0,22.3250007629395,354.53,2026-09-02 15:44:18,2026-09-02 11:45:02
TSLA,TSLA280616C00860000,TSLA,2028-06-16,C,860.0,20.6,264.0,22.25,118.0,0.5142,543.0,1.0,0.2126,0.0012,1.3823,-0.0512,0.9487,21.4358,-0.7,21.05,21.05,21.05,down,21.05,2026-09-02T11:01:59,-3.21839,21.75,354.53,2026-09-02 15:44:18,2026-09-02 11:45:02
TSLA,TSLA280616C00870000,TSLA,2028-06-16,C,870.0,20.1,278.0,22.0,188.0,0.5159,91.0,0.0,0.2085,0.0012,1.3666,-0.0507,0.9316,20.9401,0.0,0.0,0.0,0.0,down,20.25,2026-08-26T13:20:58,0.0,21.5500001907349,354.53,2026-09-02 15:44:18,2026-09-02 11:45:02
TSLA,TSLA280616C00880000,TSLA,2028-06-16,C,880.0,19.6,269.0,21.35,236.0,0.516,759.0,1.0,0.2044,0.0012,1.3512,-0.0502,0.9149,20.461,-0.425,20.3,20.3,20.3,down,20.3,2026-09-02T10:54:27,-2.05066,20.7249994277954,354.53,2026-09-02 15:44:18,2026-09-02 11:45:02
TSLA,TSLA280616C00890000,TSLA,2028-06-16,C,890.0,19.15,265.0,20.85,101.0,0.5167,692.0,0.0,0.2005,0.0011,1.336,-0.0497,0.8985,19.998,0.0,0.0,0.0,0.0,up,20.6,2026-09-01T12:57:52,0.0,20.3000001907349,354.53,2026-09-02 15:44:18,2026-09-02 11:45:02
TSLA,TSLA280616C00900000,TSLA,2028-06-16,C,900.0,18.95,283.0,20.4,109.0,0.5184,1148.0,0.0,0.1967,0.0011,1.3208,-0.0492,0.8824,19.5503,0.0,0.0,0.0,0.0,down,19.7,2026-09-01T14:46:21,0.0,19.8250007629395,354.53,2026-09-02 15:44:18,2026-09-02 11:45:02
TSLA,TSLA280616C00910000,TSLA,2028-06-16,C,910.0,18.55,263.0,20.0,134.0,0.5195,1097.0,0.0,0.193,0.0011,1.3057,-0.0487,0.8666,19.1175,0.0,0.0,0.0,0.0,no_change,19.77,2026-09-01T09:44:52,0.0,19.4499998092651,354.53,2026-09-02 15:44:18,2026-09-02 11:45:02
TSLA,TSLA280616C00920000,TSLA,2028-06-16,C,920.0,18.1,243.0,19.75,237.0,0.5208,741.0,0.0,0.1894,0.0011,1.2906,-0.0482,0.851,18.6991,0.0,0.0,0.0,0.0,up,21.8,2026-08-31T12:56:08,0.0,19.0749998092651,354.53,2026-09-02 15:44:18,2026-09-02 11:45:02
TSLA,TSLA280616C00930000,TSLA,2028-06-16,C,930.0,17.75,154.0,19.15,240.0,0.5211,456.0,4.0,0.1858,0.0011,1.2756,-0.0478,0.8356,18.2946,-0.425,18.1,18.1,18.05,no_change,18.05,2026-09-02T10:12:19,-2.3004,18.4749994277954,354.53,2026-09-02 15:44:18,2026-09-02 11:45:02
TSLA,TSLA280616C00940000,TSLA,2028-06-16,C,940.0,17.6,194.0,18.5,82.0,0.5219,578.0,0.0,0.1824,0.0011,1.2607,-0.0473,0.8207,17.9034,0.0,0.0,0.0,0.0,no_change,16.95,2026-08-28T13:56:26,0.0,18.1999998092651,354.53,2026-09-02 15:44:18,2026-09-02 11:45:02
TSLA,TSLA280616C00950000,TSLA,2028-06-16,C,950.0,16.95,152.0,18.25,120.0,0.5221,1422.0,0.0,0.1791,0.001,1.246,-0.0468,0.8061,17.525,0.0,0.0,0.0,0.0,down,16.5,2026-08-28T13:31:27,0.0,17.7749996185303,354.53,2026-09-02 15:44:18,2026-09-02 11:45:02
TSLA,TSLA280616C00960000,TSLA,2028-06-16,C,960.0,16.55,146.0,17.95,144.0,0.5231,551.0,0.0,0.1759,0.001,1.2315,-0.0464,0.792,17.1589,0.0,0.0,0.0,0.0,up,19.3,2026-08-31T10:11:55,0.0,17.3249998092651,354.53,2026-09-02 15:44:18,2026-09-02 11:45:02
TSLA,TSLA280616C00970000,TSLA,2028-06-16,C,970.0,16.2,241.0,17.65,266.0,0.5241,227.0,0.0,0.1727,0.001,1.2173,-0.0459,0.7784,16.8045,0.0,0.0,0.0,0.0,up,18.15,2026-09-01T09:51:25,0.0,17.0249996185303,354.53,2026-09-02 15:44:18,2026-09-02 11:45:02
TSLA,TSLA280616C00980000,TSLA,2028-06-16,C,980.0,16.0,243.0,17.3,274.0,0.5255,1175.0,0.0,0.1697,0.001,1.2035,-0.0455,0.7652,16.4612,0.0,0.0,0.0,0.0,no_change,17.7,2026-09-01T09:51:25,0.0,16.7250003814697,354.53,2026-09-02 15:44:18,2026-09-02 11:45:02
TSLA,TSLA280616C00990000,TSLA,2028-06-16,C,990.0,15.9,180.0,16.6,175.0,0.5258,6803.0,11.0,0.1667,0.001,1.19,-0.045,0.7525,16.1287,-0.195,17.0,17.0,15.7,down,16.18,2026-09-02T10:25:13,-1.19084,16.375,354.53,2026-09-02 15:44:18,2026-09-02 11:45:02
TSLA,TSLA280616P00005000,TSLA,2028-06-16,P,5.0,0.01,50.0,0.03,1.0,1.1013,1842.0,0.0,-0.0001,0.0,0.0028,-0.0002,-0.0014,0.0296,0.0,0.0,0.0,0.0,down,0.02,2026-09-01T10:19:15,0.0,0.0249999994412065,354.53,2026-09-02 15:44:18,2026-09-02 11:45:02
TSLA,TSLA280616P00010000,TSLA,2028-06-16,P,10.0,0.0,0.0,0.14,1.0,1.0206,334.0,0.0,-0.0003,0.0,0.0059,-0.0004,-0.003,0.0581,0.0,0.0,0.0,0.0,down,0.06,2026-07-23T11:54:03,0.0,0.0700000002980232,354.53,2026-09-02 15:44:18,2026-09-02 11:45:02
TSLA,TSLA280616P00015000,TSLA,2028-06-16,P,15.0,0.0,0.0,0.16,1.0,0.9081,20.0,0.0,-0.0006,0.0,0.0096,-0.0006,-0.005,0.0912,0.0,0.0,0.0,0.0,up,0.3,2026-06-04T09:42:16,0.0,0.0799999982118606,354.53,2026-09-02 15:44:18,2026-09-02 11:45:02
TSLA,TSLA280616P00020000,TSLA,2028-06-16,P,20.0,0.0,0.0,0.27,1.0,0.8685,41.0,0.0,-0.0008,0.0,0.014,-0.0009,-0.0073,0.1297,0.0,0.0,0.0,0.0,no_change,0.26,2026-04-16T14:24:24,0.0,0.135000005364418,354.53,2026-09-02 15:44:18,2026-09-02 11:45:02
TSLA,TSLA280616P00025000,TSLA,2028-06-16,P,25.0,0.01,10.0,0.32,1.0,0.8166,243.0,0.0,-0.0012,0.0,0.019,-0.0011,-0.0101,0.1747,0.0,0.0,0.0,0.0,down,0.19,2026-07-30T13:43:52,0.0,0.164999996311963,354.53,2026-09-02 15:44:18,2026-09-02 11:45:02
TSLA,TSLA280616P00030000,TSLA,2028-06-16,P,30.0,0.05,20.0,0.57,43.0,0.8189,305.0,0.0,-0.0016,0.0,0.0247,-0.0014,-0.0133,0.2266,0.0,0.0,0.0,0.0,up,0.26,2026-08-19T11:45:12,0.0,0.19000000692904,354.53,2026-09-02 15:44:18,2026-09-02 11:45:02
TSLA,TSLA280616P00035000,TSLA,2028-06-16,P,35.0,0.01,41.0,0.63,40.0,0.7698,179.0,0.0,-0.002,0.0,0.0313,-0.0017,-0.0171,0.2863,0.0,0.0,0.0,0.0,down,0.29,2026-08-17T14:39:49,0.0,0.314999997615814,354.53,2026-09-02 15:44:18,2026-09-02 11:45:02
TSLA,TSLA280616P00040000,TSLA,2028-06-16,P,40.0,0.28,13.0,0.42,12.0,0.7334,142.0,0.0,-0.0026,0.0,0.0386,-0.002,-0.0214,0.3548,0.0,0.0,0.0,0.0,down,0.34,2026-08-25T11:26:46,0.0,0.349999994039536,354.53,2026-09-02 15:44:18,2026-09-02 11:45:02
TSLA,TSLA280616P00045000,TSLA,2028-06-16,P,45.0,0.15,87.0,0.79,86.0,0.7216,98.0,0.0,-0.0032,0.0,0.0467,-0.0024,-0.0263,0.4326,0.0,0.0,0.0,0.0,up,0.63,2026-08-27T13:19:19,0.0,0.464999988675118,354.53,2026-09-02 15:44:18,2026-09-02 11:45:02
TSLA,TSLA280616P00050000,TSLA,2028-06-16,P,50.0,0.22,174.0,0.89,131.0,0.701,387.0,0.0,-0.0039,0.0,0.0559,-0.0028,-0.0319,0.5208,0.0,0.0,0.0,0.0,up,0.65,2026-08-24T13:55:33,0.0,0.554999992251396,354.53,2026-09-02 15:44:18,2026-09-02 11:45:02
TSLA,TSLA280616P00055000,TSLA,2028-06-16,P,55.0,0.29,153.0,1.02,232.0,0.6835,45.0,0.0,-0.0047,0.0,0.0661,-0.0032,-0.0383,0.6207,0.0,0.0,0.0,0.0,down,0.62,2026-08-26T13:37:32,0.0,0.654999986290932,354.53,2026-09-02 15:44:18,2026-09-02 11:45:02
TSLA,TSLA280616P00060000,TSLA,2028-06-16,P,60.0,0.38,104.0,1.15,95.0,0.6677,47.0,0.0,-0.0056,0.0,0.0768,-0.0037,-0.0452,0.7326,0.0,0.0,0.0,0.0,no_change,0.92,2026-08-10T15:02:17,0.0,0.764999985694885,354.53,2026-09-02 15:44:18,2026-09-02 11:45:02
TSLA,TSLA280616P00065000,TSLA,2028-06-16,P,65.0,0.48,184.0,1.3,198.0,0.6533,125.0,0.0,-0.0066,0.0001,0.089,-0.0042,-0.0531,0.8589,0.0,0.0,0.0,0.0,no_change,1.35,2026-07-23T15:59:48,0.0,0.889999970793724,354.53,2026-09-02 15:44:18,2026-09-02 11:45:02
TSLA,TSLA280616P00070000,TSLA,2028-06-16,P,70.0,0.6,155.0,1.47,154.0,0.6409,279.0,0.0,-0.0077,0.0001,0.1025,-0.0047,-0.0621,1.0003,0.0,0.0,0.0,0.0,down,1.04,2026-08-28T14:33:35,0.0,1.03500002622604,354.53,2026-09-02 15:44:18,2026-09-02 11:45:02
TSLA,TSLA280616P00075000,TSLA,2028-06-16,P,75.0,0.72,169.0,1.63,188.0,0.6278,52.0,0.0,-0.009,0.0001,0.1166,-0.0053,-0.0719,1.1579,0.0,0.0,0.0,0.0,down,1.17,2026-08-21T15:41:10,0.0,1.18000000715256,354.53,2026-09-02 15:44:18,2026-09-02 11:45:02
TSLA,TSLA280616P00080000,TSLA,2028-06-16,P,80.0,0.87,161.0,1.83,132.0,0.6175,87.0,0.0,-0.0103,0.0001,0.1316,-0.0059,-0.0825,1.3329,0.0,0.0,0.0,0.0,no_change,1.69,2026-08-10T15:02:17,0.0,1.35000002384186,354.53,2026-09-02 15:44:18,2026-09-02 11:45:02
TSLA,TSLA280616P00085000,TSLA,2028-06-16,P,85.0,1.06,218.0,2.03,208.0,0.608,142.0,0.0,-0.0118,0.0001,0.1483,-0.0065,-0.0945,1.5267,0.0,0.0,0.0,0.0,up,2.4,2026-07-23T15:13:28,0.0,1.40500003099442,354.53,2026-09-02 15:44:18,2026-09-02 11:45:02
TSLA,TSLA280616P00090000,TSLA,2028-06-16,P,90.0,1.25,253.0,2.26,295.0,0.5989,148.0,0.0,-0.0135,0.0001,0.1666,-0.0072,-0.1074,1.7415,0.0,0.0,0.0,0.0,down,2.69,2026-07-23T13:56:06,0.0,1.74000000953674,354.53,2026-09-02 15:44:18,2026-09-02 11:45:02
TSLA,TSLA280616P00095000,TSLA,2028-06-16,P,95.0,1.47,305.0,2.15,282.0,0.5806,238.0,0.0,-0.0153,0.0001,0.1855,-0.008,-0.1218,1.9791,0.0,0.0,0.0,0.0,down,2.0,2026-09-01T10:39:45,0.0,1.97000002861023,354.53,2026-09-02 15:44:18,2026-09-02 11:45:02
TSLA,TSLA280616P00100000,TSLA,2028-06-16,P,100.0,1.74,305.0,2.7,301.0,0.5818,648.0,0.0,-0.0173,0.0002,0.2052,-0.0087,-0.137,2.24,0.0,0.0,0.0,0.0,down,2.3,2026-08-31T15:17:25,0.0,2.23500001430511,354.53,2026-09-02 15:44:18,2026-09-02 11:45:02
TSLA,TSLA280616P00110000,TSLA,2028-06-16,P,110.0,2.37,235.0,3.45,266.0,0.5724,160.0,0.0,-0.0217,0.0002,0.2501,-0.0104,-0.1721,2.84,0.0,0.0,0.0,0.0,down,3.62,2026-08-11T15:20:44,0.0,2.8400000333786,354.53,2026-09-02 15:44:18,2026-09-02 11:45:02
TSLA,TSLA280616P00120000,TSLA,2028-06-16,P,120.0,3.2,197.0,4.1,235.0,0.5616,75.0,0.0,-0.0269,0.0002,0.2981,-0.0122,-0.2123,3.5529,0.0,0.0,0.0,0.0,down,4.29,2026-08-21T12:25:16,0.0,3.52499997615814,354.53,2026-09-02 15:44:18,2026-09-02 11:45:02
TSLA,TSLA280616P00130000,TSLA,2028-06-16,P,130.0,3.75,265.0,5.05,315.0,0.5485,266.0,0.0,-0.0329,0.0003,0.3532,-0.0142,-0.2584,4.3954,0.0,0.0,0.0,0.0,down,4.84,2026-08-24T15:14:36,0.0,4.375,354.53,2026-09-02 15:44:18,2026-09-02 11:45:02
TSLA,TSLA280616P00140000,TSLA,2028-06-16,P,140.0,5.05,244.0,5.7,115.0,0.5393,201.0,0.0,-0.0398,0.0003,0.4107,-0.0163,-0.3122,5.3889,0.0,0.0,0.0,0.0,down,5.36,2026-09-01T11:27:01,0.0,5.29999995231628,354.53,2026-09-02 15:44:18,2026-09-02 11:45:02
TSLA,TSLA280616P00150000,TSLA,2028-06-16,P,150.0,5.8,327.0,7.25,272.0,0.532,437.0,0.0,-0.0475,0.0004,0.4731,-0.0185,-0.3712,6.5287,0.0,0.0,0.0,0.0,down,6.75,2026-08-31T09:51:00,0.0,6.57500004768372,354.53,2026-09-02 15:44:18,2026-09-02 11:45:02
TSLA,TSLA280616P00155000,TSLA,2028-06-16,P,155.0,6.5,226.0,7.9,222.0,0.5295,7.0,0.0,-0.0516,0.0004,0.5062,-0.0197,-0.4035,7.1618,0.0,0.0,0.0,0.0,down,7.35,2026-08-31T09:51:00,0.0,7.125,354.53,2026-09-02 15:44:18,2026-09-02 11:45:02
TSLA,TSLA280616P00160000,TSLA,2028-06-16,P,160.0,7.35,384.0,8.55,420.0,0.5276,514.0,0.0,-0.056,0.0005,0.5402,-0.0208,-0.4378,7.8393,0.0,0.0,0.0,0.0,no_change,7.9,2026-09-01T10:00:35,0.0,7.79999995231628,354.53,2026-09-02 15:44:18,2026-09-02 11:45:02
TSLA,TSLA280616P00165000,TSLA,2028-06-16,P,165.0,8.3,173.0,9.25,198.0,0.5262,0.0,0.0,-0.0606,0.0005,0.5727,-0.0221,-0.4721,8.5608,0.0,0.0,0.0,0.0,no_change,0.0,,0.0,8.5499997138977,354.53,2026-09-02 15:44:18,2026-09-02 11:45:02
TSLA,TSLA280616P00170000,TSLA,2028-06-16,P,170.0,8.85,240.0,9.9,237.0,0.5205,81.0,0.0,-0.0654,0.0005,0.6083,-0.0233,-0.5085,9.3253,0.0,0.0,0.0,0.0,down,10.08,2026-08-27T15:49:31,0.0,9.2999997138977,354.53,2026-09-02 15:44:18,2026-09-02 11:45:02
TSLA,TSLA280616P00175000,TSLA,2028-06-16,P,175.0,9.5,216.0,10.95,248.0,0.5183,7.0,0.0,-0.0704,0.0006,0.644,-0.0245,-0.547,10.1396,0.0,0.0,0.0,0.0,down,12.75,2026-08-12T14:45:48,0.0,10.0,354.53,2026-09-02 15:44:18,2026-09-02 11:45:02
TSLA,TSLA280616P00180000,TSLA,2028-06-16,P,180.0,10.75,92.0,11.45,131.0,0.516,507.0,0.0,-0.0757,0.0006,0.6799,-0.0258,-0.5874,11.0037,0.0,0.0,0.0,0.0,down,10.9,2026-08-31T15:19:56,0.0,11.0249996185303,354.53,2026-09-02 15:44:18,2026-09-02 11:45:02
TSLA,TSLA280616P00185000,TSLA,2028-06-16,P,185.0,11.25,184.0,12.1,15.0,0.5088,98.0,1.0,-0.0811,0.0006,0.7171,-0.0271,-0.63,11.9176,-0.165,11.81,11.81,11.81,down,11.81,2026-09-02T09:34:35,-1.37787,11.9749999046326,354.53,2026-09-02 15:44:18,2026-09-02 11:45:02
TSLA,TSLA280616P00190000,TSLA,2028-06-16,P,190.0,12.5,226.0,13.55,278.0,0.5119,76.0,0.0,-0.0868,0.0007,0.752,-0.0284,-0.6716,12.8826,0.0,0.0,0.0,0.0,up,13.9,2026-08-27T15:43:07,0.0,12.8249998092651,354.53,2026-09-02 15:44:18,2026-09-02 11:45:02
TSLA,TSLA280616P00195000,TSLA,2028-06-16,P,195.0,13.4,262.0,14.75,316.0,0.5102,23.0,0.0,-0.0926,0.0007,0.7897,-0.0296,-0.7146,13.8975,0.0,0.0,0.0,0.0,down,14.3,2026-08-31T10:08:13,0.0,14.0999999046326,354.53,2026-09-02 15:44:18,2026-09-02 11:45:02
TSLA,TSLA280616P00200000,TSLA,2028-06-16,P,200.0,14.4,291.0,15.45,174.0,0.5055,1399.0,2.0,-0.0987,0.0007,0.8273,-0.031,-0.7611,14.9689,0.1,15.05,15.05,15.05,down,15.05,2026-09-02T10:24:02,0.668898,14.9499998092651,354.53,2026-09-02 15:44:18,2026-09-02 11:45:02
TSLA,TSLA280616P00210000,TSLA,2028-06-16,P,210.0,16.55,201.0,18.05,223.0,0.5029,957.0,0.0,-0.1114,0.0008,0.9031,-0.0336,-0.8581,17.2719,0.0,0.0,0.0,0.0,down,16.9,2026-08-31T14:37:49,0.0,17.2749996185303,354.53,2026-09-02 15:44:18,2026-09-02 11:45:02
TSLA,TSLA280616P00220000,TSLA,2028-06-16,P,220.0,19.4,200.0,20.3,42.0,0.5,487.0,6.0,-0.1249,0.0009,0.9756,-0.0362,-0.9556,19.8003,-0.15,20.1,20.1,19.65,down,19.65,2026-09-02T11:22:59,-0.757577,19.8000001907349,354.53,2026-09-02 15:44:18,2026-09-02 11:45:02
TSLA,TSLA280616P00230000,TSLA,2028-06-16,P,230.0,21.7,279.0,23.4,167.0,0.4969,474.0,4.0,-0.1391,0.001,1.0514,-0.0387,-1.0581,22.5538,0.385,22.85,22.87,22.81,down,22.81,2026-09-02T09:51:55,1.71683,22.4250001907349,354.53,2026-09-02 15:44:18,2026-09-02 11:45:02
TSLA,TSLA280616P00240000,TSLA,2028-06-16,P,240.0,24.7,252.0,26.5,250.0,0.4951,696.0,0.0,-0.1538,0.001,1.1243,-0.0412,-1.1695,25.5424,0.0,0.0,0.0,0.0,down,24.83,2026-08-31T15:44:00,0.0,25.4499998092651,354.53,2026-09-02 15:44:18,2026-09-02 11:45:02
TSLA,TSLA280616P00250000,TSLA,2028-06-16,P,250.0,28.2,172.0,29.75,250.0,0.4945,1710.0,4.0,-0.1691,0.0011,1.1923,-0.0437,-1.2785,28.7534,0.72,29.06,29.27,29.06,up,29.27,2026-09-02T10:16:23,2.52189,28.5500001907349,354.53,2026-09-02 15:44:18,2026-09-02 11:45:02
TSLA,TSLA280616P00260000,TSLA,2028-06-16,P,260.0,31.55,237.0,33.2,283.0,0.4923,208.0,8.0,-0.185,0.0012,1.2616,-0.0461,-1.3887,32.2067,0.185,31.5,32.9,31.5,down,32.21,2026-09-02T10:24:09,0.577672,32.0250005722046,354.53,2026-09-02 15:44:18,2026-09-02 11:45:02
TSLA,TSLA280616P00270000,TSLA,2028-06-16,P,270.0,35.1,191.0,36.9,282.0,0.4902,683.0,0.0,-0.2014,0.0013,1.3274,-0.0484,-1.5086,35.9078,0.0,0.0,0.0,0.0,up,35.86,2026-09-01T14:44:29,0.0,35.5750007629394,354.53,2026-09-02 15:44:18,2026-09-02 11:45:02
TSLA,TSLA280616P00280000,TSLA,2028-06-16,P,280.0,38.95,148.0,40.15,42.0,0.4864,921.0,20.0,-0.218,0.0013,1.3878,-0.0506,-1.6212,39.8191,0.55,39.99,40.05,39.99,up,40.05,2026-09-02T10:57:31,1.39241,39.5,354.53,2026-09-02 15:44:18,2026-09-02 11:45:02
TSLA,TSLA280616P00290000,TSLA,2028-06-16,P,290.0,42.9,131.0,44.8,131.0,0.4865,964.0,2.0,-0.235,0.0014,1.4467,-0.0527,-1.7353,43.9687,0.98,44.53,44.53,44.53,up,44.53,2026-09-02T10:16:23,2.25029,43.5499992370606,354.53,2026-09-02 15:44:18,2026-09-02 11:45:02
TSLA,TSLA280616P00300000,TSLA,2028-06-16,P,300.0,47.6,107.0,48.55,19.0,0.4846,2289.0,21.0,-0.2523,0.0015,1.5004,-0.0546,-1.8511,48.3514,0.58,48.25,48.54,48.25,down,48.48,2026-09-02T10:57:31,1.21086,47.8999996185303,354.53,2026-09-02 15:44:18,2026-09-02 11:45:02
TSLA,TSLA280616P00310000,TSLA,2028-06-16,P,310.0,51.8,153.0,53.9,120.0,0.4851,794.0,0.0,-0.2698,0.0015,1.5515,-0.0565,-1.9688,52.9566,0.0,0.0,0.0,0.0,down,54.35,2026-08-31T09:33:29,0.0,52.4750003814697,354.53,2026-09-02 15:44:18,2026-09-02 11:45:02
TSLA,TSLA280616P00320000,TSLA,2028-06-16,P,320.0,56.85,113.0,58.75,81.0,0.4854,1046.0,0.0,-0.2875,0.0016,1.598,-0.0582,-2.0792,57.7777,0.0,0.0,0.0,0.0,down,55.4,2026-08-31T15:50:00,0.0,57.2000007629394,354.53,2026-09-02 15:44:18,2026-09-02 11:45:02
TSLA,TSLA280616P00330000,TSLA,2028-06-16,P,330.0,61.8,114.0,63.85,98.0,0.4849,260.0,0.0,-0.3053,0.0017,1.6398,-0.0598,-2.1842,62.8173,0.0,0.0,0.0,0.0,down,64.15,2026-08-28T09:54:13,0.0,62.4500007629394,354.53,2026-09-02 15:44:18,2026-09-02 11:45:02
TSLA,TSLA280616P00340000,TSLA,2028-06-16,P,340.0,67.05,113.0,68.85,72.0,0.484,622.0,0.0,-0.3231,0.0017,1.6782,-0.0612,-2.3016,68.0532,0.0,0.0,0.0,0.0,down,64.97,2026-08-31T15:58:01,0.0,67.25,354.53,2026-09-02 15:44:18,2026-09-02 11:45:02
TSLA,TSLA280616P00350000,TSLA,2028-06-16,P,350.0,72.2,109.0,74.65,67.0,0.4839,1512.0,0.0,-0.341,0.0018,1.7113,-0.0626,-2.4054,73.5176,0.0,0.0,0.0,0.0,no_change,73.0,2026-09-01T14:15:28,0.0,72.7000007629394,354.53,2026-09-02 15:44:18,2026-09-02 11:45:02
TSLA,TSLA280616P00360000,TSLA,2028-06-16,P,360.0,77.8,306.0,80.3,76.0,0.4838,983.0,0.0,-0.3588,0.0018,1.7404,-0.0638,-2.5039,79.142,0.0,0.0,0.0,0.0,up,79.05,2026-09-01T14:43:10,0.0,78.1499977111816,354.53,2026-09-02 15:44:18,2026-09-02 11:45:02
TSLA,TSLA280616P00370000,TSLA,2028-06-16,P,370.0,83.6,278.0,86.15,69.0,0.4837,440.0,0.0,-0.3766,0.0019,1.7647,-0.0649,-2.5953,84.9837,0.0,0.0,0.0,0.0,no_change,84.75,2026-09-01T14:43:10,0.0,83.9500007629394,354.53,2026-09-02 15:44:18,2026-09-02 11:45:02
TSLA,TSLA280616P00380000,TSLA,2028-06-16,P,380.0,90.05,78.0,92.15,94.0,0.485,1248.0,0.0,-0.3942,0.0019,1.7856,-0.0658,-2.6881,90.9923,0.0,0.0,0.0,0.0,down,89.6,2026-09-01T13:10:10,0.0,89.8999977111816,354.53,2026-09-02 15:44:18,2026-09-02 11:45:02
TSLA,TSLA280616P00390000,TSLA,2028-06-16,P,390.0,95.85,86.0,98.4,68.0,0.4841,369.0,4.0,-0.4118,0.0019,1.8025,-0.0667,-2.7821,97.2018,0.67,96.5,96.62,96.49,no_change,96.62,2026-09-02T09:36:58,0.69828,95.9500007629394,354.53,2026-09-02 15:44:18,2026-09-02 11:45:02
TSLA,TSLA280616P00400000,TSLA,2028-06-16,P,400.0,102.45,63.0,104.2,57.0,0.4834,1819.0,4.0,-0.4293,0.002,1.8159,-0.0674,-2.8598,103.558,0.615,103.0,103.0,102.99,no_change,102.99,2026-09-02T09:36:58,0.600733,102.375,354.53,2026-09-02 15:44:18,2026-09-02 11:45:02
TSLA,TSLA280616P00410000,TSLA,2028-06-16,P,410.0,108.55,281.0,111.35,190.0,0.4842,326.0,0.0,-0.4466,0.002,1.8245,-0.0681,-2.935,110.085,0.0,0.0,0.0,0.0,down,105.8,2026-08-31T13:37:22,0.0,109.200000762939,354.53,2026-09-02 15:44:18,2026-09-02 11:45:02
TSLA,TSLA280616P00420000,TSLA,2028-06-16,P,420.0,115.2,209.0,118.05,229.0,0.4844,280.0,0.0,-0.4637,0.002,1.8281,-0.0686,-3.0104,116.7775,0.0,0.0,0.0,0.0,down,112.6,2026-08-31T13:13:29,0.0,115.849998474121,354.53,2026-09-02 15:44:18,2026-09-02 11:45:02
TSLA,TSLA280616P00430000,TSLA,2028-06-16,P,430.0,122.05,205.0,124.95,219.0,0.4848,320.0,0.0,-0.4806,0.0021,1.8295,-0.069,-3.0761,123.6239,0.0,0.0,0.0,0.0,up,117.86,2026-08-31T15:54:10,0.0,122.650001525879,354.53,2026-09-02 15:44:18,2026-09-02 11:45:02
TSLA,TSLA280616P00440000,TSLA,2028-06-16,P,440.0,128.95,196.0,131.95,220.0,0.4849,473.0,0.0,-0.4974,0.0021,1.8283,-0.0693,-3.1395,130.6176,0.0,0.0,0.0,0.0,down,125.77,2026-08-31T14:47:08,0.0,129.600002288818,354.53,2026-09-02 15:44:18,2026-09-02 11:45:02
TSLA,TSLA280616P00450000,TSLA,2028-06-16,P,450.0,136.05,266.0,139.1,77.0,0.4853,785.0,4.0,-0.5138,0.0021,1.824,-0.0695,-3.1747,137.7436,-0.03,134.95,136.32,134.95,up,136.27,2026-09-02T09:34:43,-0.0220069,136.299995422363,354.53,2026-09-02 15:44:18,2026-09-02 11:45:02
TSLA,TSLA280616P00460000,TSLA,2028-06-16,P,460.0,143.3,99.0,146.4,175.0,0.4858,470.0,0.0,-0.5302,0.0021,1.8128,-0.0698,-3.2377,145.0138,0.0,0.0,0.0,0.0,down,147.97,2026-08-25T13:47:22,0.0,143.924995422363,354.53,2026-09-02 15:44:18,2026-09-02 11:45:02
TSLA,TSLA280616P00470000,TSLA,2028-06-16,P,470.0,150.65,187.0,153.8,177.0,0.4861,237.0,0.0,-0.5463,0.0022,1.8012,-0.0699,-3.2801,152.4167,0.0,0.0,0.0,0.0,up,149.95,2026-09-01T10:24:02,0.0,150.700004577637,354.53,2026-09-02 15:44:18,2026-09-02 11:45:02
TSLA,TSLA280616P00480000,TSLA,2028-06-16,P,480.0,158.2,83.0,161.4,204.0,0.4868,185.0,0.0,-0.5621,0.0022,1.7844,-0.0698,-3.3047,159.9477,0.0,0.0,0.0,0.0,up,192.51,2026-07-27T15:19:11,0.0,158.775001525879,354.53,2026-09-02 15:44:18,2026-09-02 11:45:02
TSLA,TSLA280616P00490000,TSLA,2028-06-16,P,490.0,165.45,217.0,169.05,127.0,0.4861,606.0,0.0,-0.5777,0.0022,1.7637,-0.0697,-3.321,167.6033,0.0,0.0,0.0,0.0,down,178.09,2026-08-14T13:49:49,0.0,165.75,354.53,2026-09-02 15:44:18,2026-09-02 11:45:02
TSLA,TSLA280616P00500000,TSLA,2028-06-16,P,500.0,173.7,132.0,176.75,195.0,0.4878,786.0,0.0,-0.5931,0.0022,1.7514,-0.0696,-3.3614,175.3668,0.0,0.0,0.0,0.0,no_change,173.39,2026-09-01T15:13:00,0.0,173.625,354.53,2026-09-02 15:44:18,2026-09-02 11:45:02
TSLA,TSLA280616P00510000,TSLA,2028-06-16,P,510.0,181.45,72.0,184.8,170.0,0.4885,148.0,0.0,-0.6082,0.0022,1.7248,-0.0694,-3.3379,183.2424,0.0,0.0,0.0,0.0,up,207.47,2026-08-04T11:54:30,0.0,182.0,354.53,2026-09-02 15:44:18,2026-09-02 11:45:02
TSLA,TSLA280616P00520000,TSLA,2028-06-16,P,520.0,189.45,83.0,192.8,44.0,0.4892,280.0,0.0,-0.6232,0.0022,1.6965,-0.0693,-3.3544,191.222,0.0,0.0,0.0,0.0,up,186.5,2026-06-25T10:15:32,0.0,189.974998474121,354.53,2026-09-02 15:44:18,2026-09-02 11:45:02
TSLA,TSLA280616P00530000,TSLA,2028-06-16,P,530.0,197.4,86.0,199.4,20.0,0.4848,2194.0,0.0,-0.6379,0.0023,1.6724,-0.0689,-3.3906,199.3152,0.0,0.0,0.0,0.0,up,217.45,2026-07-23T09:41:22,0.0,197.349998474121,354.53,2026-09-02 15:44:18,2026-09-02 11:45:02
TSLA,TSLA280616P00540000,TSLA,2028-06-16,P,540.0,205.75,199.0,209.15,139.0,0.4905,245.0,0.0,-0.6522,0.0023,1.6408,-0.0685,-3.3662,207.5216,0.0,0.0,0.0,0.0,down,210.37,2026-08-25T15:28:28,0.0,206.224998474121,354.53,2026-09-02 15:44:18,2026-09-02 11:45:02
TSLA,TSLA280616P00550000,TSLA,2028-06-16,P,550.0,214.05,191.0,217.5,156.0,0.4913,664.0,0.0,-0.6662,0.0023,1.6079,-0.068,-3.2982,215.8114,0.0,0.0,0.0,0.0,down,212.4,2026-09-01T10:04:09,0.0,213.75,354.53,2026-09-02 15:44:18,2026-09-02 11:45:02
TSLA,TSLA280616P00560000,TSLA,2028-06-16,P,560.0,221.9,236.0,225.05,42.0,0.4875,177.0,0.0,-0.6804,0.0023,1.5713,-0.0678,-3.3324,224.2008,0.0,0.0,0.0,0.0,up,250.0,2026-08-04T09:58:33,0.0,222.899993896484,354.53,2026-09-02 15:44:18,2026-09-02 11:45:02
TSLA,TSLA280616P00570000,TSLA,2028-06-16,P,570.0,228.6,247.0,234.65,182.0,0.486,216.0,0.0,-0.6941,0.0023,1.5449,-0.0674,-3.3297,232.6465,0.0,0.0,0.0,0.0,down,212.3,2026-06-17T12:01:38,0.0,231.375,354.53,2026-09-02 15:44:18,2026-09-02 11:45:02
TSLA,TSLA280616P00580000,TSLA,2028-06-16,P,580.0,237.15,224.0,243.45,126.0,0.4871,185.0,0.0,-0.7075,0.0023,1.4935,-0.0667,-3.1968,241.2216,0.0,0.0,0.0,0.0,up,254.5,2026-08-14T11:48:17,0.0,240.074996948242,354.53,2026-09-02 15:44:18,2026-09-02 11:45:02
TSLA,TSLA280616P00590000,TSLA,2028-06-16,P,590.0,247.75,169.0,252.3,195.0,0.4952,144.0,0.0,-0.7208,0.0023,1.4506,-0.0663,-3.1936,249.8736,0.0,0.0,0.0,0.0,down,253.0,2026-08-28T15:57:29,0.0,247.925003051758,354.53,2026-09-02 15:44:18,2026-09-02 11:45:02
TSLA,TSLA280616P00600000,TSLA,2028-06-16,P,600.0,254.45,230.0,260.6,125.0,0.4872,124.0,0.0,-0.7338,0.0023,1.4208,-0.0659,-3.2014,258.5762,0.0,0.0,0.0,0.0,down,257.35,2026-08-21T11:31:10,0.0,257.374992370605,354.53,2026-09-02 15:44:18,2026-09-02 11:45:02
TSLA,TSLA280616P00610000,TSLA,2028-06-16,P,610.0,262.6,199.0,269.9,126.0,0.4872,98.0,0.0,-0.7464,0.0023,1.384,-0.0653,-3.1418,267.3637,0.0,0.0,0.0,0.0,up,268.95,2026-08-24T14:06:19,0.0,265.925003051758,354.53,2026-09-02 15:44:18,2026-09-02 11:45:02
TSLA,TSLA280616P00620000,TSLA,2028-06-16,P,620.0,271.5,203.0,278.9,177.0,0.4881,104.0,0.0,-0.7587,0.0023,1.3472,-0.0646,-2.96,276.2174,0.0,0.0,0.0,0.0,down,310.51,2026-08-03T09:48:28,0.0,274.850006103516,354.53,2026-09-02 15:44:18,2026-09-02 11:45:02
TSLA,TSLA280616P00630000,TSLA,2028-06-16,P,630.0,280.45,134.0,287.9,156.0,0.4885,56.0,0.0,-0.7715,0.0023,1.2609,-0.064,-2.9225,285.199,0.0,0.0,0.0,0.0,down,312.05,2026-08-03T12:24:00,0.0,283.625,354.53,2026-09-02 15:44:18,2026-09-02 11:45:02
TSLA,TSLA280616P00640000,TSLA,2028-06-16,P,640.0,289.5,29.0,297.05,25.0,0.4899,56.0,0.0,-0.784,0.0023,1.2353,-0.0637,-2.9272,294.1936,0.0,0.0,0.0,0.0,no_change,322.27,2026-08-04T09:39:02,0.0,292.300003051758,354.53,2026-09-02 15:44:18,2026-09-02 11:45:02
TSLA,TSLA280616P00650000,TSLA,2028-06-16,P,650.0,298.55,27.0,306.15,27.0,0.4903,197.0,0.0,-0.7959,0.0024,1.2067,-0.0632,-2.8008,303.2516,0.0,0.0,0.0,0.0,up,309.5,2026-08-28T14:30:04,0.0,301.899993896484,354.53,2026-09-02 15:44:18,2026-09-02 11:45:02
TSLA,TSLA280616P00660000,TSLA,2028-06-16,P,660.0,308.55,31.0,315.3,22.0,0.4946,279.0,0.0,-0.8074,0.0024,1.139,-0.062,-2.6609,312.3931,0.0,0.0,0.0,0.0,down,318.7,2026-08-28T14:30:04,0.0,311.074996948242,354.53,2026-09-02 15:44:18,2026-09-02 11:45:02
TSLA,TSLA280616P00670000,TSLA,2028-06-16,P,670.0,316.95,82.0,324.5,18.0,0.4912,69.0,0.0,-0.8189,0.0024,1.0765,-0.0604,-2.6224,321.6038,0.0,0.0,0.0,0.0,down,328.31,2026-08-19T15:36:36,0.0,320.275009155273,354.53,2026-09-02 15:44:18,2026-09-02 11:45:02
TSLA,TSLA280616P00680000,TSLA,2028-06-16,P,680.0,326.25,82.0,333.75,17.0,0.4918,64.0,0.0,-0.8306,0.0024,1.0447,-0.0587,-2.5679,330.8537,0.0,0.0,0.0,0.0,down,328.62,2026-08-21T10:52:13,0.0,329.550003051758,354.53,2026-09-02 15:44:18,2026-09-02 11:45:02
TSLA,TSLA280616P00690000,TSLA,2028-06-16,P,690.0,335.6,62.0,342.9,19.0,0.4916,30.0,0.0,-0.842,0.0024,1.0019,-0.0579,-2.4738,340.1565,0.0,0.0,0.0,0.0,down,334.31,2026-08-31T10:04:14,0.0,338.900009155273,354.53,2026-09-02 15:44:18,2026-09-02 11:45:02
TSLA,TSLA280616P00700000,TSLA,2028-06-16,P,700.0,345.0,90.0,352.4,21.0,0.4924,196.0,0.0,-0.8528,0.0024,0.9566,-0.0573,-2.4912,349.504,0.0,0.0,0.0,0.0,down,343.64,2026-08-31T10:04:14,0.0,348.299987792969,354.53,2026-09-02 15:44:18,2026-09-02 11:45:02
TSLA,TSLA280616P00710000,TSLA,2028-06-16,P,710.0,354.45,158.0,362.15,94.0,0.4943,405.0,0.0,-0.8632,0.0024,0.898,-0.0563,-1.9146,358.9155,0.0,0.0,0.0,0.0,down,308.65,2026-05-08T10:17:53,0.0,357.324996948242,354.53,2026-09-02 15:44:18,2026-09-02 11:45:02
TSLA,TSLA280616P00720000,TSLA,2028-06-16,P,720.0,364.05,112.0,371.3,23.0,0.4929,250.0,0.0,-0.8739,0.0024,0.7638,-0.0562,-1.9219,368.4357,0.0,0.0,0.0,0.0,up,355.52,2026-06-25T15:07:48,0.0,366.5,354.53,2026-09-02 15:44:18,2026-09-02 11:45:02
TSLA,TSLA280616P00730000,TSLA,2028-06-16,P,730.0,374.8,32.0,381.35,28.0,0.5055,147.0,0.0,-0.885,0.0024,0.7328,-0.056,-1.9232,377.9741,0.0,0.0,0.0,0.0,no_change,330.4,2026-06-04T09:59:37,0.0,376.074996948242,354.53,2026-09-02 15:44:18,2026-09-02 11:45:02
TSLA,TSLA280616P00740000,TSLA,2028-06-16,P,740.0,383.1,29.0,390.9,22.0,0.4968,172.0,0.0,-0.8957,0.0024,0.7154,-0.0557,-1.8581,387.532,0.0,0.0,0.0,0.0,up,388.14,2026-08-24T14:06:19,0.0,385.899993896484,354.53,2026-09-02 15:44:18,2026-09-02 11:45:02
TSLA,TSLA280616P00750000,TSLA,2028-06-16,P,750.0,392.75,25.0,400.55,27.0,0.4973,64.0,0.0,-0.9055,0.0024,0.6776,-0.0548,-1.753,397.1292,0.0,0.0,0.0,0.0,down,396.32,2026-08-24T13:42:09,0.0,395.599990844727,354.53,2026-09-02 15:44:18,2026-09-02 11:45:02
TSLA,TSLA280616P00760000,TSLA,2028-06-16,P,760.0,402.45,25.0,410.2,23.0,0.4964,0.0,0.0,-0.9146,0.0024,0.6224,-0.0529,-1.2598,406.7688,0.0,0.0,0.0,0.0,down,339.54,2026-05-11T14:30:45,0.0,405.075012207031,354.53,2026-09-02 15:44:18,2026-09-02 11:45:02
TSLA,TSLA280616P00770000,TSLA,2028-06-16,P,770.0,412.25,18.0,420.15,21.0,0.4998,0.0,0.0,-0.9232,0.0023,0.5042,-0.0571,-1.2043,416.5104,0.0,0.0,0.0,0.0,up,385.68,2026-06-08T09:36:19,0.0,414.825012207031,354.53,2026-09-02 15:44:18,2026-09-02 11:45:02
TSLA,TSLA280616P00780000,TSLA,2028-06-16,P,780.0,422.0,21.0,429.85,21.0,0.499,0.0,0.0,-0.9314,0.0022,0.4321,-0.0616,-1.1163,426.2686,0.0,0.0,0.0,0.0,down,387.73,2026-06-16T13:30:29,0.0,424.625,354.53,2026-09-02 15:44:18,2026-09-02 11:45:02
TSLA,TSLA280616P00790000,TSLA,2028-06-16,P,790.0,431.85,24.0,439.55,23.0,0.4992,0.0,0.0,-0.9391,0.0021,0.4052,-0.0618,-1.0839,436.0527,0.0,0.0,0.0,0.0,down,376.72,2026-07-01T15:16:11,0.0,434.449996948242,354.53,2026-09-02 15:44:18,2026-09-02 11:45:02
TSLA,TSLA280616P00800000,TSLA,2028-06-16,P,800.0,441.7,20.0,449.55,20.0,0.503,0.0,0.0,-0.9463,0.002,0.3788,-0.0616,-1.094,445.8494,0.0,0.0,0.0,0.0,down,470.76,2026-08-12T09:46:45,0.0,444.300003051758,354.53,2026-09-02 15:44:18,2026-09-02 11:45:02
TSLA,TSLA280616P00810000,TSLA,2028-06-16,P,810.0,451.65,20.0,459.35,20.0,0.0,0.0,0.0,-0.9531,0.0019,0.3628,-0.0612,-0.7772,455.6594,0.0,0.0,0.0,0.0,up,493.35,2026-07-23T14:42:22,0.0,453.875,354.53,2026-09-02 15:44:18,2026-09-02 11:45:02
TSLA,TSLA280616P00820000,TSLA,2028-06-16,P,820.0,461.65,20.0,469.25,20.0,0.0,0.0,0.0,-0.9586,0.0018,0.2923,-0.0516,-0.0406,465.5328,0.0,0.0,0.0,0.0,down,457.55,2026-08-21T12:28:29,0.0,463.875,354.53,2026-09-02 15:44:18,2026-09-02 11:45:02
TSLA,TSLA280616P00830000,TSLA,2028-06-16,P,830.0,471.65,20.0,479.25,20.0,0.0,0.0,0.0,-0.9638,0.0016,0.1161,-0.0512,0.0,475.5288,0.0,0.0,0.0,0.0,up,512.56,2026-07-23T14:42:22,0.0,473.900009155273,354.53,2026-09-02 15:44:18,2026-09-02 11:45:02
TSLA,TSLA280616P00840000,TSLA,2028-06-16,P,840.0,481.65,20.0,489.2,20.0,0.0,0.0,0.0,-0.9688,0.0014,0.0,-0.0512,0.0,485.5288,0.0,0.0,0.0,0.0,up,523.55,2026-07-23T14:42:39,0.0,483.875,354.53,2026-09-02 15:44:18,2026-09-02 11:45:02
TSLA,TSLA280616P00850000,TSLA,2028-06-16,P,850.0,491.65,20.0,499.25,20.0,0.0,0.0,0.0,-0.9736,0.0011,0.0,-0.0512,0.0,495.5288,0.0,0.0,0.0,0.0,down,444.85,2026-05-07T09:33:37,0.0,493.900009155273,354.53,2026-09-02 15:44:18,2026-09-02 11:45:02
TSLA,TSLA280616P00860000,TSLA,2028-06-16,P,860.0,501.6,16.0,509.55,16.0,0.5364,0.0,0.0,-0.978,0.001,0.0,-0.0512,0.0,505.5288,0.0,0.0,0.0,0.0,up,535.6,2026-07-23T14:42:54,0.0,503.875,354.53,2026-09-02 15:44:18,2026-09-02 11:45:02
TSLA,TSLA280616P00870000,TSLA,2028-06-16,P,870.0,511.6,16.0,519.55,16.0,0.5421,0.0,0.0,-0.982,0.0008,0.0,-0.0512,0.0,515.5288,0.0,0.0,0.0,0.0,up,553.35,2026-07-23T14:42:18,0.0,513.874984741211,354.53,2026-09-02 15:44:18,2026-09-02 11:45:02
TSLA,TSLA280616P00880000,TSLA,2028-06-16,P,880.0,521.65,20.0,529.5,20.0,0.5478,0.0,0.0,-0.9853,0.0006,0.0,-0.0512,0.0,525.5288,0.0,0.0,0.0,0.0,up,502.75,2026-07-21T15:01:42,0.0,523.875,354.53,2026-09-02 15:44:18,2026-09-02 11:45:02
TSLA,TSLA280616P00890000,TSLA,2028-06-16,P,890.0,531.65,5.0,539.5,20.0,0.5533,0.0,0.0,-0.988,0.0005,0.0,-0.0512,0.0,535.5288,0.0,0.0,0.0,0.0,up,510.95,2026-07-17T15:55:01,0.0,533.875,354.53,2026-09-02 15:44:18,2026-09-02 11:45:02
TSLA,TSLA280616P00900000,TSLA,2028-06-16,P,900.0,541.6,1.0,549.55,17.0,0.5588,0.0,0.0,-0.9905,0.0004,0.0,-0.0512,0.0,545.5288,0.0,0.0,0.0,0.0,up,536.74,2026-08-21T12:28:29,0.0,543.875,354.53,2026-09-02 15:44:18,2026-09-02 11:45:02
TSLA,TSLA280616P00910000,TSLA,2028-06-16,P,910.0,551.6,1.0,559.55,16.0,0.0,0.0,0.0,-0.9928,0.0003,0.0,-0.0512,0.0,555.5288,0.0,0.0,0.0,0.0,up,529.69,2026-06-23T14:40:46,0.0,553.875,354.53,2026-09-02 15:44:18,2026-09-02 11:45:02
TSLA,TSLA280616P00920000,TSLA,2028-06-16,P,920.0,561.6,1.0,569.55,1.0,0.0,0.0,0.0,-0.995,0.0002,0.0,-0.0512,0.0,565.5288,0.0,0.0,0.0,0.0,up,528.83,2026-07-02T15:41:16,0.0,563.875,354.53,2026-09-02 15:44:18,2026-09-02 11:45:02
TSLA,TSLA280616P00930000,TSLA,2028-06-16,P,930.0,571.6,1.0,579.55,1.0,0.0,0.0,0.0,-0.9971,0.0001,0.0,-0.0512,0.0,575.5288,0.0,0.0,0.0,0.0,up,575.98,2026-08-24T14:06:19,0.0,573.875,354.53,2026-09-02 15:44:18,2026-09-02 11:45:02
TSLA,TSLA280616P00940000,TSLA,2028-06-16,P,940.0,581.6,1.0,589.55,1.0,0.0,0.0,0.0,-0.9989,0.0,0.0,-0.0512,0.0,585.5288,0.0,0.0,0.0,0.0,up,559.2,2026-06-23T14:26:28,0.0,583.875,354.53,2026-09-02 15:44:18,2026-09-02 11:45:02
TSLA,TSLA280616P00950000,TSLA,2028-06-16,P,950.0,591.6,1.0,599.55,1.0,0.0,0.0,0.0,-1.0,0.0,0.0,-0.0512,0.0,595.5288,0.0,0.0,0.0,0.0,up,568.59,2026-06-23T14:26:03,0.0,593.875,354.53,2026-09-02 15:44:18,2026-09-02 11:45:02
TSLA,TSLA280616P00960000,TSLA,2028-06-16,P,960.0,601.6,1.0,609.55,1.0,0.0,0.0,0.0,-1.0,0.0,0.0,-0.0512,0.0,605.5288,0.0,0.0,0.0,0.0,up,569.78,2026-07-02T15:00:28,0.0,603.875,354.53,2026-09-02 15:44:18,2026-09-02 11:45:02
TSLA,TSLA280616P00970000,TSLA,2028-06-16,P,970.0,611.6,1.0,619.55,1.0,0.5968,0.0,0.0,-1.0,0.0,0.0,-0.0512,0.0,615.5288,0.0,0.0,0.0,0.0,up,577.42,2026-03-18T15:59:48,0.0,613.875,354.53,2026-09-02 15:44:18,2026-09-02 11:45:02
TSLA,TSLA280616P00980000,TSLA,2028-06-16,P,980.0,621.6,1.0,629.5,2.0,0.0,0.0,0.0,-1.0,0.0,0.0,-0.0512,0.0,625.5288,0.0,0.0,0.0,0.0,up,581.72,2026-07-15T13:37:57,0.0,623.875,354.53,2026-09-02 15:44:18,2026-09-02 11:45:02
TSLA,TSLA280616P00990000,TSLA,2028-06-16,P,990.0,631.6,1.0,639.55,1.0,0.0,0.0,0.0,-1.0,0.0,0.0,-0.0512,0.0,635.5288,0.0,0.0,0.0,0.0,down,611.24,2026-07-22T09:44:49,0.0,633.875,354.53,2026-09-02 15:44:18,2026-09-02 11:45:02
TSLA,TSLA281215C00005000,TSLA,2028-12-15,C,5.0,347.4,17.0,355.35,16.0,0.0,5979.0,0.0,1.0,0.0,0.0028,0.0,0.1011,352.3737,0.0,0.0,0.0,0.0,up,352.19,2026-09-01T15:58:08,0.0,353.775009155273,354.53,2026-09-02 15:44:18,2026-09-02 11:45:02
TSLA,TSLA281215C00010000,TSLA,2028-12-15,C,10.0,343.0,17.0,351.0,16.0,0.0,15.0,2.0,1.0,0.0,0.0064,0.0,0.2017,347.9202,-5.23,343.47,343.47,343.47,down,343.47,2026-09-02T10:06:10,-1.49986,348.700012207031,354.53,2026-09-02 15:44:18,2026-09-02 11:45:02
TSLA,TSLA281215C00015000,TSLA,2028-12-15,C,15.0,338.6,17.0,346.55,16.0,0.0,2.0,2.0,1.0,0.0,0.0112,0.0,0.3015,343.4757,-5.245,339.38,339.38,339.38,down,339.38,2026-09-02T10:06:10,-1.52194,344.625,354.53,2026-09-02 15:44:18,2026-09-02 11:45:02
TSLA,TSLA281215C00020000,TSLA,2028-12-15,C,20.0,334.2,16.0,342.15,16.0,0.0,24.0,0.0,1.0,0.0,0.017,0.0,0.4004,339.0416,0.0,0.0,0.0,0.0,up,337.52,2026-08-28T10:54:01,0.0,339.875,354.53,2026-09-02 15:44:18,2026-09-02 11:45:02
TSLA,TSLA281215C00025000,TSLA,2028-12-15,C,25.0,329.8,17.0,337.75,16.0,0.0,30.0,0.0,1.0,0.0,0.0239,0.0,0.4985,334.6189,0.0,0.0,0.0,0.0,up,286.0,2026-07-30T14:55:42,0.0,335.475006103516,354.53,2026-09-02 15:44:18,2026-09-02 11:45:02
TSLA,TSLA281215C00030000,TSLA,2028-12-15,C,30.0,325.4,16.0,333.4,16.0,0.0,0.0,0.0,1.0,0.0,0.032,0.0,0.5955,330.2087,0.0,0.0,0.0,0.0,down,286.37,2026-07-24T10:48:28,0.0,331.100006103516,354.53,2026-09-02 15:44:18,2026-09-02 11:45:02
TSLA,TSLA281215C00035000,TSLA,2028-12-15,C,35.0,321.05,16.0,329.0,16.0,0.0,7.0,0.0,1.0,0.0,0.0413,0.0,0.6915,325.8123,0.0,0.0,0.0,0.0,up,322.47,2026-08-25T10:04:33,0.0,326.725006103516,354.53,2026-09-02 15:44:18,2026-09-02 11:45:02
TSLA,TSLA281215C00040000,TSLA,2028-12-15,C,40.0,316.7,17.0,324.65,16.0,0.0,11.0,0.0,1.0,0.0,0.0517,0.0,0.7864,321.4304,0.0,0.0,0.0,0.0,up,332.55,2026-08-31T13:02:11,0.0,322.375,354.53,2026-09-02 15:44:18,2026-09-02 11:45:02
TSLA,TSLA281215C00045000,TSLA,2028-12-15,C,45.0,312.35,17.0,320.3,16.0,0.0,54.0,0.0,1.0,0.0,0.0636,0.0,0.88,317.0644,0.0,0.0,0.0,0.0,up,315.09,2026-08-24T09:52:39,0.0,318.024993896484,354.53,2026-09-02 15:44:18,2026-09-02 11:45:02
TSLA,TSLA281215C00050000,TSLA,2028-12-15,C,50.0,308.0,17.0,315.95,16.0,0.0,47.0,0.0,1.0,0.0,0.0766,0.0,0.9723,312.7154,0.0,0.0,0.0,0.0,down,302.7,2026-08-28T14:15:46,0.0,313.700012207031,354.53,2026-09-02 15:44:18,2026-09-02 11:45:02
TSLA,TSLA281215C00060000,TSLA,2028-12-15,C,60.0,299.4,16.0,307.35,16.0,0.5387,14.0,0.0,0.9997,0.0001,0.1065,0.0,1.1529,304.0726,0.0,0.0,0.0,0.0,up,302.87,2026-08-27T14:17:30,0.0,305.074996948242,354.53,2026-09-02 15:44:18,2026-09-02 11:45:02
TSLA,TSLA281215C00070000,TSLA,2028-12-15,C,70.0,291.2,20.0,298.75,20.0,0.5662,25.0,0.0,0.997,0.0001,0.1413,0.0,1.3275,295.5118,0.0,0.0,0.0,0.0,down,241.73,2026-07-29T12:03:29,0.0,296.524993896484,354.53,2026-09-02 15:44:18,2026-09-02 11:45:02
TSLA,TSLA281215C00080000,TSLA,2028-12-15,C,80.0,282.7,20.0,290.3,20.0,0.5608,34.0,0.0,0.9938,0.0001,0.1816,0.0,1.4955,287.0416,0.0,0.0,0.0,0.0,down,284.82,2026-08-24T09:46:27,0.0,288.050003051758,354.53,2026-09-02 15:44:18,2026-09-02 11:45:02
TSLA,TSLA281215C00090000,TSLA,2028-12-15,C,90.0,274.35,20.0,281.95,20.0,0.5552,15.0,0.0,0.99,0.0001,0.2262,0.0,1.6567,278.6726,0.0,0.0,0.0,0.0,no_change,263.0,2026-08-17T14:04:53,0.0,279.75,354.53,2026-09-02 15:44:18,2026-09-02 11:45:02
TSLA,TSLA281215C00100000,TSLA,2028-12-15,C,100.0,266.45,26.0,273.7,44.0,0.5554,1368.0,0.0,0.9856,0.0002,0.2762,0.0,1.8102,270.4134,0.0,0.0,0.0,0.0,up,283.62,2026-08-31T12:54:35,0.0,271.425003051758,354.53,2026-09-02 15:44:18,2026-09-02 11:45:02
TSLA,TSLA281215C00110000,TSLA,2028-12-15,C,110.0,258.65,68.0,264.6,82.0,0.5369,115.0,0.0,0.9805,0.0002,0.3301,0.0,1.956,262.275,0.0,0.0,0.0,0.0,up,260.3,2026-08-27T12:40:20,0.0,263.349990844727,354.53,2026-09-02 15:44:18,2026-09-02 11:45:02
TSLA,TSLA281215C00120000,TSLA,2028-12-15,C,120.0,250.65,29.0,257.25,28.0,0.5401,80.0,0.0,0.9748,0.0002,0.3886,0.0,2.0935,254.2656,0.0,0.0,0.0,0.0,no_change,252.2,2026-08-27T12:39:43,0.0,255.324996948242,354.53,2026-09-02 15:44:18,2026-09-02 11:45:02
TSLA,TSLA281215C00130000,TSLA,2028-12-15,C,130.0,242.8,24.0,248.9,28.0,0.5278,60.0,0.0,0.9685,0.0003,0.4507,0.0,2.2222,246.3969,0.0,0.0,0.0,0.0,down,245.5,2026-08-27T13:10:10,0.0,247.875,354.53,2026-09-02 15:44:18,2026-09-02 11:45:02
TSLA,TSLA281215C00140000,TSLA,2028-12-15,C,140.0,234.8,59.0,241.4,80.0,0.5216,215.0,0.0,0.9615,0.0003,0.516,0.0,2.3427,238.6767,0.0,0.0,0.0,0.0,down,237.56,2026-08-27T14:14:35,0.0,239.800003051758,354.53,2026-09-02 15:44:18,2026-09-02 11:45:02
TSLA,TSLA281215C00150000,TSLA,2028-12-15,C,150.0,227.85,63.0,233.45,81.0,0.5187,381.0,0.0,0.9538,0.0004,0.5849,0.0,2.453,231.1156,0.0,0.0,0.0,0.0,down,234.0,2026-09-01T09:56:29,0.0,232.275001525879,354.53,2026-09-02 15:44:18,2026-09-02 11:45:02
TSLA,TSLA281215C00155000,TSLA,2028-12-15,C,155.0,224.95,11.0,229.85,27.0,0.5239,1.0,0.0,0.9498,0.0004,0.6198,0.0,2.5052,227.3976,0.0,0.0,0.0,0.0,up,218.2,2026-08-19T10:36:19,0.0,228.824996948242,354.53,2026-09-02 15:44:18,2026-09-02 11:45:02
TSLA,TSLA281215C00160000,TSLA,2028-12-15,C,160.0,222.05,33.0,224.75,35.0,0.5162,158.0,5.0,0.9455,0.0004,0.6552,0.0,2.5555,223.7222,-3.2,221.69,221.8,221.69,up,221.8,2026-09-02T10:54:56,-1.42222,225.0,354.53,2026-09-02 15:44:18,2026-09-02 11:45:02
TSLA,TSLA281215C00165000,TSLA,2028-12-15,C,165.0,217.65,11.0,222.55,25.0,0.5188,0.0,0.0,0.9412,0.0005,0.6914,0.0,2.6031,220.0903,0.0,0.0,0.0,0.0,no_change,0.0,,0.0,221.675003051758,354.53,2026-09-02 15:44:18,2026-09-02 11:45:02
TSLA,TSLA281215C00170000,TSLA,2028-12-15,C,170.0,214.1,10.0,219.0,33.0,0.5169,103.0,0.0,0.9366,0.0005,0.7283,0.0,2.648,216.5032,0.0,0.0,0.0,0.0,up,204.45,2026-08-17T11:54:30,0.0,217.525001525879,354.53,2026-09-02 15:44:18,2026-09-02 11:45:02
TSLA,TSLA281215C00175000,TSLA,2028-12-15,C,175.0,210.55,5.0,215.45,43.0,0.5145,146.0,0.0,0.9319,0.0005,0.7655,0.0,2.6903,212.9623,0.0,0.0,0.0,0.0,up,208.0,2026-08-21T09:42:32,0.0,214.0,354.53,2026-09-02 15:44:18,2026-09-02 11:45:02
TSLA,TSLA281215C00180000,TSLA,2028-12-15,C,180.0,207.05,18.0,211.25,75.0,0.5078,292.0,0.0,0.927,0.0005,0.8026,0.0,2.7308,209.4682,0.0,0.0,0.0,0.0,down,202.75,2026-08-28T15:21:18,0.0,210.574996948242,354.53,2026-09-02 15:44:18,2026-09-02 11:45:02
TSLA,TSLA281215C00185000,TSLA,2028-12-15,C,185.0,203.45,26.0,208.2,32.0,0.5075,53.0,1.0,0.922,0.0006,0.8396,-0.0015,2.7695,206.0209,-0.625,206.95,206.95,206.95,up,206.95,2026-09-02T10:47:39,-0.301098,207.575004577637,354.53,2026-09-02 15:44:18,2026-09-02 11:45:02
TSLA,TSLA281215C00190000,TSLA,2028-12-15,C,190.0,200.05,64.0,204.45,80.0,0.5037,161.0,0.0,0.9169,0.0006,0.8769,-0.0029,2.8061,202.6208,0.0,0.0,0.0,0.0,up,202.8,2026-08-31T09:40:50,0.0,203.949996948242,354.53,2026-09-02 15:44:18,2026-09-02 11:45:02
TSLA,TSLA281215C00195000,TSLA,2028-12-15,C,195.0,196.75,59.0,201.15,71.0,0.5028,107.0,0.0,0.9116,0.0006,0.9146,-0.0044,2.84,199.2687,0.0,0.0,0.0,0.0,no_change,199.0,2026-08-24T10:26:13,0.0,200.574996948242,354.53,2026-09-02 15:44:18,2026-09-02 11:45:02
TSLA,TSLA281215C00200000,TSLA,2028-12-15,C,200.0,193.45,106.0,197.85,128.0,0.5013,2084.0,8.0,0.9062,0.0006,0.9525,-0.0058,2.8711,195.9656,-3.175,196.95,198.0,193.7,up,194.15,2026-09-02T10:54:56,-1.60902,197.325004577637,354.53,2026-09-02 15:44:18,2026-09-02 11:45:02
TSLA,TSLA281215C00210000,TSLA,2028-12-15,C,210.0,187.25,35.0,191.4,66.0,0.4999,174.0,1.0,0.8951,0.0007,1.0276,-0.0087,2.9274,189.5084,-3.65,187.0,187.0,187.0,down,187.0,2026-09-02T10:11:11,-1.9145,190.649993896484,354.53,2026-09-02 15:44:18,2026-09-02 11:45:02
TSLA,TSLA281215C00220000,TSLA,2028-12-15,C,220.0,180.75,73.0,185.4,78.0,0.4976,210.0,0.0,0.8835,0.0008,1.1012,-0.0115,2.9772,183.2486,0.0,0.0,0.0,0.0,up,185.33,2026-08-25T12:47:15,0.0,184.449996948242,354.53,2026-09-02 15:44:18,2026-09-02 11:45:02
TSLA,TSLA281215C00230000,TSLA,2028-12-15,C,230.0,175.05,74.0,179.4,86.0,0.4973,141.0,0.0,0.8714,0.0008,1.1744,-0.0143,3.0176,177.1867,0.0,0.0,0.0,0.0,up,181.12,2026-09-01T09:50:51,0.0,178.524993896484,354.53,2026-09-02 15:44:18,2026-09-02 11:45:02
TSLA,TSLA281215C00240000,TSLA,2028-12-15,C,240.0,169.55,25.0,173.65,92.0,0.4972,298.0,0.0,0.8591,0.0009,1.2462,-0.017,3.0498,171.3251,0.0,0.0,0.0,0.0,down,174.5,2026-09-01T11:48:22,0.0,172.625,354.53,2026-09-02 15:44:18,2026-09-02 11:45:02
TSLA,TSLA281215C00250000,TSLA,2028-12-15,C,250.0,164.0,18.0,167.9,88.0,0.4955,962.0,0.0,0.8464,0.0009,1.3151,-0.0196,3.077,165.6607,0.0,0.0,0.0,0.0,down,167.48,2026-09-01T15:29:18,0.0,167.025001525879,354.53,2026-09-02 15:44:18,2026-09-02 11:45:02
TSLA,TSLA281215C00260000,TSLA,2028-12-15,C,260.0,158.6,35.0,160.4,1.0,0.4869,367.0,4.0,0.8334,0.001,1.3821,-0.0221,3.0972,160.1893,-2.125,163.0,163.0,159.5,down,159.5,2026-09-02T10:52:49,-1.31477,161.625,354.53,2026-09-02 15:44:18,2026-09-02 11:45:02
TSLA,TSLA281215C00270000,TSLA,2028-12-15,C,270.0,153.1,46.0,157.35,90.0,0.4929,358.0,0.0,0.8203,0.001,1.4472,-0.0246,3.1093,154.9105,0.0,0.0,0.0,0.0,up,156.67,2026-09-01T15:48:03,0.0,156.375,354.53,2026-09-02 15:44:18,2026-09-02 11:45:02
TSLA,TSLA281215C00280000,TSLA,2028-12-15,C,280.0,148.95,13.0,150.6,83.0,0.4893,396.0,8.0,0.807,0.0011,1.5091,-0.0269,3.1169,149.8215,0.275,151.45,151.45,151.45,no_change,151.45,2026-09-02T10:44:00,0.181911,151.174995422363,354.53,2026-09-02 15:44:18,2026-09-02 11:45:02
TSLA,TSLA281215C00290000,TSLA,2028-12-15,C,290.0,143.35,33.0,146.2,61.0,0.4879,368.0,0.0,0.7935,0.0011,1.5677,-0.0292,3.1209,144.915,0.0,0.0,0.0,0.0,down,147.92,2026-09-01T09:31:56,0.0,146.525001525879,354.53,2026-09-02 15:44:18,2026-09-02 11:45:02
TSLA,TSLA281215C00300000,TSLA,2028-12-15,C,300.0,139.45,23.0,140.9,82.0,0.4879,6028.0,13.0,0.78,0.0012,1.6238,-0.0313,3.1187,140.1697,-3.925,141.95,141.95,136.6,up,137.9,2026-09-02T11:02:52,-2.76749,141.824996948242,354.53,2026-09-02 15:44:18,2026-09-02 11:45:02
TSLA,TSLA281215C00310000,TSLA,2028-12-15,C,310.0,134.95,34.0,136.5,92.0,0.488,1057.0,17.0,0.7665,0.0012,1.6771,-0.0334,3.1108,135.6338,-4.815,132.33,132.46,132.33,up,132.46,2026-09-02T10:02:08,-3.50756,137.275001525879,354.53,2026-09-02 15:44:18,2026-09-02 11:45:02
TSLA,TSLA281215C00320000,TSLA,2028-12-15,C,320.0,130.05,24.0,133.0,169.0,0.4885,1403.0,1.0,0.7529,0.0012,1.7269,-0.0353,3.1001,131.2517,-1.36,131.39,131.39,131.39,down,131.39,2026-09-02T09:36:13,-1.02448,132.75,354.53,2026-09-02 15:44:18,2026-09-02 11:45:02
TSLA,TSLA281215C00330000,TSLA,2028-12-15,C,330.0,126.25,19.0,128.0,122.0,0.487,1002.0,4.0,0.7393,0.0013,1.7733,-0.0371,3.0874,127.0326,-2.45,127.08,127.08,126.0,down,126.0,2026-09-02T09:59:40,-1.90736,128.450000762939,354.53,2026-09-02 15:44:18,2026-09-02 11:45:02
TSLA,TSLA281215C00340000,TSLA,2028-12-15,C,340.0,122.35,26.0,123.75,90.0,0.4867,9455.0,22.0,0.7258,0.0013,1.8168,-0.0389,3.0704,122.9549,-1.68,120.7,122.87,120.7,up,122.87,2026-09-02T10:17:46,-1.34886,124.549999237061,354.53,2026-09-02 15:44:18,2026-09-02 11:45:02
TSLA,TSLA281215C00350000,TSLA,2028-12-15,C,350.0,118.4,27.0,119.9,75.0,0.4864,3401.0,10.0,0.7124,0.0013,1.8574,-0.0405,3.0491,119.0627,-1.06,120.5,120.5,116.92,up,119.59,2026-09-02T11:26:14,-0.878573,120.649997711182,354.53,2026-09-02 15:44:18,2026-09-02 11:45:02
TSLA,TSLA281215C00360000,TSLA,2028-12-15,C,360.0,114.4,33.0,116.6,126.0,0.4868,992.0,2.0,0.6991,0.0014,1.8949,-0.042,3.0251,115.3045,-2.875,117.33,117.33,114.0,down,114.0,2026-09-02T09:52:09,-2.45989,116.875,354.53,2026-09-02 15:44:18,2026-09-02 11:45:02
TSLA,TSLA281215C00370000,TSLA,2028-12-15,C,370.0,111.05,30.0,112.65,119.0,0.4866,1056.0,3.0,0.6858,0.0014,1.9293,-0.0434,3.0005,111.6706,-3.225,113.95,113.95,110.0,down,110.0,2026-09-02T09:56:53,-2.84831,113.224998474121,354.53,2026-09-02 15:44:18,2026-09-02 11:45:02
TSLA,TSLA281215C00380000,TSLA,2028-12-15,C,380.0,107.6,25.0,109.1,97.0,0.4865,3469.0,13.0,0.6728,0.0014,1.9608,-0.0448,2.9748,108.1913,-2.675,106.75,107.0,106.75,up,107.0,2026-09-02T10:11:19,-2.43903,109.675003051758,354.53,2026-09-02 15:44:18,2026-09-02 11:45:02
TSLA,TSLA281215C00390000,TSLA,2028-12-15,C,390.0,103.95,131.0,106.35,109.0,0.4878,1662.0,0.0,0.6599,0.0014,1.9895,-0.046,2.9459,104.8434,0.0,0.0,0.0,0.0,up,105.6,2026-09-01T15:09:37,0.0,106.125,354.53,2026-09-02 15:44:18,2026-09-02 11:45:02
TSLA,TSLA281215C00400000,TSLA,2028-12-15,C,400.0,101.15,25.0,102.5,132.0,0.4867,8823.0,39.0,0.6471,0.0014,2.0154,-0.0471,2.914,101.6236,-0.6,104.0,104.0,99.43,up,102.5,2026-09-02T11:27:48,-0.581958,103.099998474121,354.53,2026-09-02 15:44:18,2026-09-02 11:45:02
TSLA,TSLA281215C00410000,TSLA,2028-12-15,C,410.0,97.6,24.0,100.45,158.0,0.4882,498.0,6.0,0.6346,0.0014,2.0388,-0.0482,2.8813,98.5447,-2.55,100.45,100.45,97.15,down,97.15,2026-09-02T10:12:41,-2.55767,99.7000007629394,354.53,2026-09-02 15:44:18,2026-09-02 11:45:02
TSLA,TSLA281215C00420000,TSLA,2028-12-15,C,420.0,95.0,32.0,96.55,124.0,0.487,1426.0,14.0,0.6222,0.0015,2.0597,-0.0492,2.8488,95.5662,-0.95,98.0,99.05,95.0,up,96.0,2026-09-02T11:12:14,-0.979887,96.9500007629394,354.53,2026-09-02 15:44:18,2026-09-02 11:45:02
TSLA,TSLA281215C00430000,TSLA,2028-12-15,C,430.0,91.7,84.0,94.65,157.0,0.4885,860.0,0.0,0.6099,0.0015,2.0782,-0.0501,2.8159,92.683,0.0,0.0,0.0,0.0,down,96.33,2026-09-01T10:31:33,0.0,93.8500022888184,354.53,2026-09-02 15:44:18,2026-09-02 11:45:02
TSLA,TSLA281215C00440000,TSLA,2028-12-15,C,440.0,88.95,128.0,91.7,185.0,0.4883,1338.0,0.0,0.598,0.0015,2.0944,-0.0509,2.7818,89.9239,0.0,0.0,0.0,0.0,no_change,90.9,2026-09-01T14:05:10,0.0,91.0750007629394,354.53,2026-09-02 15:44:18,2026-09-02 11:45:02
TSLA,TSLA281215C00450000,TSLA,2028-12-15,C,450.0,87.2,34.0,88.2,114.0,0.4887,7619.0,77.0,0.5862,0.0015,2.1082,-0.0516,2.7456,87.2689,-2.3,85.36,86.1,85.36,up,86.1,2026-09-02T10:11:38,-2.60181,88.3999977111816,354.53,2026-09-02 15:44:18,2026-09-02 11:45:02
TSLA,TSLA281215C00460000,TSLA,2028-12-15,C,460.0,83.7,106.0,86.5,194.0,0.4887,514.0,0.0,0.5746,0.0015,2.1199,-0.0523,2.7082,84.715,0.0,0.0,0.0,0.0,down,87.45,2026-09-01T11:55:00,0.0,85.7749977111816,354.53,2026-09-02 15:44:18,2026-09-02 11:45:02
TSLA,TSLA281215C00470000,TSLA,2028-12-15,C,470.0,81.25,138.0,83.85,214.0,0.4886,564.0,0.0,0.5632,0.0015,2.1297,-0.0529,2.6711,82.258,0.0,0.0,0.0,0.0,no_change,84.55,2026-09-01T09:36:26,0.0,83.2999992370606,354.53,2026-09-02 15:44:18,2026-09-02 11:45:02
TSLA,TSLA281215C00480000,TSLA,2028-12-15,C,480.0,78.85,97.0,81.55,199.0,0.4889,700.0,3.0,0.5521,0.0015,2.1378,-0.0534,2.6349,79.893,-2.3,79.82,79.82,78.6,down,78.6,2026-09-02T11:01:40,-2.84301,80.8999977111816,354.53,2026-09-02 15:44:18,2026-09-02 11:45:02
TSLA,TSLA281215C00490000,TSLA,2028-12-15,C,490.0,77.25,69.0,78.8,139.0,0.4897,1203.0,0.0,0.5412,0.0015,2.1443,-0.0539,2.5992,77.6152,0.0,0.0,0.0,0.0,no_change,79.0,2026-09-01T15:29:21,0.0,78.625,354.53,2026-09-02 15:44:18,2026-09-02 11:45:02
TSLA,TSLA281215C00500000,TSLA,2028-12-15,C,500.0,75.45,29.0,76.3,128.0,0.4903,5589.0,30.0,0.5305,0.0015,2.1491,-0.0543,2.563,75.4211,-1.875,76.8,76.8,73.8,down,74.5,2026-09-02T10:54:53,-2.45499,76.375,354.53,2026-09-02 15:44:18,2026-09-02 11:45:02
TSLA,TSLA281215C00510000,TSLA,2028-12-15,C,510.0,72.25,168.0,74.8,158.0,0.4896,1107.0,0.0,0.5201,0.0015,2.1521,-0.0547,2.5257,73.308,0.0,0.0,0.0,0.0,down,73.15,2026-09-01T15:01:56,0.0,74.3000030517578,354.53,2026-09-02 15:44:18,2026-09-02 11:45:02
TSLA,TSLA281215C00520000,TSLA,2028-12-15,C,520.0,71.15,29.0,72.2,31.0,0.4908,734.0,8.0,0.5098,0.0015,2.1534,-0.055,2.4876,71.2734,-0.755,71.47,71.47,71.47,down,71.47,2026-09-02T09:37:05,-1.04534,72.2249984741211,354.53,2026-09-02 15:44:18,2026-09-02 11:45:02
TSLA,TSLA281215C00530000,TSLA,2028-12-15,C,530.0,68.25,182.0,70.8,178.0,0.4904,1322.0,0.0,0.4998,0.0015,2.1533,-0.0553,2.4495,69.3145,0.0,0.0,0.0,0.0,down,70.0,2026-09-01T09:40:46,0.0,70.2999992370606,354.53,2026-09-02 15:44:18,2026-09-02 11:45:02
TSLA,TSLA281215C00540000,TSLA,2028-12-15,C,540.0,66.35,196.0,68.95,178.0,0.4908,622.0,0.0,0.49,0.0015,2.1521,-0.0555,2.4125,67.4278,0.0,0.0,0.0,0.0,down,67.75,2026-09-01T15:08:44,0.0,68.4500007629394,354.53,2026-09-02 15:44:18,2026-09-02 11:45:02
TSLA,TSLA281215C00550000,TSLA,2028-12-15,C,550.0,64.5,134.0,66.9,182.0,0.4907,1100.0,0.0,0.4804,0.0015,2.1499,-0.0557,2.3766,65.6095,0.0,0.0,0.0,0.0,up,66.0,2026-09-01T14:19:11,0.0,66.4750022888184,354.53,2026-09-02 15:44:18,2026-09-02 11:45:02
TSLA,TSLA281215C00560000,TSLA,2028-12-15,C,560.0,63.9,33.0,64.8,107.0,0.493,6254.0,0.0,0.4711,0.0015,2.1468,-0.0558,2.3414,63.8564,0.0,0.0,0.0,0.0,up,64.9,2026-09-01T15:32:13,0.0,64.7000007629394,354.53,2026-09-02 15:44:18,2026-09-02 11:45:02
TSLA,TSLA281215C00570000,TSLA,2028-12-15,C,570.0,61.05,180.0,63.45,159.0,0.4916,394.0,0.0,0.4619,0.0015,2.1426,-0.056,2.3063,62.1658,0.0,0.0,0.0,0.0,down,63.2,2026-09-01T15:32:13,0.0,63.125,354.53,2026-09-02 15:44:18,2026-09-02 11:45:02
TSLA,TSLA281215C00580000,TSLA,2028-12-15,C,580.0,59.75,44.0,61.7,46.0,0.4925,681.0,0.0,0.453,0.0015,2.1372,-0.056,2.2708,60.5354,0.0,0.0,0.0,0.0,up,67.8,2026-08-31T15:50:11,0.0,61.2999992370606,354.53,2026-09-02 15:44:18,2026-09-02 11:45:02
TSLA,TSLA281215C00590000,TSLA,2028-12-15,C,590.0,58.15,185.0,60.4,175.0,0.4936,845.0,0.0,0.4442,0.0015,2.1306,-0.0561,2.2348,58.9635,0.0,0.0,0.0,0.0,down,61.6,2026-09-01T10:43:31,0.0,59.8999996185303,354.53,2026-09-02 15:44:18,2026-09-02 11:45:02
TSLA,TSLA281215C00600000,TSLA,2028-12-15,C,600.0,57.55,29.0,58.4,133.0,0.4951,11958.0,23.0,0.4357,0.0015,2.1231,-0.0561,2.199,57.4481,-1.075,56.43,57.75,56.0,down,57.15,2026-09-02T11:06:06,-1.84629,58.2250003814697,354.53,2026-09-02 15:44:18,2026-09-02 11:45:02
TSLA,TSLA281215C00610000,TSLA,2028-12-15,C,610.0,54.85,207.0,57.2,208.0,0.4933,404.0,2.0,0.4274,0.0015,2.1148,-0.0561,2.1638,55.9869,-0.325,56.45,56.45,56.45,down,56.45,2026-09-02T10:26:07,-0.572438,56.7750015258789,354.53,2026-09-02 15:44:18,2026-09-02 11:45:02
TSLA,TSLA281215C00620000,TSLA,2028-12-15,C,620.0,53.45,224.0,56.25,230.0,0.495,817.0,4.0,0.4193,0.0015,2.106,-0.056,2.1297,54.5773,-0.545,54.88,54.88,54.88,up,54.88,2026-09-02T09:37:05,-0.983313,55.4250011444092,354.53,2026-09-02 15:44:18,2026-09-02 11:45:02
TSLA,TSLA281215C00630000,TSLA,2028-12-15,C,630.0,52.1,140.0,54.95,203.0,0.4957,638.0,3.0,0.4114,0.0015,2.0968,-0.056,2.0967,53.2169,-2.225,51.9,51.9,51.9,down,51.9,2026-09-02T09:47:28,-4.11085,54.125,354.53,2026-09-02 15:44:18,2026-09-02 11:45:02
TSLA,TSLA281215C00640000,TSLA,2028-12-15,C,640.0,51.9,32.0,52.95,105.0,0.4972,567.0,62.0,0.4036,0.0015,2.0872,-0.0558,2.0646,51.9032,-0.92,50.46,51.83,50.46,up,51.83,2026-09-02T11:04:57,-1.74408,52.75,354.53,2026-09-02 15:44:18,2026-09-02 11:45:02
TSLA,TSLA281215C00650000,TSLA,2028-12-15,C,650.0,50.55,19.0,51.6,130.0,0.4974,1870.0,13.0,0.3961,0.0014,2.0771,-0.0557,2.033,50.6343,-2.15,49.7,49.7,49.2,down,49.2,2026-09-02T09:45:04,-4.18695,51.3500003814697,354.53,2026-09-02 15:44:18,2026-09-02 11:45:02
TSLA,TSLA281215C00660000,TSLA,2028-12-15,C,660.0,48.3,197.0,51.05,204.0,0.4972,408.0,14.0,0.3887,0.0014,2.0663,-0.0556,2.0014,49.4086,-1.55,48.7,48.7,48.7,down,48.7,2026-09-02T09:48:04,-3.08458,50.25,354.53,2026-09-02 15:44:18,2026-09-02 11:45:02
TSLA,TSLA281215C00670000,TSLA,2028-12-15,C,670.0,47.1,198.0,49.45,153.0,0.4967,739.0,3.0,0.3815,0.0014,2.0548,-0.0554,1.9697,48.2248,-1.64,47.2,47.36,47.15,up,47.36,2026-09-02T10:09:19,-3.34694,49.0,354.53,2026-09-02 15:44:18,2026-09-02 11:45:02
TSLA,TSLA281215C00680000,TSLA,2028-12-15,C,680.0,45.95,238.0,48.45,185.0,0.4976,759.0,3.0,0.3745,0.0014,2.0427,-0.0553,1.9381,47.0814,-1.93,45.92,45.92,45.92,down,45.92,2026-09-02T10:04:45,-4.03344,47.8500003814697,354.53,2026-09-02 15:44:18,2026-09-02 11:45:02
TSLA,TSLA281215C00690000,TSLA,2028-12-15,C,690.0,44.85,240.0,47.4,185.0,0.4983,630.0,0.0,0.3676,0.0014,2.0301,-0.0551,1.9068,45.9771,0.0,0.0,0.0,0.0,down,49.56,2026-09-01T09:30:04,0.0,46.7000007629394,354.53,2026-09-02 15:44:18,2026-09-02 11:45:02
TSLA,TSLA281215C00700000,TSLA,2028-12-15,C,700.0,44.9,33.0,45.9,159.0,0.5006,2486.0,13.0,0.361,0.0014,2.0172,-0.0549,1.8762,44.9104,0.2,43.97,45.85,43.7,up,45.85,2026-09-02T10:44:19,0.438113,45.6500015258789,354.53,2026-09-02 15:44:18,2026-09-02 11:45:02
TSLA,TSLA281215C00710000,TSLA,2028-12-15,C,710.0,42.75,211.0,45.15,155.0,0.4991,489.0,0.0,0.3545,0.0014,2.0041,-0.0547,1.8466,43.8795,0.0,0.0,0.0,0.0,down,44.48,2026-09-01T15:22:37,0.0,44.6000003814697,354.53,2026-09-02 15:44:18,2026-09-02 11:45:02
TSLA,TSLA281215C00720000,TSLA,2028-12-15,C,720.0,42.85,15.0,43.85,128.0,0.5017,3333.0,60.0,0.3481,0.0014,1.991,-0.0545,1.818,42.8827,-0.62,42.62,42.98,41.78,no_change,42.98,2026-09-02T10:19:31,-1.42202,43.6000003814697,354.53,2026-09-02 15:44:18,2026-09-02 11:45:02
TSLA,TSLA281215C00730000,TSLA,2028-12-15,C,730.0,41.0,198.0,43.3,186.0,0.5011,313.0,1.0,0.3419,0.0014,1.9778,-0.0542,1.7902,41.9185,-0.51,42.09,42.09,42.09,up,42.09,2026-09-02T11:13:10,-1.19718,42.6000003814697,354.53,2026-09-02 15:44:18,2026-09-02 11:45:02
TSLA,TSLA281215C00740000,TSLA,2028-12-15,C,740.0,39.9,237.0,42.65,255.0,0.502,377.0,0.0,0.3359,0.0014,1.9646,-0.054,1.7632,40.9856,0.0,0.0,0.0,0.0,down,41.87,2026-08-27T11:35:17,0.0,41.375,354.53,2026-09-02 15:44:18,2026-09-02 11:45:02
TSLA,TSLA281215C00750000,TSLA,2028-12-15,C,750.0,40.1,28.0,40.9,73.0,0.5033,3003.0,0.0,0.33,0.0013,1.9512,-0.0537,1.7365,40.0825,0.0,0.0,0.0,0.0,down,39.9,2026-09-01T15:01:40,0.0,40.75,354.53,2026-09-02 15:44:18,2026-09-02 11:45:02
TSLA,TSLA281215C00760000,TSLA,2028-12-15,C,760.0,38.1,218.0,40.6,240.0,0.5025,697.0,0.0,0.3242,0.0013,1.9376,-0.0535,1.7101,39.2084,0.0,0.0,0.0,0.0,up,37.7,2026-08-20T10:07:35,0.0,39.7000007629394,354.53,2026-09-02 15:44:18,2026-09-02 11:45:02
TSLA,TSLA281215C00770000,TSLA,2028-12-15,C,770.0,37.5,212.0,39.35,121.0,0.5027,558.0,0.0,0.3186,0.0013,1.9236,-0.0532,1.6838,38.3623,0.0,0.0,0.0,0.0,no_change,43.28,2026-08-31T14:37:52,0.0,38.7250003814697,354.53,2026-09-02 15:44:18,2026-09-02 11:45:02
TSLA,TSLA281215C00780000,TSLA,2028-12-15,C,780.0,36.45,102.0,39.2,85.0,0.5045,549.0,0.0,0.3132,0.0013,1.9093,-0.0529,1.6577,37.5433,0.0,0.0,0.0,0.0,no_change,42.25,2026-08-31T15:22:43,0.0,38.0500011444092,354.53,2026-09-02 15:44:18,2026-09-02 11:45:02
TSLA,TSLA281215C00790000,TSLA,2028-12-15,C,790.0,36.1,182.0,37.6,112.0,0.5042,1265.0,0.0,0.3078,0.0013,1.8947,-0.0526,1.6318,36.7506,0.0,0.0,0.0,0.0,up,41.15,2026-08-31T12:34:42,0.0,37.3249988555908,354.53,2026-09-02 15:44:18,2026-09-02 11:45:02
TSLA,TSLA281215C00800000,TSLA,2028-12-15,C,800.0,35.85,18.0,36.75,159.0,0.506,20158.0,1018.0,0.3026,0.0013,1.88,-0.0523,1.6064,35.9831,-0.4,35.6,36.0,35.0,no_change,36.0,2026-09-02T10:52:54,-1.0989,36.3999996185303,354.53,2026-09-02 15:44:18,2026-09-02 11:45:02
TSLA,TSLA281215C00810000,TSLA,2028-12-15,C,810.0,34.15,76.0,36.05,159.0,0.5042,454.0,1.0,0.2976,0.0013,1.8654,-0.052,1.5817,35.2399,0.3,35.9,35.9,35.9,up,35.9,2026-09-02T09:31:37,0.842701,35.5999984741211,354.53,2026-09-02 15:44:18,2026-09-02 11:45:02
TSLA,TSLA281215C00820000,TSLA,2028-12-15,C,820.0,33.9,171.0,35.7,215.0,0.5071,563.0,0.0,0.2926,0.0013,1.8508,-0.0518,1.5577,34.52,0.0,0.0,0.0,0.0,down,35.8,2026-09-01T10:55:10,0.0,35.0499992370606,354.53,2026-09-02 15:44:18,2026-09-02 11:45:02
TSLA,TSLA281215C00830000,TSLA,2028-12-15,C,830.0,32.7,253.0,34.65,131.0,0.5054,238.0,0.0,0.2878,0.0012,1.8363,-0.0514,1.5346,33.8223,0.0,0.0,0.0,0.0,up,33.84,2026-09-01T14:42:56,0.0,34.375,354.53,2026-09-02 15:44:18,2026-09-02 11:45:02
TSLA,TSLA281215C00840000,TSLA,2028-12-15,C,840.0,32.4,74.0,33.95,141.0,0.507,464.0,1.0,0.2831,0.0012,1.822,-0.0512,1.5121,33.1458,-0.475,33.2,33.2,33.2,up,33.2,2026-09-02T09:36:58,-1.41055,33.6750011444092,354.53,2026-09-02 15:44:18,2026-09-02 11:45:02
TSLA,TSLA281215C00850000,TSLA,2028-12-15,C,850.0,31.9,160.0,33.35,133.0,0.5083,1597.0,0.0,0.2784,0.0012,1.8079,-0.0508,1.4903,32.4898,0.0,0.0,0.0,0.0,down,33.89,2026-09-01T10:30:31,0.0,32.8999996185303,354.53,2026-09-02 15:44:18,2026-09-02 11:45:02
TSLA,TSLA281215C00860000,TSLA,2028-12-15,C,860.0,31.65,14.0,32.8,160.0,0.5103,2237.0,0.0,0.274,0.0012,1.7939,-0.0505,1.4689,31.8533,0.0,0.0,0.0,0.0,up,36.1,2026-08-31T15:25:56,0.0,32.2500009536743,354.53,2026-09-02 15:44:18,2026-09-02 11:45:02
TSLA,TSLA281215C00870000,TSLA,2028-12-15,C,870.0,31.15,12.0,32.0,222.0,0.5108,12116.0,21.0,0.2696,0.0012,1.7797,-0.0502,1.4478,31.2311,-1.325,31.1,31.1,30.45,down,30.45,2026-09-02T11:00:19,-4.16994,31.7749996185303,354.53,2026-09-02 15:44:18,2026-09-02 11:45:02
TSLA,TSLA281215C00880000,TSLA,2028-12-15,C,880.0,29.95,150.0,31.45,155.0,0.5099,188.0,0.0,0.2653,0.0012,1.7657,-0.0499,1.427,30.6318,0.0,0.0,0.0,0.0,down,35.21,2026-08-21T13:36:19,0.0,31.1999998092651,354.53,2026-09-02 15:44:18,2026-09-02 11:45:02
TSLA,TSLA281215C00890000,TSLA,2028-12-15,C,890.0,29.7,63.0,30.9,164.0,0.5116,373.0,0.0,0.2611,0.0012,1.7516,-0.0496,1.4065,30.0502,0.0,0.0,0.0,0.0,no_change,30.0,2026-09-01T14:58:56,0.0,30.7000007629394,354.53,2026-09-02 15:44:18,2026-09-02 11:45:02
TSLA,TSLA281215C00900000,TSLA,2028-12-15,C,900.0,29.35,11.0,30.05,194.0,0.512,5628.0,1008.0,0.257,0.0012,1.7373,-0.0493,1.3861,29.4857,-0.435,30.1,30.15,28.15,up,29.39,2026-09-02T11:10:56,-1.45851,29.8249998092651,354.53,2026-09-02 15:44:18,2026-09-02 11:45:02
TSLA,TSLA281215P00005000,TSLA,2028-12-15,P,5.0,0.01,5.0,0.03,2.0,0.9803,4484.0,5.0,-0.0001,0.0,0.0028,-0.0002,-0.0016,0.0253,-0.005,0.02,0.02,0.02,down,0.02,2026-09-02T10:30:18,-20.0,0.0249999994412065,354.53,2026-09-02 15:44:18,2026-09-02 11:45:02
TSLA,TSLA281215P00010000,TSLA,2028-12-15,P,10.0,0.01,1.0,0.13,10.0,0.9092,262.0,0.0,-0.0003,0.0,0.0065,-0.0003,-0.0037,0.0563,0.0,0.0,0.0,0.0,down,0.08,2026-08-04T15:28:55,0.0,0.0400000000372529,354.53,2026-09-02 15:44:18,2026-09-02 11:45:02
TSLA,TSLA281215P00015000,TSLA,2028-12-15,P,15.0,0.03,500.0,0.14,3.0,0.8149,1076.0,0.0,-0.0006,0.0,0.0113,-0.0005,-0.0066,0.0967,0.0,0.0,0.0,0.0,no_change,0.11,2026-08-31T11:52:02,0.0,0.0900000026449561,354.53,2026-09-02 15:44:18,2026-09-02 11:45:02
TSLA,TSLA281215P00020000,TSLA,2028-12-15,P,20.0,0.0,0.0,0.27,10.0,0.775,76.0,0.0,-0.0009,0.0,0.0172,-0.0008,-0.0103,0.1475,0.0,0.0,0.0,0.0,down,0.16,2026-07-30T11:40:05,0.0,0.135000005364418,354.53,2026-09-02 15:44:18,2026-09-02 11:45:02
TSLA,TSLA281215P00025000,TSLA,2028-12-15,P,25.0,0.18,200.0,0.27,3.0,0.7562,237.0,0.0,-0.0014,0.0,0.0242,-0.001,-0.0148,0.2101,0.0,0.0,0.0,0.0,down,0.2,2026-08-31T14:31:44,0.0,0.219999998807907,354.53,2026-09-02 15:44:18,2026-09-02 11:45:02
TSLA,TSLA281215P00030000,TSLA,2028-12-15,P,30.0,0.2,10.0,0.55,2.0,0.7499,409.0,0.0,-0.0018,0.0,0.0324,-0.0013,-0.0203,0.2853,0.0,0.0,0.0,0.0,no_change,0.26,2026-08-25T13:41:51,0.0,0.375000007450581,354.53,2026-09-02 15:44:18,2026-09-02 11:45:02
TSLA,TSLA281215P00035000,TSLA,2028-12-15,P,35.0,0.09,37.0,0.8,38.0,0.7185,405.0,0.0,-0.0025,0.0,0.0419,-0.0016,-0.0268,0.3748,0.0,0.0,0.0,0.0,no_change,0.41,2026-08-28T12:05:24,0.0,0.445000007748604,354.53,2026-09-02 15:44:18,2026-09-02 11:45:02
TSLA,TSLA281215P00040000,TSLA,2028-12-15,P,40.0,0.19,49.0,0.58,1.0,0.664,308.0,0.0,-0.0032,0.0,0.0526,-0.002,-0.0342,0.4789,0.0,0.0,0.0,0.0,down,0.49,2026-09-01T11:36:56,0.0,0.495000004768372,354.53,2026-09-02 15:44:18,2026-09-02 11:45:02
TSLA,TSLA281215P00045000,TSLA,2028-12-15,P,45.0,0.29,39.0,0.67,1.0,0.6469,71.0,0.0,-0.004,0.0,0.0648,-0.0024,-0.043,0.6004,0.0,0.0,0.0,0.0,up,0.65,2026-08-31T12:25:31,0.0,0.574999988079071,354.53,2026-09-02 15:44:18,2026-09-02 11:45:02
TSLA,TSLA281215P00050000,TSLA,2028-12-15,P,50.0,0.41,105.0,1.15,20.0,0.6594,1496.0,0.0,-0.0049,0.0,0.0779,-0.0029,-0.0527,0.7374,0.0,0.0,0.0,0.0,down,0.74,2026-09-01T09:30:00,0.0,0.804999977350235,354.53,2026-09-02 15:44:18,2026-09-02 11:45:02
TSLA,TSLA281215P00060000,TSLA,2028-12-15,P,60.0,0.75,25.0,1.24,1.0,0.6224,861.0,0.0,-0.0072,0.0001,0.1088,-0.0039,-0.0763,1.0726,0.0,0.0,0.0,0.0,down,1.1,2026-08-28T13:13:16,0.0,1.13500002026558,354.53,2026-09-02 15:44:18,2026-09-02 11:45:02
TSLA,TSLA281215P00070000,TSLA,2028-12-15,P,70.0,1.13,92.0,2.07,137.0,0.6181,113.0,0.0,-0.0099,0.0001,0.1444,-0.005,-0.1052,1.4907,0.0,0.0,0.0,0.0,up,1.52,2026-09-01T11:36:56,0.0,1.53999996185303,354.53,2026-09-02 15:44:18,2026-09-02 11:45:02
TSLA,TSLA281215P00080000,TSLA,2028-12-15,P,80.0,1.59,218.0,2.5,242.0,0.5965,292.0,2.0,-0.0133,0.0001,0.1857,-0.0063,-0.1404,2.0035,-0.195,2.1,2.1,2.02,down,2.02,2026-09-02T10:03:52,-8.80361,2.2150000333786,354.53,2026-09-02 15:44:18,2026-09-02 11:45:02
TSLA,TSLA281215P00090000,TSLA,2028-12-15,P,90.0,2.3,169.0,3.05,183.0,0.5827,262.0,0.0,-0.0172,0.0001,0.2316,-0.0076,-0.1812,2.621,0.0,0.0,0.0,0.0,down,3.52,2026-08-07T13:12:44,0.0,2.93999993801117,354.53,2026-09-02 15:44:18,2026-09-02 11:45:02
TSLA,TSLA281215P00100000,TSLA,2028-12-15,P,100.0,3.05,106.0,3.55,102.0,0.5663,3034.0,3.0,-0.0218,0.0002,0.2831,-0.0092,-0.2292,3.3538,0.005,3.37,3.38,3.37,up,3.38,2026-09-02T10:54:47,0.148148,3.375,354.53,2026-09-02 15:44:18,2026-09-02 11:45:02
TSLA,TSLA281215P00110000,TSLA,2028-12-15,P,110.0,4.0,32.0,4.6,78.0,0.5607,443.0,0.0,-0.027,0.0002,0.3384,-0.0108,-0.2829,4.2064,0.0,0.0,0.0,0.0,down,4.5,2026-08-27T09:58:23,0.0,4.22500014305115,354.53,2026-09-02 15:44:18,2026-09-02 11:45:02
TSLA,TSLA281215P00120000,TSLA,2028-12-15,P,120.0,4.8,153.0,5.6,170.0,0.5484,483.0,0.0,-0.033,0.0002,0.4001,-0.0125,-0.3446,5.2068,0.0,0.0,0.0,0.0,down,5.13,2026-09-01T14:43:01,0.0,5.07500004768372,354.53,2026-09-02 15:44:18,2026-09-02 11:45:02
TSLA,TSLA281215P00130000,TSLA,2028-12-15,P,130.0,5.95,136.0,6.75,142.0,0.5407,244.0,2.0,-0.0396,0.0003,0.4633,-0.0143,-0.4118,6.341,0.025,6.4,6.4,6.4,no_change,6.4,2026-09-02T10:21:08,0.392157,6.375,354.53,2026-09-02 15:44:18,2026-09-02 11:45:02
TSLA,TSLA281215P00140000,TSLA,2028-12-15,P,140.0,7.0,178.0,8.1,142.0,0.5313,425.0,0.0,-0.0471,0.0004,0.5313,-0.0162,-0.4876,7.6492,0.0,0.0,0.0,0.0,down,7.66,2026-08-31T12:42:16,0.0,7.65000009536743,354.53,2026-09-02 15:44:18,2026-09-02 11:45:02
TSLA,TSLA281215P00150000,TSLA,2028-12-15,P,150.0,8.9,108.0,9.45,109.0,0.528,1686.0,0.0,-0.0551,0.0004,0.6027,-0.0182,-0.5692,9.1084,0.0,0.0,0.0,0.0,up,9.3,2026-09-01T15:07:02,0.0,9.125,354.53,2026-09-02 15:44:18,2026-09-02 11:45:02
TSLA,TSLA281215P00155000,TSLA,2028-12-15,P,155.0,9.05,323.0,10.5,352.0,0.5216,54.0,0.0,-0.0596,0.0004,0.639,-0.0192,-0.6131,9.9181,0.0,0.0,0.0,0.0,up,10.39,2026-08-31T10:11:13,0.0,9.9249997138977,354.53,2026-09-02 15:44:18,2026-09-02 11:45:02
TSLA,TSLA281215P00160000,TSLA,2028-12-15,P,160.0,10.55,87.0,11.15,157.0,0.5225,681.0,0.0,-0.0641,0.0005,0.6761,-0.0203,-0.6588,10.7633,0.0,0.0,0.0,0.0,down,10.79,2026-08-31T14:11:35,0.0,10.8499999046326,354.53,2026-09-02 15:44:18,2026-09-02 11:45:02
TSLA,TSLA281215P00165000,TSLA,2028-12-15,P,165.0,11.45,73.0,12.0,100.0,0.5196,12.0,0.0,-0.0688,0.0005,0.7137,-0.0213,-0.7061,11.6565,0.0,0.0,0.0,0.0,down,11.8,2026-08-31T10:35:24,0.0,11.6749997138977,354.53,2026-09-02 15:44:18,2026-09-02 11:45:02
TSLA,TSLA281215P00170000,TSLA,2028-12-15,P,170.0,12.35,50.0,13.05,105.0,0.5176,951.0,0.0,-0.0736,0.0005,0.753,-0.0223,-0.7568,12.5966,0.0,0.0,0.0,0.0,up,12.65,2026-09-01T15:36:14,0.0,12.6500000953674,354.53,2026-09-02 15:44:18,2026-09-02 11:45:02
TSLA,TSLA281215P00175000,TSLA,2028-12-15,P,175.0,13.3,68.0,14.0,98.0,0.515,8186.0,0.0,-0.0785,0.0006,0.7898,-0.0234,-0.8046,13.5729,0.0,0.0,0.0,0.0,up,13.6,2026-09-01T11:22:53,0.0,13.5999999046326,354.53,2026-09-02 15:44:18,2026-09-02 11:45:02
TSLA,TSLA281215P00180000,TSLA,2028-12-15,P,180.0,14.35,118.0,15.2,215.0,0.5136,775.0,0.0,-0.0839,0.0006,0.8292,-0.0244,-0.8575,14.6267,0.0,0.0,0.0,0.0,down,14.49,2026-08-31T15:43:28,0.0,14.6500000953674,354.53,2026-09-02 15:44:18,2026-09-02 11:45:02
TSLA,TSLA281215P00185000,TSLA,2028-12-15,P,185.0,15.45,79.0,16.2,106.0,0.5112,95.0,0.0,-0.0892,0.0006,0.8674,-0.0255,-0.9119,15.7137,0.0,0.0,0.0,0.0,down,15.72,2026-08-31T12:53:11,0.0,15.8000001907349,354.53,2026-09-02 15:44:18,2026-09-02 11:45:02
TSLA,TSLA281215P00190000,TSLA,2028-12-15,P,190.0,16.6,111.0,17.4,211.0,0.5096,230.0,0.0,-0.0948,0.0006,0.9074,-0.0266,-0.9638,16.8571,0.0,0.0,0.0,0.0,down,16.86,2026-09-01T15:15:41,0.0,17.0,354.53,2026-09-02 15:44:18,2026-09-02 11:45:02
TSLA,TSLA281215P00195000,TSLA,2028-12-15,P,195.0,17.75,75.0,18.35,34.0,0.5062,202.0,1.0,-0.1005,0.0007,0.945,-0.0276,-1.02,18.0527,0.095,18.12,18.12,18.12,up,18.12,2026-09-02T11:08:59,0.527043,18.0250005722046,354.53,2026-09-02 15:44:18,2026-09-02 11:45:02
TSLA,TSLA281215P00200000,TSLA,2028-12-15,P,200.0,19.05,51.0,19.8,131.0,0.5059,5589.0,0.0,-0.1063,0.0007,0.9852,-0.0287,-1.0798,19.2989,0.0,0.0,0.0,0.0,down,19.3,2026-09-01T15:27:11,0.0,19.2750005722046,354.53,2026-09-02 15:44:18,2026-09-02 11:45:02
TSLA,TSLA281215P00210000,TSLA,2028-12-15,P,210.0,21.7,113.0,22.45,115.0,0.5029,2119.0,0.0,-0.1185,0.0008,1.0627,-0.0308,-1.1959,21.9522,0.0,0.0,0.0,0.0,up,21.86,2026-09-01T12:16:06,0.0,22.0250005722046,354.53,2026-09-02 15:44:18,2026-09-02 11:45:02
TSLA,TSLA281215P00220000,TSLA,2028-12-15,P,220.0,24.45,88.0,25.55,212.0,0.5008,1062.0,0.0,-0.1311,0.0008,1.1399,-0.033,-1.3176,24.8125,0.0,0.0,0.0,0.0,down,24.74,2026-09-01T15:09:10,0.0,24.8500003814697,354.53,2026-09-02 15:44:18,2026-09-02 11:45:02
TSLA,TSLA281215P00230000,TSLA,2028-12-15,P,230.0,27.65,136.0,28.35,129.0,0.4978,3030.0,0.0,-0.1443,0.0009,1.2162,-0.035,-1.4467,27.8967,0.0,0.0,0.0,0.0,up,27.8,2026-09-01T14:05:51,0.0,27.9249992370605,354.53,2026-09-02 15:44:18,2026-09-02 11:45:02
TSLA,TSLA281215P00240000,TSLA,2028-12-15,P,240.0,30.85,90.0,32.1,215.0,0.4972,1844.0,2.0,-0.158,0.001,1.2893,-0.037,-1.575,31.1999,0.725,31.49,31.85,31.49,up,31.85,2026-09-02T10:06:08,2.32932,31.125,354.53,2026-09-02 15:44:18,2026-09-02 11:45:02
TSLA,TSLA281215P00250000,TSLA,2028-12-15,P,250.0,34.3,154.0,35.25,134.0,0.4938,11576.0,2.0,-0.172,0.001,1.3595,-0.039,-1.7034,34.7181,0.575,34.1,35.25,34.1,up,35.25,2026-09-02T10:07:26,1.65826,34.6749992370606,354.53,2026-09-02 15:44:18,2026-09-02 11:45:02
TSLA,TSLA281215P00260000,TSLA,2028-12-15,P,260.0,38.1,142.0,39.0,159.0,0.4926,3108.0,3.0,-0.1865,0.0011,1.4273,-0.041,-1.8359,38.4539,0.8,38.28,39.15,38.28,up,39.15,2026-09-02T09:49:25,2.08605,38.3500003814697,354.53,2026-09-02 15:44:18,2026-09-02 11:45:02
TSLA,TSLA281215P00270000,TSLA,2028-12-15,P,270.0,42.05,70.0,42.6,72.0,0.4902,2061.0,12.0,-0.2012,0.0011,1.4941,-0.0428,-1.9682,42.4016,0.1,43.05,43.05,42.2,up,42.3,2026-09-02T10:34:25,0.236965,42.2000007629394,354.53,2026-09-02 15:44:18,2026-09-02 11:45:02
TSLA,TSLA281215P00280000,TSLA,2028-12-15,P,280.0,46.0,147.0,47.1,169.0,0.4895,4699.0,0.0,-0.2163,0.0012,1.5554,-0.0446,-2.1057,46.5722,0.0,0.0,0.0,0.0,down,46.05,2026-09-01T15:57:23,0.0,46.3500003814697,354.53,2026-09-02 15:44:18,2026-09-02 11:45:02
TSLA,TSLA281215P00290000,TSLA,2028-12-15,P,290.0,50.5,90.0,51.55,90.0,0.4894,2497.0,0.0,-0.2314,0.0013,1.615,-0.0463,-2.2383,50.9239,0.0,0.0,0.0,0.0,up,49.5,2026-08-31T14:29:30,0.0,50.6749992370606,354.53,2026-09-02 15:44:18,2026-09-02 11:45:02
TSLA,TSLA281215P00300000,TSLA,2028-12-15,P,300.0,54.6,254.0,56.0,148.0,0.4868,6193.0,4.0,-0.2469,0.0013,1.6703,-0.0479,-2.3657,55.5034,0.65,56.08,56.33,55.7,down,55.7,2026-09-02T10:24:27,1.18074,55.0500011444092,354.53,2026-09-02 15:44:18,2026-09-02 11:45:02
TSLA,TSLA281215P00310000,TSLA,2028-12-15,P,310.0,59.65,152.0,60.9,162.0,0.4874,4284.0,27.0,-0.2625,0.0014,1.7219,-0.0494,-2.4989,60.2715,0.525,60.93,60.93,60.5,down,60.5,2026-09-02T10:24:23,0.875367,59.9749984741211,354.53,2026-09-02 15:44:18,2026-09-02 11:45:02
TSLA,TSLA281215P00320000,TSLA,2028-12-15,P,320.0,64.65,118.0,65.85,125.0,0.4871,3832.0,26.0,-0.2781,0.0014,1.7694,-0.0508,-2.629,65.2184,0.6,65.04,65.5,65.04,up,65.5,2026-09-02T10:24:23,0.924497,64.9000015258789,354.53,2026-09-02 15:44:18,2026-09-02 11:45:02
TSLA,TSLA281215P00330000,TSLA,2028-12-15,P,330.0,69.8,53.0,71.15,57.0,0.487,1093.0,3.0,-0.294,0.0015,1.8134,-0.0522,-2.753,70.3785,0.045,70.17,70.17,70.17,down,70.17,2026-09-02T09:37:01,0.0641711,70.125,354.53,2026-09-02 15:44:18,2026-09-02 11:45:02
TSLA,TSLA281215P00340000,TSLA,2028-12-15,P,340.0,74.5,178.0,77.0,86.0,0.4865,1652.0,1.0,-0.3097,0.0015,1.8531,-0.0535,-2.8746,75.6957,-0.875,74.4,74.4,74.4,down,74.4,2026-09-02T09:30:01,-1.16241,75.2750015258789,354.53,2026-09-02 15:44:18,2026-09-02 11:45:02
TSLA,TSLA281215P00350000,TSLA,2028-12-15,P,350.0,80.5,84.0,81.2,52.0,0.4841,3822.0,38.0,-0.3256,0.0016,1.8894,-0.0547,-2.9944,81.2093,1.07,80.85,81.92,80.85,down,81.87,2026-09-02T10:11:06,1.32426,80.7999992370606,354.53,2026-09-02 15:44:18,2026-09-02 11:45:02
TSLA,TSLA281215P00360000,TSLA,2028-12-15,P,360.0,85.85,268.0,87.25,75.0,0.484,1658.0,10.0,-0.3414,0.0016,1.9208,-0.0558,-3.1061,86.8938,1.695,86.28,88.02,86.28,up,88.02,2026-09-02T10:08:02,1.96351,86.3250007629394,354.53,2026-09-02 15:44:18,2026-09-02 11:45:02
TSLA,TSLA281215P00370000,TSLA,2028-12-15,P,370.0,91.6,244.0,94.25,217.0,0.4866,1369.0,0.0,-0.3573,0.0016,1.9493,-0.0568,-3.2142,92.7516,0.0,0.0,0.0,0.0,down,92.0,2026-09-01T15:22:32,0.0,92.0750007629394,354.53,2026-09-02 15:44:18,2026-09-02 11:45:02
TSLA,TSLA281215P00380000,TSLA,2028-12-15,P,380.0,97.95,90.0,99.9,61.0,0.4865,1634.0,2.0,-0.373,0.0017,1.9739,-0.0577,-3.3131,98.7548,1.73,96.94,99.73,96.94,up,99.73,2026-09-02T10:00:21,1.76531,98.0,354.53,2026-09-02 15:44:18,2026-09-02 11:45:02
TSLA,TSLA281215P00390000,TSLA,2028-12-15,P,390.0,104.05,94.0,105.5,202.0,0.485,2395.0,0.0,-0.3886,0.0017,1.9946,-0.0586,-3.4103,104.921,0.0,0.0,0.0,0.0,down,104.46,2026-09-01T14:37:27,0.0,104.149997711182,354.53,2026-09-02 15:44:18,2026-09-02 11:45:02
TSLA,TSLA281215P00400000,TSLA,2028-12-15,P,400.0,110.25,215.0,111.8,112.0,0.4846,3131.0,3.0,-0.4043,0.0018,2.0112,-0.0594,-3.5179,111.2543,-0.075,108.9,110.3,108.9,up,110.3,2026-09-02T09:31:37,-0.0679502,110.375,354.53,2026-09-02 15:44:18,2026-09-02 11:45:02
TSLA,TSLA281215P00410000,TSLA,2028-12-15,P,410.0,116.45,143.0,119.65,165.0,0.4875,1623.0,0.0,-0.4198,0.0018,2.023,-0.06,-3.606,117.7202,0.0,0.0,0.0,0.0,down,115.55,2026-08-31T10:30:31,0.0,116.950000762939,354.53,2026-09-02 15:44:18,2026-09-02 11:45:02
TSLA,TSLA281215P00420000,TSLA,2028-12-15,P,420.0,123.2,174.0,126.25,159.0,0.4879,981.0,2.0,-0.4353,0.0018,2.0347,-0.0607,-3.6847,124.3418,0.1,123.9,123.9,123.4,down,123.4,2026-09-02T10:43:30,0.0811036,123.299999237061,354.53,2026-09-02 15:44:18,2026-09-02 11:45:02
TSLA,TSLA281215P00430000,TSLA,2028-12-15,P,430.0,129.05,198.0,133.2,164.0,0.4863,745.0,1.0,-0.4506,0.0019,2.0398,-0.0613,-3.7765,131.0968,1.675,131.75,131.75,131.75,up,131.75,2026-09-02T09:58:25,1.28772,130.075004577637,354.53,2026-09-02 15:44:18,2026-09-02 11:45:02
TSLA,TSLA281215P00440000,TSLA,2028-12-15,P,440.0,136.2,226.0,139.0,183.0,0.4845,803.0,0.0,-0.4657,0.0019,2.0425,-0.0617,-3.832,137.9855,0.0,0.0,0.0,0.0,down,132.83,2026-08-31T15:53:40,0.0,136.774993896484,354.53,2026-09-02 15:44:18,2026-09-02 11:45:02
TSLA,TSLA281215P00450000,TSLA,2028-12-15,P,450.0,143.25,241.0,144.9,58.0,0.482,1675.0,13.0,-0.4808,0.0019,2.0382,-0.0622,-3.8862,145.0065,0.8,145.0,145.9,144.5,down,144.5,2026-09-02T11:11:40,0.556718,143.699996948242,354.53,2026-09-02 15:44:18,2026-09-02 11:45:02
TSLA,TSLA281215P00460000,TSLA,2028-12-15,P,460.0,149.9,280.0,154.25,173.0,0.4865,333.0,0.0,-0.4958,0.002,2.0384,-0.0626,-3.9681,152.1512,0.0,0.0,0.0,0.0,up,158.17,2026-08-26T13:07:44,0.0,151.125,354.53,2026-09-02 15:44:18,2026-09-02 11:45:02
TSLA,TSLA281215P00470000,TSLA,2028-12-15,P,470.0,157.15,214.0,161.55,170.0,0.4868,393.0,0.0,-0.5105,0.002,2.0311,-0.0629,-4.0182,159.4161,0.0,0.0,0.0,0.0,up,154.7,2026-08-31T14:56:17,0.0,158.475006103516,354.53,2026-09-02 15:44:18,2026-09-02 11:45:02
TSLA,TSLA281215P00480000,TSLA,2028-12-15,P,480.0,165.5,150.0,167.25,79.0,0.4853,353.0,0.0,-0.5251,0.002,2.0236,-0.0631,-4.0293,166.808,0.0,0.0,0.0,0.0,down,164.67,2026-09-01T10:27:32,0.0,165.875,354.53,2026-09-02 15:44:18,2026-09-02 11:45:02
TSLA,TSLA281215P00490000,TSLA,2028-12-15,P,490.0,172.9,167.0,174.75,78.0,0.4855,2137.0,0.0,-0.5397,0.002,2.0097,-0.0634,-4.0944,174.2935,0.0,0.0,0.0,0.0,up,169.15,2026-08-31T14:56:17,0.0,172.875,354.53,2026-09-02 15:44:18,2026-09-02 11:45:02
TSLA,TSLA281215P00500000,TSLA,2028-12-15,P,500.0,180.2,197.0,182.25,59.0,0.4848,5550.0,1.0,-0.5539,0.002,1.9951,-0.0636,-4.1326,181.8958,2.575,183.0,183.0,183.0,up,183.0,2026-09-02T09:43:07,1.42718,180.425003051758,354.53,2026-09-02 15:44:18,2026-09-02 11:45:02
TSLA,TSLA281215P00510000,TSLA,2028-12-15,P,510.0,187.05,192.0,191.75,162.0,0.4875,437.0,0.0,-0.5679,0.0021,1.979,-0.0636,-4.1039,189.602,0.0,0.0,0.0,0.0,up,184.0,2026-08-31T14:56:17,0.0,188.525001525879,354.53,2026-09-02 15:44:18,2026-09-02 11:45:02
TSLA,TSLA281215P00520000,TSLA,2028-12-15,P,520.0,195.9,100.0,197.85,133.0,0.486,8523.0,0.0,-0.5821,0.0021,1.9507,-0.0638,-4.1444,197.4428,0.0,0.0,0.0,0.0,down,191.6,2026-08-31T14:56:17,0.0,195.724998474121,354.53,2026-09-02 15:44:18,2026-09-02 11:45:02
TSLA,TSLA281215P00530000,TSLA,2028-12-15,P,530.0,203.1,172.0,207.4,180.0,0.4889,141.0,0.0,-0.596,0.0021,1.9365,-0.0639,-4.1654,205.3386,0.0,0.0,0.0,0.0,down,207.24,2026-08-27T13:52:47,0.0,203.925003051758,354.53,2026-09-02 15:44:18,2026-09-02 11:45:02
TSLA,TSLA281215P00540000,TSLA,2028-12-15,P,540.0,211.15,57.0,216.0,29.0,0.491,116.0,0.0,-0.6095,0.0021,1.9134,-0.0639,-4.1921,213.3426,0.0,0.0,0.0,0.0,down,208.3,2026-08-31T11:39:28,0.0,211.849998474121,354.53,2026-09-02 15:44:18,2026-09-02 11:45:02
TSLA,TSLA281215P00550000,TSLA,2028-12-15,P,550.0,218.85,68.0,223.75,31.0,0.4894,1116.0,0.0,-0.623,0.0022,1.8804,-0.0638,-4.0964,221.4558,0.0,0.0,0.0,0.0,down,213.86,2026-08-31T15:43:59,0.0,219.574996948242,354.53,2026-09-02 15:44:18,2026-09-02 11:45:02
TSLA,TSLA281215P00560000,TSLA,2028-12-15,P,560.0,227.05,74.0,232.2,31.0,0.4905,337.0,0.0,-0.6365,0.0022,1.8439,-0.064,-4.1344,229.6588,0.0,0.0,0.0,0.0,up,240.95,2026-08-17T14:41:40,0.0,228.125,354.53,2026-09-02 15:44:18,2026-09-02 11:45:02
TSLA,TSLA281215P00570000,TSLA,2028-12-15,P,570.0,235.4,73.0,240.5,35.0,0.4912,1536.0,0.0,-0.6497,0.0022,1.8224,-0.064,-4.158,237.9362,0.0,0.0,0.0,0.0,down,232.4,2026-08-31T11:39:28,0.0,235.975006103516,354.53,2026-09-02 15:44:18,2026-09-02 11:45:02
TSLA,TSLA281215P00580000,TSLA,2028-12-15,P,580.0,243.8,80.0,248.8,34.0,0.4918,318.0,0.0,-0.6626,0.0022,1.7965,-0.0638,-4.1373,246.2664,0.0,0.0,0.0,0.0,up,273.43,2026-07-23T15:36:29,0.0,244.974998474121,354.53,2026-09-02 15:44:18,2026-09-02 11:45:02
TSLA,TSLA281215P00590000,TSLA,2028-12-15,P,590.0,252.25,181.0,257.25,157.0,0.4924,83.0,0.0,-0.6753,0.0022,1.7421,-0.0635,-3.9459,254.7124,0.0,0.0,0.0,0.0,no_change,246.95,2026-08-31T11:51:03,0.0,253.424995422363,354.53,2026-09-02 15:44:18,2026-09-02 11:45:02
TSLA,TSLA281215P00600000,TSLA,2028-12-15,P,600.0,261.45,140.0,263.55,69.0,0.4881,10541.0,0.0,-0.6883,0.0022,1.6953,-0.0636,-3.9919,263.2696,0.0,0.0,0.0,0.0,up,263.05,2026-09-01T14:42:56,0.0,261.274993896484,354.53,2026-09-02 15:44:18,2026-09-02 11:45:02
TSLA,TSLA281215P00610000,TSLA,2028-12-15,P,610.0,269.4,204.0,272.3,82.0,0.487,4974.0,0.0,-0.701,0.0023,1.6746,-0.0636,-3.9915,271.8652,0.0,0.0,0.0,0.0,up,269.55,2026-09-01T15:50:18,0.0,269.599990844727,354.53,2026-09-02 15:44:18,2026-09-02 11:45:02
TSLA,TSLA281215P00620000,TSLA,2028-12-15,P,620.0,278.05,214.0,280.85,68.0,0.4871,3824.0,0.0,-0.7133,0.0023,1.6452,-0.0634,-3.9958,280.5062,0.0,0.0,0.0,0.0,no_change,273.75,2026-08-31T11:00:57,0.0,278.349990844727,354.53,2026-09-02 15:44:18,2026-09-02 11:45:02
TSLA,TSLA281215P00630000,TSLA,2028-12-15,P,630.0,286.8,176.0,289.55,66.0,0.4872,5321.0,0.0,-0.7252,0.0023,1.6029,-0.063,-3.7321,289.2331,0.0,0.0,0.0,0.0,down,288.42,2026-08-21T10:32:06,0.0,287.199996948242,354.53,2026-09-02 15:44:18,2026-09-02 11:45:02
TSLA,TSLA281215P00640000,TSLA,2028-12-15,P,640.0,295.4,210.0,298.6,71.0,0.4874,6036.0,0.0,-0.7375,0.0023,1.5156,-0.0625,-3.6883,298.0872,0.0,0.0,0.0,0.0,down,291.0,2026-08-31T11:00:56,0.0,295.824996948242,354.53,2026-09-02 15:44:18,2026-09-02 11:45:02
TSLA,TSLA281215P00650000,TSLA,2028-12-15,P,650.0,302.15,203.0,309.75,113.0,0.4884,37.0,0.0,-0.7498,0.0023,1.4847,-0.0625,-3.718,306.9587,0.0,0.0,0.0,0.0,down,317.0,2026-08-20T09:40:06,0.0,305.5,354.53,2026-09-02 15:44:18,2026-09-02 11:45:02
TSLA,TSLA281215P00660000,TSLA,2028-12-15,P,660.0,311.1,178.0,318.35,89.0,0.4877,20.0,0.0,-0.7616,0.0023,1.4593,-0.0624,-3.7057,315.8924,0.0,0.0,0.0,0.0,down,317.7,2026-08-27T12:00:28,0.0,314.399993896484,354.53,2026-09-02 15:44:18,2026-09-02 11:45:02
TSLA,TSLA281215P00670000,TSLA,2028-12-15,P,670.0,320.85,155.0,327.35,108.0,0.4908,74.0,0.0,-0.773,0.0024,1.4318,-0.0621,-3.6418,324.87,0.0,0.0,0.0,0.0,down,337.38,2026-08-17T14:28:37,0.0,323.399993896484,354.53,2026-09-02 15:44:18,2026-09-02 11:45:02
TSLA,TSLA281215P00680000,TSLA,2028-12-15,P,680.0,331.1,103.0,336.0,23.0,0.4939,146.0,0.0,-0.784,0.0024,1.3601,-0.0613,-3.1971,333.9324,0.0,0.0,0.0,0.0,up,346.61,2026-08-17T14:34:29,0.0,332.449996948242,354.53,2026-09-02 15:44:18,2026-09-02 11:45:02
TSLA,TSLA281215P00690000,TSLA,2028-12-15,P,690.0,338.5,82.0,346.15,20.0,0.4912,72.0,0.0,-0.7954,0.0023,1.2515,-0.0611,-3.1949,343.0975,0.0,0.0,0.0,0.0,up,379.9,2026-07-24T10:19:13,0.0,341.575012207031,354.53,2026-09-02 15:44:18,2026-09-02 11:45:02
TSLA,TSLA281215P00700000,TSLA,2028-12-15,P,700.0,347.5,114.0,355.05,25.0,0.4896,172.0,0.0,-0.807,0.0024,1.2228,-0.0611,-3.2028,352.2928,0.0,0.0,0.0,0.0,no_change,352.96,2026-08-27T14:27:22,0.0,350.350006103516,354.53,2026-09-02 15:44:18,2026-09-02 11:45:02
TSLA,TSLA281215P00710000,TSLA,2028-12-15,P,710.0,356.75,74.0,364.6,21.0,0.4915,83.0,0.0,-0.8182,0.0024,1.1989,-0.061,-3.2251,361.5225,0.0,0.0,0.0,0.0,down,374.4,2026-08-13T15:12:48,0.0,359.575012207031,354.53,2026-09-02 15:44:18,2026-09-02 11:45:02
TSLA,TSLA281215P00720000,TSLA,2028-12-15,P,720.0,366.05,81.0,372.8,22.0,0.4862,76.0,0.0,-0.829,0.0024,1.1779,-0.0608,-3.1225,370.7788,0.0,0.0,0.0,0.0,no_change,394.0,2026-08-07T12:33:32,0.0,369.300003051758,354.53,2026-09-02 15:44:18,2026-09-02 11:45:02
TSLA,TSLA281215P00730000,TSLA,2028-12-15,P,730.0,375.4,98.0,382.8,25.0,0.4892,120.0,0.0,-0.8392,0.0024,1.1174,-0.0598,-2.6919,380.1001,0.0,0.0,0.0,0.0,up,395.9,2026-08-13T14:08:42,0.0,378.050003051758,354.53,2026-09-02 15:44:18,2026-09-02 11:45:02
TSLA,TSLA281215P00740000,TSLA,2028-12-15,P,740.0,384.8,93.0,392.65,26.0,0.4916,160.0,0.0,-0.8496,0.0024,0.9882,-0.0596,-2.4531,389.5297,0.0,0.0,0.0,0.0,down,381.9,2026-08-21T15:04:31,0.0,387.925003051758,354.53,2026-09-02 15:44:18,2026-09-02 11:45:02
TSLA,TSLA281215P00750000,TSLA,2028-12-15,P,750.0,394.3,106.0,402.1,21.0,0.492,157.0,0.0,-0.8608,0.0024,0.9057,-0.0596,-2.477,399.0044,0.0,0.0,0.0,0.0,no_change,388.11,2026-08-31T15:29:03,0.0,396.449996948242,354.53,2026-09-02 15:44:18,2026-09-02 11:45:02
TSLA,TSLA281215P00760000,TSLA,2028-12-15,P,760.0,403.8,98.0,411.5,24.0,0.4919,223.0,3.0,-0.8716,0.0024,0.8874,-0.0596,-2.4744,408.4974,3.7,410.1,410.1,410.1,no_change,410.1,2026-09-02T10:11:40,0.910435,406.399993896484,354.53,2026-09-02 15:44:18,2026-09-02 11:45:02
TSLA,TSLA281215P00770000,TSLA,2028-12-15,P,770.0,413.35,52.0,420.65,22.0,0.4894,1.0,0.0,-0.882,0.0024,0.8705,-0.0595,-2.4571,418.008,0.0,0.0,0.0,0.0,down,394.77,2026-06-18T10:04:44,0.0,415.875,354.53,2026-09-02 15:44:18,2026-09-02 11:45:02
TSLA,TSLA281215P00780000,TSLA,2028-12-15,P,780.0,422.95,23.0,430.7,9.0,0.4926,17.0,0.0,-0.8919,0.0025,0.8483,-0.0593,-2.3124,427.5421,0.0,0.0,0.0,0.0,down,403.81,2026-06-18T10:04:17,0.0,425.225006103516,354.53,2026-09-02 15:44:18,2026-09-02 11:45:02
TSLA,TSLA281215P00790000,TSLA,2028-12-15,P,790.0,432.6,30.0,440.5,15.0,0.4929,2.0,0.0,-0.9009,0.0024,0.7827,-0.0578,-1.8271,437.1369,0.0,0.0,0.0,0.0,down,436.07,2026-08-28T09:30:01,0.0,435.225006103516,354.53,2026-09-02 15:44:18,2026-09-02 11:45:02
TSLA,TSLA281215P00800000,TSLA,2028-12-15,P,800.0,442.3,29.0,450.2,6.0,0.4925,5.0,0.0,-0.9092,0.0024,0.6528,-0.0538,-1.4184,446.8219,0.0,0.0,0.0,0.0,down,436.73,2026-08-31T15:17:52,0.0,445.024993896484,354.53,2026-09-02 15:44:18,2026-09-02 11:45:02
TSLA,TSLA281215P00810000,TSLA,2028-12-15,P,810.0,452.1,22.0,459.95,5.0,0.4936,43.0,0.0,-0.9172,0.0023,0.5366,-0.0539,-1.4282,456.5685,0.0,0.0,0.0,0.0,down,475.0,2026-08-18T09:30:15,0.0,454.699996948242,354.53,2026-09-02 15:44:18,2026-09-02 11:45:02
TSLA,TSLA281215P00820000,TSLA,2028-12-15,P,820.0,461.9,22.0,469.75,2.0,0.4949,1.0,0.0,-0.9248,0.0022,0.4877,-0.0538,-1.427,466.3239,0.0,0.0,0.0,0.0,up,458.71,2026-08-21T12:27:19,0.0,464.375,354.53,2026-09-02 15:44:18,2026-09-02 11:45:02
TSLA,TSLA281215P00830000,TSLA,2028-12-15,P,830.0,471.75,22.0,479.5,9.0,0.4956,0.0,0.0,-0.9323,0.0021,0.4793,-0.0538,-1.424,476.0863,0.0,0.0,0.0,0.0,up,524.13,2026-07-27T11:52:27,0.0,473.950012207031,354.53,2026-09-02 15:44:18,2026-09-02 11:45:02
TSLA,TSLA281215P00840000,TSLA,2028-12-15,P,840.0,481.65,20.0,489.25,5.0,0.0,0.0,0.0,-0.9395,0.002,0.4706,-0.0537,-1.3286,485.8578,0.0,0.0,0.0,0.0,up,529.1,2026-07-24T11:32:16,0.0,483.875,354.53,2026-09-02 15:44:18,2026-09-02 11:45:02
TSLA,TSLA281215P00850000,TSLA,2028-12-15,P,850.0,491.6,5.0,498.65,5.0,0.0,1.0,0.0,-0.9459,0.002,0.4394,-0.053,-1.0762,495.6572,0.0,0.0,0.0,0.0,up,539.31,2026-07-24T12:53:00,0.0,493.875,354.53,2026-09-02 15:44:18,2026-09-02 11:45:02
TSLA,TSLA281215P00860000,TSLA,2028-12-15,P,860.0,501.55,2.0,508.55,5.0,0.0,0.0,0.0,-0.9515,0.0019,0.3451,-0.0476,0.0,505.5288,0.0,0.0,0.0,0.0,up,543.55,2026-07-23T14:42:31,0.0,503.875,354.53,2026-09-02 15:44:18,2026-09-02 11:45:02
TSLA,TSLA281215P00870000,TSLA,2028-12-15,P,870.0,511.55,1.0,518.1,5.0,0.0,0.0,0.0,-0.9567,0.0017,0.1484,-0.0476,0.0,515.5288,0.0,0.0,0.0,0.0,up,557.55,2026-07-27T09:43:32,0.0,513.874984741211,354.53,2026-09-02 15:44:18,2026-09-02 11:45:02
TSLA,TSLA281215P00880000,TSLA,2028-12-15,P,880.0,521.6,2.0,528.15,5.0,0.0,0.0,0.0,-0.9617,0.0015,0.0,-0.0476,0.0,525.5288,0.0,0.0,0.0,0.0,up,555.6,2026-07-23T14:42:35,0.0,523.875,354.53,2026-09-02 15:44:18,2026-09-02 11:45:02
TSLA,TSLA281215P00890000,TSLA,2028-12-15,P,890.0,531.65,2.0,538.15,5.0,0.0,0.0,0.0,-0.9665,0.0013,0.0,-0.0476,0.0,535.5288,0.0,0.0,0.0,0.0,up,550.5,2026-08-20T14:37:10,0.0,533.875,354.53,2026-09-02 15:44:18,2026-09-02 11:45:02
TSLA,TSLA281215P00900000,TSLA,2028-12-15,P,900.0,541.6,1.0,549.55,1.0,0.5316,0.0,0.0,-0.9712,0.0011,0.0,-0.0476,0.0,545.5288,0.0,0.0,0.0,0.0,down,532.5,2026-08-31T15:35:28,0.0,543.875,354.53,2026-09-02 15:44:18,2026-09-02 11:45:02
